16277
32720
86530
74387
99255
2688
80520
56763
86984
69195
47275
22968
38937
12576
99449
86542
82041
87592
52554
7280
64815
23101
7714
76202
1682
11224
71011
51995
48456
11175
5682
61529
85114
68829
53795
16088
12912
52675
14660
16678
20846
55500
89284
6445
15882
48519
62718
72412
95305
88557
10630
54943
25270
28058
77614
33194
99806
78297
40181
88693
48266
39032
34637
11393
21050
16987
57607
14841
45499
24716
33405
91507
22373
20752
50748
34262
28339
60564
87405
34646
51263
14246
34558
8282
12857
94016
40945
47423
73732
15264
20480
41813
18862
98515
6796
96327
54922
42479
71649
59672
90380
40000
86663
78697
48352
10490
46984
46007
81063
21005
77785
19393
35983
12919
98758
26151
55373
63635
67039
88366
84122
69391
22841
80800
85128
86075
96226
6544
81311
74077
16293
1051
76728
28610
39702
83690
48404
30351
11162
45972
67322
28917
90390
18368
69997
74083
95859
80936
76294
78037
16203
29722
76338
94827
87027
49912
17066
92084
77572
61951
36139
52041
60807
51876
82098
40086
6493
5274
49014
80915
46952
36113
2913
1073
64474
44376
90252
77295
4056
74339
65303
67948
53290
49287
2754
5975
78946
39042
72042
57347
52742
43513
5539
27638
51388
64185
48878
99648
26449
54622
78808
99657
84261
65842
82831
45859
54903
72205
19778
14335
85801
32474
14164
8571
97583
731
32060
39705
94682
29699
81532
97995
20123
31969
68187
76138
86710
49180
73473
50021
95557
62426
84463
78870
57893
87643
77273
23665
513
23202
54305
73751
52090
47923
71089
52999
81648
75191
98101
51859
13071
81245
46226
87760
50168
53596
52551
10375
19307
9459
46527
89864
62926
34193
93519
90687
74845
78576
68530
6623
13134
13339
20255
4442
59967
21233
9507
60178
93663
2082
52065
38954
83925
88534
93891
79702
83377
86157
91131
54961
22701
23361
474
48750
94304
44583
31340
75494
88159
36789
90735
26703
32880
95901
51566
5133
59276
78295
31678
68706
8592
74302
7028
59586
50337
85456
27328
67074
1945
22841
78923
10382
64242
49065
6248
91449
86542
65441
84986
66383
41185
9326
46978
21287
22364
20492
37891
41940
54390
72715
70357
67067
75800
94415
63841
50206
22982
34353
86047
98103
58405
8963
4970
88416
80173
27985
97437
58767
32685
96387
55821
46176
69334
78591
60098
18026
59877
64651
55154
44659
720
14992
76252
56863
75371
96186
84094
89668
88503
59452
16276
50041
8745
75024
26510
90285
56403
38716
7116
3091
17873
30992
59032
89531
4945
12812
51776
33532
6080
52863
71247
45614
14317
33866
1640
14388
79933
68834
42526
23542
4490
17108
18194
71597
57240
73347
32553
7063
25974
37710
15785
29674
71533
41869
42705
53989
25193
40569
6258
11362
16832
80875
64910
64520
67203
66364
20716
94237
88961
93132
75572
71801
92051
95615
19757
35573
16455
60129
78992
75394
39532
32266
32105
63447
12022
83101
73930
90690
99311
11338
11436
8415
33307
39988
87043
3206
61190
47308
80700
31263
13868
43740
62198
45329
16868
17216
62330
92599
82730
99310
69752
61140
87079
56598
46367
23454
49440
15365
9881
85781
80760
7140
84545
18743
49059
19613
53442
2700
23912
41981
69549
86460
6641
70677
48022
98625
86098
16858
9132
18711
94132
95501
38387
78191
76381
45621
69600
22819
15486
60968
34032
7044
51545
25737
7941
62127
87084
6027
94430
91934
79582
80147
3730
5658
2789
99867
3625
3918
31858
26931
71159
80375
122
14146
8438
84280
9825
31947
12703
39851
98661
99819
62884
61073
89444
84126
35021
95594
23020
92097
3213
84351
92893
33234
57760
54844
91484
25395
56963
12412
92311
22382
17552
44317
17456
47091
58005
97491
87112
36828
49328
36696
42985
62609
17833
75809
23887
6151
69740
89708
67380
52388
41121
82485
24120
7326
54058
53831
20138
71777
63736
40719
99477
751
54378
37485
79561
67265
10244
57060
22756
20780
69736
78065
99229
64927
243
42680
82029
83241
36406
7673
75707
27351
27120
95842
69955
32155
59972
53854
4162
51720
82684
57003
97344
59066
7994
17225
72154
77842
28087
84750
22122
42623
34746
97495
41558
3992
64374
98553
21587
51974
70240
85686
85043
91135
13132
17706
33778
31309
74051
93381
74936
39181
54243
59603
30220
23891
38451
44439
95030
99562
20417
94295
88623
61849
71611
34768
20328
63617
77158
87433
21171
77476
65502
67046
98449
26592
80106
31603
65305
37496
57851
99744
16610
72499
38849
22668
46925
25405
28554
81402
44690
87116
99640
83169
56742
18590
68094
49791
27462
16382
77719
9133
57378
37285
13570
50093
90185
34845
87198
93023
29676
7264
22398
3572
86386
25663
36586
68858
11704
57342
33778
92566
90434
16413
52590
3248
7171
18546
77655
42216
67173
13906
87260
82278
73973
27406
76578
59087
95406
86650
5212
26356
45920
80777
41954
97156
96605
54932
19313
7169
74368
33785
73247
4624
18458
51840
11897
19466
5882
33881
37307
14832
22904
12705
36939
28891
35935
70724
7602
47153
22421
22780
39640
26004
20264
39159
73371
23860
60182
1015
95084
14181
34585
64530
3590
2251
71309
66170
75275
59921
92607
7191
63869
75386
62325
68016
47990
36814
59252
11113
84389
85686
27441
79847
36070
43779
50712
57838
86396
58633
46898
81067
81261
33257
99991
58126
28186
83115
38992
40462
7033
19402
44199
53201
46546
49482
36653
61315
42418
61957
9224
79107
58831
87714
50263
34334
58841
78599
91876
93939
15929
39685
72229
19893
81001
97042
51022
79951
23888
81269
61782
53089
38456
92729
36452
32713
85197
13668
52631
36061
42420
26626
43695
92309
52677
66778
43259
35589
35719
17858
58368
80360
8871
56686
46082
89208
15604
20740
3346
52442
39610
84395
17397
44983
34042
90434
13516
22404
73986
92429
91653
43235
366
39433
86430
43714
52634
97057
28593
7970
26754
17593
21152
41330
9273
39176
54078
49625
43875
33155
7832
12243
92271
68499
87166
92243
3796
18856
57650
75110
96134
89832
14124
31576
64693
27648
98247
75728
2659
76315
32396
43830
73632
97840
9753
14645
70788
17845
64141
37180
55592
62162
15410
7614
36481
10097
22920
87673
70681
77169
15626
92308
67820
34137
12863
49505
45533
91113
80192
91138
24563
4557
28929
96487
24147
45963
91069
93494
42011
22523
67522
34340
50103
94422
14070
20063
96996
99495
25573
47918
27519
575
58184
50608
5769
93541
84436
37025
67194
19561
3388
33435
8766
34681
98179
47673
39056
33293
35810
42263
95474
83837
45138
1909
56326
34803
12503
28122
7628
80635
26314
11286
85529
55031
79777
46111
29520
70286
49532
33085
16608
31492
41999
4097
80537
36965
73319
93200
37579
56091
12475
50173
62238
86048
66449
46356
72456
92877
97769
91572
83982
59312
44906
44820
81498
25308
98663
72646
54677
13082
76814
5624
15106
9150
29101
51095
83543
53781
19841
19470
43512
42649
3548
57005
93778
29223
97298
98981
61553
1832
35841
30639
96990
72555
50586
93004
87288
25652
97296
99623
51661
78957
52028
62487
86166
38714
17546
72353
9965
66251
88196
96314
4587
50123
31002
33001
62178
71510
60426
10379
1428
31751
17233
76592
16751
73550
65486
33827
98085
1889
44815
3912
30028
95178
52475
19613
60942
44702
81979
47043
80622
53037
65413
78902
59608
7381
69415
83703
73155
98993
50221
25931
74055
719
10927
29884
57173
95967
7129
94717
8535
3304
61720
17675
57476
68724
52286
99151
63424
33356
5715
10752
590
61054
31032
93286
64371
69594
39481
88825
31849
8349
52974
78472
41980
80292
75949
26165
54436
68418
71568
59485
96544
49740
33951
77398
49707
30418
78330
84849
20798
79304
94310
76734
54146
31843
46609
45487
14416
49663
34402
84309
5095
84380
54082
7270
47912
84330
88801
93505
2865
22777
4647
552
64149
84819
81720
7115
15093
61189
707
9254
47773
99192
6695
1024
6013
59998
18723
83380
10210
59496
28568
96653
20113
6709
48860
63371
50367
66660
6526
99234
720
3594
64850
34881
86058
87903
65176
88368
2901
36659
22925
29010
25297
76126
96653
59050
89108
74549
24482
96602
86463
99193
53710
83943
26971
51337
78674
26776
84373
18455
78329
87998
6228
55000
92516
8973
29715
59605
61170
76935
37151
15487
4779
82906
55118
85567
71849
2592
36954
81324
96068
87493
81977
52309
39096
47398
46522
72318
97718
38932
72702
43623
29316
76727
56369
25064
68753
85551
35876
96857
40377
75478
92392
2637
72337
88962
88616
17311
63216
57158
49763
32037
86011
12760
8229
47265
19211
35149
65762
41815
52540
99873
47694
32024
92789
91763
8476
96700
62479
63084
70704
74223
19299
52960
387
52642
89557
55085
33363
37282
77303
36192
21540
70726
22331
28888
76727
92129
38169
10882
85958
8632
59513
13379
89017
92462
78174
77364
79176
37914
5520
13351
1901
51258
27075
52680
16964
15073
2537
16191
99363
12716
44497
95698
19088
37714
44410
26504
21316
90009
9048
20360
99962
27718
40321
80447
21075
70924
40341
48256
73449
78598
33832
33605
31886
82335
14478
14388
38016
87310
29057
64766
10443
89728
99282
36513
3804
3757
97898
33900
99390
62413
96987
20931
24179
8131
42824
89816
95535
10359
66317
78969
27380
2882
93261
426
38662
5346
77718
66759
22827
74926
86163
24235
98721
52515
70830
99823
23611
43484
73887
93162
53465
71456
95574
7030
41476
52117
87233
24115
80675
91923
14330
55461
41020
22772
11408
40057
57386
49223
6193
84901
68440
28547
97617
68621
18935
71417
43993
75745
29442
73602
76303
5443
49771
31799
41469
35143
33345
27104
26593
30356
88673
23428
53905
94343
8598
32735
64872
14902
67727
18450
48817
20114
42299
915
72111
34053
45859
43301
92263
21499
29156
95811
66252
65214
15559
19542
71364
8281
88415
10567
54587
87806
7839
7373
40036
93571
71541
76391
65415
10150
21927
63686
35116
41842
62152
35138
94051
41978
71447
42829
50317
76289
67893
53540
49066
14588
96833
58273
20960
12752
34801
53358
72932
58453
89135
68756
23017
16156
85198
63345
39618
38445
31495
98568
45717
2824
38004
53010
52383
14221
5192
31443
58526
69432
42090
13512
25726
2980
36812
65595
46147
79856
65164
99545
75280
254
6822
86363
25043
21688
42963
65408
45709
75502
9059
82492
10561
90
77683
9129
247
50693
23274
57116
77870
8834
9110
91955
99548
15896
40222
27754
86211
81629
51011
22828
25299
81213
85976
61831
3413
58
30459
93784
32923
32013
52495
51462
67202
75499
34327
28714
99841
836
86321
66540
66129
44484
63245
21993
83736
76348
54537
85680
179
55291
67946
21356
12896
70709
91545
43131
45926
81926
35223
39294
70753
89200
16927
82217
66957
63071
4919
9338
98095
26638
7857
38886
33275
63235
41924
271
95013
15413
93666
14546
14375
57966
42870
10876
44876
49899
66045
55005
71095
4224
6590
30036
88019
54296
47238
51594
57495
57626
85188
77436
74997
28584
73118
66607
80160
76833
12750
40168
952
99046
40221
14739
88404
51994
79419
27233
8074
33954
77848
12751
75037
70636
85537
15617
68
79692
80218
81997
93139
64800
26516
3060
35304
65045
8556
4971
16405
88420
25344
73432
16901
91348
6574
96345
61516
87811
3467
76253
52463
58655
85405
14038
1421
79694
82838
68806
92969
18349
25453
31158
43637
54134
30971
22246
23836
45306
38190
72414
57804
70510
27661
38275
58495
4899
12873
27878
68357
64589
88764
94870
63087
84485
79362
95830
41722
682
81904
32008
14069
26530
81269
51657
77809
62718
17515
86806
67813
90875
84986
1388
90363
21445
61578
17774
27419
89430
69122
72863
65905
75868
86274
25039
53853
44953
56953
67442
7607
33508
69796
81164
86845
2796
45764
92841
29
24475
16073
26422
81115
13794
21784
10069
82379
94026
99324
34508
58513
8813
12679
64390
12820
15408
80653
97326
96062
90648
77903
49978
98144
60229
67158
46581
23378
48431
8987
82536
86967
99516
14434
67428
16223
35676
47688
84014
1926
72673
15217
74343
85402
93918
71716
87639
36153
91674
47379
9078
62841
45425
8497
68375
28162
12040
72776
69521
82998
91339
7971
53898
79728
62372
37990
51011
72074
82714
94814
67130
41208
19044
87922
86240
55122
20488
10552
51864
58480
36341
39013
39112
65005
24889
99612
32448
55470
72352
67304
88260
11932
43594
71589
79991
76940
49415
10648
22406
13920
33521
17630
38382
77511
15366
58370
66731
36671
13857
92520
90238
93435
53332
39591
65017
94399
31428
19124
93802
70216
66145
42073
49667
67721
81857
36516
84770
97168
3928
91227
30018
73031
21813
62702
65532
68470
6844
68005
35739
91333
38907
12632
14139
13375
86252
49182
73949
53331
22502
32380
9898
37300
8640
25407
44577
35808
33187
94085
48639
86846
60811
20822
70570
82176
13914
7120
83706
92840
1433
56544
54245
88519
85484
38252
71141
10305
64656
66380
15527
95628
80979
30074
9267
18870
49616
47711
61779
21190
92870
1644
79778
35067
44276
6698
5011
88530
69332
76681
55355
55587
35985
29845
93756
88554
1574
59303
19535
14435
75732
60024
27212
24814
47007
41360
52441
40851
73254
49468
97421
99935
1181
45437
5632
82316
94569
68221
56177
78238
84727
89405
76723
34954
36121
29034
61045
32977
32446
33871
17837
97738
59821
41123
77760
49726
84062
70274
30416
63565
11669
26810
72354
92526
58651
16956
68523
36051
73083
35666
42616
9227
42966
40432
96534
26561
95300
67843
3620
38273
27688
61574
83667
71611
65934
74963
86934
29952
68163
2934
80844
61801
32209
99869
21256
33560
31094
55276
25081
85910
98400
29294
24987
57563
56263
10373
86841
82315
80327
3906
6940
24158
37848
15856
63829
49400
12875
28011
75875
23991
82340
36142
5282
59916
73039
53290
56976
45024
31488
2866
80605
18199
40587
58611
74158
86514
16284
22594
38670
24334
21461
63821
72370
85546
7906
58771
57415
53991
12249
71343
30203
49256
99667
9487
4164
78264
48706
99524
37489
89578
89743
47506
29131
82844
66545
81767
86471
65653
74827
83689
75243
92045
30850
51207
50394
28012
96825
76305
35646
26730
27884
49700
59185
93846
35078
13565
63784
65490
73183
14287
46429
60123
62837
22960
79383
63399
25381
70669
51512
59815
27686
7486
10115
13356
5571
57589
91047
81510
12179
49039
80141
10343
31735
10829
18586
70982
7759
61436
60993
42143
3833
45744
54217
311
52967
97648
66293
42910
1179
54474
50710
35405
96386
9671
22890
23471
57099
23577
33262
12188
18019
26993
17928
18720
63502
47630
44042
10747
52195
90927
52611
32033
17316
10314
29256
94049
51609
40309
17594
11203
40392
15969
77620
38443
31347
47558
25140
58714
9039
4761
7651
92339
6876
54267
58531
64347
3077
51531
33652
92602
23446
46524
82562
37630
57365
13153
46063
2302
16735
22724
91513
82492
12032
918
1607
20772
78317
32384
49557
16241
90466
473
49274
55855
48787
18000
42258
70715
63057
29609
41101
51686
69308
22917
91955
52248
14495
73497
57938
54418
50797
97537
96581
70764
9781
80301
89699
88956
49892
37689
27426
70520
44696
40091
71014
9939
69853
59702
12585
27907
43142
31051
48808
73060
60233
57327
26760
48981
61239
56439
3044
66623
9974
47727
4564
44662
54205
25515
55483
52280
76652
80213
36493
22995
51910
50469
97883
14083
71340
45487
10429
65881
6487
39253
88090
43383
89905
99837
19511
75607
52016
42270
73146
16940
43120
96724
78201
54624
51340
85523
29700
58844
14329
94999
40940
73926
16255
26170
12879
68133
49397
86111
28993
36320
67000
55020
37463
8772
66279
46965
48467
42596
94878
87794
66696
98203
334
20978
39241
4909
53269
62505
94354
63467
63295
66661
50802
29301
50456
84606
10932
67610
35180
10252
90504
46779
31294
96339
18899
71854
2209
55129
5392
96959
22486
72376
69985
25616
85699
88590
36822
18016
42380
71217
69336
36522
76785
24033
22547
29924
59492
23990
894
80712
88421
5816
48936
70704
69820
21966
37633
45946
2194
19246
8098
9323
2252
88786
89946
57008
97892
4172
90742
42111
83014
45904
82699
2684
32389
5456
28163
95448
68951
62405
13730
63635
93172
40
32853
56898
8070
89825
38166
97484
95885
9207
70653
46862
25586
51494
82310
67615
29414
94223
47643
99885
78550
32809
6015
86022
8621
3797
85527
61651
5286
18063
76980
30270
23340
89376
12353
51349
46961
86385
52869
96519
67719
93498
34710
90251
38206
13272
80475
52032
86395
47805
48571
16910
99665
13888
91623
19595
8414
51286
71745
65370
53445
17849
77192
74702
77699
24516
8033
34861
54224
60033
83140
22767
18836
84217
60383
5670
18724
3019
70667
17175
21752
50552
44041
4006
32490
95994
95096
63280
4044
80309
79543
35249
97222
96102
54033
82663
68332
45208
5802
52910
17688
41781
56804
43241
37705
87481
76366
26242
61815
22850
522
35113
1489
4804
49402
4633
79701
18682
59334
84216
61676
93207
93100
68509
24415
74522
4388
79435
78554
88447
81007
48732
18620
84434
3612
49209
55864
24286
22294
53925
93323
93444
50318
50426
698
10375
16896
98187
85287
76548
89540
43592
54639
26271
5044
44352
78212
14073
12469
34017
88738
60926
63012
21339
36144
9210
3198
30146
63318
89452
70475
74610
40885
31602
21256
85805
69190
15076
82608
80896
43059
7357
71591
98884
90924
84371
20195
88799
7976
97064
24503
14187
59033
35801
23549
82991
2537
50707
18431
54185
90806
17510
36098
24493
52840
25138
