80404
52029
70230
61732
78808
30922
26843
14510
3404
75061
9115
40402
5216
83791
10229
39823
16455
54624
78155
72757
48583
3116
50285
43944
35153
2050
75575
19315
53514
73697
53008
43078
60232
76775
53523
65486
53624
52600
40043
99184
26716
96487
85176
97762
59411
16868
99726
40069
23760
63970
82332
19042
46156
87588
23370
384
39606
46019
4315
39551
49449
86270
75922
6549
84087
73631
61009
32195
23521
8646
37181
70291
4200
10388
71389
58736
56478
49718
86433
66273
85686
93356
5760
41251
57818
42709
59449
30402
48922
49529
21499
97844
59426
95251
57056
7283
30021
35352
25396
83733
81334
25800
89460
54602
30869
74128
21681
8209
14918
95962
54099
17910
9565
71890
44314
16300
918
2709
48928
4387
11553
84664
23067
99846
81754
6994
87390
4277
43382
95335
17471
33562
83418
29971
95955
4905
88582
19503
75830
88632
72463
63970
56871
18233
51754
94951
20559
56305
65507
65175
71298
33398
68781
85299
16766
31817
82325
1041
65008
11917
83247
82752
7863
63140
2674
99705
86848
95301
51743
13860
41104
21435
828
79524
25920
22397
84224
32000
88610
37541
54407
92463
86818
54256
65604
9599
55496
88625
99670
11042
98778
64530
10035
42070
50463
48008
76642
74576
37118
18641
69637
46532
49252
71725
91251
84051
7524
93686
2179
53329
69944
29854
60324
2449
24038
9060
54442
11312
22591
1490
60898
72315
61569
3573
70599
42430
20539
53338
30861
91115
32528
14722
96155
98754
34453
45282
63318
8771
34165
82745
71128
66637
39957
41294
87263
10578
74161
88646
88225
83705
85060
17983
37117
12431
18471
53228
53421
87884
23569
50222
52025
55422
93244
619
63461
57140
68392
98029
8106
9960
43449
23961
45793
72553
81948
63211
74395
10308
81255
21419
24559
36207
49725
63534
58795
61267
68081
20523
10475
30067
40514
3319
63432
61565
66085
99072
68455
90507
50881
26851
58386
61878
64627
51211
77540
17401
73617
59495
31518
55805
53772
89638
15479
85190
3662
8017
25328
18553
95267
65605
83781
49032
45717
55339
72255
95708
41711
99830
19526
23102
8547
3705
73012
29058
103
99938
97413
10192
73689
27351
9674
15728
92035
76619
95709
15825
24827
44669
52527
8183
2401
14798
80381
5695
61227
72189
17217
69680
25982
90112
99877
22111
14482
11201
33906
94366
96568
90227
82022
36867
26584
83983
67012
80209
18802
41391
5574
58085
95238
74086
50797
24607
50192
9211
33785
9611
65515
84960
18900
74859
16118
30611
36424
10499
32307
19600
73585
1024
56396
69169
33421
93478
30737
75747
18864
37044
23900
91558
75925
46390
13270
37025
24878
96807
29810
47071
83004
43905
40503
88810
68826
79971
219
53442
19860
97917
48490
99866
47989
83099
22310
63152
39934
29196
28744
60391
68594
86606
48421
63491
35150
66359
95917
32160
67798
13538
10028
43374
5354
3637
54739
58797
66456
32843
43345
52802
83116
4226
80026
59891
7138
60899
55146
38501
83675
40970
24675
31887
71725
7729
64753
20858
43605
95901
94639
17239
12873
64260
32003
1501
30376
9562
52196
53438
47794
7959
80604
66757
27220
13670
1192
84079
60155
90252
99356
44995
12682
65427
6851
83758
28007
62323
28868
44127
31887
2588
3073
78844
79914
92290
30009
69440
25753
68037
44493
53458
78252
23387
15040
68098
74736
90845
65783
63394
72709
94923
8896
11134
77966
2301
83342
29466
61474
20135
46690
18279
17471
4551
9126
18242
59358
30926
65236
55145
66241
71721
57811
39195
35241
3500
86049
28074
52357
29210
44652
61471
7876
83730
9914
40523
65995
18745
71976
48710
59266
51169
61775
64326
43433
16595
8131
73149
78025
66270
52822
44750
21765
15611
83226
50382
56910
76476
97315
91092
52022
57617
44266
5788
50364
19991
93006
80126
47046
70718
1172
21605
63853
25685
40720
69039
77298
10772
25788
71936
84558
35845
20197
32739
61223
19279
32677
19166
47903
54081
9610
20401
21191
81272
58806
94763
72272
92013
73088
85865
71810
52414
83543
88780
44133
45367
45287
40246
30077
82301
67572
56448
81907
1079
22179
32955
97486
46201
82008
3745
98432
44334
13242
56631
64348
31649
64915
17346
35046
34024
62484
27394
78211
15598
67605
15696
50767
2204
71449
78575
73806
58883
47120
71858
30426
24776
56566
87114
58779
33068
48568
9706
29556
60919
99959
45433
40954
98017
55654
86643
31072
66396
62574
57501
17549
80513
27664
84771
32143
48406
73258
89231
8201
84537
57427
8776
83560
87852
1888
90629
19507
45117
79785
62924
17185
3856
43430
63500
74628
55339
29682
86035
59587
2654
85010
38925
56261
69517
33711
73498
23881
95931
53630
63050
76755
14132
35489
59575
90369
60120
55655
61215
93947
77919
5230
37469
9577
49485
99305
28163
7838
2708
5180
29334
64242
94016
26084
99334
47950
81347
39348
44009
42369
27038
74554
62995
50191
78664
20704
12499
48872
46814
29358
77645
1943
85191
48716
49519
74513
62659
81157
39955
51469
50992
5352
33424
17555
69656
99592
45597
11853
86234
18915
18628
21018
32563
32320
45342
24769
15945
92241
94576
28131
18100
76664
59394
66665
32937
89414
26424
19836
52836
84927
76047
49076
37362
50425
39541
99720
1913
28514
89861
16164
65412
89953
17822
70681
81358
21365
71840
87950
35562
31003
83138
37364
1741
60139
1970
33431
34329
83009
37994
80144
85094
43961
31115
81303
70799
90419
94201
28086
50871
58711
33043
20633
18646
50258
82253
58882
64612
93950
38316
98905
32896
60543
98845
288
89565
53034
85842
85988
7146
31872
39418
60495
444
30680
27324
72411
57307
42523
31600
60865
62822
64137
62010
1999
32515
32985
40868
2520
38631
43037
61558
3686
73886
79876
5685
9194
74392
46905
88213
20340
48433
46088
90876
44382
74714
70593
88085
2370
35977
36533
64717
86092
35514
10557
20526
26123
2240
27290
15926
44801
42509
64664
15347
97945
90489
44427
19517
66008
18994
57819
39472
65100
78881
6332
56068
42369
6869
6710
15531
35538
47598
30308
10598
19421
20935
23352
26596
35663
79681
51611
21240
43743
65193
92561
26646
7959
83365
507
60075
21324
68096
58518
13302
55598
71727
1249
46630
72283
7519
72541
46225
42319
12222
4365
75277
50678
91106
1244
47215
98913
74873
72349
13695
46807
36495
63214
35412
19203
51606
20758
29745
427
14421
23629
61467
9249
36911
13851
7094
12786
69710
33720
77883
84571
41164
37171
21944
52092
43294
13998
52228
59717
93
11686
72573
58860
51155
2225
47264
39585
96991
11360
48388
76345
53060
84484
500
3718
20564
653
82215
6728
56244
72813
41630
94012
39725
12410
98745
2578
53775
47923
60182
48541
18401
17146
99463
30852
33193
8416
20847
10229
86100
67390
51417
97177
93667
98879
22932
87171
10707
38075
59439
19650
34695
57214
28909
48949
27988
25192
51717
18974
1833
18989
63289
60047
83769
34748
78673
92769
49670
75581
93332
1860
88843
67220
60258
60465
8134
44898
47856
60507
58272
25098
24544
80771
65434
17521
29341
44011
68695
51038
11824
25346
42304
15522
58850
59102
52984
29457
23631
87176
99324
95630
58851
40497
25782
98725
97844
90883
19743
78737
61435
24370
4334
38718
92432
64657
66274
76297
90529
39968
15079
64771
34414
27363
82952
26740
78020
36943
56434
41916
34741
67165
66977
66677
3313
53345
6346
42773
43779
66868
31587
4016
62153
14509
39026
45658
36625
37134
33905
54601
90701
57498
80251
54873
96435
55557
8502
98985
22932
93892
87837
8834
10519
43940
18216
96984
88369
27638
26778
2985
52770
99623
39847
84963
12367
1902
33952
32290
92024
25535
56413
27031
11286
85629
42885
89636
62419
68364
62333
46979
81029
43299
56619
19655
70184
29632
10789
15738
13783
20502
91675
9125
78151
75522
8350
38382
96480
97595
38987
90812
7321
20488
82584
70870
78927
81291
78234
93257
42818
20283
56593
74536
49644
87311
90064
20526
11294
822
13580
79679
74232
1892
48097
35948
24069
5607
77052
20437
3665
73240
36232
92809
68776
83788
18776
34825
36365
3690
70734
24651
84627
40759
38086
99355
54139
64813
32706
54555
29771
71754
24050
51978
29095
79365
55839
10147
37359
34715
78965
41276
76949
53640
9291
98959
26489
89713
60560
63510
50051
86941
4756
49871
25436
96420
70000
40095
41705
91328
60883
33011
93221
2720
44201
62497
19513
23228
39466
45
62683
41346
94781
92712
27105
72174
33223
41650
75680
5113
22996
25152
50405
63881
2369
66297
92335
94854
49283
71066
56135
83660
78199
8217
7454
21916
5959
3815
43713
75405
25558
44335
86395
99040
30408
67259
29256
32817
99953
60085
51153
68361
71097
49771
17608
15568
22888
38668
98849
73632
7155
92015
33548
94741
11683
61042
36299
80577
85887
61472
99732
71260
29014
28972
58148
77560
48555
43066
94974
87858
97053
73725
67967
25317
97969
15867
91231
84536
94974
85004
90503
30872
14453
80001
62729
49568
19659
59266
67456
5236
38501
29040
35461
48910
91871
3113
54059
87343
25113
43849
49112
34807
20094
93742
55168
64144
70450
82164
39871
13732
39447
8958
64499
71856
924
40022
4788
42288
33027
10412
46097
99609
685
71867
82440
36901
1989
26857
50306
16585
74053
28237
82121
47235
72969
70922
31942
56207
89710
18810
34491
2041
77478
98406
43706
84620
28412
74193
71776
34377
61086
20053
87218
59956
98348
30373
80626
62088
82491
92625
71006
93354
99014
74248
54277
75738
52721
32536
35335
79462
35707
16337
1896
18202
96801
19527
73808
78770
47177
60374
82850
95728
12529
62816
57623
25608
93364
51890
35958
70456
46614
76453
81107
56693
46093
23999
9985
15553
20460
21050
66485
80633
24716
10429
14617
11179
85049
13606
72873
2308
73399
87721
15885
46823
13680
22386
69363
90138
59803
45702
54441
49915
35881
62919
17076
3696
99695
41783
11280
93339
91372
74644
23013
5420
70838
17154
60930
33648
37477
34598
55032
25480
46043
67086
14614
29364
43790
97038
91868
98638
57044
66629
90782
49684
58282
52830
66391
10973
61345
32370
14119
20620
27173
73099
37355
81954
7755
4132
344
25454
50039
93196
41171
49792
41383
47401
78639
94331
98400
39577
10116
56584
30291
72755
22601
54471
29899
89804
1167
50337
58965
3510
47513
86521
13068
92771
46523
72288
32705
84743
33806
77480
3204
7067
58189
16752
32305
90558
41679
98366
55289
30102
50561
41164
71500
78996
24735
67833
10880
24341
89519
27935
53601
43365
68155
11492
24565
96127
86057
29962
27050
15567
75736
24674
80191
6648
43513
78270
5260
19569
30792
21379
33902
32234
20389
38653
95123
15628
83571
68556
15934
27615
83085
84893
56472
20133
1536
78708
73140
77539
33641
38180
97180
69696
38891
81121
59581
48998
38188
13932
40236
25222
99374
92462
8307
14872
47237
71680
88733
17247
64314
27175
17273
75435
80379
86813
83726
84024
76796
57258
78236
94580
24078
88658
28490
76798
73882
75335
58706
68970
50619
60895
46501
60481
55605
33249
29980
44837
50486
32409
45756
18578
32743
11851
89381
83839
97134
42084
66807
56836
95236
68427
69058
39222
66766
28503
8744
57294
37882
93018
86001
73031
43480
74299
94059
64454
50194
13378
85884
39380
27466
56556
56742
76935
95310
19806
95285
80255
67194
59990
33224
5644
59851
31196
10809
76300
32635
74808
11691
6930
48798
52734
27791
35810
56696
65700
53715
86681
59577
56084
35560
93354
71254
54268
31790
38019
64804
81763
14654
95470
62963
53974
30355
89619
7718
30689
44374
42011
43595
17401
21125
73583
70523
89045
7552
39295
6415
24861
47312
75582
57340
70363
48915
31659
74445
30894
65160
77418
73277
61118
17171
85521
31949
82825
83182
40031
85160
84092
66797
56838
49680
56605
62380
37289
50948
52229
32439
32993
65329
83083
57525
50874
5010
86108
23026
3642
7909
48262
81992
18145
63371
6003
21130
80043
1916
55252
95052
13363
72933
94931
10738
31218
74111
76330
74259
29669
89165
50033
12297
36748
90066
10834
80536
7439
92684
97562
32345
35483
22001
8552
8963
7530
41380
47015
52020
42305
69428
90616
16961
44914
59858
4809
11896
87522
62412
88642
6638
23877
73675
20478
96746
77093
95333
24214
54604
3170
31744
26105
43452
57235
42884
80568
12587
70155
10588
49725
2696
53814
89705
90236
59873
40930
79042
37282
10003
25723
83083
95434
23921
84079
49777
30351
88525
71920
22304
60315
17062
41783
68482
9597
94030
89734
51060
79417
8630
5670
66342
78266
40696
96143
814
81187
24609
87558
25258
33539
21433
1600
50576
3334
1456
96133
88788
73928
89383
63152
24822
41284
84376
27027
46020
9163
87331
87927
77011
39536
8343
40640
18582
95456
88217
22735
98233
58096
58419
2114
89629
33038
45372
68758
30639
8537
27808
12525
90215
44557
36684
93962
47962
41878
95224
26328
5405
60774
85457
78667
77175
75713
17570
30942
14465
59541
78174
78875
9148
26376
12781
62810
53455
47850
39729
65889
37148
18537
65395
27561
16574
90114
27279
25185
6177
65845
43929
40427
382
9682
65290
85733
92434
70160
56331
65346
15482
73821
84796
77047
71852
12623
27874
33618
35829
76280
67083
98660
74827
89048
35231
97631
28462
26860
46565
56026
22976
71077
25966
15153
20541
40596
26083
69449
39769
45697
65862
36018
96693
49242
81255
38694
92862
9160
1926
34894
386
17758
92127
86979
26287
87147
76375
44561
19562
686
82913
2200
84649
38185
73838
40940
58958
57999
41455
18941
84544
66871
66952
12081
49511
85298
4530
56780
61956
217
1709
89010
30315
37695
63617
4995
50366
33125
45839
36741
66375
59597
67417
98496
24721
40679
55946
63682
71843
93031
81283
22498
13243
78135
25859
78210
19171
65768
29074
8398
10355
76964
10731
15522
13443
84543
2532
70120
92074
66668
93211
53341
98008
22636
62527
54997
4204
38433
47607
32373
84595
78752
41523
12607
35902
17125
84109
27243
84126
72768
49595
88176
28703
65006
18581
34050
48414
93315
87325
8437
87496
13762
8431
91711
95153
58159
77895
37724
4334
72763
66954
58091
4303
2911
13106
52598
39932
66884
48697
34159
35531
13759
56289
42677
42652
87898
11485
96566
40817
72109
30912
50894
60173
6860
46176
8814
9127
95034
53350
23064
18891
88571
15669
26119
13261
78151
93365
47019
89995
50490
29819
2321
45823
85096
66359
91010
31901
14190
24153
65762
85807
75107
71104
42360
18091
89422
5153
89486
59149
57649
47056
56494
38870
37955
15438
35756
17985
6076
16400
46467
13854
11785
37127
70967
73869
81247
68113
79130
26968
22252
23644
69994
46349
58569
83602
95927
22039
77484
84006
16034
53464
84793
29177
85089
73221
43608
3944
78816
48414
75107
76918
25185
48744
74998
90802
80484
8265
91497
52165
89537
60096
81337
56410
35122
14174
57890
46794
74542
36325
83593
92131
11824
68571
5045
29780
49046
58154
98398
39159
42021
57912
19486
42204
34890
57374
23173
91150
828
47208
24072
24389
66429
81320
85017
76423
84126
80822
13073
58043
58146
5576
50602
55340
22683
35946
46986
23062
6737
55355
35417
32368
929
44516
13971
39318
15010
22677
19001
21265
13955
32861
52354
85861
61647
28677
15312
36472
71475
46122
49853
69082
46934
77430
33363
58197
21351
37818
38618
18642
89845
22410
37997
71237
88695
5685
58598
12183
82924
12191
15544
39022
77628
71357
21211
47387
32574
61676
12033
44191
23635
18510
90983
93019
37551
354
68264
30258
47864
77726
74315
54589
92038
2956
87485
71628
68939
10527
19257
21204
42252
35665
7460
53081
94189
11066
26357
43705
91627
99855
70929
97618
30691
34548
6837
75729
53648
71135
61740
89112
9458
41899
5569
48459
2185
7285
96270
72280
87232
27543
58354
65600
22087
90527
37538
90118
77049
51787
35606
31347
7709
75555
79748
85476
91271
21234
30762
75345
78302
86435
15684
90842
14521
68116
31966
80880
56642
79961
67876
3517
92092
33360
68437
79089
21697
84221
45621
42282
36612
30434
83137
20767
61142
73532
3230
66985
96004
61148
30090
20590
42685
80480
86292
37292
98769
60110
15976
6335
34196
23308
38530
86255
67298
26047
16036
80984
15101
9823
5539
42359
402
74131
25787
57518
48666
68430
18594
34645
44156
84037
72730
46398
85775
99531
65344
10882
3710
52844
14306
80140
4676
91554
13102
35842
17366
6839
2949
18892
61120
16760
4430
35523
18023
75090
17639
88663
60174
32749
18198
36412
693
93953
20477
57426
33851
27896
45868
60560
30980
43458
84016
94381
3861
91791
66154
98090
98940
11725
21371
66815
44365
16574
10075
76897
98439
34772
99465
94572
19958
93612
48220
33683
68273
22821
81431
83329
67363
68955
57403
4619
12487
74981
21559
95444
60172
53703
88315
71900
70744
47924
61066
80262
66985
34723
29678
76645
52214
15373
55525
24194
68885
41793
43448
2316
52501
84964
21837
82045
60427
43144
20242
48165
27499
49224
41978
97942
49548
40701
12229
64075
54862
29280
41207
90421
38647
13789
91242
89123
64184
56816
17919
41005
60143
89534
50928
16637
72934
29139
89857
65659
73112
75539
36565
31924
99060
41503
9277
43750
18458
64423
69355
32619
36706
32902
63429
40863
4700
46366
50997
47663
87442
19313
58428
94432
44969
66169
84295
78361
39
69509
96890
25231
81742
14864
49608
68651
20998
31967
39653
57433
505
71447
75411
60336
39832
5657
89560
26841
17851
43003
35985
76125
454
9668
5887
16432
55591
93348
46848
46740
90747
99662
29049
29132
29296
45875
23375
21566
82501
20507
23189
48675
19406
33378
95711
84206
41332
22734
4084
28054
98969
44297
49187
98914
21977
14911
71181
8944
96396
14420
87200
93507
48072
87459
63363
34823
48419
13039
8621
55937
72342
5448
16529
60151
18268
29277
8340
38713
11130
67128
5054
45899
26938
37210
44398
58577
87215
68723
81416
92982
97725
90846
41898
28216
46608
16439
48733
76019
37226
37594
92903
50920
97019
65945
55901
27818
7944
27674
27093
20358
24558
90123
94201
65004
66688
82851
92568
50110
61645
27094
36182
12115
26941
81684
55908
30153
31161
42654
11723
28709
89482
98726
87841
48072
11257
73571
92062
4880
92630
95534
26024
51655
84373
61884
46442
70189
8050
61047
70723
60957
72693
76763
91227
15838
47664
73771
95728
68872
15846
49005
21455
3505
46758
89897
20575
62003
98900
74905
58166
65468
14537
41389
70927
97138
46865
19390
11283
5953
10066
30156
76948
62306
58956
83703
64217
46377
18044
98742
87539
80363
72666
47704
32175
490
86723
71989
75012
45951
62385
17775
63340
2819
41221
83530
36079
80730
26599
53541
77274
87612
41668
70965
64175
24321
51735
10877
33334
7273
37186
96971
78801
64549
2331
45650
3150
4869
49764
17951
37269
15711
13554
1338
35521
41753
73871
36027
97100
22419
19707
60902
52002
58740
74990
40165
3800
62543
28824
57793
8885
17169
81577
86589
14190
7594
47372
76175
92464
97942
3630
23451
27382
30375
25885
2509
4475
31185
47307
21683
5289
5234
89458
18261
54192
49307
93265
48178
66226
77407
80500
69336
48699
78071
6003
44831
80269
21775
36561
26403
64634
90641
9924
56189
66027
66028
16980
24349
52317
30816
65404
49989
58219
50825
88622
70885
55942
94598
84083
42766
80290
57637
31408
50037
61002
81644
67172
12711
15444
30278
18798
65571
21166
5097
66987
89465
62104
44352
12605
39037
87851
61498
50247
7559
15319
21582
93172
78186
2474
91304
47224
655
78796
76757
94766
96685
85672
42567
95489
95655
6885
389
81126
48835
94003
80658
98022
74402
84384
88793
90042
52801
53834
53554
55631
13547
78895
31347
38185
89432
256
45206
55139
92231
4692
18883
60468
72851
97560
90042
40461
69237
67205
7135
74463
9462
45546
76994
21274
12782
86728
1033
17457
65438
76285
87709
43353
51078
3799
35502
50607
42276
29802
74276
60729
70603
36061
50467
35620
63388
35359
19066
62381
13571
83639
10728
36028
75568
17113
67051
47211
33936
37492
32326
60004
84487
44840
19502
29512
34733
17813
93170
49644
74978
14286
70661
41405
33743
57292
19434
18980
74619
3488
97978
48581
21990
12384
46228
5025
55109
98435
96290
53980
90491
31432
42435
61817
50353
69743
29019
71585
84850
27275
76084
60354
14277
76335
30670
23156
10983
63526
14730
25943
47204
52351
21295
94200
22034
10853
14423
51378
32842
43692
80826
62833
9124
74983
53429
29330
1615
86231
54102
60103
5194
80606
51462
96759
89537
66994
65651
59137
40839
78572
26233
65664
14700
44192
33293
89290
65051
51559
64806
32307
51891
14265
86312
88047
7328
70390
21902
57781
33045
70147
99827
36639
16488
80594
76957
5325
24427
86649
78983
2729
85762
24357
92106
68741
72902
15560
16999
1249
35669
72045
47059
76424
3507
13292
14912
86810
34369
73209
26180
24453
24632
31767
80519
63564
44258
41994
18670
47146
56758
23402
20191
86063
9294
18291
48401
16073
29478
10906
66514
1950
26099
39130
72884
95670
23454
46955
56661
50901
60028
30420
37353
43334
85323
71800
87078
38355
97131
65196
83116
38608
81142
52584
78127
78552
20958
22172
35298
50992
865
41722
93922
71975
44779
145
44444
44895
9161
81338
47036
81989
3877
28395
87059
84635
47651
1129
23332
43319
46615
474
3083
65349
7232
88312
31146
63464
18149
88194
52754
96349
139
20588
35882
29408
79152
32151
60447
89160
43495
54940
7145
92365
32464
19585
71925
39370
93427
35310
80276
54333
15577
83033
57567
5644
24423
59709
85413
80034
12120
54601
72787
16502
75926
69813
27519
39500
19829
10832
39793
18677
77676
90548
71887
54706
75025
89883
85571
17974
32207
40235
15819
54185
51846
56749
60060
72360
94720
73755
23028
69162
32716
3863
3067
37086
42296
19448
43285
65264
26319
77375
37319
6058
64205
93577
51683
77271
27227
10365
70930
41155
43532
99717
5116
4926
59571
66809
79031
88255
88542
21046
1802
78981
2739
6958
72541
76985
41445
16377
37823
80687
70483
92330
13587
29451
69053
66108
16760
13665
75332
9579
52948
64789
20989
36127
94524
88352
66642
28482
48771
74164
48694
66291
84988
96023
23778
44659
52013
85259
15600
55485
21106
8526
68723
52851
11243
34205
17521
27539
78532
96147
84479
28328
87839
49872
80055
51069
62623
25621
82584
95596
74067
54187
29978
49013
37118
18019
48013
98570
13119
26744
60781
52711
82626
38960
61092
15167
34466
29602
17468
96209
46361
52562
65887
33370
78245
13688
4237
53699
64729
14046
92505
70555
43485
44840
16033
85344
98851
66765
77832
86455
38600
21668
6129
25723
35394
19994
62778
29490
87820
7775
85395
14106
14123
32353
69817
26179
21308
42385
16628
9078
4605
41153
41513
50547
38356
90126
13692
30969
64416
79099
35079
83677
89210
81107
26031
67422
72519
32496
76969
80143
83613
28505
97065
16211
38511
16197
73794
77927
4407
4895
42591
90521
20480
36034
89788
13399
13901
82467
6338
10562
68872
52398
92701
88930
3691
16585
26876
74226
45477
501
65637
54491
57705
29970
59218
90079
28889
98242
51308
12364
2987
8134
83394
19281
14613
61476
72582
6924
12538
27658
68420
42977
61617
86444
6848
41480
73614
96458
52139
69085
38607
2509
63457
51675
53829
50672
40419
65602
30781
23035
62828
78420
58762
55434
42610
39040
945
94348
30874
59670
29201
15815
57208
98330
40652
12505
29602
35539
47511
38074
41968
95619
81658
89117
16947
20144
69188
48373
2863
62305
90094
25876
31062
3429
41770
44367
16290
48812
41576
97693
1678
97049
61668
34462
29233
67183
22160
536
22169
16969
15546
17789
45696
90630
23961
79625
84974
82177
48441
95623
46154
64926
70721
93266
73118
23489
60093
20633
19558
50521
86861
81084
22388
13465
29257
2067
21380
49062
5423
22798
32343
28044
19691
98519
58030
93164
13954
50516
93413
23664
40858
19464
52041
5600
42185
63257
13143
41612
88025
69452
60627
54985
55285
67148
31266
27801
74643
47498
1956
96451
38462
95583
21489
1857
60798
58796
22639
66520
74918
72098
5901
87235
38555
5150
55584
29032
86076
44012
19159
95724
90961
28428
65692
4482
47764
31890
49258
51518
19574
91687
41126
16488
95376
57229
72155
2892
360
55712
24822
73167
69724
15000
14139
61468
94254
74859
2817
93211
70635
55920
91441
56323
1433
58045
2198
70055
38205
67538
90657
1740
85479
7918
47549
77211
88987
95327
79785
19121
57276
5720
69815
78963
74358
59546
91457
9919
38376
32309
67555
20414
46029
91912
20376
32118
93766
64452
54868
98108
29317
84590
38747
12487
86200
67972
9917
51359
95184
90071
41423
275
33902
33910
84775
77578
11529
89451
20660
45298
90110
45887
3735
69269
22228
84984
12226
74505
7978
47171
47275
13510
17376
5581
81100
25490
49151
34187
21051
4984
28934
75993
12161
45752
51570
6559
37210
76919
42121
55696
30408
6967
86051
66860
91507
4290
71349
75686
22721
4480
5019
48159
18062
41160
93313
45201
13640
91730
46959
53736
88650
99723
62799
85258
56691
5986
924
83096
46274
38463
14825
73772
75057
89267
35530
37058
51563
55659
76131
23283
52906
54750
58668
62269
26353
67718
30749
82142
69763
23627
70108
98815
81439
43643
35488
9326
86841
69942
85376
49443
90389
64133
59166
25700
92226
85738
44457
78788
36849
41875
70163
31366
89297
38056
7697
61631
91689
19908
46824
4729
49041
72417
10074
9044
25485
23052
82796
42184
45158
27703
26547
58213
11495
50541
34811
62715
47217
51456
80308
25174
25243
15358
7897
82529
57226
8674
11998
99691
17865
32039
82677
77190
23813
88888
19933
61548
88744
62754
91272
58300
72592
22955
82952
28259
30091
9019
77109
92598
93521
15864
7517
50971
56893
89169
59112
23976
80137
19312
89095
14691
49414
66578
89433
47016
63605
94835
48986
63369
46597
38338
94408
24976
54921
45972
77843
87551
73269
51124
27840
87801
87477
11832
31322
25561
39818
68430
18710
27616
8674
7670
34497
76332
26451
56649
19368
9444
31763
3287
24035
2384
88439
13135
4127
94693
57062
47319
74888
77311
50010
41819
49615
10918
47954
75330
75517
50067
98295
97468
4468
99180
17353
21783
71486
50123
92292
16049
67861
41949
3701
14856
51854
36902
68787
12749
21283
84705
99644
65015
30299
93797
17453
1780
58199
93668
23005
22970
39740
49357
56790
11644
72025
47377
72913
80696
6772
53955
97550
54829
9845
48696
10189
81098
21134
12941
17676
56961
97797
36616
72509
66746
41856
13367
32802
89956
18348
82261
87080
20294
19594
82763
68574
70324
68759
20307
88496
21085
77206
66967
40644
82529
99612
42296
94704
78592
7383
16427
97462
45550
74044
63197
94270
72834
90732
86008
61614
8205
28642
21821
39560
11560
91835
60625
77984
45479
84770
79893
45721
46506
18712
30637
21147
13201
14173
15394
1490
97199
26365
56834
31494
52440
40826
56965
88659
30740
80209
12139
67940
98774
67948
88961
88561
5701
31588
8483
43730
56825
95600
31003
22719
13538
48302
83911
64134
9026
49293
69689
12263
73627
43317
83864
32015
88227
38227
55171
8816
33844
87333
6134
99225
12896
63582
79749
17815
89185
21655
75461
14088
50031
69331
55882
88183
51370
97228
74219
55481
76663
69759
67490
40675
39176
96113
975
16294
91156
30013
97372
94728
93638
22139
57563
69408
8720
21102
47724
55182
96928
48586
37467
28533
15787
96255
66790
68661
22054
73575
4412
82761
51252
46920
71520
62842
96442
72327
99373
54686
17294
67722
90356
27665
21613
36295
13760
31118
4011
28622
13659
7882
44710
74479
11881
38573
37491
17514
49490
81869
77722
77874
4637
70729
51390
19644
43736
7520
93844
18474
34133
57867
91861
42894
83886
52349
82798
41213
27400
86326
19797
18995
5237
15710
99510
10012
1651
55012
83563
76294
57651
43251
91178
31809
38260
55118
52568
6063
46862
78568
43579
21390
73610
94114
12590
32767
68270
28834
73453
22738
23511
49612
33520
57456
88607
56512
45941
95908
63454
47120
71766
51655
98092
38555
21817
9000
1892
32779
82534
7924
90468
20712
57523
52615
23698
63991
12347
46671
82745
19410
37710
81656
33393
31653
74082
56314
64444
98562
43431
89404
10924
51874
65591
47619
66946
69657
204
93339
8529
53908
53356
31136
10593
54066
22784
52201
41712
39676
6498
20626
98514
36035
28501
23621
64313
95444
37070
78629
52113
58042
92079
71734
89122
86064
42645
64876
76664
82753
97031
45070
64799
37790
48111
31622
63079
99131
48037
26473
76071
57927
1415
92509
8830
26567
1765
89356
66933
47214
47544
38116
72929
5306
7507
78856
49476
50221
60497
62358
33939
2502
32750
72405
31314
46973
40498
95611
13979
86904
33160
50617
10077
46860
85836
25412
95617
54227
91427
50625
25928
67366
73829
51564
88817
88823
38965
22372
14198
69998
78193
99543
59414
17726
84164
45477
26190
70499
92985
77939
96512
28635
89515
36175
67957
40958
52567
48059
37726
61147
35891
48376
79158
92464
23448
40304
7364
93445
10906
28032
57533
94790
42520
52256
5478
71163
82639
52305
80854
63686
14921
91138
81434
52473
36371
87006
55827
93425
66540
6933
42906
30803
30584
45702
76387
20897
55477
67846
42271
32696
93350
2799
11067
19338
78986
11112
35974
49843
92913
58733
53488
31546
1061
85243
79374
99750
98915
34618
32219
95002
97805
19111
90584
67246
70392
88381
84787
2284
91392
73728
52773
59044
77468
52197
83990
26092
47564
35201
85755
81400
65295
81453
94751
50514
99249
63923
40224
88150
62273
31159
48112
41068
53728
22341
12829
34850
14357
82131
83050
68805
95166
45426
11419
91837
47265
6103
7408
36099
37729
4768
14857
47359
88588
12165
22088
3010
20145
22141
851
67228
79951
21770
31000
70619
70440
72994
88012
87810
25812
61083
2284
15681
31730
2834
30693
10391
21881
14935
28206
31584
77325
96441
60755
51420
47214
5770
97261
13823
14474
38382
82700
9998
87346
38117
40342
86236
58217
10451
89001
23681
18425
3785
55517
88980
61984
55377
32454
35813
46824
3355
10613
83290
97077
8383
48765
72003
28119
37934
92339
68508
6783
72058
99342
44031
35085
42366
32462
47811
55176
67467
9466
92085
90248
7729
81281
59057
36301
18886
16482
92445
70290
10710
1767
36930
59867
22471
38892
53448
50124
90215
79038
66317
45780
78996
35934
53218
98502
4904
15076
45378
49352
30624
12001
31216
3940
15175
8509
15788
37148
90627
47934
72497
84762
72636
39594
51566
45670
67332
94340
46879
61296
55496
39218
53255
78477
37777
67551
19052
50335
1687
93020
14896
94637
99587
5314
23047
82034
42783
68211
16730
3857
16797
13086
67734
88294
22113
59264
98993
15703
87595
936
91612
22281
91109
13203
77086
10095
72133
34966
48914
80637
79935
52667
80286
27804
23499
92290
10926
33910
97134
12008
73422
42992
18184
30469
69761
27416
31673
7375
80448
1427
59280
46588
95282
24953
4850
38437
35044
349
18787
26599
94822
98148
37781
41315
5730
46679
60074
30756
68569
66996
79591
75552
23324
68030
42871
8280
68164
10676
60600
3770
87982
23711
47879
66118
19927
66213
5027
75021
78095
63739
78784
32373
73661
89560
28875
99737
92463
87524
40757
97837
98748
58607
73278
97855
9081
75582
89695
28250
70100
16384
74099
62020
34096
65759
96227
9639
85021
20625
70829
21581
9779
26350
57648
5636
96107
14972
28119
36865
2170
65447
91295
17953
99723
64844
6823
21994
57880
83636
97107
39312
83141
60286
32861
75795
40505
96341
69529
98342
27417
70081
15650
34378
72419
30041
76454
46041
98916
28534
20460
79647
22998
30370
13085
27107
12314
6479
31030
49827
84494
24581
904
63261
70507
70035
76618
94698
97053
46791
48412
18276
41760
48664
58168
4041
78867
47872
22679
57784
98492
96904
70942
28567
29464
18747
97923
17175
32829
8252
21375
43503
61710
82004
39122
26566
18618
86883
39726
65997
14353
87352
62785
99656
46980
9947
98946
17292
31608
79624
19127
61508
49702
81270
32289
4686
5107
37173
40005
18370
57575
13271
80855
1107
83628
14981
27685
34990
93381
76050
95325
69599
91848
73644
71836
19699
16922
95022
57620
63736
71045
91251
32633
81569
11512
98950
17385
4230
69723
76341
97686
59816
27822
5539
97585
58961
41629
62620
15924
61786
10690
27843
66123
80550
34327
25192
70368
23692
67862
72021
64675
89266
78447
67143
53682
37908
14085
97594
11178
59172
40421
89597
83306
17356
53508
52869
20993
19023
46036
66910
29204
9517
93763
36635
96461
93957
49265
10542
6690
4181
12043
90836
62849
45468
22537
57256
30262
62337
34592
92631
43705
74541
62660
1843
73847
92307
73886
76161
43707
72111
95046
92174
58712
1804
61054
86942
7349
61088
23434
78917
59542
94610
84463
96750
50564
7676
44391
37048
56280
52139
58142
17313
22665
53475
91469
83035
13167
10144
78673
24603
85683
42455
34630
97424
38357
15994
37477
33712
78201
4251
84119
80206
79408
59464
19317
90088
11070
81460
73406
78653
30573
17271
80116
21532
8878
15371
60883
17431
67783
80951
64239
22518
63901
46313
38665
38024
85183
63996
8781
71477
15308
91898
37707
687
85091
95066
99696
77478
23877
65194
43201
18490
88713
95688
60916
63115
34940
50826
83435
90285
27058
48990
21389
76856
35374
73803
58018
54843
75945
77558
17482
50544
43234
27105
41947
36139
93859
61485
38710
71020
41772
52001
89541
17876
70815
29571
71187
33428
34055
91682
74343
35680
38693
36726
5343
38083
72888
81024
75397
90828
56392
94539
71120
96518
17552
28980
73818
98918
39558
76037
1145
44477
33768
83996
68317
72909
27556
76971
22149
57209
10179
61273
5758
32629
88628
61638
19064
52540
65009
9163
47399
95072
50224
31392
55603
95099
11432
76503
98364
9605
24286
36005
76687
55615
11883
33345
68125
31819
49611
68005
22878
79551
20229
25298
16513
49742
48946
45584
49870
55622
32460
28370
64891
39833
69940
56632
77223
45619
5344
98126
96662
89898
74399
4850
88010
72724
87370
15475
61146
96178
13290
78228
37170
23337
30304
75728
37478
36273
4788
49784
15604
70887
34173
90360
71669
57757
60073
68759
11648
79857
68843
87325
31228
25627
13727
25743
54207
69184
30906
81941
99559
11332
53362
30205
65460
86652
34919
11577
88769
92546
49262
51427
65981
31745
91608
44160
48618
55567
7715
73282
32529
84187
27229
65800
19616
12764
75696
33184
5442
40457
76686
27213
48377
42599
52090
81444
30106
43357
13776
38223
25253
59715
55475
9396
42559
96505
17202
56816
72494
84436
70965
47837
26960
3347
87594
21683
61816
89904
45254
75595
16455
68977
32378
91454
49347
22430
18964
36748
51126
49038
71663
94424
53926
48666
53048
60944
93868
16819
97565
29931
43987
5071
5492
41003
76079
45662
84326
79042
8536
37402
10775
85041
96962
29725
63794
11820
52089
1582
6773
99769
56126
68371
32246
68951
83225
26602
28913
52763
34713
32178
26095
74005
2992
87460
43604
40977
57124
88127
49413
60634
1523
13921
45748
41593
78886
10993
52714
18811
78192
69369
67440
98032
84452
24210
62170
24783
27857
6295
99889
86648
56859
34171
45051
76722
80438
76407
56968
96178
6849
68476
67612
78173
3837
41382
62100
1156
13321
75825
49559
64783
68892
96165
25947
63509
56349
781
1872
45638
45570
94918
44141
52395
36708
44211
51509
45382
55579
40781
84421
54771
59227
38743
41950
52336
18507
94639
15305
68889
97021
20417
77196
81163
98415
61333
61319
19371
70941
84969
59403
26527
94849
61882
69816
24345
27081
57243
61841
96117
49842
70312
27071
5176
95462
58645
27742
27575
15376
90495
13832
68794
57688
75076
66076
84181
38207
85166
74891
75126
85560
79946
43679
52062
91841
80727
77160
41382
27742
64346
9252
13475
58832
25295
81449
21027
48150
52345
24114
12887
9856
79546
25669
91595
54316
67551
91453
42000
52224
66387
45497
91451
72962
22292
77088
49607
73751
28386
4975
88949
43798
12371
65248
7732
51720
80995
97816
88891
86943
84905
35918
37522
70000
22917
45779
73393
18094
61622
5442
8608
63237
19880
6534
37054
94479
38762
14818
50302
41334
52829
41633
29931
68135
73289
59579
29996
79855
77802
98528
7714
42005
53063
95044
98062
8180
20867
38631
85295
57427
45484
89408
49929
44546
21873
44549
19010
83763
55601
45434
57639
42451
50926
16659
84715
4548
66945
58696
12079
1816
47847
54260
3740
39788
81240
97417
20429
48254
24408
61781
37482
5389
38791
52137
40464
37420
71699
34155
99468
97410
82093
94394
54726
85665
98329
24153
63898
65856
77151
9979
641
97559
45470
18409
68110
78487
11744
19506
13269
46532
67977
29936
59654
14961
55145
81043
32023
77590
28305
63660
5951
74287
28418
27064
22879
94900
54976
46919
80987
92593
72134
60840
17990
51841
59828
6771
58972
83116
69379
85106
52616
6458
68760
74541
14150
60210
97719
4560
76643
58164
12399
60539
11680
12688
50579
72903
62422
59553
57225
6768
85043
99497
51035
25347
29730
44969
58380
78789
93577
49309
36612
73277
76172
25075
28844
49503
1806
56326
92085
58518
74424
92795
50642
60461
7602
58071
25862
30907
8463
58363
85592
19305
7909
91645
76515
60320
91897
41764
16298
86100
21241
99456
68552
80327
6979
71587
18470
59483
16836
65472
23238
98296
22714
93247
1820
8854
79034
72153
24541
79880
85358
31574
82639
42181
45846
75681
20832
7188
37647
7973
9458
6291
53586
43911
69427
90244
3059
30399
2379
70805
27145
88788
87823
96714
41165
98162
90483
71433
23068
14475
95773
19010
36023
41319
17556
7705
57642
22441
10614
39538
43433
41249
24169
56535
24693
7367
76169
29993
72926
39770
74304
63169
38275
62453
21620
53121
98134
52714
59035
44572
88827
70719
80553
15166
89934
98530
82634
69049
78883
26569
85099
61966
137
60394
52498
45268
8552
74772
1614
67848
45994
80489
18185
76562
99126
5304
89401
59279
96599
1083
9046
58272
40251
79050
8039
13198
42455
25242
67253
61625
70952
99285
7777
83804
49236
29303
15025
69150
17359
51458
3045
45655
79930
11103
48616
68156
73061
37810
68290
5386
94133
66296
91850
29932
9025
34016
67993
18376
20022
52611
85786
96300
69819
76385
53149
5776
72975
86329
56619
33608
73453
28357
10355
6953
86417
34928
41539
48053
19989
34357
26194
10181
98741
26549
8474
8818
53681
23060
50244
92767
23952
5265
60988
67783
14848
24801
65123
99774
31324
10246
67746
16775
78471
94129
44956
4306
10229
13617
9565
74063
9225
32438
26447
94964
67929
44295
58859
71334
90606
91548
42028
7399
27399
33945
95903
92957
68604
80744
25110
21691
38496
57042
46108
55118
72480
17785
196
73574
97769
47093
87674
76287
92390
73257
96699
76043
79878
75457
31232
8893
84060
3915
28820
59317
67296
89199
72327
49923
60051
4652
6236
64538
53536
67888
34749
78130
57629
96467
10638
52794
96913
30865
61663
55192
59920
84770
3898
23102
60673
64120
91709
82923
38912
37108
32930
24283
22144
55942
81177
96045
4296
16767
22775
42735
90334
29716
96711
75399
11778
6417
82847
15168
15505
67128
21422
11375
70185
10613
28114
32226
49036
51935
48646
36004
86974
51917
73816
27215
35721
98258
15896
37646
14912
33174
98412
53166
10912
74259
55488
32865
82994
35465
84219
85038
11149
49470
29934
16120
82360
32406
95269
15785
33485
40298
82624
57563
41465
94696
68059
48259
43008
48711
34248
76827
54430
31525
27839
107
70824
47936
17292
34163
57681
53293
91430
96887
23304
68664
76832
29990
43647
37944
21304
8873
79814
79822
34829
71109
97910
46170
63630
95661
58378
22362
10190
93576
64839
51809
59059
13274
49724
67375
59117
96561
25924
94034
95044
55567
2088
44889
67818
74798
