40316
2443
58088
13679
79149
43159
91077
53749
88020
68630
40008
97410
3515
18521
29253
89615
19861
75093
77578
7290
17421
23979
44829
50835
46664
25346
16178
59315
48759
33967
47590
21261
25307
7767
46299
80253
7284
76715
79631
3644
12680
37042
43771
98262
60653
93797
56390
87570
89843
25460
14084
93392
97521
38502
84942
82002
67466
4797
81695
59665
63451
32664
65864
88912
94213
32978
23728
59725
76465
5640
64844
2964
62725
85207
96471
72014
28641
55299
37486
69078
42006
45685
59019
32108
6596
18140
71867
70403
28206
97684
17854
68213
59101
93764
86715
18390
72301
78177
957
66565
71192
9712
90958
60639
24253
59145
78127
9774
86637
95735
68561
66111
35218
62012
71731
53169
35004
6705
67576
98313
98601
65258
99460
49987
92303
53368
29843
85219
75913
18185
28214
20649
34557
53706
28459
62754
44454
86956
58967
87131
61283
70180
59619
60081
29019
79085
84881
17604
1611
72904
25209
76266
12077
33763
81700
34751
68838
26104
74148
14618
88845
74604
16910
69275
82867
86168
64021
78433
14611
30948
96548
20120
1880
14575
42392
24143
37541
6379
45048
50792
30213
57574
6098
43208
18416
91299
90515
97966
25558
55527
1314
39585
34603
46543
98617
19553
19247
27166
74721
29984
55193
46453
14890
43114
80863
61595
86788
81566
28197
61372
30876
89505
26655
55630
19254
58440
96805
64174
13060
89299
43090
61737
78752
29594
97048
88983
26828
31775
18853
6945
6307
69122
81322
76579
18139
19635
43181
73709
570
5634
43437
9507
66674
42611
67661
30533
68539
83118
65472
81865
64683
63090
11055
29923
87892
48105
36905
49798
79674
3031
96712
28133
19375
19340
19388
41074
18957
80761
50166
53480
6928
88447
20115
15492
58830
82115
74019
59694
89587
84349
33493
72406
3165
72720
75041
45177
10064
66228
73009
54434
25559
48303
32717
97101
74201
75298
87681
6407
85076
92671
37709
56593
87032
67609
30026
98691
47810
49748
62772
3598
61715
81691
52952
62746
37709
15984
36091
17294
21258
21534
77668
16525
85976
53546
42759
78877
99829
50120
95471
51844
579
33546
68935
98475
2376
87219
85350
81604
97444
42954
51061
49256
74992
79754
60445
9529
34256
62614
97362
55622
31892
16682
2166
77933
14065
93548
59851
19322
34519
28769
4217
51342
45358
37981
35768
29051
29266
402
65275
77036
18024
65481
37081
61025
23228
46991
67993
69431
97305
49158
14233
30118
48035
46845
30843
76613
54005
5434
92205
58152
66802
22163
76403
14953
40234
63324
18516
2981
40395
40730
74813
68349
26689
75606
34581
60476
35788
95054
28831
47096
86428
21413
77125
33394
14124
46810
38280
76600
30616
92343
25889
92874
15196
25472
2866
82521
8362
41771
14478
99787
35047
16943
6561
61116
88803
98964
33533
26206
84372
69738
19907
19105
87278
27862
10346
30861
7937
21607
34799
23948
3438
66407
89978
68165
75815
60813
97608
25955
53251
87087
73626
6772
12602
43860
85594
27853
84035
69831
79749
6347
28616
11688
79129
33652
19170
46205
54588
26332
53559
94918
35206
1252
36556
7438
60621
97916
41352
24125
74891
36489
87656
54379
1422
35458
29272
47534
35547
40500
67892
40788
17152
36550
87611
28684
63093
69910
64461
59007
85582
15714
66465
90076
66784
57187
31014
8081
49613
45428
69716
83734
61102
85936
58957
5443
37884
66233
65429
37409
24058
14229
90667
51646
47107
85139
66595
84858
90379
40396
34498
93247
96277
90756
51189
96141
80401
49103
56622
18323
13647
87216
60509
15802
50533
60349
63783
39739
69208
28414
76165
5553
82218
55349
30075
83113
32161
54679
74963
70678
88976
67480
41013
98305
82468
81829
294
33853
4653
29803
46363
62008
29831
53205
95640
89582
1604
80242
20745
20248
48344
57557
66907
7362
70688
406
81304
38905
53327
43414
1342
6211
98455
41280
67611
84073
8304
46986
74855
90319
33929
29147
22878
67173
10120
81350
87769
11574
40511
27829
68903
26589
49997
37249
39693
38519
17934
97757
75223
59763
26241
65011
96346
41510
56148
95078
34120
30204
77133
20183
22734
51689
43159
81730
24045
19325
65671
32296
11123
81109
5323
13640
40694
88558
50958
69095
77069
40597
37834
94799
23179
16858
56394
42643
43193
39331
89019
496
42798
90077
14927
71182
27405
55501
54733
14790
5916
44900
59160
71295
21916
72145
48442
60849
75050
81520
8365
45418
14897
86560
21287
49422
22665
89938
33119
45017
39792
89566
24128
61952
82819
49552
22569
91926
94586
8319
30206
80298
64861
1310
39726
71790
61127
79308
30466
50994
8758
98438
16127
30031
5611
82332
58136
16320
71332
35552
15476
31338
99507
56954
72087
12636
85787
96793
95439
76337
2119
23045
81470
2002
51559
13520
478
57337
48775
37323
3222
52817
36942
71188
77528
27257
81072
58956
12980
22919
11056
78375
73244
3625
81622
40381
8981
62598
37641
14173
26327
61187
89545
54209
74017
11938
73355
861
69564
81541
58674
55633
86090
59664
71910
48382
86795
93613
76948
84597
33164
3816
11170
8971
17932
86203
71309
18281
16812
62820
41601
12063
73747
78641
9044
52953
66011
87422
2943
83081
54620
58902
17370
44644
64210
97429
87475
75305
8621
66670
56683
99835
28917
41192
50925
17232
92664
59715
58476
56579
24306
39641
72088
37540
84664
15135
48764
85390
72161
28458
59063
11225
88081
72047
52757
20678
45378
22819
92457
79416
19474
91297
27817
38210
65540
31018
22886
37915
30067
58790
49767
82606
2458
59624
45089
57678
11545
3952
37653
58087
47045
17386
11750
59504
44111
27988
99573
20796
77199
22973
40603
7023
48749
28489
27074
6542
64203
87953
960
77135
40114
89639
59313
72496
45976
1271
95856
99523
53003
4009
69843
19495
60541
84354
74080
92946
5452
37930
1743
14570
48076
76489
73469
65523
92403
41451
95913
95778
80224
76035
65840
69200
82313
93067
20064
91979
9472
20681
76826
50182
72418
79629
75945
3089
58108
7863
36698
79683
85530
821
91735
56531
88717
12010
77700
18695
97495
69930
75796
4451
55350
61698
60488
83587
64075
80245
4678
44996
62247
25953
57203
95356
70961
52065
68621
13770
82358
88427
88839
60776
14957
8568
15809
70173
71942
13764
77155
36623
51918
10731
44854
78197
16705
59892
84799
74827
61805
12010
17945
28543
14175
12837
28302
68936
91437
64584
31281
88662
59359
18947
96603
33860
19770
20408
34401
72618
94763
91963
41326
96783
45036
4722
54146
7164
31510
84284
71238
68076
64387
1870
15115
78975
94782
5336
97983
6446
58282
90374
30123
68472
64460
82915
4203
41499
96757
26232
21226
63551
44304
12722
59418
92588
31621
80962
60045
74075
8455
41502
1556
20298
90336
11588
24465
22665
19767
63230
50586
27794
48379
17537
56717
41366
71087
82031
41514
58898
62290
46365
19282
38464
44105
31215
81658
58505
68588
5439
36076
47608
54858
96765
18938
35370
63833
3184
81311
70946
8830
39835
99732
40217
98037
76891
75692
50226
93534
6124
69069
86315
14596
54890
95563
33456
4395
82453
93571
86282
22326
54223
15473
88053
82354
65311
13934
85615
7810
54584
97065
66571
60135
8563
57569
52294
26316
50648
99196
5137
80012
67068
82183
4364
73312
52004
52683
94356
14377
89768
90184
39508
63286
42163
96849
49239
48243
9799
58659
21853
52526
58717
7043
92715
8775
7018
11347
10045
7091
69181
72113
22775
83341
9604
1581
37785
12346
47343
90148
91856
91319
108
15901
28457
16705
76017
78688
12865
30913
47161
29230
24472
8370
6405
38849
66181
23632
80708
18337
93154
77599
74189
82175
7495
98261
51561
21266
14804
35429
25038
87947
62856
6249
4325
38903
65039
96811
93933
9778
64377
75504
24953
76482
90181
84961
54580
39383
60444
6488
31717
87932
33274
44772
53613
93402
10278
43672
15437
30314
33091
50646
99621
23445
67008
97267
15095
40266
28970
53767
65834
50234
37729
69876
12811
3156
78023
31089
72621
73368
45621
13170
79569
69530
43400
26165
8353
28341
92888
60555
44118
71786
72234
14688
24729
28820
12859
10410
80774
88552
95804
98442
45581
32110
85342
94594
92339
38422
92963
80692
96053
84282
58260
58706
96236
76655
34736
8807
92620
51622
4481
38464
89702
8261
12811
63513
7118
45341
72158
11776
26070
78183
27147
56264
49433
96000
29524
1325
27509
84287
8603
23454
56463
4783
6300
95468
2394
31309
28279
22509
84210
69600
79781
8653
31747
30159
20236
61778
57127
87363
78221
94507
6636
53275
24603
20917
22771
29126
77446
14313
6453
77569
78421
97796
67840
64140
67378
42612
86879
30123
4832
67580
79352
67798
18887
31173
41583
79485
82352
53154
60808
54108
59628
4190
12490
46199
58478
82404
96638
28466
64761
96746
58103
42000
88020
22938
40075
48934
75131
37566
23871
28826
31503
87816
33826
77021
52173
81308
92400
54723
46395
33179
39446
63739
47295
28301
99829
67023
96714
73193
99839
32666
13713
71012
91167
68480
61309
8084
48885
56975
64248
20575
76799
85008
77576
32485
61363
62794
86809
82823
91496
65747
95250
53810
63445
88052
94857
5964
69777
25912
24914
37786
62746
11696
52594
52907
77137
70982
56755
27717
16546
88156
70832
79658
67265
99073
41456
12646
63856
78063
58511
38648
445
80580
84696
34170
35368
60410
74319
12431
62946
71813
15658
89545
91122
74345
82400
59860
2801
5206
35802
12386
98101
12161
40550
39315
65290
99008
46858
48352
16956
51809
10197
6501
40946
60519
91025
35689
14772
49698
35957
85899
97165
64107
37975
38122
17195
2649
8606
31217
85027
77346
37718
87358
29330
58642
26685
13422
93630
21473
70202
24646
3836
95636
95981
10304
17514
87122
19649
79920
75708
38337
92542
10802
57492
11485
19868
71443
67914
85908
14482
4312
55051
33857
41068
8526
45598
98722
77754
1871
53410
22232
2661
73038
22579
93436
12092
90879
33419
57432
53005
10630
38725
4681
67824
8858
9276
25551
47229
42870
45042
14350
19646
22716
54094
6724
2686
15366
97053
14375
49601
31274
80184
99258
8813
61769
7142
58092
16646
63509
36024
56590
81464
14909
53778
89359
34733
88470
16330
43542
99454
12935
7977
90618
31110
96497
49422
7041
95859
79257
18354
95604
90709
10484
55910
8699
5497
76974
21944
42330
12815
45590
2549
16935
53414
75978
92232
49639
37978
99994
65792
82117
74276
78012
15568
66318
26736
63851
27152
57740
11532
54396
92865
23612
50108
77344
84046
48238
2666
65455
88270
61881
69914
74807
95493
67064
42940
32192
20586
15973
20827
2203
10692
58384
80114
86247
87021
96381
98462
39327
91033
23671
24143
3939
89615
65428
27672
62146
53270
13191
48102
48225
66059
74684
24237
99274
87406
71156
20317
98548
66941
18333
50739
30827
73912
92940
1292
27868
74628
20378
29845
25056
52427
82745
87775
97922
78368
5457
77838
56782
64320
54587
66832
30263
212
23353
34154
72677
37075
7311
21869
58
87428
14723
36616
47488
18914
65677
14423
8976
53688
76122
15129
79649
9931
25219
47872
53708
48279
19301
6658
67896
96402
93629
55340
82918
7820
31778
65909
5019
89784
83326
8176
31141
58084
24074
26652
74348
78084
774
44950
99703
24270
91154
79918
17400
73022
61355
65047
62677
24793
53701
91447
44916
53070
87201
19550
36994
46264
66892
17332
85664
8865
46197
19755
25002
48449
44968
30516
39973
18916
71755
23917
18693
30153
71924
8792
10424
36966
10053
70790
61331
4585
48741
22706
55607
31322
33404
69483
48478
2108
52683
3049
29288
49554
92582
72033
87389
22494
58607
5779
14686
67812
86672
19489
90061
5966
23701
9114
41237
5545
92067
20820
19448
88748
80633
86871
3795
68280
46370
4854
93200
99227
51251
30457
92231
29551
56647
15094
1969
72223
88693
34079
53356
650
26058
83156
2084
94336
49929
16377
9220
65033
22460
13026
76440
84965
15957
91466
96510
96622
1925
59235
83177
7610
61528
53544
97298
25532
98860
30831
69275
74826
92716
65306
29569
94745
93709
5292
7550
20164
62180
48313
67383
36812
23969
66582
90985
7929
49997
92719
67755
77599
19835
18807
60960
38684
34094
97338
10715
35549
41351
62159
84559
68032
61097
82345
60882
31220
54828
36333
42190
87741
77113
4317
33156
66772
74216
69427
91677
30507
27604
67465
18990
57262
2424
14133
33895
10501
40137
65875
60248
96310
16815
32474
14624
34567
31392
81008
90868
5953
87003
33657
31945
18640
34718
46347
76638
26055
90181
70557
22728
18688
28032
38461
67195
2177
5999
23009
70034
44730
70972
662
74652
2827
49493
42452
46275
84675
10341
59827
96826
76451
33007
55862
5730
59617
54502
57829
17465
48584
26379
53272
7040
99036
15939
27631
58695
25627
56084
77152
81143
37279
24413
4424
13339
15648
655
42626
84684
98679
92748
53973
70648
66366
86555
15431
44206
84114
47556
65808
33737
12634
81390
73353
73495
9922
58259
9891
6916
56832
9916
63604
87464
9783
56286
35469
64553
19514
27921
36135
57966
34920
22793
97275
74402
24181
27059
816
34049
96490
33870
42991
10370
26499
1731
61843
81505
38102
5346
80445
30504
4436
60858
48227
67705
34727
18805
40
21179
55131
41774
35239
2494
81369
86768
12009
69068
86702
87340
51254
27407
78891
13622
58568
17753
41830
72061
88987
95316
49757
5285
40896
97126
93818
93859
92017
7136
57778
64084
97055
90467
82248
61466
839
89008
54383
95412
41251
87179
14956
57753
988
70379
8154
92785
54205
62529
71078
41104
96547
71906
63483
33424
27761
53170
65976
48234
91392
65487
75517
83568
77172
95863
85029
84458
53993
64055
43021
34155
12780
76722
53139
83023
49190
22218
66298
1075
87059
70573
30729
66609
23985
15007
30323
36823
28980
73600
68465
96899
9430
59322
97803
63549
90732
65578
43319
67825
17619
95752
98616
82823
92713
3412
39847
84801
24441
8959
68207
9488
67150
5619
57810
59540
52072
59072
6697
77582
28365
81349
20489
227
47414
29623
96353
25647
97194
45968
58784
47107
97481
87703
55443
72446
87038
28007
46124
42339
13272
86015
35742
23836
92562
71014
35845
34731
89421
53945
68963
92969
34271
21459
92068
43645
62053
9368
68771
1626
63444
32477
16133
94165
60653
29943
94755
78818
34767
58334
45670
78762
83271
98718
89035
63403
95362
49019
39366
91596
45635
12190
68034
17947
3503
53824
86278
49862
99110
7153
27156
25874
9132
96453
17451
81659
87877
16157
39916
49384
32640
56238
30105
60170
1066
39247
31385
97361
21827
39588
77177
17643
29134
71586
45773
10042
18625
35263
88403
56593
27421
76343
16632
93035
55351
9405
47828
21127
19605
34396
64081
37956
31316
6665
58281
96565
63110
15976
87821
84546
68665
215
84994
7579
31602
40410
22245
36601
58617
83716
99919
38098
23918
65662
40212
55320
20345
30424
50598
36624
79711
5833
41558
19914
15952
21541
79578
8449
37694
954
19018
69105
40968
54438
98597
19696
4404
57881
62993
80747
55643
35555
55743
39390
53373
55322
48172
62959
87734
41993
48323
1255
25609
95128
48192
66190
60152
74964
78672
27938
19766
93596
37941
79508
64275
19655
45542
33375
37975
99029
64338
91493
47050
66768
28197
7080
70223
76478
52003
46210
68945
32614
75281
89154
23190
5309
89075
81380
42288
73196
43344
45419
64274
26016
5617
85309
51072
16173
82793
7387
82239
67679
73423
70780
44299
21727
46950
63717
82407
45151
989
26055
23695
42274
72050
88468
17354
60619
6098
33343
38972
86784
33628
96400
65015
86458
58563
6337
25169
99340
69266
92153
39184
97390
89802
55618
33602
44197
3782
80648
17162
68784
48768
29968
21844
72978
38764
84498
94666
53751
63778
63285
97247
86660
96025
41062
61064
98848
49935
61396
11211
3737
18885
75500
10927
24148
32583
86220
58899
77557
7913
94373
34363
12551
2637
5554
32484
64008
5186
67375
90649
68468
33158
21912
16638
7789
93515
82112
90602
40548
91512
89515
85841
94086
72198
15080
52639
32422
80331
46
16417
87395
28052
17649
74526
89238
11914
35489
21699
10234
39319
77184
3675
99319
84803
2430
26269
51373
95095
28179
37727
96122
89282
74232
28585
81065
61081
20642
50148
25815
1657
99260
71826
84131
15817
34335
72599
10769
2555
21393
57428
50810
72849
40920
73620
59316
65404
81369
55488
29082
50303
95506
77613
67544
65394
40431
97909
40053
97667
41197
35107
87420
95062
42217
16008
2601
32237
83332
53578
28717
3651
18070
75836
48094
68883
61355
48873
23071
16182
25438
17802
98663
39624
20593
63703
87696
90060
90694
74298
62078
19878
67453
55647
10057
39590
41067
12615
99913
41157
26259
61212
69150
71143
16548
54783
53305
864
68814
34461
74251
23956
53377
17248
5096
93527
92901
96898
55734
65235
61360
63100
27832
44839
4551
37436
72818
14476
17973
69781
90136
38419
26241
55952
7415
66922
48558
46913
31584
61214
70132
30420
33773
14011
65719
57382
98673
1838
36865
2192
59392
52843
1761
48030
59159
46186
14783
16574
83722
84333
154
48884
99145
46076
4768
40331
37262
71633
86986
54437
19077
81136
62418
31155
63384
61166
31441
1632
93206
60947
59257
58375
2784
71129
7756
51622
30096
53716
57656
61002
52326
20620
40847
66666
7248
95205
60615
88175
45300
67328
69642
47184
28734
92730
13179
67869
31745
57106
20518
19922
79148
11336
13154
13163
21162
19201
60199
50102
88085
64359
21958
81987
28441
84877
9897
52632
93729
4560
37895
55970
65344
37466
33476
22342
17053
91584
66883
11990
74140
79562
97129
6783
17093
76467
80080
36926
1172
35110
52292
9683
32860
89960
67741
17774
72696
1077
81338
14277
85520
98787
66870
25095
36196
87715
73994
56523
34136
70598
70719
36130
29148
68699
26062
98316
31479
95766
83222
96454
71695
67661
38232
91744
92920
47196
96787
23661
7671
89736
70487
90292
27921
24353
57672
62691
90261
84096
98769
81283
52930
37936
28674
5222
34358
70761
54248
95229
17365
73431
51528
98118
47378
79865
3447
19683
88605
22661
14745
81414
33577
21961
51668
64424
70137
1261
48528
47993
78310
93684
36973
23921
10703
42690
71041
6949
71998
39863
40077
86614
53075
55928
49466
87555
64751
15183
90709
23454
43711
92681
21765
37116
28291
39037
27333
98150
94874
92621
41506
62573
8716
60901
12178
64186
19028
80896
70479
96003
16999
74345
72303
77914
52965
74367
92257
47679
67259
99186
62310
49558
3827
69226
45738
70931
91801
71816
75934
7634
77226
91747
25459
68067
6491
86356
36596
43682
82211
11150
8096
44933
53222
25732
91459
85038
46175
48271
22993
7936
15594
18471
54590
1551
50379
20686
2141
29904
91358
27532
69426
45040
71260
41589
84598
45920
19494
39399
52231
58477
67890
85168
553
74222
12239
76844
13438
87382
28214
23403
79005
82698
67055
49457
99345
38445
19517
45784
65681
59958
54823
60080
83991
54947
58596
28294
81696
39079
62690
9698
93471
638
2419
84170
62718
7202
25557
27108
88274
57686
20285
18169
1881
86303
76447
84565
37587
11187
36828
60715
99354
48105
60936
38518
65920
18768
8342
66842
23139
41244
73091
72392
63888
54043
3964
6688
45809
69605
19533
77841
15828
21874
86983
73244
34842
48325
2477
40983
85719
53254
89596
21197
15437
85870
45076
2818
56128
8859
84551
95412
502
39011
55580
45118
99885
35334
5792
13142
78392
97596
5483
93910
9240
44781
61738
24248
18483
83455
50159
32218
92179
58378
80305
6784
71869
88200
22080
97721
88076
96040
10313
67482
30315
65089
55778
24007
48556
76580
31732
67120
35687
57738
77890
63480
98929
76684
96026
77648
70104
49042
2358
54946
62841
32515
68623
41994
71647
891
35232
79359
75129
68698
66802
77807
70358
73593
21897
60616
1567
98360
49258
4499
57009
57203
78887
34138
2613
13139
30793
29834
77758
55360
40185
91476
78783
31060
76395
45102
48550
65387
60679
32695
5913
36119
98005
91799
66859
93712
62820
70660
23131
44680
21912
97377
60714
86044
32462
32641
52215
79142
31916
1993
14360
79887
14154
92916
64567
19363
33943
46448
33863
72093
36138
27141
80065
94337
83110
74198
12799
18024
76936
63552
84948
24662
73936
64095
41863
27687
63178
8208
19498
61192
23960
69105
30043
19843
24318
92421
48886
85778
3849
69011
29556
85524
77724
68526
1029
94461
63641
51952
51590
7559
9897
72927
15358
79591
36008
4881
81851
56218
88400
61324
98596
29087
73504
90278
66458
12254
34824
68331
77616
79909
29684
45789
80708
57972
90259
21942
9241
20686
7427
47465
11986
11376
85018
40678
749
78750
21427
50876
40762
83641
38419
45144
38199
58445
41848
47660
82025
45126
95549
4683
66393
66914
13164
13905
17897
69729
94625
45408
21425
39962
76374
9573
35546
53832
78960
34680
84821
2241
67045
75266
12633
8390
21161
19705
61464
41078
79732
3047
82781
66942
65457
48777
40197
59819
65317
63763
33431
1216
19674
98193
63104
10403
78248
47592
68015
21905
68159
3674
74826
38130
2771
30377
48971
19495
65732
62387
39355
10560
13448
64955
29578
23754
10328
68008
81640
49670
86068
81287
60258
19092
92947
39820
3452
10414
60620
99574
14343
81841
38778
16784
74592
1174
4047
65107
72229
78080
72184
45641
49812
10349
5673
73388
36418
58127
51269
54701
44245
30037
1483
61553
70239
77922
77696
5622
70775
12095
85046
1747
51958
1516
34710
54653
91818
29393
56559
51973
30490
9235
78490
7455
4823
40643
22153
58590
26907
86608
54892
59131
45506
70300
13088
31861
22273
48396
10613
72978
50215
38873
78010
24867
78734
98340
83558
54405
6750
22343
51078
61796
40223
54886
15486
3546
50744
31428
7710
37621
14537
24593
25219
27159
73985
83297
88486
31735
64381
66776
69509
85861
13022
71202
62092
46346
33702
60191
62560
71629
64174
37115
10664
78802
1063
540
9848
19582
50987
77908
86331
33974
10271
69591
68060
44036
41608
41734
78513
16827
20230
23465
23461
90194
46289
99996
63904
54700
85135
10112
26134
45241
61392
95218
80713
99861
2438
64921
29755
65134
74660
36729
34100
84067
68433
50116
75371
84711
937
38032
44885
85157
58545
40100
47496
5502
96021
46380
34955
42606
11519
9452
4188
15852
90326
14480
14877
72240
49393
14434
23868
78607
85814
82677
78109
34081
59892
83934
16678
21252
7641
60227
47079
31033
87217
71308
17859
62092
94300
78229
224
44850
29770
4773
63943
59595
28437
64409
94904
31846
82139
38618
23118
28356
71351
75245
86442
23668
1787
18281
13983
83934
31596
94947
88761
52123
8282
58501
57354
23585
99803
11261
3315
83133
32675
13201
77099
44633
81889
34001
93519
30941
12921
50437
84870
59377
2233
7685
13072
10945
30907
42951
92939
83225
27638
46451
7105
51504
97601
26579
28561
22145
38757
55974
77432
75891
44670
2484
30396
3131
28462
39355
38517
17272
58494
33095
30712
38076
658
25665
37601
47882
48071
23742
33853
32602
42379
48152
72594
92858
16473
18203
73355
99183
10192
63605
31171
49305
64816
7600
10701
74964
96368
90908
3550
33498
22622
93445
97688
22470
24180
83140
92627
35348
8051
39569
31658
83205
76895
8438
31712
16062
42295
32607
20429
91471
75279
39950
92840
49809
80940
43979
17139
50537
73627
2360
126
2633
6894
43682
30329
81430
39444
49587
67705
57476
31444
38053
4774
59325
20070
48977
90943
58752
85870
22118
20874
86246
41781
68885
20540
25088
89222
73608
62209
3581
57122
93811
12649
68360
55201
93410
18831
92173
43686
19858
19175
62972
43837
98557
82116
89382
56051
42733
80131
20037
42226
95089
19063
9144
18136
7533
36178
37387
46579
459
1836
19285
30331
83760
18323
35835
10188
33514
47216
83026
28670
46469
72946
78594
69635
60861
20761
86789
22236
60813
6208
61007
77144
19942
51592
30184
78986
58427
76190
14484
83206
51513
87112
48884
95192
77204
99153
69254
