40249
14771
23550
79097
2456
44880
28212
4589
9223
70699
64294
49300
80724
71047
17682
67586
64988
86075
77497
49318
59639
27177
39566
13778
69234
26968
25995
18634
69812
81777
44094
40712
83330
1779
99265
71018
72062
33619
7911
26617
4521
87603
82802
8214
21737
72861
28290
92931
40262
75837
89608
85132
48271
11001
17816
92240
70618
60845
34909
67440
78568
98311
64198
43218
6950
72124
80510
57714
20272
95301
85977
41542
28720
42329
92843
98445
72388
80488
64467
70963
6878
50546
98516
93187
53828
18978
45028
63978
50456
73322
61597
47907
62770
25756
64304
50757
53257
50018
19034
1765
42226
48826
1871
54217
61823
16210
85139
71339
83304
44444
95720
81766
52998
50478
67841
13600
47388
66968
45748
77459
60433
19523
11534
63577
69496
85123
39681
48468
81425
41496
98169
32664
19400
43879
43340
20278
40698
53424
66415
1893
1848
70988
35877
24207
59461
16068
82930
66645
63673
12561
47374
48448
28072
17195
58870
6438
63133
10288
62940
67220
26463
71540
67134
34974
50646
96223
90324
94912
51623
27016
67555
4368
96826
59500
34542
62435
65885
12682
9037
45656
77185
75006
31478
30469
16130
19832
98071
58684
38372
87576
94981
80377
89849
51753
44078
55947
12640
53207
9163
63932
41031
30990
76082
44639
95217
58032
65000
35733
39506
2131
43860
47452
51607
3445
2574
42261
54754
84892
56214
40112
56403
39151
3553
5910
5667
71370
98861
86995
46282
9282
49622
30430
35360
83702
65602
3686
84097
98989
5110
48411
35721
26674
620
16725
15006
35241
50748
32421
15277
42477
93271
99575
9645
20967
41938
57568
16544
64109
93887
64618
41688
31605
75864
85625
58966
75572
65909
86873
59181
38519
32893
88454
46885
58013
71032
80792
71836
49775
84547
88457
76903
30173
44797
70308
26038
80887
15134
12075
94293
34820
33608
14373
29006
55778
32949
64226
12076
79035
81008
55436
69371
41441
49696
40685
26475
56870
51518
12759
28148
46938
19367
81140
435
24577
34381
51082
36466
64048
75337
59978
21285
80228
4779
79702
71601
73440
30930
5997
32359
68225
33334
32692
9806
37183
32514
50690
99615
34050
63776
52360
49834
6622
72589
69627
78549
89933
97675
85823
65381
29352
68437
59954
98293
63810
63757
59219
79523
39040
31762
98061
80042
51833
84813
50692
59978
70310
62954
63130
16260
1957
9667
38846
86913
20080
81496
9170
9459
25333
8891
83511
66323
45906
64552
71095
45768
90416
41586
63439
90761
54008
70169
74359
73946
32054
53303
22543
21299
40297
5465
59880
74399
27587
33035
66957
30847
69572
91468
68652
63470
8909
84289
5732
80640
84227
19429
41484
33475
49507
67198
30910
60200
68220
42731
30430
36603
76717
91417
69643
48781
1308
76693
74433
36851
14352
17724
73193
1415
96236
19790
85310
91180
95305
90016
94524
26640
87406
68945
25702
70858
90831
73813
94612
96226
9791
109
77112
37456
82899
55063
11051
14876
34868
47745
73433
48901
96064
25241
94214
70397
18142
38784
63867
89969
20829
25054
15025
26407
69736
25551
73081
54688
19655
72506
76933
5052
83125
38306
9559
30685
73850
72725
87652
52964
66180
70273
96228
86008
94343
86855
57432
94693
1966
34568
58136
44832
252
92157
73017
81289
97188
87683
95832
32169
6209
10866
49382
51867
58803
44014
17071
40167
16343
86230
33992
14761
51457
53722
77909
33168
59257
66154
39956
6371
82959
1482
33513
78462
80348
80385
103
66810
91574
83825
58872
35786
34800
29633
22761
11457
51852
40885
6357
71762
40510
57663
68557
7375
96318
99087
32256
45299
425
10630
28909
44859
42325
28488
48418
77550
48591
29968
44591
76254
87635
82365
63980
51847
14311
24554
18436
33780
89973
18812
65597
23681
47395
82356
62533
95226
8720
65604
16283
22915
39725
75615
17398
91345
30997
23144
92726
22677
69674
63468
44485
20153
95566
52460
73898
91587
77436
35155
84522
53718
70145
18854
9243
7832
84409
35321
96198
96079
99306
95838
5624
66948
34327
82520
34566
1929
32578
60238
50810
34678
73410
81050
93598
70671
63644
70561
48996
46914
77761
58846
13295
28365
39780
15639
81858
51004
41206
89169
93795
62064
50880
57344
2476
19931
23228
71446
9390
6503
58225
47868
70625
69878
39625
38398
22477
61892
50064
65377
85518
66953
41003
59248
50696
2140
98963
37172
38919
41617
48045
98178
93200
69282
51655
57198
52490
47947
44112
17021
70467
55439
47989
89272
53632
66393
50804
88732
52325
22429
94879
39310
88413
68284
28558
77837
8935
35910
92641
18592
23133
39962
78225
6670
46914
41449
99506
74988
10567
78137
39112
75088
81434
84837
83970
11141
7371
41186
23479
7480
51164
60156
97371
79278
60197
15038
58974
96408
36610
43825
74850
42399
50425
66716
67480
70714
41483
67657
15285
35967
68439
60617
16438
58037
73989
42157
13709
53095
45910
83477
41958
15637
28389
62918
97307
78597
89818
99988
5263
66391
24619
28736
97483
94389
73199
3994
57556
4137
79073
19591
98213
82537
45613
413
97134
90030
53050
1484
99849
90947
73076
20919
87156
67544
46037
53248
43376
95413
10383
46433
19317
19788
89720
76278
36496
56999
73395
76569
36634
41633
28407
97445
23030
55089
9406
33948
72422
92768
17740
4580
47339
53820
29914
80236
2359
20997
21278
40812
98224
89508
4057
92842
13924
52636
57404
45657
42660
85656
94456
27388
89470
71460
72449
6121
59099
56696
7390
22696
26033
32911
18031
87802
40550
93302
23035
51447
1250
39071
78325
12527
67151
15765
77707
49234
53648
53610
4171
53676
78811
38893
74162
91496
9780
3479
25459
29301
69640
39748
79872
25990
18083
34622
61815
24114
39694
28213
70028
66684
14760
23340
24271
4046
57728
41293
18426
52670
90732
35964
4794
90067
99881
7816
30839
29664
89648
92318
10305
82862
29137
76440
53977
72761
1231
2835
41273
63537
90936
92350
23873
64352
98431
80686
23391
92555
52407
88398
3450
61778
24334
36628
84251
5937
86723
82991
68665
9481
5766
59388
25280
98873
39115
38616
93852
97957
31083
95280
91432
55993
90135
74196
30765
84231
91161
68682
64569
52716
59209
35806
55358
99441
53832
65815
58308
19052
88125
2437
34477
33575
46218
88279
87522
74456
29386
92297
56383
94256
92521
88890
4503
58128
98656
8667
1541
82516
38251
60099
76241
19443
73513
58304
37212
34527
39119
5545
15240
59527
31082
40815
93670
42332
19631
18993
29469
63825
4832
66958
52084
26555
36638
44020
23580
18744
27270
13656
16509
26860
63945
2335
48924
95590
89003
93817
23781
97313
7800
11501
49723
97766
93982
92303
94073
20367
55819
82863
10276
89895
14148
57739
5839
63661
49950
30340
43050
19286
72125
74830
9288
11346
40967
77728
58092
50119
83236
34444
81904
46522
81941
96521
21521
63757
95213
12907
45146
90050
35952
99828
9195
46237
80455
18756
95781
54503
52445
52428
72021
89167
69754
77121
51355
67819
62393
11627
10999
44828
19655
41149
92335
22895
20923
66463
35518
30368
77389
74694
70684
57850
16116
87462
68518
34969
84703
40286
90122
7088
93327
65969
86226
43429
2256
70005
82890
31738
57683
61220
8303
35208
91529
33360
95191
56260
190
5012
61015
38947
59823
10277
91316
2458
80393
46823
53065
64157
29184
66108
43890
10089
57352
30135
79411
31742
7060
8399
60681
37092
61993
72239
15178
81614
64093
4106
82555
53468
71506
59915
70478
7162
66505
36523
16982
28294
36388
74524
8297
61039
72061
76482
28208
24473
72636
1506
66734
56893
2265
96530
1387
82188
96942
30895
63580
36468
11448
73582
9008
94556
61002
80042
6873
9961
7854
70396
34613
79043
58521
57289
18617
32178
56490
31413
19481
50466
76223
11349
38582
70021
211
7426
92804
40855
53720
67337
29399
58109
82477
4736
67562
75175
81436
2931
48427
42773
37971
22140
3910
49269
71868
3409
46060
19306
10747
94008
21120
99144
15716
19029
35583
55484
52983
5380
16841
28169
87641
70689
59024
15149
12464
89988
87292
57250
47642
7627
52920
94304
82027
46000
17501
56063
51073
44122
54712
69402
10245
63183
28827
72080
74081
65126
52029
90565
37080
9434
75086
13477
33287
41147
3484
4904
96438
47135
7067
31312
73498
40022
17652
32399
4554
39355
67309
27014
43452
86342
99153
18696
12444
55646
77467
78302
81448
18924
98852
78467
19083
61738
73255
35119
12852
84475
67406
7601
59154
22868
23803
88950
73966
14168
35284
13958
82469
11969
93547
29965
41761
2618
45801
23607
49875
13578
64215
44853
17391
40074
93129
88860
76835
69624
93767
62444
14133
76260
51097
58446
70457
38183
69647
55991
12172
6228
14410
13577
69935
70951
56267
51801
11971
39738
9237
38315
81598
41462
57057
77241
98312
52870
56191
38995
52565
83366
94499
96000
14558
23291
56499
4514
88094
90461
90732
84856
88038
40751
96012
72477
98781
77712
5888
69965
21656
13609
41546
4680
86418
23334
41198
49967
40840
83746
23801
49676
28820
35098
10127
62190
40259
39972
35312
10321
33333
64729
60518
11420
35473
18637
69229
66148
23586
69696
74399
25838
90674
57388
81915
76210
47234
67294
87313
48827
92099
60450
12109
39914
67156
11512
79646
46107
36600
70915
86530
35647
22963
17951
92816
49032
63009
88370
48417
59587
33139
86811
69307
34240
26119
86695
10204
34253
44450
10307
57695
21280
52333
94572
15790
65619
71530
36770
12965
71658
41041
17883
26975
25552
86923
23444
52927
99871
21226
91649
49532
81247
6563
46278
19082
453
61321
54558
48193
54589
4039
90520
16012
64131
33594
40194
74545
95082
49033
23806
14488
99743
36642
92785
78521
90888
42322
70074
8710
54406
42560
68640
29682
70106
39590
22180
4989
22436
30061
54261
26430
19078
76676
92450
42252
39399
57950
50378
75560
44851
75205
19471
27530
41024
36830
54889
13862
17355
67547
56183
39515
57249
60726
4913
73176
3098
11729
40729
95371
64063
44839
81103
49704
59468
18702
23203
34930
23729
91756
29894
6089
54290
74931
16185
74096
72270
87291
63399
17081
46813
69242
54639
21520
42867
4418
88953
42625
15777
39927
29289
31718
84634
93995
72881
15537
28019
18616
85473
53074
51396
23226
2138
40102
36875
93446
59329
93469
16
82763
45071
68166
23618
29252
5316
21881
39584
66838
58523
92896
5237
9612
48409
835
51994
91949
92927
74703
20415
45527
94144
25346
78277
4986
86764
97077
33698
30099
4778
12646
58599
48131
42596
27873
11326
64556
29660
83755
94381
33160
61373
66475
87896
55749
28556
26102
15683
82881
77405
34069
89012
43134
4130
51764
4823
58178
9726
94601
98427
78573
35704
64639
41050
52664
63563
13823
23478
81639
72666
38362
11262
71242
17377
18965
92368
6806
53382
12114
27224
79290
72335
32279
10263
92833
52909
88925
50815
76132
40405
27830
64346
49993
84240
38620
64363
6780
91944
40467
26636
9256
32355
6042
67030
25553
31500
24115
41791
78737
33228
88300
71390
88590
71352
72233
91530
24245
46980
27824
58304
87701
12085
59121
44739
82362
74036
45232
83966
6436
83807
52176
22917
80355
67609
77182
69562
76242
40898
61815
18411
62701
27041
60631
97432
41872
23069
48415
48434
94861
59243
85986
46335
87465
322
65324
80762
16532
71466
62800
75288
60036
43795
54796
72069
21325
60802
63899
9837
52351
10950
83735
19511
48315
18057
93128
22923
6931
41058
9006
90771
17117
57735
79623
42912
92884
70207
48093
89956
11340
57718
82351
31804
64848
16649
54778
43985
57689
24193
96996
92948
75597
18270
45573
44646
24305
54248
30163
23098
76428
18026
65672
42482
70938
10683
24562
17798
84682
48817
49015
29539
72437
38458
49890
13839
96763
26789
64079
74283
12668
44763
95566
26386
41935
97100
599
41534
96451
95363
32203
29290
50991
55195
89091
37489
96408
53739
98968
45397
90527
30076
31534
91164
3940
80060
9373
79253
2395
18475
96285
54104
3945
7411
81869
7436
99099
90933
76160
50530
82915
73789
5190
58142
50289
34231
81074
534
39210
22843
22253
50226
68295
73988
31222
14227
92012
46911
73747
83121
2627
58495
79449
53789
49652
3757
66965
13125
14756
49276
78773
38582
47016
43771
39573
84507
86340
51555
54441
54819
94436
76304
8356
13281
83573
5581
54595
45101
76673
48936
47642
24712
31206
23076
90968
80764
39858
55789
18105
9410
73341
29639
63944
957
85347
11743
77583
97956
62909
76963
69373
96413
50330
84397
71698
83013
3103
55386
86538
63980
55544
73849
94467
81693
86681
80031
11053
7803
17271
90520
93102
97510
59740
64792
36463
85149
6186
40559
24742
82846
4431
29338
28448
77225
64993
61014
38315
10722
15159
17872
6013
75893
26756
29624
40709
22452
68433
24308
81900
80764
39797
78545
92935
41110
42707
80532
15420
47961
81489
98350
4079
81996
78320
5614
62760
58505
43021
93648
27906
88670
33171
53299
28626
52973
78266
71689
71794
7539
93344
90535
50857
49541
3266
41852
63097
1782
10552
64255
76869
71253
69034
83169
91069
54995
14099
28705
72935
3747
96049
64478
73772
83674
26277
3751
77596
6294
36461
7630
81502
85563
78331
49788
2937
96728
95058
23646
29528
20681
55613
34972
81341
56149
77356
24970
20197
14455
63083
32344
66899
25754
52289
55332
97308
69661
16770
38127
10511
92630
8337
17453
16735
45522
70806
5366
44622
67483
89656
63897
68823
73875
45591
11313
44408
79677
66216
63375
59675
93371
7726
46646
14175
58641
15377
92806
87688
57576
86238
94961
43679
85359
50267
22409
55687
45340
14181
85370
93374
19121
46184
33140
76555
59481
41786
17440
41162
46225
40820
70067
39538
41379
60558
89761
82464
45646
57750
77257
66913
26146
50477
3247
48609
94759
81278
81959
65035
64125
41180
1580
34779
53661
27735
57520
39048
23839
40666
68718
21032
32245
97924
79675
13311
97396
78208
74715
90760
6579
12388
51952
63838
77036
92163
35693
95143
87040
71983
6601
25118
97943
69487
23375
1755
933
55384
53043
68673
1256
25867
62590
91109
62253
47435
97994
25878
47762
85145
22345
61100
37446
82734
39743
53425
80173
62292
19857
50375
71008
78017
86261
17781
12017
27089
48777
39634
72044
20479
63647
42604
63864
10816
80022
24276
41597
55101
20580
78442
22400
8715
91311
37793
53226
16392
36251
39567
10759
23027
87357
26100
12393
49129
45231
47620
87373
45368
45244
58706
10581
62433
63195
6970
13973
44623
95928
37739
57001
9743
26797
68880
60131
7563
12305
19738
48355
33478
35975
21388
36190
59318
42615
61922
54177
84665
81849
42238
54735
14582
63693
21712
14182
6674
10344
80706
21120
53867
49225
61757
31989
44276
35178
94588
15774
15117
90290
78475
51316
80382
18695
1211
83991
48272
4256
9733
28107
95528
87577
69560
26652
41697
95232
71617
72066
15268
63564
28566
87167
18727
69037
78783
33734
48576
34238
63425
83574
72676
10935
72968
44099
25601
65023
92369
26934
97300
69823
86545
6794
61575
63378
3333
64024
19659
82872
41496
89293
34190
52810
99242
68662
83128
80648
71043
83838
17896
7309
19988
76878
44870
47780
15525
61299
80997
99540
86913
59870
7319
96535
77755
12420
50220
66440
85563
24518
905
39483
6600
76043
2305
27686
79828
81960
97331
14781
52991
73378
80543
51068
59848
62507
59302
40893
85399
54088
95933
97673
88576
50355
53773
43723
92405
16956
93995
39744
88076
96330
11247
8139
67591
39968
4179
11333
4678
45498
14666
84049
97733
96342
73690
18894
93715
49488
61271
92613
11761
31942
78718
20162
23874
93562
76363
96736
3477
886
76471
51837
72908
46537
73649
61421
25001
61808
6616
63498
58612
21168
2482
24360
30091
85439
98444
59815
1447
12354
58095
85729
65990
71121
5403
27620
65626
75575
53891
85210
21934
48726
1060
23235
15344
89383
68611
22980
4992
74078
84290
67577
52755
80268
7231
89030
46340
88319
43178
14987
66808
39876
14976
65910
10764
909
43304
37138
71102
24621
71466
99164
23092
74111
27911
93847
94956
83623
4441
64534
56226
53840
14663
26838
96599
30197
99173
60686
53412
58747
33286
27999
18427
18363
3999
50341
60342
5662
25402
46416
97983
36097
19987
34060
74043
12503
97459
26075
82004
17102
11558
27013
81665
87721
78331
64486
22580
69485
40408
26566
81952
88184
151
76230
71620
36619
55617
98741
41049
86376
4869
12514
372
38358
91764
33676
11512
28993
54781
69077
8187
5919
22784
60534
43379
67374
77713
5868
10653
18040
81579
77264
53418
54200
41935
83332
72647
27351
97848
75976
35911
92783
47899
85549
4495
61233
22880
43713
6301
40897
42359
40457
65462
44351
1562
45133
67691
6241
97661
75212
96199
43035
30964
16049
4696
42017
40066
91133
78423
66723
12441
29892
76662
11191
37490
76884
29861
16373
31690
14159
43584
73691
13784
32633
7449
54897
52391
61133
74269
37703
62388
27339
26982
94586
35878
24332
15805
99221
80132
5110
7849
55636
96983
75210
85304
39204
15518
49563
8361
11143
55016
12377
40724
17267
93842
42315
95255
21786
79196
22044
52733
32644
72682
77548
74509
600
52820
6887
78765
29018
13994
70354
90224
93742
27624
76289
34115
85370
35762
96070
79632
90698
13164
86853
62701
26221
65209
4515
60357
6365
27790
26268
34272
51228
37553
31891
39729
58842
66419
7684
36860
69490
11848
39349
89058
20724
93151
54188
84138
21118
22530
50906
69902
66435
90892
3285
26015
93421
65057
15075
81078
17023
7087
20402
74296
79507
639
66564
82309
51683
93336
40072
97758
60451
49840
29988
22960
81131
96975
90702
9409
73970
23875
59674
47094
85205
92474
53358
67487
14776
8255
79761
25183
88035
79956
14049
97403
81998
32104
5796
93311
9015
84021
36631
33383
43472
9656
50242
43697
74710
46830
91308
36157
89403
19464
82986
6589
5029
2027
50323
50591
76336
4135
27952
24308
51310
65521
24463
37020
91919
46110
52630
42384
77499
15103
64308
4588
20572
77172
92947
60375
30297
79662
43178
98544
19517
39398
5935
4311
44279
48755
79018
36693
85434
18091
58564
10728
66116
60154
3518
70063
64571
65560
30782
17423
37971
8554
75588
88928
42317
38615
60764
24567
28730
90597
17644
91152
43869
55919
15084
16695
878
75558
52821
12052
87674
92162
99634
55153
72520
37218
47347
99112
4855
65223
32225
55086
29186
6890
73996
65943
7398
73909
99615
8740
71322
62501
67733
41776
19005
35130
17509
98930
99694
32696
72217
43247
29844
24893
63645
36032
55646
95
53714
23932
72389
62145
73954
32962
52429
29874
66573
89189
24330
47523
27714
11027
77248
52451
51914
46372
11106
27001
56287
6556
40764
71036
41242
57565
92333
81266
36649
4236
15403
28420
92863
82525
42538
15258
95077
48830
98808
67128
65294
66718
31807
49332
36585
91672
91886
76915
52911
55136
88145
19168
71804
9672
24764
47784
85531
2735
65575
41780
44890
99367
65267
44900
82717
46945
99755
90501
46734
47095
42949
70479
22610
93718
52232
29213
24150
62855
46088
2889
40968
73560
62444
74307
24930
41579
48497
46254
95554
27866
65191
50776
22517
45094
67353
77236
37297
19451
83050
2454
36802
83265
41147
63978
66876
77250
67433
99889
50767
48563
53459
39641
48537
30976
45593
67767
96821
21785
59392
89892
36849
12915
21970
18386
22205
45180
82082
71433
5023
52607
47437
86882
52964
82768
44956
20958
41105
45844
78502
51748
7191
95952
95026
20055
36581
29485
66330
41488
21655
13445
45420
6812
52749
53933
12426
54420
28758
42174
70481
67509
49419
86081
30326
17084
56920
90647
53836
27936
54165
71330
38755
83083
56435
54868
43818
46102
77969
94962
86325
39937
10478
73412
71449
53996
1401
44028
96916
94260
64677
58560
92843
12141
83224
72790
30123
34808
6018
81003
50544
28130
39083
69855
36228
27833
40389
28977
38463
27692
43169
90211
13516
98814
73373
32937
63597
41062
50683
44692
63733
67366
47757
86101
61907
46277
14092
7280
8014
6731
29671
22719
24620
86425
70968
35263
49293
47811
7507
93179
35060
16459
39513
15732
42277
46587
85577
74762
74601
64639
74709
52841
33583
10620
42546
57650
25102
33457
23561
90629
20197
81033
84138
41416
27683
70425
59329
37207
35458
55132
5249
49928
38893
34825
36412
70745
29507
91501
99092
6265
15444
9611
42828
41871
17224
91597
45592
81611
34015
61221
77747
99463
4115
2244
11152
33914
18713
65526
52840
45945
60583
84665
28177
66282
63471
81752
25903
69126
44713
57896
16484
61706
15152
75422
73732
14779
35362
40170
48196
44403
93867
66869
4016
42444
13371
40658
7611
15400
73843
73380
63793
58363
26688
76556
47177
20950
54942
66477
20086
66544
39677
22463
93821
35122
99681
38443
18528
31296
57123
44777
51193
24639
16565
36308
97474
17095
23011
16487
68305
84519
18837
97207
74178
52560
9361
96204
94316
44639
60189
39068
16597
56970
10338
65222
38497
73125
13452
55752
57990
79793
68078
20542
71707
75299
2818
94552
60751
8813
48878
3990
35925
53867
26082
24962
96029
39883
6334
95114
45182
21338
25713
45177
2864
49575
41788
91506
19862
2135
78196
35784
59576
74148
24134
74748
52879
50322
46069
2003
42777
86448
39232
95763
44236
32999
52511
15707
78823
63779
64843
90972
5924
52090
40189
95864
40970
29469
14670
62998
72831
29979
59870
84990
54299
46317
401
78775
98263
84737
30899
24154
41668
25606
47740
32531
17593
25904
7439
180
1956
65257
5692
59670
50593
75925
26054
61613
46024
704
78334
70854
67137
96390
40174
41504
84051
60094
58610
22916
78393
50020
71488
61794
4726
61217
7656
42153
45376
64634
43095
21059
85335
89522
20438
77355
94009
6109
23823
32364
59598
78530
67151
50583
2270
19883
30727
62784
54307
8012
45996
22934
58233
13934
59007
32605
49137
49591
25735
93194
31013
24696
95194
34586
66822
13939
3643
88911
31281
72614
76381
16200
49376
63928
83589
2524
17116
6111
55373
2163
77424
78476
10853
45985
65977
93844
16372
15168
39546
63515
75453
8649
48621
25663
77021
84590
44947
33502
23664
48471
32972
12614
2227
38647
71169
18327
42692
57866
41630
36246
60677
75853
64702
20497
80352
39226
15455
94378
14757
13535
55509
76706
8078
94234
8826
62595
58147
23411
59555
82121
59321
47990
52206
50830
90710
64267
40791
20594
32368
64724
14153
18724
78195
64130
47409
64207
9761
6708
53519
91395
26387
47726
1350
48606
83166
94130
30323
42807
45713
21565
84890
62343
11579
3392
23899
46165
17033
35226
51940
55037
84141
54350
57120
70076
14938
21222
44685
38970
24748
27332
77387
16660
24644
48449
18480
16772
15025
93988
20601
624
50346
55136
62491
43597
97464
47018
59576
26285
61009
32150
85708
85452
77951
27405
69351
40882
10079
4909
94997
45382
485
68253
91449
37872
55036
95979
11193
55017
20363
98565
47954
66530
72883
85680
77355
89005
82518
39272
65128
4843
82066
1012
18933
58291
90122
67525
74850
7292
54437
61995
48942
26759
70319
55700
39676
6700
638
12322
71139
71840
85680
29576
71713
34432
73840
15969
8495
12348
50199
43180
72399
21251
12463
4200
36737
89990
75378
95080
39126
38476
45393
68084
60188
78162
18416
94076
39128
67580
20303
13880
66226
9213
66660
76161
78218
81439
30980
36358
41000
49135
22400
63436
93713
97672
74060
86662
64054
38138
75675
15532
43910
29655
17158
74171
23299
2074
71147
55049
40018
36404
32274
68355
13740
32596
40011
67461
44210
34802
79635
50773
66973
10649
35158
48348
57523
14799
96942
31650
34038
18434
12137
36901
91030
47536
8361
71062
20391
70803
19620
35056
86861
56327
66796
44853
48691
68473
89193
97799
89596
58671
43010
40480
82544
79150
67355
43695
81464
74027
94297
33424
57221
9266
3808
34662
70347
86604
39581
80727
38571
2833
42848
64548
26317
39818
608
33635
94636
84065
58947
6684
72108
6247
90517
25724
22823
75362
4501
22073
44772
96657
90096
59555
29449
190
22341
36707
4007
57951
91719
30899
8788
60360
12993
69306
77751
18640
95027
62850
44187
94
92763
96951
22278
40817
57167
14206
76580
14281
73735
47791
16348
22069
68439
11953
22308
77082
69722
37489
71120
54364
98090
22014
13574
60780
64780
50788
85069
67503
77545
97476
11172
60198
71862
3948
38543
52991
74645
63768
6155
33272
81204
70084
78403
44811
42996
28428
63291
71322
42884
32227
26986
15256
17227
62925
21861
11250
99813
49369
86005
1048
49029
53502
92490
33388
24536
22992
86186
85190
25066
66527
47106
43073
4322
66349
74941
36198
82696
15690
98450
25523
23239
63950
49911
33255
21294
80722
5268
73548
53168
63083
4179
9922
97963
45251
65139
56804
80390
69622
43835
13977
28435
14503
11179
65562
17204
13693
6767
35643
4697
75709
44781
41527
18504
90597
20957
95228
16150
99329
30520
17424
80433
81966
66153
37471
72992
97001
29409
46114
610
47187
99079
76110
99955
66564
38219
47254
56525
77800
63899
75549
9131
25146
57807
44956
29449
32252
9247
81324
40551
94096
55349
36945
37836
59670
39389
60932
17224
20451
70905
95259
34897
16410
28112
85142
8335
66058
84102
41321
4211
30115
75591
79713
97474
95573
72541
81077
67055
71144
75746
31147
66182
62322
11215
8163
1062
664
73170
67972
87878
23780
48606
41953
85240
21343
75452
40808
5834
61644
55712
14407
25001
47745
63159
7867
16352
59458
59643
45462
65663
48124
841
69836
9527
71675
42346
58843
60801
4840
86221
48404
25118
88450
70934
26314
121
31767
13903
47190
88233
7744
67484
7492
6387
78167
92173
42910
83084
469
22253
95028
10043
28268
77560
97508
95517
24542
98889
26667
87810
89337
688
17736
89877
22863
48803
46057
40986
11158
73772
54485
46671
70072
44992
3317
69781
50168
45711
40639
3944
31554
8023
26561
7529
81197
14131
9671
80189
49329
84497
65993
94830
4255
73761
39539
63439
89441
34794
37522
42653
1102
19638
29688
33057
63626
64558
31501
31218
82296
95072
71218
94296
69917
8988
86579
94187
46867
16639
28168
77946
7686
27206
10375
66119
76526
61188
94122
3439
4778
39310
6105
84360
29397
10836
14388
15459
41032
58154
63872
88016
75916
11685
74091
20385
59770
31361
48668
16871
97841
33854
14044
64184
63282
17324
28923
211
60251
92891
31553
45274
13215
149
29682
85565
87423
95015
13373
14360
82535
88922
47489
18482
16455
74592
53693
93926
4812
330
54866
65663
54331
96631
74582
96989
82857
56038
60440
3924
18970
66028
3692
21555
86324
12705
13330
77794
27423
99893
19399
61604
87291
90080
44231
23932
79390
82647
74140
39308
46601
16539
10056
18681
30309
86763
50380
83370
80575
87385
39507
17840
47102
48250
13278
65343
92029
46295
49740
21369
98249
92673
36069
25740
13464
56225
91715
36594
44420
67950
7294
48183
68995
18647
18386
66200
81444
67712
16720
80934
29256
37161
14814
7497
5083
47466
42027
31425
60718
72059
12691
43464
19250
55887
69579
25460
72466
36385
87146
49688
28845
44807
67221
37482
15791
61091
78373
16319
84108
59257
44854
91251
98552
71674
63215
2405
77318
95582
97673
63006
49914
42385
59997
43058
88845
94436
53167
23903
2813
92036
41553
31634
14670
7112
63445
60234
34433
81571
52723
98196
48912
94138
95827
92437
92707
81680
75896
37254
62066
29564
3530
98457
7831
81916
82077
46138
65838
93635
54883
47537
67309
73230
60715
47972
43962
83252
38708
76410
16558
67387
42130
75738
16260
33096
41499
96145
82557
15086
25807
55410
499
35528
76194
21591
4664
48321
45544
13350
87306
75760
69019
18608
11605
63458
74476
79987
24294
35663
94692
52670
30024
78799
55797
46293
53725
78245
67170
72682
35225
53081
90855
80011
68510
92036
62119
17404
57104
70052
49712
65177
24629
7600
10989
61213
62443
55205
96520
52929
20677
52510
67673
91324
33315
36642
16752
31560
33550
79447
83163
40805
74541
71509
5524
183
76870
25494
76778
56875
42612
70217
41643
39447
74210
22853
39243
4607
38209
47067
81587
79187
55692
356
26729
73717
79541
85209
12951
35257
62923
88066
56379
54566
86315
41894
88395
6617
68736
82977
39202
69000
54073
2036
15179
53796
6469
77301
68073
76471
66477
53319
29505
41869
96110
18021
85382
80016
35505
35736
86942
13131
28969
87369
28789
3888
5289
68655
28894
74965
87135
47977
90849
25528
27857
19464
48390
82212
47634
55300
42045
28012
61025
35055
3015
76979
82303
58854
39588
57998
75915
15971
67546
24194
43675
21264
23198
15975
48825
49622
84547
51438
78168
40883
42556
31167
81457
59402
59599
85594
36158
23508
64825
81727
25970
45653
27000
81546
78740
84874
84568
33654
76310
53181
56445
43362
5430
97787
57962
1264
44848
23677
4749
15146
62301
15202
24071
22720
86157
42718
85467
23692
95581
35947
24241
9111
1140
44990
99624
85748
63488
29461
72438
72682
93704
63244
11517
8143
62381
58222
41421
18447
93954
7113
61263
62764
90437
83802
27061
77471
20345
54152
92124
4701
49313
20876
88091
34806
99963
13518
70411
81814
73399
13803
85170
142
17011
71282
97645
6605
37684
90158
80954
63911
72931
66173
10912
37240
19009
28320
67067
46850
39625
90091
46727
50833
35521
764
47113
17856
41435
488
95637
20693
24782
58929
81055
69127
70604
7572
83329
19520
9408
35102
69862
51325
41639
14783
28497
24114
4456
20342
40813
62858
43920
50636
16401
81420
62030
79614
12367
8474
38120
22993
9722
98195
36920
59050
70962
73112
53063
14869
92206
36492
86917
9219
19684
97396
38466
11985
20983
46590
14827
7523
51518
6270
79620
19663
13133
81170
28638
94198
23298
36615
31062
99149
43119
56086
12842
44826
2687
72742
79992
187
31174
38837
5429
4159
8713
79537
13735
86456
46503
44576
26176
98888
27683
12991
53175
70936
18895
53256
42277
83592
30326
37708
62488
46560
19718
92768
59415
9829
60633
66293
78387
65288
57087
78463
53542
44408
39465
34295
53580
93432
65556
81404
90810
93066
46351
93140
47039
42091
51051
55664
28501
57208
4479
95725
95428
18702
71829
70679
31988
28816
4405
58216
3308
63393
52747
54318
49740
32273
28695
11339
88931
98708
46097
56534
2894
60430
98903
2750
14350
23979
79061
89679
5029
46539
36016
7053
54764
86458
12655
15037
47284
35422
55430
89603
53271
67305
76064
68486
35514
61967
57320
19152
45922
11409
33524
9458
3215
82616
24847
13732
10553
97757
30530
71625
35238
4452
11038
10769
98854
26762
46472
13080
8267
11795
57089
13900
93480
81990
18513
79851
86660
70389
52880
22507
81403
60179
58193
47828
15890
78666
26507
20104
34581
70981
64900
91330
25486
57384
11677
74300
12580
54496
3604
51818
28078
52116
17466
1828
94130
68570
34866
2818
88351
60775
31906
19071
94467
87326
58778
48544
40586
74090
82526
5998
39668
77799
34609
68318
36977
70490
10624
76306
63675
28800
42024
72633
35120
88996
91013
93457
74667
61834
67768
23725
79326
59273
42131
65905
37550
33558
43172
34010
58443
38299
7677
70075
24811
45446
34012
12962
41442
47453
20060
81433
13183
37232
46710
33576
75334
93767
24597
44887
99589
66458
92629
9489
25270
13568
79063
17797
21776
24318
63332
88646
62698
30369
97019
9810
92077
26727
1177
50768
89493
28792
55044
77682
74724
68786
57268
19322
61027
88706
11647
38425
94678
95790
41023
99347
32378
73486
4289
51966
5533
64956
78605
48680
84762
33313
49069
13144
84560
76782
38268
20813
75614
8460
33069
71076
93310
83019
60597
9781
87963
2327
59734
20092
14768
91241
77097
92597
51742
13658
21798
49888
24457
2898
34899
68677
77712
11134
6023
42705
59367
36095
23162
830
64883
79775
69835
77520
22017
51679
99245
98236
11587
32844
98959
53443
33832
98705
68839
1212
74871
70853
70490
1968
24776
15012
14090
57567
80767
87100
72988
43744
72069
52126
33989
41029
63493
1524
14962
88317
3744
10898
39152
80723
75150
7525
54718
31539
50130
43816
14253
29261
40152
57973
94832
20274
54413
63864
46438
9659
71995
63039
72514
62890
98080
9070
85043
75528
73034
77040
80149
34765
81649
71431
73203
64125
17105
1156
61270
5232
33794
96946
27791
55562
43029
76365
11581
86697
53678
77264
98908
90686
87545
25260
59882
5074
14538
98132
26551
91561
33845
18869
60104
38980
16550
4868
520
80096
42975
61103
88748
20540
36652
53397
47105
88441
75363
51953
5589
80250
91133
47665
57310
98698
78156
77030
73707
86812
17241
59444
52037
59950
86715
59113
76737
32999
49365
6123
74277
48511
94732
82665
61908
55998
46371
5203
20184
41948
35798
89830
90859
70600
82704
3903
31522
30948
97609
21201
63639
58477
36447
978
22385
5113
92847
65487
34354
49625
3216
13664
57949
64990
86541
70903
8673
34488
19197
8017
25383
86073
18369
50767
13268
23448
33945
86430
58299
62097
13987
3986
6211
75753
305
68978
81135
23760
35685
15628
16
43199
30572
55081
84676
19713
34229
99931
65832
85998
71469
92435
57378
32882
6712
29840
55012
8621
38509
80433
76221
22739
52878
27116
77666
89139
78915
64567
948
4757
15602
29955
21934
34941
67357
54152
76014
58540
36665
62459
51005
68517
37158
3101
47901
13005
77327
73325
29774
50828
79648
15966
14588
60336
43263
2915
33161
46160
16265
11878
4947
50510
75498
60888
96929
6454
48439
59490
92719
59075
36396
443
55284
54305
64061
98610
14028
89933
77627
48651
28679
99480
55206
93255
54445
16810
99113
61403
42956
932
18903
54115
55711
99518
4799
75215
23101
32270
30094
36571
66940
63498
10178
5853
36736
10789
10599
62840
28675
97365
96688
18029
75202
59414
40243
60561
52610
52071
87329
82073
382
98065
52608
35729
99022
50440
56135
92813
48725
58666
41142
30391
13607
28229
26192
39047
1877
61301
13974
42481
51351
63435
7009
83383
96276
57033
36667
48031
88785
87977
60314
97824
39636
98526
79450
28886
58899
52754
89462
16629
93790
76238
55523
26105
55942
63064
47497
99004
53417
91383
60831
48833
46523
41618
70050
67662
36945
54
64273
37751
61197
12694
62312
21684
5218
65357
33656
78740
56579
82559
98047
6443
16812
36861
30025
62055
99340
54439
49346
62112
25966
67628
11030
98382
80482
63117
43592
98261
72973
89024
85963
42619
50602
72785
33088
11098
67675
22178
25293
78544
44304
19570
92726
5523
36050
44284
61563
75363
17485
27222
53806
89176
89912
69402
89327
72346
52994
77698
87462
81552
50651
73388
27196
66704
85660
58397
99830
73236
89108
38850
11694
76142
15888
41969
53552
80242
46949
27470
58671
99922
86845
39690
58113
15431
25020
16741
66654
43946
11215
32340
20144
43043
93744
42974
42199
61849
78551
10784
2876
91528
16736
22609
14928
14065
46549
6079
37824
30827
77625
36632
85367
78711
17041
20805
63984
79857
94894
58288
56470
77474
63803
25767
6459
91347
66559
45785
61841
14812
23600
55613
56840
42266
64597
5554
59845
84671
93173
7424
57403
29538
40577
34589
1000
30392
64187
36908
2543
84667
25762
10144
86253
78726
40827
44191
48954
51555
75230
59457
86366
26875
69913
7672
31086
81485
19525
35721
70754
13210
25731
32280
59572
95388
71506
98242
70582
79287
38225
51651
58320
10440
2475
85561
406
46170
24932
60352
41186
34999
72286
54427
25203
64251
73384
3252
63713
9348
676
97211
55963
63494
17236
70475
13663
83708
82592
82666
42166
6937
44166
17231
56169
96028
19774
6365
18180
13729
10057
99310
57414
45716
15798
78059
1762
62592
39056
2039
45845
82790
63464
1196
87428
84073
48506
84093
33937
75782
990
91546
90937
48801
66382
38738
49134
39515
48879
27251
94092
72288
96830
78221
40666
27068
68280
14132
85184
18638
24613
51268
74015
74836
89730
56927
82736
26054
87818
90258
88093
50623
72737
12118
97654
98069
72349
6289
49106
49482
92049
54365
66051
66459
33751
49345
41683
6709
13689
46939
5312
56104
1532
35743
3666
84084
36809
95385
63957
70624
70905
16174
64056
56809
86461
74689
12032
52727
41191
32977
9385
48140
23545
27711
36795
73845
44104
86222
5285
18179
48780
47907
45560
25875
13831
90124
88994
3433
91055
42109
4358
93628
3002
99061
2261
50122
76965
23839
99531
4332
9793
91412
19208
75717
31130
16094
28585
6740
65957
85656
60450
53544
25254
37905
33467
49619
7068
13423
89316
42743
47561
6192
51990
58078
44897
78475
69864
65830
15918
99733
73099
37336
31133
27168
48290
81305
60330
90334
52961
78074
77891
80163
4992
58090
84507
19240
60092
10284
5869
45772
14604
25219
92459
85749
57499
39945
73858
64340
67750
20287
17004
63815
41011
82687
64657
83383
36044
29421
97594
43618
22935
93580
37813
35411
46771
74285
92222
48749
31697
73441
30896
31047
68364
5008
45992
26033
11495
85667
75729
30068
30402
16379
77234
24
74264
71300
95216
20511
81753
11268
48673
6478
60126
73614
21967
23532
53966
27795
63684
2595
64716
20920
60568
9060
11451
58530
75477
73895
2511
2926
28259
36111
40337
27325
81781
45932
22767
38028
84046
65466
95773
37122
45201
8903
13516
32003
31749
12242
94597
28194
41761
25551
31267
64339
17753
26311
45226
29726
67141
68540
70055
95727
35722
5642
17158
67978
63208
13864
83786
74555
99264
52142
51693
35308
46495
4369
40436
53744
29643
906
37933
95357
81960
75764
64296
21879
52168
90772
60943
50918
86093
30515
41763
3817
67356
18087
26837
44484
40576
43824
37438
3861
11096
29694
66812
81349
80254
22767
79049
64314
77557
35926
10553
18792
71918
72247
80560
40359
45847
32655
92125
15712
11521
36049
18487
51810
48972
3851
59955
42385
45649
95463
16191
83486
17580
23821
50878
15473
18724
36198
35905
77698
89816
73083
47006
40776
41607
32188
10415
66089
47036
74620
4233
43856
9077
55034
76183
68060
76622
73243
15699
89301
12623
4562
41409
95769
16750
18657
95720
24885
89986
39193
64974
54287
68422
22974
76879
56064
42566
16646
98265
26431
79978
55136
98022
67320
80380
43537
79255
47836
96022
62937
22122
10770
54957
13140
14040
5259
9300
75293
87854
67219
75663
19789
27173
88419
54869
70433
61184
19060
50560
96889
60770
9198
97589
14109
70313
55518
64170
98074
16363
18950
7801
34890
92971
26094
89376
15026
32088
15672
561
52677
27395
36753
27389
99749
8666
3908
47864
50025
45030
18504
69961
78170
11933
71002
77329
15320
88453
63621
81877
97114
76614
35325
54857
74547
91851
68140
63323
87631
18837
43076
61882
32444
35355
40979
51457
81990
19649
32052
53955
40795
8660
92321
12500
96973
15136
76134
43602
29237
87598
20018
36719
57173
31870
40327
82716
23254
61884
45040
62291
59312
75970
77938
46049
46120
34538
72763
65070
30675
51918
61143
2186
86265
71262
8098
59510
73813
2045
48056
15117
36281
16281
391
22637
90606
79557
56134
229
99289
48245
60447
38844
30232
94613
23143
91035
57196
18821
3567
51577
44049
49621
68467
28130
33705
58553
36559
51363
4919
34826
16818
82548
8710
53849
79306
17570
10698
53232
44767
15160
80126
86183
57436
86921
59628
95040
24647
30621
43692
97920
61554
38262
43588
89738
94858
87358
80397
88537
72429
91214
62294
633
80985
89149
62018
25251
15583
90339
58572
48372
95158
84585
7915
80040
2731
70544
6576
22424
61750
76986
53836
75822
59689
89464
72239
43040
14337
3697
57419
71985
31935
75948
65367
51296
30896
45435
66703
40522
80584
40932
22681
12131
29038
40172
92674
588
14705
34274
6343
54897
77176
22758
78576
43075
26966
40500
41686
8301
79004
97873
2181
14741
48649
94257
91837
58929
86429
97762
49682
29730
73131
3448
244
1170
87596
95574
36809
6054
46160
64310
49301
16704
35952
71637
78972
851
58815
26782
5054
47107
95487
18225
21313
85689
93135
64496
96589
12961
30690
59910
3248
86272
59083
82452
51266
52501
33172
28698
55458
12298
12783
82270
93535
40151
24099
82811
99604
13331
64968
57513
29579
24632
42061
68165
54882
17362
94710
8862
51562
71460
72676
67739
83659
54680
48493
51980
90726
53216
31722
13387
87347
72205
88943
75151
30953
61579
74229
94893
53212
62935
42163
49994
62016
49118
50028
84770
67435
72212
1473
18286
77337
1038
42343
98742
35529
77724
28243
89843
95365
28902
86802
7743
1471
20578
36598
23388
72630
18959
65546
51069
54872
13746
24198
39317
43073
970
58462
48698
56738
28946
42452
822
28381
36466
59919
45482
89485
73570
36035
89054
77570
41629
85135
75497
25097
95550
85190
63194
18475
50809
1701
49057
31180
94136
75044
36093
79987
80688
69704
77955
38378
98048
95316
22631
88251
99942
43295
2987
83738
17502
37025
4545
93986
26743
44647
65918
71383
58196
89926
48893
46123
43900
93868
43212
77084
58654
92017
90391
19066
75332
58093
2032
97126
55475
37956
65176
16566
36285
85884
30157
91638
22883
76399
62543
68392
71946
