71341
38767
14097
60131
83532
12066
17127
10913
90954
42576
87495
45877
34018
33805
29569
4134
56744
90678
97766
84060
28454
71331
55987
28731
79282
32473
17470
37326
43657
95900
74716
448
80202
69825
20748
24643
47505
94881
20772
40339
81198
58857
46582
27156
40577
34191
66110
38744
55253
32703
9739
7934
46806
95251
96135
96564
60400
77441
14725
29469
75782
85614
24582
32077
51883
30976
89640
46641
28736
64433
38956
11467
9259
73856
34274
67931
93520
34946
11091
89274
65391
1686
45547
43648
32057
91989
3041
63141
58608
98344
36580
34692
42043
45076
54339
2140
68354
7856
30329
69840
50380
50871
35764
62382
35859
95321
30721
8557
84801
32236
99509
72175
19177
98144
43546
18342
65284
4623
99060
23219
90726
86643
12111
66217
50844
466
76999
45008
69061
92373
52531
37126
44714
76886
56335
91776
84443
96151
30725
93134
59880
29936
33272
31260
38680
17888
72268
14740
3050
58565
64821
9281
54534
41286
14714
84143
89982
80877
15462
30766
26854
76210
80235
48470
47981
49875
69331
1860
41879
96032
24900
87874
8633
82290
48399
71908
89457
59580
12086
11503
17823
94713
35383
87700
64803
25509
35610
88506
33524
54280
80915
24794
25402
87757
5235
37412
10826
20592
22994
46750
88859
32630
46577
20781
47241
95127
2031
67020
73670
59190
41546
49529
2872
7313
77136
25615
18867
60851
46849
73742
92339
7431
62082
77431
59765
96040
36385
60755
11411
19315
69216
57076
98043
89982
91712
819
98284
34370
22956
60183
37420
82515
77758
45911
74664
97520
34418
45207
55560
21590
57285
33551
19278
5871
30665
94346
25868
90792
57448
55881
69663
60384
64722
55591
43659
51035
22790
60280
81940
7575
31001
26122
46679
44598
41573
64654
56099
62490
13489
50576
10999
99088
39801
74337
27193
97858
88442
36982
47600
45872
44188
11273
31487
22361
93084
50909
66271
89139
45717
60288
54456
58426
91019
62953
30267
52613
42228
87872
24542
3956
17986
56477
16789
37638
37041
31880
27017
32999
65162
25727
25528
75174
24658
73847
70474
14820
94674
83866
79819
50984
54371
1263
72169
77648
64661
39831
58732
59298
70429
11058
24332
37729
36185
56962
76820
69147
69217
45640
44082
21023
58092
67499
57815
55532
18844
98423
24977
20740
17447
72129
80994
11199
80835
47465
55645
30652
31341
41816
86493
9042
27253
18697
93154
69861
48938
28580
72041
53909
22302
67109
90982
43632
73301
55227
31809
25767
81264
21421
19978
56349
79440
40151
73850
20284
45993
40146
95720
1602
41573
41201
68260
90745
61489
85831
36531
28453
20232
91719
43816
22102
21946
13219
65851
2717
23065
91766
6089
1786
77632
91165
26216
26708
64673
14655
58373
38658
1353
90190
90460
3271
21265
27686
51283
85211
26436
61874
99828
58339
12200
39214
54309
35843
18603
51910
58117
23530
25003
18397
93989
86059
31778
6059
51264
96844
47117
3582
68889
47703
36631
10305
44176
19662
26630
17850
43776
53915
77858
60236
72024
56965
29917
4861
58164
68319
43908
49106
46967
10587
77473
67767
6759
58556
70153
27611
2469
24041
2793
58807
78312
65149
76680
10351
11797
65371
31800
58065
10109
34878
9631
83035
68755
38543
39709
68377
85800
39952
12857
80556
5413
72981
204
56006
63620
78418
89417
13905
81836
60399
78856
22319
99399
70169
97006
81276
38017
61362
50715
19280
5695
85576
61359
49729
32666
6691
19129
82022
5303
51512
26174
6966
17188
57147
34851
13742
77809
85329
68791
49937
3720
27235
50815
21578
21034
14575
95935
76781
78280
91000
91714
5371
24187
45533
16519
77188
43840
4423
98696
33671
10387
92508
54951
30357
95463
61617
94424
58196
76800
77021
91013
45567
42573
79880
56866
99275
72325
94658
14286
98052
94397
10864
82882
51477
2595
62305
19737
67463
378
74494
15164
98849
21554
79232
92777
11821
65347
26524
90879
53211
98534
86489
91721
12095
87152
27971
83876
43222
7276
11031
31823
12710
50260
38046
73486
37795
51308
57271
70139
24973
7163
62509
7498
61911
80614
2664
4599
21443
17387
90623
58766
61320
38167
18987
31894
26582
43012
76950
32379
48752
66323
19922
78518
23992
33121
94119
28188
75112
78505
1988
33824
1532
51127
63095
9925
60782
23812
55095
44964
35161
22963
53886
91607
49151
21766
39669
16960
5606
74174
28839
64024
97597
42093
39767
53400
74140
89434
56398
64637
5801
55824
1644
28636
54423
2947
27072
34850
98953
15616
32018
3814
10965
2448
7614
43534
17571
28649
19131
6267
85012
58481
33145
80882
40352
71088
202
76455
1815
4496
69655
10888
76553
9236
40019
51971
28546
54290
77100
71093
15629
28398
16509
25424
44729
40789
73889
37993
39897
75251
47843
32731
58148
16721
49873
70843
71517
64174
60814
97177
46286
29369
12294
62799
44813
22248
62364
73321
57281
81497
672
4690
6781
97250
84156
51127
76458
39510
74189
14649
17284
31287
90223
67573
52795
4499
62673
13800
81081
12061
92424
70753
56579
18888
90272
43015
73305
9602
39916
57283
81751
61163
20766
5964
69758
73520
26963
53421
37805
97896
43814
12309
82440
97451
9508
7803
19419
79754
69503
57708
80440
80527
75292
39955
82012
16946
36424
23459
70831
56116
54087
34948
25290
46748
41965
4567
82451
51596
97797
79400
2820
81535
57230
57327
33099
97153
48614
43395
87050
14795
7071
6364
68381
13337
27150
1027
49435
67338
52002
85880
26838
60628
27697
36576
88189
46145
21390
81737
24257
45354
4631
47195
47285
85454
17483
24508
97454
48046
28953
32736
50602
49385
54675
40588
91533
24911
15457
77157
23750
8356
24690
78618
74000
6708
43182
74539
8340
76621
39015
83220
46060
70557
61805
90105
91138
53801
89216
32432
49495
80295
9024
37638
93120
57528
68065
18415
61227
33381
48539
55822
36895
42005
32221
76828
24449
76841
60673
71193
80531
4373
85243
82124
247
93275
89195
921
69617
8580
42930
80446
85226
18270
93665
1225
68401
6253
29164
94234
13884
34351
52830
37488
49164
68721
44486
91763
88750
58791
68335
51486
57982
28748
2574
98919
1510
18838
84756
23916
52901
34932
32163
71035
50667
43592
50238
3614
5951
6075
42169
15041
60515
16929
76175
97249
66416
31306
27602
63379
32027
58946
52700
66030
92409
83782
93604
67575
49567
63171
95917
48935
10817
77357
27193
53723
30748
66872
61019
42231
9040
91831
10922
51991
47045
82095
62769
54036
18542
58967
93635
20240
47435
13518
17612
11614
27400
84408
97570
9808
99011
30070
82586
67615
77003
6946
65304
90833
40932
86468
49822
55338
73191
95188
29957
43665
38341
7117
70506
58429
12076
67721
19583
57341
34083
17406
86690
31233
10191
73621
53355
57352
5560
5444
7935
17222
72582
17799
59458
77490
94181
21343
10217
57610
48711
92806
22221
58275
62120
12302
25372
35216
94989
11862
81193
12046
6758
89288
92772
97099
74994
14322
94564
64081
4962
6559
40928
33810
33078
43505
72605
65233
39843
27165
91650
47851
41910
898
77895
98400
41970
39207
36492
77250
44693
28273
54150
76185
79289
34239
79796
53040
28374
63874
16591
66175
51940
82843
37568
29462
74718
70099
1324
9059
41411
22993
3498
97953
58454
78140
85174
77501
92134
31181
29982
28645
68231
9775
95513
57200
61471
77174
77207
43652
4285
13465
8466
64840
6275
88046
79172
76966
63972
52737
55924
81596
79016
35792
60680
46688
1773
5798
96734
20718
66824
9010
96277
84687
58377
58755
12646
22631
45981
12067
70448
17307
24940
90060
5745
26238
64450
69355
27728
51287
13899
26960
68119
63536
41751
2703
30847
58397
31838
10806
6403
88390
5885
67147
68854
17555
31102
35234
75921
11892
10742
34552
42085
32266
76615
41391
26414
18453
87494
78822
1800
47643
96311
58259
97051
17554
39060
9376
6770
68266
62637
18880
61514
72922
16745
28556
85606
64037
66122
83327
69855
16905
43983
77738
43608
71236
60467
34484
9615
49315
39794
1746
71407
3560
13452
4479
10051
69303
7618
67832
78438
45341
67198
44919
48982
34718
70959
54729
16198
75545
79761
90510
22610
75322
31915
13165
88814
42685
25586
17105
71959
57593
60587
91013
22507
83057
23854
14631
12692
24722
69990
48619
32223
56585
23188
879
20843
96997
69747
16214
51965
30116
68183
52324
72049
52733
56527
22261
92330
56009
93417
47450
15722
90606
77236
67441
38558
97513
72993
89599
86289
43480
1347
3437
82465
81378
67957
91869
24334
10500
38587
67367
30958
72120
32000
57300
61085
86499
37758
96470
64306
32508
11581
99330
89229
82356
51186
27979
6413
54087
45417
81148
92926
97789
86334
5586
13775
30844
74020
58644
73313
95310
29160
28784
74588
97611
5840
77331
53244
53187
51197
62596
33896
10346
53776
4797
48163
52672
16649
99783
19163
8092
41802
52818
20639
89236
14810
82766
4814
62892
84933
61160
5994
68920
46593
10436
10380
34672
51051
25428
59281
61135
8400
18578
77969
48840
45320
72256
67184
90534
19260
38617
3310
95773
39112
79123
45177
49106
65851
2292
97378
22212
89852
10414
84013
16822
49447
9785
88066
2107
87957
4459
20480
52156
61786
58006
13201
77672
85703
89182
74489
91097
45583
73141
26536
99967
79463
53813
66511
64011
85351
95834
63311
90458
91181
86618
63340
67580
46081
14113
33
46784
40306
74221
66542
62974
6751
76131
58796
80032
82322
36812
98304
27854
3527
91631
48046
14388
7499
40204
60037
35955
15392
71154
47544
79617
9020
91198
86413
94077
94576
79730
44174
75667
53862
40301
13789
75656
41060
79084
95301
51491
77454
5789
87275
9304
60904
90939
98564
59058
69176
79627
39007
33117
17226
65266
14627
68269
31533
5265
49875
17358
80795
99038
91086
17449
25302
28576
7156
15215
19565
90950
46881
78341
22878
70949
77374
41836
83957
37069
84653
76108
93651
56422
46114
26013
29674
48108
82066
13746
228
8932
73411
71234
3780
93530
44610
60628
23492
50681
66004
97830
19037
82278
25092
57082
29509
87193
83643
89694
68627
87992
8238
60375
52926
57522
54417
47081
39363
2229
9994
9060
57509
27245
46080
53135
70095
45594
21201
72138
72021
396
26563
64611
47385
78206
75986
51607
48329
93548
85640
75746
35301
40658
75851
70373
86366
52098
19441
68339
858
87585
12238
95608
65620
6143
24686
17478
11873
38002
59102
59710
36685
28430
2660
64087
62980
88035
61679
5998
9964
69138
72296
30283
87376
60365
74024
41355
21207
85931
53188
88015
84979
96804
3588
75361
84086
91119
89521
24478
64733
34102
95404
96548
45297
31762
10363
67417
20131
83593
74174
62325
28276
17472
31424
29678
64119
85278
34409
76862
92526
59360
65680
66067
48080
81106
21294
91410
2189
43472
55918
62281
36712
14746
85504
7984
77859
33965
45516
37979
93849
46212
32708
35935
13540
35338
96755
34014
22751
44122
79505
27889
39077
38197
64888
86897
7512
64799
15473
42593
66430
39127
24936
91836
20710
72273
47038
2199
36232
81970
55996
11666
63467
95207
35365
10208
82336
57187
8805
29040
2251
98067
60006
50552
67777
15519
87713
54621
72621
97727
62801
35650
77485
3159
71619
66986
26874
95825
75145
48459
22533
86646
19694
753
22716
56040
23141
56108
26091
53311
64090
19928
28960
66878
90986
65831
94055
69937
23950
46349
34772
47237
49105
16743
98495
81604
76163
24456
80520
44524
16807
46594
9596
94283
98983
26702
70673
55258
98279
22136
29163
54450
96407
78409
38497
10063
43233
32402
32601
13120
73187
34483
43728
93511
11735
76997
32854
28851
5229
18250
72694
48472
83802
45871
38419
65416
66313
72762
7149
40656
73296
63542
9091
93713
95518
72536
41363
55802
51665
72494
98589
62719
90916
32451
93989
48055
96101
53745
31575
15959
5348
22051
72485
46663
88263
55110
74956
90206
26426
83756
29077
11872
41572
11132
73687
44112
92502
37241
19321
74194
27932
76237
91989
55490
36757
91218
11961
26507
73888
73086
19207
5509
30124
59688
28475
16238
6162
85851
57421
58339
40510
87542
13100
41596
93095
12029
20427
89762
96960
25632
98168
78157
75655
42693
26951
5950
28251
88404
24141
26357
77323
2624
31080
31024
26698
21837
15580
77025
25022
17570
8600
30891
96023
78125
66455
74521
86365
40845
47011
7163
70082
82848
4116
84990
7958
83017
93333
83206
29465
84541
38728
42634
60524
12811
89248
41036
92481
8902
1835
34580
35920
65136
16659
19529
98603
87748
80410
555
32745
70240
75299
32975
65919
37133
61968
23832
33037
25709
45061
35215
12468
2752
59179
41342
91365
17651
53265
16910
72917
27430
95181
47579
64428
51959
82848
49457
24093
20624
51992
89414
18736
59050
68175
41876
88379
44285
42320
36496
13103
53189
89818
18636
86319
61106
31325
65189
39611
3884
60609
69770
13162
96353
95717
53834
74774
32557
55941
46040
7121
75653
91926
13950
91638
67104
92491
58075
54810
258
17849
56891
52994
38566
21911
86801
814
46631
65823
86387
62866
8715
60178
29426
34437
74061
75128
82293
31186
24581
97093
39761
28172
14422
84503
87687
99487
87604
60475
27866
6113
7152
86863
67467
98632
46434
21890
36115
97621
19986
67128
71612
19597
67778
98954
77820
46057
93404
26986
96623
32451
86483
67908
92977
68017
83608
15423
89205
28974
57148
29795
62308
21555
7357
4053
3445
65157
19407
82974
94213
54408
51112
17674
10388
65522
62599
21867
58108
51322
17538
82590
19118
87310
73835
47045
46891
58756
35487
2515
35323
44809
81419
20455
20814
245
54715
45808
12045
89375
43136
55183
31964
45548
81756
19513
92110
7875
70989
55643
30149
54492
7477
59320
39012
63063
41282
53678
90323
71402
82718
96311
73839
47186
40405
21163
32171
47305
86558
50019
46919
30104
98953
48984
19115
10276
69923
91178
75424
63173
84233
73149
81515
27028
23046
94653
1127
5826
37610
15842
63166
32773
85834
63374
23171
61517
41998
26996
7407
39285
32764
72211
84887
76502
60414
5695
34598
68245
79441
5633
60956
3676
27213
92660
54083
44101
19212
94448
77033
72371
66585
80229
50815
29883
60535
41373
2637
46272
36875
53956
22799
98045
42023
67107
74096
87930
77459
45639
38722
13601
47674
16161
52631
23691
43438
6694
9792
62132
28633
48663
36671
95245
86178
66875
95050
23504
64856
27847
24095
18605
1886
33888
11070
9283
97971
4760
57320
21675
22717
66708
18
21870
53073
56046
56934
63767
86785
45750
42806
99299
3106
16051
15069
95957
11929
12456
79540
20294
89794
87889
70446
79866
48253
49804
57329
493
97813
26581
10322
63276
56238
35146
51275
33472
40747
95373
72635
85540
41657
55272
32730
58968
26779
70634
15991
80495
73170
11311
99089
52227
64393
31999
75758
75241
98267
88045
52251
45310
57281
84991
18881
77408
86972
94029
47392
68281
82459
2434
31051
39062
98922
7520
78815
72439
4599
4576
41505
48319
71490
28726
87155
29034
80640
10963
53875
85982
23276
30853
82705
27290
29035
43097
41962
57612
38202
16801
88902
16831
10998
80496
63242
29841
98632
26657
87802
15426
69707
25528
94959
36520
44891
59104
25233
52672
49180
13620
46897
59551
13700
47545
97862
82918
59974
72456
93410
16692
55004
74730
80015
29845
56272
23644
52332
80248
57447
48753
30174
96703
20779
57559
7989
75567
83251
9233
77788
1031
23889
34468
56732
84910
44919
9742
10862
261
65767
10864
77083
59611
68502
67660
99506
15231
88476
809
74404
5104
46491
27699
48160
53169
58186
89376
88102
61976
49469
42797
10954
73669
75506
7687
60040
89392
91546
23430
28798
15099
93346
85524
26058
95175
54973
19627
60832
18946
62992
24284
95592
16221
72153
43339
32147
33436
68349
77080
46904
29991
973
13497
18543
75966
1428
96546
26376
33545
21215
32263
81769
80941
98730
28952
58787
97498
44195
84939
48624
29665
39645
79128
90443
57475
40020
6461
99787
36901
55959
74082
26877
3712
69751
79543
31805
81652
31722
98265
50546
25661
53116
74163
14851
50973
32948
27553
24858
22617
30206
73840
77107
67328
69114
71650
63648
85190
72704
80461
41629
75919
57101
33795
43403
64582
88015
6764
52875
29997
22250
36975
22744
83343
79684
90928
30081
33905
90451
11987
84066
42184
94817
50270
77727
44548
55577
20541
80476
97289
41617
1759
22268
60766
36723
90430
59924
86750
59818
18492
39242
39724
96837
6728
96559
83940
53035
89248
24055
14573
81980
33041
73201
99594
80704
18394
39527
62832
974
1678
64084
38577
21819
65943
44252
5814
30525
28920
43757
98476
94650
64875
79216
37462
23730
86250
76524
25536
83622
42153
40951
93715
90051
40927
58970
48612
33871
48518
47904
65320
11055
35576
36122
22082
42578
45369
22226
9436
89438
82004
38698
33428
17813
77342
83825
53869
73795
18198
38113
96935
89159
39982
72120
96297
28764
53859
27696
30779
73666
22599
72349
89744
64782
28512
24227
95712
28299
25322
32402
71475
66635
32791
1919
4249
44654
91543
36992
52535
82189
78418
3
39965
19300
96242
72971
49938
53530
80990
59273
2608
83118
22913
72691
77901
61887
54410
12803
23086
53400
67852
90511
2688
92663
46373
74016
84257
64281
17083
45809
90072
89892
76994
47014
35237
83407
39483
57254
26227
77010
47223
7063
19818
77766
52889
54325
38177
86616
59577
93390
24145
83791
79716
72381
86213
9463
72321
13344
96942
38090
97742
47193
80050
6939
14697
19774
16708
35838
9100
74045
57807
65783
8847
27471
69451
96701
2993
54519
77171
45835
8209
9272
50061
85123
91638
77456
14664
25215
59887
47157
7940
40470
83893
51115
15179
53639
38540
38719
93342
31620
86216
482
32810
28766
36461
99109
8089
17385
67022
99726
53540
25228
97911
16021
85222
84936
74374
6013
64780
77122
60436
19730
30473
12431
11762
71035
66278
58075
1774
96700
79446
23286
63093
46156
65064
51771
56018
91629
33494
78205
34261
57485
954
70801
1519
1688
61504
65107
31513
57304
94870
16918
75284
91882
64063
44843
60299
58206
53960
15244
57588
84043
68594
93510
80310
73228
8942
23809
57157
73211
95046
28590
32040
75689
71384
19276
13532
8471
5278
61014
47313
10579
14408
37004
76306
35603
95788
54461
49474
57767
44275
16942
40898
49502
97972
63497
18831
66584
97150
9541
8712
36899
37615
13902
97005
69269
83970
73937
70018
63076
78469
7367
11283
28933
43720
68379
37363
47359
54929
73209
16189
66827
71789
47060
98299
60971
7265
2580
59844
95812
28831
64411
92447
12761
49619
40723
60294
90469
57757
41942
89479
73972
15865
72504
97796
25887
27578
37429
69306
9347
91797
50387
66206
81629
99193
27507
40707
83844
4317
31802
68665
98274
42226
61334
43983
33488
30071
62448
12377
83022
940
2605
58252
39228
94846
90303
4198
89399
75360
8974
87819
14707
13723
29759
83563
46706
24476
96831
78751
10078
23436
61423
75346
4969
88605
27371
11932
85822
41567
57848
83688
52611
69523
6346
33112
53934
30295
13263
29503
3201
49472
41020
81068
42563
63462
59698
17894
78652
55449
92300
97203
6797
12497
55111
32179
67338
27235
10190
22345
82709
14959
15489
52089
84761
78710
15298
4748
44575
22057
16029
60625
58256
69629
91153
75583
17159
14523
76318
49365
4466
31828
9965
24738
60869
5137
11702
84256
96059
99592
99795
81498
3051
76458
62047
719
1027
52890
45641
47631
2979
42040
32667
97314
43320
96220
49122
56680
43859
32798
21561
23963
92741
83857
71958
32048
14106
11056
57297
573
98896
46640
2061
98452
3122
22646
10948
86317
75189
95650
35251
45218
79918
41160
29919
55700
43853
60351
41186
83340
83963
34995
66966
39355
19564
85653
55421
72450
10784
89522
54922
83598
48764
68864
82000
27707
46527
19797
73158
41593
5988
45554
43891
19788
80180
12285
97851
55821
20037
78636
26054
59502
4498
29725
70505
66523
88888
46979
57588
48956
48363
73690
40887
23031
85459
45723
56946
53650
85702
51116
86391
18870
82563
21135
62366
53967
17288
40314
90949
7888
9489
59942
95298
97939
17774
24577
57350
36414
54911
65151
26288
62209
11598
61773
78699
46268
76522
34342
30533
38494
34907
55582
42957
71559
73735
33404
39751
14991
49568
8260
6736
64288
25447
47826
49001
75134
44961
12067
68290
64264
37300
99021
26596
95574
58911
59023
74266
11169
48244
23843
54589
66722
54514
45520
83195
75026
93635
5821
17700
39857
45038
39519
29296
19395
79642
73171
24944
46036
69441
8999
30191
4348
16396
54034
5605
68510
6608
88452
88537
62826
94053
38104
53839
2082
79615
52263
38485
67034
89291
10838
66470
39545
13192
98031
75738
11580
18879
58861
23146
15225
48768
89168
10467
95232
72218
71121
24167
94398
1847
48592
98842
32635
65618
43209
74735
71908
29110
64997
74448
80419
41044
79308
95332
45898
78176
71799
60384
36558
49833
65476
63821
69840
98163
18532
79121
98967
21683
12206
74173
68281
40614
25526
90386
68665
59566
36024
97105
67754
6282
81358
63582
93457
13841
79298
97392
44872
69803
99837
10968
30239
97676
25501
57035
81501
83566
34661
18317
79845
99626
96718
44572
97428
92690
2907
25366
57382
56110
90315
57352
36888
28913
69448
61877
23400
59735
65884
85151
87032
25149
66115
660
81138
67389
315
58616
57413
53509
81496
59659
82766
36147
20244
87383
27218
6223
58947
64249
76679
16805
12901
12457
8339
52765
39701
31207
21356
67481
33054
27780
66174
89739
462
19530
61355
71600
25698
86825
44108
95020
33664
34400
45494
96003
73252
19876
91608
31857
92210
13743
58497
34216
10186
35656
28030
26500
79130
61930
24801
81580
89421
30068
75197
27430
84833
39822
68878
64887
14711
56082
92949
79287
61635
14878
28769
97965
58307
22965
44457
62956
70860
6796
80854
77193
82975
1976
90110
34296
60827
45041
80619
35714
32268
11203
31994
31781
79106
8082
75870
57192
47196
91591
31109
538
21027
74555
49491
10694
60179
61310
78954
97268
27060
45765
69483
67935
9639
54510
15734
91918
35964
60881
25774
68210
81888
41573
80696
31643
1299
31115
49921
983
67607
26427
94303
68200
78981
51850
77040
97761
8794
99637
31679
41725
56591
61260
47109
56540
63238
29725
93451
79546
79040
80924
2030
26733
63307
83181
46588
27164
83929
85006
17754
94007
69452
61283
65000
75927
86701
16223
71036
4594
732
55211
56523
11642
30913
81335
41382
92756
31457
10683
14209
7920
53996
24488
32079
96522
30067
49711
50025
38267
60888
5389
1901
68380
55357
75859
5091
58489
17982
7246
62107
10926
44379
83031
81362
3873
14445
69177
24116
13467
1306
6585
6331
57732
48036
57447
95125
70682
20923
6689
57668
52718
15987
66206
65246
48091
49168
84670
75797
58243
72158
39435
57745
43400
45405
95275
71065
62468
12537
36549
58225
43718
17719
13070
10398
52330
24428
80463
61988
15091
91304
74933
9072
66535
82159
37812
95825
25543
50952
79097
90401
30410
26671
16555
27650
51797
86949
29820
87716
22073
71815
42098
43267
27944
21372
27756
39629
87317
30439
61107
98848
18760
26749
37632
29650
42235
96656
86404
64907
37333
44042
44663
32204
72384
19478
75200
26739
96360
46360
54910
8118
58290
13116
83633
86925
78518
25803
15720
96524
56987
38715
19016
63214
7982
82046
70837
4525
59423
61626
34560
96398
13784
95929
17389
72602
93754
99318
72448
64934
82389
90296
2756
89460
48484
49500
38807
22258
99779
26602
97525
9600
55887
9194
91424
1232
31480
69647
26633
36870
66853
75153
30397
52927
91236
42009
97135
92750
93996
5813
21022
34752
71345
24619
94019
72129
57795
87786
3545
50904
67748
15292
52585
57197
64644
86361
66192
37227
23803
37301
37840
50785
8610
33080
59600
4322
47150
48718
67313
99692
44394
99189
50286
16486
57455
22644
71086
50818
51939
13292
44266
70402
16140
23398
10485
78678
54319
84331
11565
64580
72426
82387
60925
62305
20938
88725
35244
12763
1737
8573
38886
47961
16007
19835
31108
55642
69892
22648
89530
99130
51576
59972
11390
54515
76175
56747
61424
76480
78788
87142
26250
30717
81337
20877
40453
78602
34000
63242
79557
31150
54986
49193
15202
6584
8089
33963
59253
56353
24099
72922
2011
27886
62518
12823
5001
86865
42818
78191
50828
81646
85656
75244
17051
70619
3741
23815
42556
98017
95242
46587
30639
38272
43044
39638
15707
96975
55251
21673
90067
75968
15041
11486
84005
45985
65744
95688
32607
31199
27512
93142
11326
50469
64253
12482
96820
1731
24073
28550
30069
89226
99563
85614
30430
32467
79051
59784
55075
59871
38856
36664
9684
21145
43249
77000
35627
7800
50556
58621
51764
89569
51814
69061
13497
71785
44872
61164
95497
36567
54418
48301
86565
53000
37318
62757
48327
460
78740
36196
62991
27758
58926
91997
77643
45138
99143
70685
90690
28534
36460
32408
4797
44315
94815
74110
17490
19837
69676
43149
71343
20253
363
7424
85823
30400
85617
39845
6172
91856
57906
22797
75698
8096
6487
82908
71436
95629
63799
82144
1853
67872
94806
51838
7564
71600
1591
712
47197
23461
33087
74314
71736
53047
24904
76900
57369
11797
99198
81810
71603
68801
58042
31687
37377
72024
69400
19321
2475
14704
51639
2677
34897
50778
37132
27891
28439
42534
7075
8260
77869
56934
71828
32456
43226
6987
61662
48092
30149
74091
79202
78224
50879
28613
16799
41463
85872
21179
18501
62711
1276
71133
18616
64129
20850
21991
21507
54074
3089
90176
57430
63320
50071
3747
46462
63976
56552
74683
29920
26860
76055
84168
23282
6371
86548
68862
30133
90272
52018
59980
41682
56316
23124
46682
79632
19942
66291
54027
27471
14521
59598
18850
63205
39239
78831
89217
70707
89425
50102
28589
80739
31352
11460
67021
20896
97806
52710
74481
26577
46374
8732
80624
31251
74154
41189
71081
7794
66218
8937
72523
79780
75282
93859
61104
64451
7573
70888
16836
15877
49702
51864
48900
44890
42853
49536
21889
48193
60918
22410
96387
65894
94253
15458
66122
29916
48934
90949
60080
26547
86737
25736
2379
24406
40906
88002
42382
15045
90822
89975
11823
77578
16522
72643
92739
60921
94902
94239
68454
71592
56031
47090
4951
84457
34714
81559
93471
82881
18771
54887
18514
18246
25405
73667
63950
38873
99877
48289
76992
7901
76159
11952
15591
54004
43554
24937
99280
90581
64527
1428
42944
20139
12044
11956
82160
81357
49584
90480
22162
64917
34551
80255
64690
21824
46196
15759
90040
42017
98854
35090
24618
72226
17507
78918
3759
51896
83698
512
85198
28833
3637
16244
40660
99261
42787
85155
57812
65702
45811
59201
93512
95310
37044
18881
3446
67028
20506
94272
92943
72674
52946
75851
58001
11653
38871
73998
22379
36810
10557
53499
28896
70418
85099
92082
57445
73298
25030
73683
31557
15721
15112
25757
4645
31550
78319
71106
385
97750
3889
25577
3220
69679
57741
24863
42103
61596
89533
31580
47713
61982
75241
7598
24940
34523
92757
4068
28536
38493
56090
60536
40873
11625
23953
55705
93292
30779
96555
15284
24919
95451
5631
56671
89357
82430
66299
71427
9985
23963
65915
49987
98802
74215
56
41773
29141
47888
9783
93179
66353
15699
91330
95750
98531
82171
17204
91113
7937
39031
98670
39533
94492
62742
64039
10678
1982
4769
67904
41993
46387
4725
87189
6904
88069
49307
72943
27084
73855
36966
47190
39470
93779
51785
30436
54226
74103
57682
19413
22272
45385
86599
34714
64704
34771
19643
32813
93985
15307
37549
51903
19879
37201
41438
53901
9935
41051
18957
47985
92960
90286
25680
56213
14991
12866
86033
94274
94606
81448
36771
18934
65459
20840
40127
43604
14881
26562
45535
87606
92373
56662
72630
34941
75311
26656
53739
27657
66267
25243
80048
10180
15675
84646
11427
50040
98515
83491
47264
72545
19536
39164
61409
27677
47062
70817
60819
39680
46404
85036
17430
61893
12422
4326
91089
27998
31287
56738
51087
40972
5713
42407
60826
82762
81555
3083
79378
21988
55501
88378
63114
27429
73451
40790
69216
78414
30236
92344
6807
7074
9950
60277
75699
3038
11911
87901
66512
97638
68690
12444
94302
31962
20965
66467
67549
96904
6971
19649
27730
40316
10674
57130
16387
98834
52435
30682
39637
30411
42266
76627
86911
33021
20193
66369
37066
90373
73613
55103
96967
67065
20052
85747
97997
7320
63114
28532
42766
53026
359
27500
63957
25028
4086
43928
31807
2123
39036
36812
82739
92506
50115
17363
27742
48983
56643
84628
35055
89823
88204
12177
76652
62330
55410
27145
88688
79177
85205
78301
65698
48252
31979
38672
81202
17664
56141
64231
7954
76501
49147
96656
72846
9214
51149
9758
92202
27058
6647
62674
58647
5135
62327
26934
98098
63758
67486
48644
69209
99441
93881
12739
82475
91705
92860
1553
71066
47541
81514
36092
83375
74932
85602
3530
92091
95099
59209
9720
25782
2450
25105
53055
65558
14713
15651
40019
22989
71705
85454
48902
87870
31541
81771
44650
82270
69598
30668
94227
47364
41926
32161
78586
42220
4716
87495
47902
98670
97590
60590
16452
90741
32989
16229
96768
95615
5058
59684
73388
20016
57406
22613
38869
50387
56119
31487
56757
63022
50991
7473
70106
77345
34551
18152
31206
74171
78784
2557
95504
27033
44530
47118
96999
77148
68341
1191
15511
93350
73453
78157
12420
89584
97347
50759
40531
49131
95902
87785
12040
48721
25104
16190
61194
71047
97932
59473
17795
92146
97526
91736
74884
41714
50995
17246
37957
16256
90879
54988
96009
79743
43614
70931
83360
834
41770
24824
51558
4346
39915
50396
49576
78042
93764
71751
17287
61769
45098
52145
93078
84163
43216
34828
54590
57677
29085
5201
68064
39923
47999
49318
84954
13055
34233
37833
8163
68344
50360
19740
17648
6325
23363
82189
54873
75356
64593
75424
4694
28316
67700
25051
19266
90275
72275
72078
97090
48893
73333
47325
28095
91434
5145
62795
43310
20826
91427
38596
3729
8455
29361
97448
36183
51311
21323
9071
44638
47821
1209
88445
4409
59315
27182
84036
43500
82854
34594
46832
14900
5206
79902
89043
26084
98713
28657
46222
42058
70019
4895
60024
5712
84323
15736
6254
53118
29309
30791
15095
97116
77407
68513
76915
4405
24707
4349
61184
85240
35456
25283
98632
72632
44717
63421
98218
74451
17172
49066
91683
2832
86318
89873
12089
22241
79648
35731
26692
54696
5618
35737
80249
13206
73608
73356
51540
76911
22015
10788
49474
60969
96933
65368
75593
9490
41749
1940
86420
61521
65774
8937
52926
61765
51824
36446
76538
30475
46674
4804
95005
54299
70626
58631
64393
35729
39322
98400
94998
13321
15323
13415
13695
33315
5065
11142
64519
5799
92099
99657
83750
39522
50973
7506
55092
12814
15420
55465
20912
66575
97325
52912
97037
92346
16034
44020
50234
21488
28234
96767
33196
27752
30796
55467
64715
15723
18016
94353
71126
51737
77514
10463
7123
79689
34804
9736
23031
57933
14246
79254
99662
9460
84965
45882
1384
76617
97573
48708
30561
18648
908
83662
10506
38353
28549
52242
97433
83301
56381
76572
36234
63885
20286
77371
49392
25610
88966
6897
97085
34856
42435
38793
553
43515
51309
75528
30242
73995
7808
94812
7345
62316
35892
34065
59845
46182
47419
70722
41150
24756
28470
96045
54903
67496
16948
87487
9105
82859
25768
88719
67449
86305
96358
62983
29109
27659
72763
98684
38704
57094
31654
45758
84159
11921
77910
97515
76719
26445
