37990
89471
34904
87396
31232
15735
29981
22603
53083
45668
12898
38732
66006
22494
42661
43478
95207
29893
61019
31742
43324
75266
10523
87910
10172
63931
28759
17415
51757
72210
80550
73824
1486
18204
34109
97946
45604
91289
89244
71895
88339
37109
65412
47415
5122
11034
41926
88775
82881
69199
88983
97126
93510
38609
12479
73749
35378
95532
20049
10843
31315
3925
91669
83282
68770
40808
56833
68017
17709
42842
73862
93367
35375
71450
94407
13649
54139
85385
7300
79432
1240
10610
80468
49834
61510
17863
48977
29203
79679
38458
82701
38328
60728
76181
3779
68943
2438
10263
56585
17758
50206
66092
91969
41375
76181
98951
69902
65741
32646
90142
8963
15279
29234
59363
38775
11613
91905
39066
65653
88211
61670
42171
31504
19185
60641
3814
9300
33548
66335
51390
87639
40949
60828
30436
70863
70052
54824
80785
69213
44033
65318
76783
1542
75662
41585
48053
56099
4340
33370
62653
31790
61161
34413
1443
55133
54395
75410
71900
46475
78844
9263
1648
87153
69961
49610
32246
87028
39961
22123
46379
37432
83711
33408
50287
69555
99611
74075
76540
72252
54915
54518
76547
79234
23913
85687
99557
16248
77930
16398
57995
75214
14931
96347
62018
72987
32463
60428
74230
67638
46641
26948
54474
64484
46523
32728
27922
67212
87177
91027
2029
12455
28221
43193
84354
36531
19752
28744
62613
39078
80721
31738
59462
47135
65477
33639
18023
95288
5211
57288
39736
58199
26082
89046
65121
18692
14282
54161
26859
6998
82028
16956
66427
55462
29975
22246
30476
49189
87160
70659
28392
28201
63557
55065
65827
82722
37670
40375
36244
52843
57696
78559
78672
47229
98432
2149
49988
31517
27488
3375
35023
8021
26169
19484
71995
35487
19397
16065
20342
76926
71599
87534
8081
69159
77082
95184
89044
26333
4394
43407
80027
17915
27475
36791
37426
71529
4989
14837
15496
22450
54929
95895
74291
44076
61314
52630
48992
3382
73530
31695
41077
93376
92032
30124
46213
80388
43555
55650
4206
6418
36678
8596
35283
36521
3592
244
82161
80386
18030
61801
62369
7782
10288
54893
32457
69728
86045
73389
49598
74445
14219
27188
11867
15632
42399
83489
75351
63330
47477
13524
29925
61031
62829
57896
20877
90043
37906
81626
71779
45771
9320
23815
74369
16832
26769
18932
51078
9621
77853
33159
68426
68202
86732
76307
54909
65170
15136
58961
48859
85639
22436
91561
6574
62878
45139
88816
94656
50516
998
30571
67642
98759
91454
50674
10750
22849
51690
36080
69502
27695
18133
7847
93080
16561
97264
34928
75918
46026
10584
89184
86662
49974
61539
91462
26779
80731
83276
99697
91229
77112
65976
13198
62156
28315
1540
98382
95180
17871
48141
678
39237
26930
34908
4721
42938
49476
40460
91216
30628
3419
17497
20882
84619
55636
3943
55150
65664
56740
18892
15469
6330
75500
16731
79045
29643
38987
92302
63903
41086
34957
61903
43770
92623
59809
13891
7945
7174
30761
82035
48311
4626
79498
77561
14475
49471
2404
12259
17926
96051
99963
1511
68297
49418
12851
22468
67924
75948
56506
29040
32265
57128
47072
17443
31599
36560
22146
58111
31667
87344
89635
82363
74440
77292
71547
57483
53999
33877
34378
60653
73298
54343
50533
51858
62346
20834
99505
32902
49440
28579
23118
65086
72176
70847
11466
60926
86954
13115
6679
88837
80979
73803
534
27989
85544
48133
50834
86850
49410
29729
7786
95575
31573
7728
5318
39295
29906
93685
22507
23383
22541
9220
75401
52045
25753
1622
10833
79476
98446
36134
21796
89384
71373
6571
25959
65752
95322
49106
83923
87221
32840
59672
86216
90837
22835
86529
68930
58596
51527
3928
80388
13512
31390
46787
11824
30416
66886
865
23608
89464
89120
80259
4623
24827
84997
90149
9465
64950
16035
52040
65569
50613
94405
28781
90633
9916
8145
37999
46108
82452
83851
26942
37120
82864
88439
21908
75495
56891
99004
39637
69028
97280
54756
9480
84762
39188
7423
41836
27920
82116
57543
27449
19489
74647
99390
9045
58576
28000
20659
77967
43097
82499
87940
96891
42723
43841
15709
2890
10289
24610
76191
83622
52408
27229
94204
92679
87690
44871
30143
75765
81329
84662
44392
346
79895
14384
59445
63875
60034
93973
82268
11091
46877
95269
96116
45284
58577
62576
27860
94875
83124
7513
43571
95398
3416
11238
78607
44245
8931
89574
35465
73267
56382
97247
49389
90143
55367
25395
50575
90955
91682
88622
31921
50864
91372
69231
95649
65964
12911
87920
62399
33305
77714
95764
19293
44203
92552
41901
43455
29670
44233
13575
98081
1530
92989
21492
77912
29308
22548
5300
70672
37826
56723
68064
11221
26458
39882
42291
3790
81064
30177
8343
57347
37754
40015
53384
95775
6505
11693
3686
3184
85518
88639
53660
50795
24255
77362
11112
32237
51653
5956
93831
60189
3099
90396
58110
83725
36485
36250
49447
74110
86218
57897
86102
72259
95600
93265
70727
64318
74067
30953
67495
6855
51553
28042
53787
17868
38581
70783
38640
83217
59374
83833
55008
27768
10411
7550
30078
5852
91493
3073
44542
43255
96745
96333
21220
89412
71472
4699
53639
95455
74845
19619
65250
81768
82643
12206
87799
77926
5905
79402
1216
65352
74186
82007
83251
40902
49765
26719
96721
33383
36078
45123
37708
94524
67415
96688
54355
96713
28303
7408
74747
89828
10172
77980
11499
18166
42008
40399
5220
12734
94502
45238
32427
48405
1807
61092
42549
68716
9853
32610
38670
16049
8788
99812
92197
78225
20744
45782
86904
10519
28863
4693
26839
52114
59491
47706
1272
9173
88707
77553
58294
34584
95912
94568
22406
85244
82416
38850
80505
26252
77768
84268
39
5695
83530
72743
57022
97914
12400
97252
89062
2193
94196
15086
56624
35470
52327
69600
24123
64522
99306
15735
66562
15897
22316
40226
9381
30563
50688
75095
89906
69004
29690
41535
67377
39956
48774
75025
42633
69754
84996
29468
6866
29980
44420
79742
67864
94554
53083
99762
56328
46809
14591
82502
46330
15683
8485
8586
61244
6891
83700
91749
47063
56238
19781
39073
46719
86677
64474
41894
46876
82359
99256
11621
10032
21788
63714
48874
84773
21660
35091
75029
65492
63301
53176
61858
44980
40923
47560
85860
83294
74202
27584
4496
46713
80920
47487
96917
45990
326
78811
87690
74922
29748
98847
14752
34995
34356
80386
26775
4905
27894
31012
20460
78835
84051
37575
47631
72867
19270
47752
23666
26687
77620
40985
73246
30061
84780
4796
9408
794
86314
69821
11329
44071
10197
1645
65555
72528
26856
20183
28582
28666
23822
37889
38811
47545
93542
32449
71088
91003
59494
19097
31226
94133
18844
51857
62289
27623
58224
65423
70661
23790
60965
95893
48814
13351
65502
63031
92289
15963
61821
41975
66718
92779
26919
20575
58406
5625
39715
80858
48394
61744
5025
35856
8575
28050
20151
83900
57646
60604
23494
8684
13000
50295
72220
56693
49206
67166
69779
27248
84526
68455
4151
48564
94338
31313
19428
80497
13938
44936
30989
54566
51361
38903
77113
94368
66406
95978
93864
92560
72089
89791
53620
17992
65581
69097
95859
95666
61149
89153
58680
19980
39359
30985
96505
94339
98581
26206
16683
75627
51074
15546
97961
80345
14393
55458
25556
10078
5169
42099
10068
7136
9238
73924
90973
59318
58681
85976
43405
78367
75559
39138
40849
12640
76150
63861
1959
33465
81660
32519
85823
24034
47642
60514
70394
53287
30134
99751
36340
64733
95270
1407
31423
45984
872
10175
52549
89002
46287
56087
80142
63314
31703
89495
17090
58687
35865
28958
35622
68680
59035
93185
7683
87561
76863
90453
645
55044
34139
54681
46847
39921
85705
65538
62571
23363
15892
98564
82031
8825
27187
47162
87516
34206
26610
79059
98127
54494
14348
91001
16346
6053
47317
81311
89085
26517
52564
28998
20622
93667
76365
43628
52568
33487
62844
43954
54079
80319
46270
55784
43297
12055
18953
73463
1048
2646
55165
44682
30077
4944
67602
79450
74694
90212
16432
62805
18288
99897
49149
61578
43288
15674
30736
57620
86786
66058
84837
91233
829
3430
28170
69309
40574
15126
73814
42304
78184
26960
39065
17520
2158
78985
12655
94964
79119
248
686
86551
40032
85674
3550
73333
34183
39707
95304
85445
57187
32087
4519
31619
80489
55021
9243
2809
45450
43821
20381
71337
39760
50558
33645
51674
94823
53566
85959
94716
51096
40567
88564
29497
51729
62970
61116
75867
7360
44187
92121
75956
59198
61129
15110
67918
33608
71112
67447
7247
21609
6957
14562
20296
43284
54517
90843
30138
61068
98467
82910
67558
51302
8756
89669
69296
57606
34432
50650
17487
76871
78447
77830
23443
42487
39989
49831
67507
20254
7308
90496
97747
19935
57292
8778
42543
26070
64298
18280
3110
29922
65866
18425
59109
20156
60290
13095
93614
93061
39405
87036
53350
81727
60553
53972
65080
88785
59566
73485
18249
46
50538
41435
23577
5935
5342
37912
49202
85853
72559
8952
25617
28651
4457
52283
68462
3871
46487
6588
55241
35889
92855
4903
50035
50060
96734
18823
1430
44754
59048
60668
10562
21437
78745
54027
2005
55647
89589
56272
78631
60171
12345
19855
36303
8908
60052
86472
76565
5939
87653
39849
80212
11630
82386
85277
95307
20404
25858
71778
30913
96989
25624
98649
40339
87214
86412
10486
27036
36690
97736
85623
62111
10532
64604
68401
57556
58890
68030
45541
49997
85755
32065
48626
87139
12832
89105
45988
62434
51224
96201
57387
72750
67478
42481
44166
5328
90885
43575
32670
27553
55916
44328
85295
76657
58189
1611
94113
69492
1191
17819
25173
56299
53755
35679
92123
61451
32555
68488
8704
46987
22174
52806
29220
87503
40513
92327
70313
34924
34952
84205
59400
343
92210
50379
51614
94031
53609
28252
9188
36100
29512
40032
9308
38338
95448
76723
16487
73534
11795
69548
15251
5371
5354
60911
20690
86106
20738
76495
18278
68156
16280
28068
49816
74292
97766
63013
35624
18766
1341
77442
43262
9015
12818
65632
41023
69415
22774
56433
51739
33554
48317
66832
33155
422
46527
83351
84761
52833
57245
87677
57407
97779
60668
86670
7441
396
48045
75208
90127
87810
333
3408
60691
46976
20103
26000
56289
65518
41784
73037
98427
43001
72235
77896
30580
99680
32706
65105
40604
91354
67990
51075
13658
58791
77334
97025
32185
72945
29387
87467
6105
73630
72348
27228
41222
12917
67341
90434
42566
11019
29410
25275
78539
97385
48418
62793
56840
64380
35095
39122
72800
82840
12017
82711
24603
37769
56938
41391
89266
76536
91652
67679
23721
3671
56783
83992
98588
39561
12071
95501
43922
76113
24665
92943
94382
85653
80230
39847
39493
3694
89344
33615
4778
34447
43762
34381
13764
90160
11549
13069
42561
64246
36636
22106
50948
14080
44521
69401
78841
70769
41240
44515
38153
64053
14465
30620
19018
9937
54555
52628
39822
25356
85764
75482
73851
25396
701
41304
56923
12974
56242
879
53929
77982
7992
46320
7724
1551
92654
20691
45665
20447
6694
31576
95024
50122
84829
85592
9121
81906
90054
51335
24903
47752
60357
22248
47802
72345
56726
34412
67747
9080
49006
50505
14256
83652
31386
3603
26791
78613
45540
49818
47319
9097
84723
37632
57451
1349
46578
16373
2232
24970
26697
9009
28885
42998
48647
41069
41162
12500
56034
77342
8096
88673
21333
81007
22232
48508
37927
50618
14648
92457
87660
41794
70561
66977
1509
32848
52860
18778
11939
15305
50898
85807
33001
37704
16379
8780
56687
20029
44110
56952
65571
31585
54135
47870
36298
94549
11206
49658
59843
6870
65412
81789
70125
23519
57953
31261
82623
83708
60201
11421
29301
48102
73909
35380
23723
1119
2365
1980
76609
55436
96363
7033
57054
13642
99691
82595
19089
88462
27550
8402
71059
6045
73166
95334
99784
63173
12156
44400
17477
2902
41717
45601
85227
84897
15491
28333
27953
139
21375
88506
19360
73293
8261
77387
7543
98572
84608
46884
64079
80656
53316
55737
50969
21955
11674
32023
69284
58344
49141
79183
49722
181
30372
73146
13674
11758
99585
53774
33088
67423
38726
83836
44816
10422
63327
83938
62291
46363
60346
97428
67176
35469
47707
23682
95003
45531
94348
95654
86210
85531
71090
63116
80708
61514
47451
382
39765
82753
93971
58891
81085
67600
27381
62580
39894
78810
29662
34803
83444
41996
11390
64295
14591
86523
67432
16832
64731
18201
54409
34756
72105
74868
789
49628
49830
29227
26748
56095
30769
5326
5948
98552
73290
93937
3216
42422
26742
40556
56583
20688
61023
94802
17679
91539
84312
76364
38575
62569
31935
83602
36116
45992
29755
27973
8675
3060
60644
59500
52590
82066
32577
47976
65858
57738
58381
66838
42268
16951
71763
15105
12795
59183
77049
96802
20017
22218
65625
44053
40052
37713
98697
79321
24433
1124
63996
75491
81248
46823
67522
64480
53490
38922
11498
81253
78631
32660
16296
47060
23676
33931
39186
64366
24289
71235
46404
25871
28393
86017
78755
96842
89530
8426
27807
96034
69413
99149
68913
83427
31183
94537
42660
48123
93294
50908
32496
41048
46832
19306
7041
83454
54612
20582
61814
77413
55644
60576
47334
26125
64090
11147
45277
58719
73639
99401
96355
60322
14418
43894
86782
9847
68950
24206
34446
28529
1605
33276
60982
76148
43488
24192
80890
59081
69960
52411
25508
31195
25647
94522
59489
45713
62952
60861
73096
76008
15229
56163
30715
35821
2719
48660
98822
79572
12343
20906
8068
68471
1691
93181
13632
18095
91005
88202
4409
6440
32221
5535
1663
85412
97151
2182
75259
73838
65271
8715
77739
96057
99393
3947
77290
97109
87917
27963
73229
27470
10359
78866
42890
8769
77685
44020
71124
31515
55273
59676
80577
35535
4278
50662
77068
37044
33936
6742
36886
64121
10220
3848
50920
68390
71126
83349
72883
70992
90050
5630
75832
90553
3098
88409
13956
79042
21013
44213
52467
43373
80457
51659
21206
14707
40631
14211
17294
9055
86533
11648
95928
40837
22570
25961
14467
57315
75394
51733
20028
3346
55520
6226
72619
35976
14243
33234
79318
93070
19905
51315
69507
30681
55329
30154
91451
49831
51493
15691
7338
13208
23044
727
63907
95271
69365
97602
39777
22275
52487
90335
23560
75118
11758
30123
11241
88785
12279
70675
49604
54234
57053
80451
44904
5363
52980
51948
10390
47104
67107
3025
62276
67189
74447
45039
70845
61169
72402
2502
68965
76956
90250
11720
52283
74712
9357
79196
94391
11910
2394
40527
65298
96505
19532
63609
22853
43119
18440
53575
7338
8785
25877
33322
64223
296
26795
21788
80393
63962
63619
10282
66964
19904
783
76706
45528
74245
26243
66170
83096
84029
58192
22267
74500
2815
84178
64200
79775
71073
98847
35119
81403
28879
13663
17002
83775
29799
73179
39954
45546
85555
5102
92738
58962
89188
86713
56931
8325
9352
75667
7289
57297
33448
13021
90025
98271
24385
78739
23301
27737
21437
85054
17174
2316
21772
75942
89125
80585
11396
18245
63526
57446
99123
41303
75425
17026
23164
46413
41470
55237
62870
8929
98636
39045
66077
25700
63119
98341
42834
22259
79396
48664
42070
30376
21585
12611
1759
62893
66094
72065
7508
71403
4970
12736
19467
48577
53788
64776
81756
39855
58279
91868
19362
72882
10376
42169
67662
7754
70687
99707
4327
72055
68856
6815
3874
99011
43573
58499
59033
34776
72954
44746
15211
94482
1844
96028
29041
80463
6214
29353
53720
38691
35922
57614
90816
11209
62753
66320
51056
23155
82959
46406
76371
84514
34518
75699
68851
55121
98581
83728
57648
96460
92540
19304
28349
54430
79991
11741
11992
95816
6229
29673
24420
6157
98355
11743
94949
38730
38250
66543
59511
515
18258
48648
9355
64249
98641
74071
69470
83479
74981
70382
44408
75884
38057
58241
41054
30451
65287
96457
34933
15373
17147
30219
64180
79440
85535
62483
88324
57593
75512
85466
65943
83198
69468
28550
57218
28958
40191
52848
48696
1721
14329
79137
61476
68156
23605
10870
36386
77140
51160
17123
35739
95780
14796
10996
95388
43506
70601
19310
88562
97435
30239
44659
28228
75527
4354
55333
99084
62647
91218
38274
64147
2267
28293
65389
39112
3456
82035
99086
85565
21926
94527
80591
38943
64752
31069
72199
60047
13045
70180
59316
45698
64723
21618
96737
38577
45155
87222
31943
7454
31719
2974
95184
30916
85856
45021
64022
92121
15165
44281
75018
93955
24173
36686
79953
68468
88149
89058
87753
675
18461
2214
49481
73704
46885
76550
87558
49076
37878
58094
69266
48171
93203
61944
60990
99583
93933
90294
15456
27242
99094
31416
70417
94119
97517
3579
52205
30350
34680
59023
58973
94474
18224
36899
95601
45625
45750
75758
97414
22111
12131
13085
13640
59655
13022
61140
34353
72888
28870
32707
78576
7087
21999
93735
83332
20223
10218
27225
40007
47522
37916
73239
53576
95194
33488
95149
69136
1704
63881
17824
72199
73320
57008
29719
76431
65799
78284
72262
1869
37475
42223
63640
50344
6781
72140
95256
72874
9373
19815
32060
62883
46339
4997
47215
41037
33925
5315
38297
7883
17354
20226
46733
37322
75905
77119
24272
51497
49887
68673
71233
82965
87123
29068
24905
5005
59848
24530
28895
91269
69846
31081
27992
27109
60581
59128
88714
49777
91104
10634
74492
43620
18706
18661
17484
48789
19103
44629
88636
51068
64065
54562
97306
67534
44702
68352
36586
25507
49634
64580
42482
44121
92607
73812
64577
95985
56381
74039
49629
67863
27455
33516
5385
91008
78132
62199
57903
77964
66391
3670
91919
13162
65252
88817
34724
51643
90070
7696
88911
87214
37154
13862
30019
15019
29706
87563
59212
80556
40031
11432
65660
83780
88022
60588
54932
41443
17093
21979
68523
51730
82299
54501
94270
11065
35641
41685
9716
82337
21297
75968
54445
13715
1753
92253
15558
73054
32332
91636
22924
58008
52125
35919
18715
56252
63257
66349
7665
89234
45560
50037
84084
6220
57088
61128
10972
97868
47894
96655
93694
87939
5473
5715
93238
55988
52797
428
38801
28343
55737
96593
40052
59578
46478
29166
92781
69410
90492
89940
78132
77199
23234
63210
40381
32413
36505
2177
19581
9671
14926
69285
54485
62726
46491
85263
63840
94614
52289
7927
96822
15738
40164
66439
12826
71670
39011
99787
32391
2554
12466
65317
36977
7295
88150
56349
71931
84362
65756
79829
51925
79949
33430
25370
64719
4397
73235
86070
78206
8734
94042
8739
38473
32202
44195
89626
29010
37296
88594
59721
92668
87145
61777
63011
6557
7143
27208
17490
94849
11990
85724
39303
12792
83652
62945
20178
58237
27933
64861
87053
93284
6414
40955
67986
14912
65899
33961
35309
7022
39917
67983
78125
12097
25555
13067
18004
25771
57801
28557
6925
53252
56518
96236
11805
32538
8815
13124
16914
60022
41049
10957
23224
64742
72716
71673
16010
17389
44355
10313
81958
84259
85711
13868
19993
27818
82587
34102
67290
2670
30283
94137
56467
56536
5053
71586
729
13680
21426
53970
31901
13196
18054
41495
16826
88313
77274
18055
53679
36580
29043
59161
51335
15590
50011
52576
11347
58922
69574
86340
8154
70876
48719
34078
28839
90864
73216
6608
44160
27756
28881
97791
38871
30484
17063
62735
63609
66800
63102
26489
56035
74587
25281
35979
29301
45866
95126
53916
40095
85110
3127
4266
49784
13641
44027
52082
66445
56129
14227
2444
35094
89828
208
69536
99972
93697
95617
6313
68887
1182
16922
11908
14220
47652
3953
62804
75635
12739
28418
26102
32511
44290
7411
62588
85591
28199
88945
81833
83913
97247
72377
46376
34302
99595
3123
19913
41417
26728
53304
88056
56985
40089
53428
86587
48685
74259
93254
4681
38919
70661
84613
40706
30809
7297
3645
34766
7932
57771
68855
63446
99072
40798
79318
537
26462
27445
30557
25004
3017
81981
54543
49170
28578
532
26350
63411
93387
3005
29445
91292
23955
98020
1185
82322
50096
22504
32442
24948
27179
94666
1263
21901
74997
42353
96623
66451
32440
32535
25780
8543
34248
18547
98506
1481
58712
69027
40878
82975
47496
25846
26673
91010
84380
72628
63260
42749
67241
68363
41357
91234
84136
69271
11199
34563
14957
91980
97384
91146
84977
93091
51708
72694
80555
77471
98126
7890
26365
51963
43831
84339
83626
49362
91343
22574
49574
97642
27128
74452
70886
63261
39867
40460
15863
61094
35146
17035
72202
12197
81508
83698
91340
54287
20439
15011
83476
97813
93663
85121
51990
42830
27756
81380
74517
65860
53667
39318
25813
32312
96923
23149
30797
14131
39687
18085
98491
93803
31827
65402
59826
79502
95464
40638
59375
33614
1578
21213
34538
29800
38880
5195
97415
4114
81971
17381
59883
84385
78351
36557
66316
18452
30856
83196
8226
38721
91446
47587
76153
35962
88832
16802
26408
91196
65591
30852
79708
63955
43609
78709
97678
5133
40022
4738
59251
33338
8463
56043
11602
26972
27066
76807
15536
13617
80482
84916
3847
61210
8588
36024
1493
71304
50548
66394
48081
2946
92469
3799
85816
77813
86632
45825
65318
6264
51044
9370
75616
27418
15556
19913
24589
19403
96262
74647
22341
5540
45071
37449
95778
97843
54924
78170
94995
89159
96659
2644
37328
97173
69544
95594
19303
27333
91931
12853
66613
58236
70703
47689
89872
61990
78326
97940
42497
12607
8663
99410
76495
64095
44530
36240
694
64960
1178
24923
64951
93485
70881
15364
49961
3945
31985
70994
25869
29144
42774
82308
45823
17614
79546
82210
62280
23762
25832
65854
52496
14927
49298
35629
97681
23575
36366
26044
4903
27988
96123
35824
64484
68525
76609
22078
76128
3633
80759
46884
54605
95939
47582
10210
21800
36802
95114
62617
24204
3123
95104
77566
53248
7853
35067
95898
49713
22625
53097
28577
87706
7428
74003
28557
92863
77531
77529
50775
31386
49378
84091
71794
38924
9208
97973
46436
3125
76395
34338
79617
78335
41659
30177
2085
41013
1550
96149
75150
38097
5296
69222
76628
65650
22020
91013
61606
13740
18123
26764
24643
44377
18479
41572
48561
80814
95085
10944
5277
84361
87262
77799
6512
72294
58176
78703
80521
99761
28581
9189
6397
65493
63416
35817
45513
58003
9031
18197
97551
21455
12593
86526
19540
82948
20078
87284
33141
47543
41333
58628
69665
81609
13614
90236
8664
23909
60437
68206
28606
64154
89991
40430
76123
25251
40077
93750
90994
60546
47138
43272
68700
40619
69314
94547
5217
38492
13521
59343
76562
8170
33797
85955
21829
65527
63920
8326
42574
32448
86350
98146
44823
64499
41480
42516
71964
98110
76323
9232
33605
56929
23720
63458
68641
4581
79089
33583
12091
52519
66668
8474
90204
49805
19535
95778
93149
82713
31736
39433
86374
74235
30880
7855
94888
15648
33820
43005
91924
54281
98830
16925
51318
20119
53807
5478
17201
36353
68145
35126
30840
50504
43125
52857
57990
29890
85640
5542
7739
58194
75578
89256
61812
22585
86045
80409
20070
51398
71350
70186
69526
27881
3619
36320
376
16805
76137
83737
65794
39235
51480
17004
35660
32419
58333
92143
35430
26478
33925
73297
45238
88167
59401
35047
71308
79167
66650
87780
70916
21064
14026
5218
74968
11201
13461
13917
11775
40272
53706
71198
25222
42735
8250
38838
25865
90685
35675
35040
97455
93716
22233
26089
77183
28315
86714
45963
24610
17105
65452
88277
48470
66154
44718
69670
1388
55927
29432
20440
50496
7869
82247
41146
54003
74536
92105
9622
7526
99257
96833
31345
5812
62490
65144
10512
10028
39666
97184
32632
98762
915
10406
65262
70897
71793
78164
90333
59848
8653
43584
75733
30254
5168
3188
38001
49019
83987
98170
94929
75188
30139
84868
37670
90666
13570
3190
76460
1744
97328
71345
91025
71320
34537
35004
36404
31241
85663
89905
83081
6590
73480
7393
41272
78430
12971
26437
35365
82227
46356
63074
43531
35529
59271
5208
5858
71878
44977
66055
33984
81280
38522
32382
26491
52287
55382
17986
35019
64240
28058
15800
97646
17379
56076
81455
95078
36387
11828
55757
57725
21455
16719
21620
62696
14745
81602
99344
84969
58010
48331
51456
10639
61743
26322
72382
24921
89301
83519
68845
12887
51453
65670
73406
28625
73995
85757
40959
23297
79153
54926
42209
54779
80899
62727
29220
98445
87735
31887
36449
45953
85019
10227
16243
81951
38194
16223
92003
83951
57068
91720
48111
701
90145
96613
4887
58453
14154
2686
76867
6766
19549
253
54644
74019
6659
1729
28390
27996
78455
210
54046
7307
34557
55311
34134
467
46460
72994
80962
25891
67225
24981
37214
69855
14962
82845
56246
30143
62772
39444
3825
46257
80730
45734
80155
67706
42915
78402
93582
93658
31117
34992
51196
96014
57364
16257
12828
48878
90209
8609
81134
54326
62449
59145
72045
70114
79587
24625
63632
19283
57469
419
65660
29870
22364
21740
76170
81732
29366
64971
52784
47020
65135
57067
96143
93099
94515
94510
30585
44566
61750
17631
86684
8815
18406
76297
11632
52267
15081
84262
6777
86740
40953
70159
78424
90058
15096
72115
97780
31716
48498
38435
74881
34580
24814
77609
2827
18249
67280
98873
97601
80782
12846
19200
12352
30543
91597
77369
37819
33948
9847
959
55044
96038
45755
3196
38330
903
5122
8927
47790
89918
38697
9292
97300
11928
7136
79950
89155
77034
66718
89320
20488
86554
6686
78249
66062
40541
60570
82589
71810
97627
49922
89536
64262
62383
13145
89997
34516
85162
25165
70197
34700
61271
88017
61867
70364
13818
18872
36061
89676
67314
81072
51485
24259
43357
83385
51549
36857
81691
47617
28888
56313
51882
33725
44717
96978
15408
55333
73575
59420
25080
46509
36888
84226
4819
12028
82628
58287
87392
13675
19641
27993
31910
84539
90845
61061
33085
22995
78400
90933
5997
64661
11760
69013
6607
10652
31179
44446
11823
84565
9518
25860
50259
26486
69228
44291
93333
10431
78075
56865
48588
5676
72105
98303
33961
16660
57580
11009
28317
7585
79798
30168
40120
74220
3943
89065
25964
28724
95516
41212
27184
50907
7494
94306
65792
98910
34998
10851
51042
27886
756
18756
83460
32239
48814
39378
82336
57677
11245
16941
62945
46230
36836
58740
48992
9145
18562
91145
33639
73368
80327
61312
30262
81516
83474
10633
68132
90774
57145
61656
96829
6173
15794
28173
23626
58633
34574
64837
10543
58043
94118
47741
28749
99079
41101
65086
92168
3663
34628
59817
92066
15261
60205
25311
54790
12252
29912
70414
39585
32852
87961
10836
81899
77056
39066
48561
50276
15502
86540
5997
89337
49426
48121
60995
70565
97031
44437
75465
63796
54275
46867
16989
33955
80118
79860
56237
70147
88063
58266
57219
63261
98443
17050
58859
32911
28235
50480
21571
54068
27312
84748
25470
11074
58918
73131
92340
19981
62378
46113
90154
7081
73706
65329
67801
2381
14967
14143
44478
14834
2889
79612
11230
80154
15888
7745
90355
56878
60946
29847
55383
76416
91846
22643
10635
38575
55691
26975
80613
82345
6821
44755
60437
77771
54582
35555
25010
94115
56245
46546
79813
14423
10222
57604
37265
86814
29366
83665
22014
51532
86056
84213
97025
86539
83361
90756
54217
78564
49909
3291
85097
76765
97740
96882
28093
2269
50076
77709
22875
9643
45315
87858
59703
93109
56834
30324
24882
40556
47921
92782
14720
26507
11811
63180
10389
9081
23159
49443
65676
66788
40439
98241
3988
27534
34545
20063
56631
66532
7664
62611
54823
55464
47702
60449
11879
4336
87160
73682
42484
70663
42774
88925
15631
30002
22901
289
89192
3853
73819
43829
69703
79604
359
89686
19546
95966
76938
90112
10551
81347
21734
53912
18860
56862
34209
75557
46027
5965
87206
99103
78091
66325
67448
74432
84605
37187
14708
42392
8332
10605
68130
95228
33647
40887
7479
88862
95407
43538
34187
46424
40816
12991
24850
9185
39582
19185
82105
41602
52468
36271
46270
27362
68588
68665
75244
92957
15998
44098
2514
54132
93847
49692
43455
45470
16632
86226
16445
20861
65991
71918
55367
42283
2007
57563
12327
92434
43215
36068
40080
65499
93465
18139
14805
43870
26569
23158
26821
50712
95752
72340
36836
10427
98556
34942
47271
81471
98549
58920
8555
59382
76183
23222
29682
54269
26623
80700
72763
96463
94804
60637
13277
50420
81772
47733
7136
50230
55672
19794
27832
4212
51949
46557
44670
65935
61711
93367
28013
63649
79803
28670
63030
43118
84178
60943
89633
34739
61886
82725
928
45851
73954
21759
42897
23025
44258
78656
69489
62671
30795
60912
40312
25524
24321
66368
74964
61589
7044
78827
31685
14474
93630
40183
26130
28169
10828
62043
40615
76240
51110
80123
2156
56955
8940
43534
24131
87958
43854
39649
60189
21197
32216
14900
24121
19551
96409
65538
86362
6224
61295
12670
2020
12733
23761
37304
85363
5739
37689
33119
75128
47929
41099
79745
9905
29460
16678
53230
20548
28168
86565
80475
76920
82099
11890
99458
68496
16918
44777
20326
8356
62566
91013
65492
17213
98879
16425
82469
72365
21271
67917
28928
48009
98640
34114
18396
96709
62247
4836
59747
96682
52618
83035
36882
14390
21191
29998
50718
4592
2559
65349
23056
42822
12089
29017
49521
64805
51507
83226
35329
89108
44403
99388
58496
70861
30075
18687
46095
14650
33531
41434
91601
32616
51457
836
21868
67178
267
58270
69100
73549
70845
38816
41350
38963
4110
84542
3065
69487
23965
96471
43056
95484
5761
66331
24421
47385
51101
57590
40127
27333
54354
6716
1660
89459
2351
16595
36010
32170
97124
2616
38448
26492
81812
34799
58921
59585
98217
8458
34640
28239
37633
59029
22519
71160
934
89404
86225
97088
73243
42074
79120
91514
22834
77919
80456
73182
49690
44380
89651
86985
98806
74286
20014
96400
94889
40613
67456
86178
29293
13233
77402
25434
739
68520
56026
71518
95877
94293
56906
87191
83512
66784
68037
10093
47997
61718
74618
32990
51301
63925
91304
69882
7460
65878
50538
50974
3711
47032
74636
33579
31296
42309
1371
95523
67496
52259
44348
74208
81252
89689
72594
67377
9368
38235
35779
36657
8951
12405
59156
92645
32629
6864
47920
33778
60372
10467
37192
2905
97498
36633
79604
85201
63492
81659
3255
61919
22771
33019
55073
3443
46437
97436
44463
47330
46559
73152
85581
51388
52838
12208
98523
14442
22893
44706
18797
70918
77064
74506
69196
99254
7167
53055
31866
5126
31934
35208
70419
74401
88841
16483
32014
93964
84237
74770
51043
77119
75314
77539
18023
37569
40684
39227
98003
45183
67889
18462
77571
26120
73413
53981
77242
19176
28944
34460
37506
5375
47985
11615
24337
39069
28749
71152
14407
52861
33504
21424
98324
54011
26835
15608
4951
64051
84878
77386
58336
65880
6533
66233
9623
64333
35534
20689
25942
99811
32723
27909
54513
4496
43715
54804
36310
79528
33379
84662
31631
6363
34209
31656
18373
46603
18025
61330
7070
33736
99952
34130
4327
68745
73102
14471
23212
28649
75145
69883
55972
54172
46028
71725
31626
8621
79062
55035
71718
10741
56079
45257
46091
97306
38677
60080
50201
98210
3797
21606
71394
21650
63222
83781
82090
23431
50639
63419
24967
99792
46584
36270
8296
19078
73661
87689
36306
85737
38575
3720
10310
38457
18421
14140
35134
67566
67969
85243
62934
31220
1405
76647
23303
13638
35907
47577
15822
5158
28044
36234
76396
15254
79904
78686
77959
58614
78508
61357
77165
9594
50738
75951
74904
9671
43386
73924
19245
5642
89830
21597
77567
43286
59396
24682
23984
49112
63292
54081
16856
24664
28457
9704
16638
88014
71845
82175
90211
83167
77884
63021
50110
98707
31459
27845
85186
68532
74145
86196
347
82980
60043
9098
94551
24603
69646
9283
36962
66300
51717
1681
48458
74771
24971
35688
29762
35854
80298
43205
49601
89397
35634
24092
9770
57703
68389
1469
9222
16114
42287
6945
95437
51663
52627
69431
21860
34328
91328
52901
76353
51558
39074
48637
30346
58635
23861
33471
98427
10249
23829
59717
15173
34029
4368
6959
48276
97420
60221
30122
83465
41048
52454
27455
92903
49086
609
74454
78057
61600
46877
40326
17040
38346
29559
8986
80698
36499
73515
85409
67501
19506
51976
86065
48628
77626
12508
91897
52160
6388
82351
14722
66960
84823
30892
91298
24299
14951
78490
30333
73834
31239
50025
4567
33747
14044
50855
92346
46944
37791
37106
54433
8509
16894
22504
58207
84816
93009
1466
61231
46484
35668
56575
4313
64030
99974
61476
34909
44352
80636
27970
4703
39627
10402
56776
82799
69327
41839
61111
29459
43230
87940
25549
74036
79567
33954
29304
51074
13567
16613
73036
65957
18961
86016
61616
96737
62934
55510
98227
6148
71688
87250
39836
91536
80752
59908
77375
9312
50183
88569
45643
27160
72890
73493
12448
39981
20742
29744
73726
40782
98307
91530
39768
89614
31326
53676
2408
6959
63134
35229
50844
4557
5095
27005
82894
31620
93085
19234
14993
72862
10784
20460
28839
78269
12310
99943
5551
92738
59367
65149
68316
64439
71426
6325
49057
61919
76092
33228
67369
26616
96504
3406
64963
1482
4290
96913
68922
19791
59094
36175
32706
98463
20030
35646
43086
29846
25080
73389
36671
17988
83477
47837
343
17490
1022
9177
46700
51404
55154
62708
26199
49327
91882
92286
4364
30960
77021
24866
50213
73446
86175
99359
25175
44501
80228
66465
78309
75544
90371
58555
75411
88810
43445
65796
13267
1489
85341
83211
12283
9704
52833
54712
68504
1704
82615
9792
29788
9522
12443
8036
34898
82139
92636
77063
7922
6068
76983
18538
41360
39029
96186
42406
41231
91334
72683
75174
95155
89290
33057
48094
15796
76616
32656
73547
50223
27543
37314
52681
16182
95941
6369
56363
69447
53060
52337
13594
93082
64434
38170
94093
43187
14211
92131
76002
8504
92077
34650
11286
35997
58896
40432
88230
49851
22336
75745
80131
42527
75824
88337
70732
46430
59773
51026
52138
6246
23124
19682
97389
46256
97441
76529
21246
12210
65717
27169
3713
58961
6995
37990
68394
10195
62967
17837
60056
64882
97635
44824
41170
61485
40008
81575
54621
8920
42669
94675
76311
1876
65055
98803
84787
49978
15925
21218
49297
6544
98751
65144
5273
45374
61259
98100
6420
93370
95923
49627
5800
61727
55814
73498
69614
12764
4913
56680
58481
9961
95786
4103
36420
87893
27385
40265
97409
80987
46596
4046
17274
30418
60277
30571
57886
739
32522
64935
39018
2454
2360
36096
64584
38117
17181
11947
65865
35346
92065
97656
29787
18964
38888
29683
12199
84876
68439
16550
91561
75863
22688
65500
39437
2268
89451
85024
43875
42341
86787
79012
83166
57514
62939
32287
73646
10792
36123
1678
90264
92977
79915
34010
88399
95774
82970
69530
17266
25471
5995
10607
1250
12370
4733
66381
94845
27026
66678
52026
80284
4967
97771
79183
59301
97691
70638
39963
83246
5997
63541
70215
48911
97342
38883
59444
82114
70889
58229
40001
65914
20688
81067
44808
2269
28209
43696
51944
3072
85495
48392
68765
24829
36301
26166
38603
32851
621
53671
43610
12635
11127
42686
56731
32770
15453
10461
68393
56776
2171
1773
28939
99379
66020
17226
26742
51793
55479
21389
72591
69384
95217
13047
71853
38396
21468
45911
34237
40892
27044
21465
1471
83241
58282
51308
72078
49989
21330
64653
61053
35603
6455
87157
51485
6513
41759
28636
70011
63503
92553
37032
6118
32427
6658
43766
93550
25770
84214
83204
79144
43860
65124
73656
78734
13037
54507
28145
58947
46092
17440
85128
13428
31322
63874
79074
25114
2056
71364
9173
77148
92813
58953
1908
69234
15963
34415
7737
57444
12797
70081
2510
55601
96975
67248
48504
52107
37178
45820
11137
2783
1035
16781
50945
86930
67502
66270
80807
98183
13772
6745
15529
66718
73982
53053
47462
34390
48525
25627
70388
51891
3656
20673
36140
90875
93889
55725
17966
43962
55236
73220
59985
73637
12245
94715
62347
50171
30821
87377
23194
59336
14609
36992
51533
99011
69207
27368
39602
62935
89013
14348
22652
37503
90912
82744
48240
72202
80990
831
54892
89503
6592
15300
25013
38906
40064
52398
46780
89363
83475
11551
60813
22432
27242
24029
97395
72977
65835
99375
61163
49241
67367
43940
93955
95916
12984
4620
5871
644
62169
36938
48776
2686
3234
90145
65793
70529
39166
46188
72488
94
41098
38986
13460
6803
57293
47254
52753
9162
20143
30869
13158
11967
82135
60968
45599
65438
46149
36609
49916
35083
39656
32754
91733
7867
78140
76544
32424
8607
83204
50647
46113
49473
76257
45720
12964
9382
49868
40493
61114
20244
69366
57310
35126
79949
65945
42523
15267
34330
29497
86041
44140
93347
12605
99642
96679
4794
69061
8933
82111
52183
77319
2004
34236
21534
20137
54700
44337
6749
25725
36072
31746
273
86516
87598
44272
25225
87744
45987
7331
35426
22539
72538
5843
23345
26221
90535
53042
81087
88942
28146
89209
6446
65753
71431
83374
12890
24408
45291
10511
79867
55218
4969
90142
85159
87102
37482
61000
23380
90242
90338
21715
67579
12109
76263
10884
2392
98765
82205
31019
90766
13517
71309
8811
6151
5327
75380
31210
64473
4930
71959
73169
21573
11872
308
11456
29977
78631
64212
20530
62932
82354
80029
8424
34793
72051
33572
18676
53725
29903
17312
7012
395
4597
50233
15561
30055
39677
79262
50884
43520
60090
57878
69996
99454
65627
49775
33470
77642
65795
38611
1729
96493
97667
40280
60628
93937
1137
58358
2359
23907
37896
13459
35731
30202
68763
70842
48839
7922
2871
52651
70160
76113
7476
12172
55187
99595
39351
67708
16042
26176
43719
65544
43914
75554
28042
78583
86253
87445
15644
45376
33536
46607
45420
97435
47243
99296
818
88277
63992
18539
23792
70653
70818
66449
42341
22075
32732
94895
84904
96000
14682
18142
79591
58169
97216
27064
86747
61405
81638
19194
38408
31974
70308
65381
8686
24700
54208
82207
97231
21261
38993
96662
45438
66809
32110
46533
65344
54281
33080
43311
75298
86687
20737
83399
38966
95177
79160
29970
48619
62383
85587
80773
38759
27340
50807
26472
13444
22170
67718
348
85157
4038
58213
14616
24852
32162
87145
98127
66681
76473
62462
41486
83704
76861
26388
83905
43848
988
93734
49909
17868
11249
51848
20920
40015
80023
42860
32509
48865
50841
57905
61275
6984
93796
80553
5525
2693
13022
6982
88788
61253
93711
81120
30321
93024
3389
76389
28175
93681
3287
60445
57508
74803
81543
67385
16313
8660
14858
58904
62439
62776
75356
72213
30977
36813
17548
70225
95792
31430
58671
63064
29209
63863
52176
68659
84859
92300
99269
95561
26165
70950
82685
73170
55780
66547
77173
7322
50922
92841
24521
50927
72490
94783
35176
49383
21264
85159
76385
60944
28270
42348
82234
84661
10048
15460
6815
52906
7057
56530
7767
50197
22615
73211
3506
48857
5593
9378
75998
35680
80369
29986
30489
85124
61484
92616
24577
72858
44781
19243
18119
50075
27378
24009
71490
96529
80207
83999
58240
95066
37462
76836
45495
87100
60121
29731
31034
91557
78470
18707
4967
75486
23088
50900
16861
92812
68110
55432
88715
38146
14045
87852
71075
77126
40449
84818
65677
82398
84457
30813
18936
23
51535
92279
52459
6546
37023
64690
31770
62668
74767
16089
55924
6440
50957
3922
46169
72122
32567
42100
14057
92307
30114
45439
95320
12068
68190
45275
60221
61393
77105
53488
99658
52116
9472
39327
23733
61931
7597
73917
78389
66495
18233
16714
65673
52082
57674
40977
51826
82308
71912
75614
51232
36449
80706
31734
60458
15434
24206
32568
99479
26751
80557
59663
8794
94311
90668
82832
58939
9691
97191
17367
3119
76629
81352
8376
87657
8976
77549
58276
12554
70588
72616
45211
14004
69536
56863
65064
42749
39052
81748
2973
77279
46523
81535
84619
2732
47297
96152
70334
95230
71447
59665
92436
6765
57504
21663
61880
60601
65398
12857
49855
34279
40662
76696
2718
77961
9669
68383
9414
46902
49501
49525
84830
76409
90105
10573
7099
85669
55641
55783
29501
59973
60881
15183
86537
96017
28660
1698
14687
50525
45689
97137
97527
97644
22951
88831
42141
6275
22083
24964
55206
81784
75858
85684
63790
68744
71469
57274
7024
9479
24801
34237
90785
68563
6495
95717
97929
14786
27975
30583
20575
44441
11403
50715
22720
49470
2851
40575
73483
58821
46638
81524
90172
44455
61919
89910
90531
65009
98091
99658
6976
70201
66957
25407
4158
63947
8276
25623
48393
18273
77323
9375
74445
46353
37186
53914
92972
7008
32478
42844
10620
8244
42714
69362
32987
72584
44599
35583
14383
79896
20232
74944
86398
10236
72307
63825
95527
32114
51876
71561
51580
55540
67348
50912
99357
73992
59793
96146
24913
6134
16779
64699
6243
77748
2779
38657
58903
41661
51279
27217
37544
63169
22390
42402
99679
11510
91045
71670
70066
41036
27779
62079
69430
31294
97496
46782
77890
30819
54668
59046
72707
13284
86911
47552
33557
49353
85253
3175
53541
12365
27099
16211
97088
60592
27691
5875
30486
14474
51511
10227
86033
8412
91622
45725
26156
92515
29480
96220
11154
22150
30952
61020
47573
64975
9613
62030
80455
26582
28620
49127
58680
20825
77422
60103
82028
42728
80922
97559
49976
93468
61983
44907
26457
92872
91135
65992
12178
76071
32507
84031
89408
83029
41463
33943
4539
3770
3978
36745
57739
4097
4965
28005
80804
39175
40253
52722
63712
78030
8023
34034
15032
90641
63087
36739
41310
44786
39908
9378
23610
81167
76515
31115
41279
50227
9231
10331
13098
23593
43274
93238
3478
71628
20163
95332
6110
60761
93948
1623
44912
61222
23414
86376
99306
26348
78331
94591
87541
15135
37640
70288
13722
4670
64341
83330
76357
44102
19939
28204
44149
98913
29569
87417
52348
94044
86202
18922
12857
4694
92990
58170
18480
14900
48363
6173
66179
62449
35385
2913
6895
25875
88159
5399
94406
66681
79205
87435
22724
82000
12679
95470
4368
35845
89890
91765
64625
74772
23806
346
57482
30591
69880
11264
83060
48315
22475
12789
41814
45860
83578
63056
67011
27281
33117
70265
33265
31682
72998
85224
8817
12214
54863
55653
8880
9017
57761
47567
40297
28058
55427
45784
74404
3482
52510
35597
80943
73024
62697
38420
95544
23242
65813
24558
7588
22462
10487
81883
98831
21823
717
51357
9408
34203
48143
78549
79336
71297
80052
43434
9176
69168
26654
35624
98652
19850
45763
50724
78519
8423
82744
68990
36700
30278
35740
64607
17126
40478
18047
45250
21525
23891
64877
78319
30246
72069
18491
3170
18669
29154
5421
98443
2353
29787
1633
96270
69477
69363
77660
69258
68863
29684
60046
73655
71606
74108
65828
90184
96509
45813
18027
20336
854
72067
87836
5058
60597
48758
88232
23856
7474
78303
85505
18741
19786
73119
37858
81390
22195
21274
62556
41410
65978
99915
59326
64739
24187
72113
96929
37421
87740
63751
92013
89547
93766
93554
75852
94649
64449
99059
79401
75843
60716
19452
88515
26061
13813
19711
16724
91852
64795
97442
8760
84881
88477
34031
40189
62630
82142
31016
62374
46481
24120
21975
24443
14645
69370
91620
14833
21048
55968
97792
19186
47648
93486
34333
25576
61590
81384
5696
4395
23340
22640
20975
28740
12986
49373
12261
6877
74756
12404
88005
75592
64472
74502
30091
85417
26868
57382
46237
55936
72164
95365
63264
58455
29385
6828
41831
73124
8917
57749
806
70331
34418
16998
16902
93748
48130
57324
21585
70964
63170
96496
2860
17402
56584
96408
53349
58441
22859
83069
1186
81901
78369
3619
74040
92364
67779
71931
32637
58986
28813
69809
9749
32344
56738
66386
55753
56443
17165
69279
68823
23509
75266
53414
99522
59794
32674
50531
44425
2096
62973
94035
15925
14187
73682
15856
59084
43109
8050
83438
65764
93583
11203
21744
82417
77559
29472
99720
67422
52526
15742
87274
17882
40276
63113
35243
24074
36545
11020
53019
2109
52851
38928
22556
24061
84496
49692
49790
21344
30295
77083
40057
92638
81159
71675
93126
92989
95435
24945
96059
77801
19424
85369
94049
82303
76293
507
71922
1224
17630
81162
41972
18851
83813
11111
43533
54683
63437
42146
82019
67416
85204
35232
16305
95889
27077
99768
135
7743
99271
94711
68863
17580
61286
44995
98231
94794
60764
4989
76176
9089
65051
58623
49026
9952
17209
35365
31514
76661
69945
75689
57617
17815
19986
4006
59658
53824
41502
862
3847
74585
47201
79799
7656
4781
31028
35296
81858
62879
66861
88401
30296
15992
5037
368
34201
60536
11046
70128
29685
74990
21478
26804
87453
76163
89796
76850
93302
3248
71846
59026
99866
84943
82476
37621
683
81199
75037
84787
26645
50594
29037
16188
14847
57585
87335
12128
58541
39695
50429
27755
36181
97258
64969
43016
78811
78974
60798
42278
48076
11619
98896
56984
307
69959
5949
31158
64028
24471
94934
52160
93539
82774
18862
60643
51928
37616
57087
87540
70961
32424
25651
38906
2347
15822
48565
31240
24799
18828
38420
55528
30813
29311
29009
84339
35496
7395
4326
40476
66190
93927
4691
43276
13729
73504
21222
93704
77783
52666
64742
19024
49243
20489
55197
91937
81037
45629
74111
51449
39645
17331
15931
20666
72831
36744
64445
70215
62475
93672
57789
30860
62901
88549
73992
4379
31044
93508
99848
93841
9840
11602
88563
40471
87933
33908
6189
54531
3215
59515
6779
14079
36425
85909
68805
23105
63877
22560
22599
22394
9586
42970
87029
30699
41861
55061
30472
71728
39454
96294
12265
90592
59449
24284
27864
92621
25932
31245
10713
19398
55523
8204
49084
82749
36214
70999
2120
7170
33508
1965
47844
38029
78799
53341
65185
96795
59475
40825
82791
32048
75748
81354
50555
41435
24579
86876
10730
36599
68156
52410
48756
32205
35232
56021
55703
78839
34138
21661
58199
67584
19823
86226
23208
4519
82231
79764
24
73090
25875
62295
53531
88446
36234
36243
46003
93477
9988
20055
70588
41081
97826
85789
43378
27228
89783
21305
45376
9618
31431
54155
32006
4254
81851
43284
58310
8425
40190
45285
64651
5986
92632
52850
98326
39039
50500
93702
15910
63009
45583
20176
88195
50326
84720
85883
2376
10647
84670
97948
69962
65522
40755
10020
43017
41922
17531
56693
9843
30778
93272
22610
33071
82017
8886
95375
34828
57270
79206
73319
27111
67189
63065
79692
35187
40306
63931
92696
25000
20738
21321
67171
66122
6394
6576
76526
63893
94863
94532
61211
11010
68667
92345
21088
64281
93185
31106
44912
76147
56008
17987
1753
81546
71684
39957
20525
99391
92178
30710
85272
6120
33825
83307
70288
44020
33230
84339
31435
60348
47400
66536
74826
51752
10515
6357
13330
40251
88168
81135
41723
72221
67801
27281
82914
53123
57745
83672
80345
64540
21146
87575
33215
36250
79832
83512
40906
11483
16179
32816
70271
84052
44883
86014
25668
84281
35748
71552
94254
34219
53080
27057
61588
72030
74315
66371
85060
81222
21602
66613
11795
67966
51597
5617
86128
33620
5484
72325
16338
596
26285
16187
56016
44016
53299
55287
24431
28457
37330
91213
70966
87580
27159
45053
40157
30220
88421
4300
88548
29960
95162
35904
18272
79992
84112
74551
93744
4809
12511
30437
37390
29747
87007
33768
34944
98308
9228
72201
66254
35179
1410
13298
30351
13314
80712
53126
85500
14425
99913
417
54278
73275
46205
88622
51715
30495
76038
66975
27491
72014
78102
55372
80193
69995
47726
63243
74900
40612
73025
28552
43526
69748
73336
24001
2908
57074
29870
45953
46452
42553
90235
14615
69133
43893
52718
23538
63296
89863
12052
38523
36524
45237
48469
16271
92751
75825
62557
13304
37008
90756
74232
57831
37209
65815
919
66383
77251
55870
46319
79585
54697
35234
29088
34368
10239
8105
71187
40128
52603
60643
39229
60480
5201
91924
32896
20641
30844
74937
52785
36962
18872
80089
91028
99258
55565
1193
47715
78705
19654
34300
69230
61050
86176
83750
56380
98769
4446
88075
95375
32333
98649
76424
41158
88291
41236
71645
19964
96535
13101
36886
62029
8991
14864
22581
72857
27478
82214
78846
98017
74169
66282
98367
63119
87809
83644
33145
11474
41246
6639
11855
78246
45933
25853
78698
45746
97110
18138
33638
61547
53988
60965
765
11382
27553
31547
33614
97099
16782
38886
9610
31861
20252
36819
19675
77909
39274
78433
78928
98727
76443
89621
58089
77084
28787
33611
64476
51942
51374
15622
95746
95346
14717
57833
32674
61744
14558
36542
48951
52558
54646
73875
3872
44578
46862
16997
80740
87622
21959
57012
97183
318
73084
69174
12078
92565
97523
28135
99315
24741
6815
63358
18917
2486
84597
72955
5752
10718
38312
13469
42340
73350
87907
16112
12149
32589
35843
49955
77966
453
30223
63223
19098
92667
91124
89748
53009
49269
11553
68822
97315
45588
1212
13508
97700
85401
61696
26529
99316
14948
55028
30203
59657
65015
52840
87649
60156
92921
70126
78258
71277
76406
11571
41553
44564
24612
66521
65460
97829
72032
98130
80411
1119
9047
41115
38621
29937
99041
5331
99422
82185
10535
54390
18878
68027
1157
54234
81771
30890
72619
69893
11094
38582
20093
65801
17955
10882
1050
62173
28890
47360
83610
1082
83450
81724
94993
75407
3597
33282
35056
55137
84087
15117
44426
20194
65416
88780
92180
61068
15857
8499
79046
66363
42131
46076
13790
46820
38067
35127
95652
70262
585
68917
18311
45996
5016
48973
36134
84971
64888
61034
26604
13054
81999
41201
52946
51660
76222
45394
8200
20371
823
3754
92911
48131
10796
70547
21885
81945
59331
82697
50787
89558
86503
99417
20460
49212
58680
54824
11995
59205
11073
95613
55191
73439
56746
58892
85891
63336
25476
95264
26886
83906
67074
55780
58537
96082
45031
23055
92190
93883
18746
52906
39230
78034
94262
54174
93419
88542
53790
87167
3636
19439
12429
25007
43543
1624
35532
33936
59520
92841
75805
58218
66288
5869
59860
17269
58617
54365
14758
24612
73925
91135
34393
45486
82263
94911
28283
15930
68041
37927
73998
89126
23892
29214
30112
47796
88878
9659
64442
10290
38766
41925
65102
98052
26251
2473
71027
81360
33506
44662
86958
48646
32566
44728
53670
93194
44018
81519
34553
69824
87082
96523
70637
21746
44832
38886
32446
77504
9250
11326
81302
10885
66576
58062
32124
33507
63867
49833
58403
59306
3241
61810
53090
66410
50550
45946
47876
89778
468
2679
93462
84004
41746
47133
88862
82967
15195
62363
72715
75528
1366
79989
24071
35486
85995
78298
57288
16729
48581
58209
19814
83447
97618
14597
76360
40930
22951
7002
89975
20537
17344
25002
80500
14170
58790
27313
26885
88233
42346
73713
90410
16095
25933
80051
22222
50289
96802
84699
29689
59420
45675
37382
1922
26378
92768
739
47810
44036
6318
20683
27780
86357
17179
39358
69368
94006
56104
27932
62567
40091
45968
3196
23040
96153
55437
37740
92849
25554
84762
22054
25521
95647
32242
3788
81914
80024
35671
21376
91189
34499
62479
97538
71118
30327
26345
69318
57670
64012
97918
73585
76614
8482
12754
336
90449
46474
16729
50901
85171
10260
52726
23407
94486
37621
25183
78789
84019
34549
60700
17167
62181
95731
55502
31218
61849
92438
42029
23765
51361
66097
4010
12228
95977
69201
86355
16545
77121
18502
59573
89057
62456
9516
44475
52554
97866
20981
58036
45064
1584
15284
10451
76614
80053
65416
43632
4879
72329
48612
11916
21025
86255
80343
89361
52074
99249
67517
43864
69250
66867
72417
74724
32485
17893
48045
81100
50603
14321
75728
51606
77766
4917
86794
81311
47736
2731
42935
89783
60334
70371
45110
1097
6204
42866
11188
25112
44182
25924
56314
7556
11113
40908
26480
34188
32372
42333
34540
61198
1382
66545
53979
35306
84757
3750
16843
6021
58456
34281
23315
19848
8258
29002
51871
71688
70876
49263
46587
99137
94077
64004
61275
55740
26024
15760
38406
99248
97410
25988
97629
89956
68207
33868
48779
29586
19721
28168
72906
62856
52923
43124
5199
14024
68448
19074
42036
18863
51507
91722
33889
26866
66226
25112
36949
92772
52212
9923
82614
17972
64996
97534
69875
2867
96666
49255
4307
91668
55284
67933
27644
21804
22070
12655
29121
45945
32891
64912
92297
64863
64822
31622
30584
81837
90506
14305
15260
12511
30242
30249
59510
21308
749
60688
30819
54815
74298
18726
66215
60723
63629
8268
80565
46295
1051
84352
36956
56737
77127
99159
25777
78623
20025
13800
86229
92856
23160
71045
61252
20945
76228
58181
84282
94188
80754
55613
61569
50955
74533
23277
7003
64466
87909
60502
23240
39466
42687
37065
79925
73090
59833
11483
8449
4304
656
62901
66541
75350
93392
39463
90464
6975
79
88380
56788
96168
87654
46729
9376
12155
70093
92287
75171
39671
55762
5537
37066
5740
25078
4079
15070
31330
5284
65664
6317
13561
41551
38478
43251
47562
40935
38699
58948
1293
45175
79794
43673
20596
20286
37241
29173
13044
83495
95906
19411
83268
69160
48528
32686
60703
67924
28246
32044
27267
39453
10539
59656
52251
91785
12698
24251
64602
19120
68214
62086
83422
25904
97483
45342
21556
69996
11951
71572
56506
23367
23384
85632
51967
97977
37319
25737
72647
