13544
95993
15030
44314
80823
43642
86378
91375
31083
68692
91281
81440
58212
16482
12108
99147
35421
95510
34442
12125
15511
49049
92382
28781
24351
39791
53756
13029
91547
20313
52049
75290
65462
34196
23772
97692
3173
86111
28396
19657
34805
68827
34839
16669
50324
87947
70579
3300
2136
66778
88821
78735
61871
69915
93765
39749
95909
75628
17338
98065
37772
45364
61687
35353
61963
98635
60609
90863
90917
58361
41596
92448
73060
5366
53537
42025
5282
98193
53022
89610
48244
67852
69130
72947
2803
93796
36643
59898
22217
45135
30726
36879
26773
9726
62666
48903
42234
69154
19866
16052
93578
78411
87853
41942
29514
75307
25828
60586
8547
7384
77887
99488
82245
81745
94428
87979
92887
77912
46093
10418
3583
93406
6261
41091
29898
65852
83423
74727
19929
15741
84602
81425
80713
78681
84469
68464
5341
56860
54163
85699
24042
67142
6955
59596
61087
84811
53823
26685
41295
39770
91703
36975
14332
5947
31194
30066
32673
13170
83848
50143
85564
6816
77174
11561
81174
28776
25222
65105
23600
36879
33667
25177
20141
3996
99670
31024
80950
36608
19656
91212
89102
44911
52213
77846
38610
79116
95177
74847
34956
6051
21722
19633
42837
52591
16097
41632
75748
87164
96694
83039
77528
90567
64775
65710
84797
23809
68948
20145
85438
44914
12746
22813
45480
47290
55131
59979
75735
44563
8727
93103
19968
37299
24233
59586
37049
5198
26703
5595
57960
98424
5879
93788
33735
53415
22099
82984
45873
42487
62041
70931
58796
36423
68442
84562
97555
26016
22461
32114
18526
56822
38135
7972
5072
18855
39112
91893
86621
41057
12821
18076
97302
72224
17534
59469
81203
10837
81724
17419
74939
33890
42873
33402
89363
51649
38379
14353
75361
25669
42350
22062
81051
53144
98653
76164
94129
50595
58157
93648
23060
67308
78470
46505
5217
87738
88351
34582
31406
63668
75797
22777
36528
40519
50376
33673
79687
83878
78578
18909
74118
92972
94020
2116
17602
94717
31422
45362
46199
73770
20363
28405
66738
94131
94231
48006
70814
14375
59918
24826
31534
62311
32595
536
17092
52329
89113
1893
47004
34777
85825
3483
17144
84345
67793
44024
7432
29192
4077
97235
45813
94305
20149
38953
43819
63834
48219
78294
62849
41613
15807
59231
32614
33108
33193
7115
81162
95501
83330
67186
19430
87005
42415
62702
74185
69809
71115
78318
12479
14463
27807
5290
87712
21547
95201
81776
6291
13126
25383
14396
88861
57840
30150
6727
32362
55102
84427
59447
94647
23927
43157
79668
22521
91608
38093
5210
53101
56823
78724
16170
4637
53061
34567
60091
65036
15245
70337
70190
78686
92153
53166
319
35047
89235
47639
53207
42127
30921
39278
19070
22494
53354
26951
64878
45193
19565
34962
21219
81561
10480
36113
20879
29525
382
34266
58378
4684
76906
13706
26470
53185
49432
91844
6528
95987
36731
36773
53843
79495
75353
6501
87142
11732
16490
37805
37990
61419
50143
60527
2094
47617
28224
41734
92834
88859
50830
66699
12380
73429
34919
81713
9949
15183
73543
95006
28741
19700
73004
60070
69790
83112
61554
2021
12562
46989
77116
43225
50430
49522
85044
76410
72030
8281
43626
80599
89639
97699
32377
750
37491
45659
57703
43560
35863
84539
86251
76335
84177
58911
72136
17516
23549
20452
70488
40513
78311
76924
28676
65472
32762
99954
52175
75206
33399
93460
33747
20280
90530
54626
60803
75512
25558
94705
91439
12772
39352
16220
4966
15723
79816
21287
81078
54157
56948
34161
48943
54286
82664
27607
6597
62358
98912
37023
18868
34760
93374
79783
73790
9245
46902
23274
4240
43388
83942
78508
11363
21849
11971
85795
9469
89927
12719
58594
91064
91867
76967
48642
1595
85055
18745
88687
32260
42223
97586
80045
58247
88019
6101
23302
44400
70297
9832
43153
89156
18639
74665
46975
64933
71194
32414
70821
96213
38774
24105
54818
34482
96331
67706
98860
9888
52072
75998
19227
87044
73150
45174
83857
28812
46524
76034
62084
18956
96354
94652
33578
49347
26020
33794
45568
93980
8605
87979
95063
98512
8749
52794
4155
81705
95249
43024
19393
84962
42206
96604
42669
87210
8121
2062
86045
5287
23125
95049
79574
89047
57674
73462
79721
1905
93231
11029
22337
79530
77365
41199
54123
98100
48479
93351
86082
45121
84577
28846
2871
96453
78260
982
61466
52377
53459
81374
33543
39036
77525
8012
54191
35348
62375
922
75298
82546
90629
71303
16726
54931
31381
67085
22167
86211
63361
86290
99467
19613
87887
88024
22432
53581
43838
33648
93557
76726
36863
84780
99586
37039
75502
44849
2404
34792
12043
39051
16553
55082
80153
51162
68180
86941
18931
88363
70862
97795
23974
78402
8234
10113
16335
9458
5330
43870
82673
63695
48627
28388
69682
72602
96386
70436
3668
62812
73449
98678
57803
29774
34643
381
13408
24341
19087
76041
15201
64971
4004
77014
82690
82424
80658
48434
18228
54240
70560
91452
89088
87381
20552
47784
59713
89933
78171
52575
34395
42671
90354
81667
4316
15527
46610
44880
89901
40345
43195
92029
74388
12370
88013
54242
60426
76025
23864
95284
27316
15109
84926
56652
9408
70888
74343
43333
98110
79881
88993
77444
44376
7696
57074
52530
30576
93146
61116
50341
11604
8716
82827
96125
48832
8708
30814
48682
76177
47306
42767
31562
86209
20358
97601
36912
63428
91404
80101
69760
82366
22002
19145
45847
14175
14786
30174
52136
24060
81226
86404
96001
99562
66993
58740
80108
74873
32676
5641
69905
44812
12303
14348
87673
17585
14567
13243
45485
29665
89443
59702
3773
15285
84907
57286
2908
36130
52041
54729
31433
33555
71708
43966
87368
23171
81772
10793
59279
9395
53751
59716
26781
35886
31850
84483
91044
50390
83787
23490
5927
16074
15731
29549
16799
36247
58777
96459
28728
34072
41194
15720
11256
66155
9396
98910
88223
24209
33473
23840
66089
69570
87714
64066
17073
17067
98561
80104
71792
66789
92152
13481
73411
78195
58495
72415
46986
79416
85696
74190
40365
7730
30120
39183
18361
70231
8534
79673
1288
39082
14069
51722
97599
35866
22790
66455
79152
25880
74103
43918
17408
16690
11984
8516
6435
22769
81676
39936
35555
84363
66116
15522
96032
7206
90215
70482
96113
82698
11782
34561
1033
12034
63243
12030
47252
62031
25546
70999
35072
73224
78352
68105
5721
85713
99928
26567
67245
9719
7069
98659
76878
78918
48681
22716
30741
79304
5739
73412
91396
91194
71783
22924
66084
75756
81032
9774
37645
60916
17393
33463
99524
60752
30737
17871
83102
34518
48340
60230
19811
70426
80342
43229
85742
99964
65362
24494
74033
80394
78713
22777
46997
27833
38654
28685
65662
90268
29838
82767
26925
84703
32734
52425
63808
66499
59804
3026
55540
87797
17287
77110
21931
77197
91675
67586
7272
53760
78884
49934
99158
77507
66036
14023
73993
14365
22895
94040
76444
14599
45635
43220
75929
11778
96790
59779
76504
36821
79448
72135
94143
96514
7223
31401
87847
61732
31216
3301
66047
79623
10051
96495
74473
63108
46624
21056
9475
2424
64222
86209
37088
2144
5835
22802
76373
44370
34109
5208
33744
35899
69830
56577
98786
33457
46854
64981
21085
64660
53882
99579
5048
20422
79251
59172
9807
27299
67938
1945
39815
48831
55695
40956
86032
81659
40936
32157
74372
82020
47702
58236
84428
50600
23084
69877
79969
92853
70745
34157
21583
7024
73308
88631
29206
96431
76919
64484
21386
43700
75357
1861
58331
55174
28485
51742
67759
94637
82720
7528
298
69322
28871
4259
24912
83729
11949
38711
47873
27076
63059
7685
97635
21773
34331
23535
58910
35063
97237
5824
44576
43561
37301
7673
4832
22305
88165
86585
87744
81833
59990
19016
14092
6937
88594
7201
45120
39113
19405
23770
68678
34576
7386
94225
13755
56254
65562
68757
84339
22194
33487
77997
12339
74649
4142
45065
57821
54660
80819
52451
56009
13604
61678
86065
5966
14853
83132
15211
96832
93188
62321
6899
62675
68558
51760
4581
81725
5783
6717
48701
98938
25716
24073
15008
83401
44565
42733
14728
6676
79490
76082
16271
93805
51153
82093
85399
63507
79042
14024
4051
44212
91127
8795
98902
35052
82419
63418
27030
36620
98093
38056
45148
84662
38801
89129
96203
68837
32499
73909
50955
43785
14033
96360
11857
12559
645
66230
17133
26880
84963
73244
92463
40288
82293
69393
15510
99414
59441
33340
55671
35884
92499
97151
72838
72588
64572
85073
68260
57418
54599
36554
55782
71265
67716
81207
50621
72309
32819
53581
48871
24888
14334
58970
27922
136
78355
2199
23080
1269
81149
70522
64572
30816
15486
32359
3951
57183
2251
2598
21054
41278
44932
69105
53644
25727
21230
96004
67240
97922
28175
40247
12315
35615
79686
71111
82736
49072
97892
57168
85152
65068
96267
76855
83993
42862
74529
10915
48714
55124
25648
13420
79373
54787
8318
68556
54290
84936
28068
26739
56548
54682
54958
21302
83515
60635
24078
48519
33117
71324
90268
85247
47921
26752
28334
29976
73346
12313
44816
45496
41516
97647
28545
93159
64870
66591
39690
34209
72684
10752
40091
2727
7015
99905
72707
18768
30107
23789
74955
29342
83182
29937
58576
1259
24688
73492
67580
48609
12587
84517
65024
44584
81256
18387
80656
29467
90203
64725
95195
70676
69741
70186
22853
89094
12868
95802
99427
6185
91249
30716
59378
5903
37333
19857
59956
29781
51921
50701
83208
45750
90344
35798
73284
44825
24371
58404
99538
4395
90722
31369
99013
26567
2890
80170
96855
38002
97263
61899
8096
2435
10063
40361
28117
39199
19464
81569
25114
23043
27943
76238
89125
33530
61422
4176
70449
36367
52225
50343
49435
43772
21038
8798
71101
10688
46518
79493
66661
62480
30460
90583
19505
78532
29609
79003
39241
11314
24186
74949
71576
90744
92423
56476
11849
48626
99152
8855
5306
2892
89286
52480
90655
59058
56435
54970
17686
40131
89543
55263
41347
85347
60928
51266
20648
68239
26901
48020
66914
10412
94751
64610
85186
40248
35652
9563
93606
94754
770
25455
19796
70998
95669
12850
54002
25392
8229
59488
62821
2354
68270
65723
62949
92497
74157
8624
66873
22473
75844
43352
53332
82576
4075
20186
28043
24936
99572
55949
35985
40302
40472
48124
18066
56016
45058
48674
51272
13756
62200
61780
79165
32819
43682
83006
24350
28572
29817
29445
25944
53077
15533
34124
18579
52708
9618
38803
98343
53867
57640
16121
89470
346
71718
9282
11880
20958
93347
72211
43509
79448
12736
31546
37811
19177
81301
34123
44228
31593
42967
68965
36666
36727
96514
69300
82802
10378
95017
18959
34891
46085
71991
44769
54593
22857
46401
35301
87979
62725
30762
68394
8845
21033
20050
20598
24634
75736
59132
9063
16969
8092
47387
29460
60371
73619
83352
43507
58887
97446
36514
72947
6218
40571
27539
35689
59790
92000
65019
61705
70030
76840
93900
47818
73763
26419
32289
73196
14054
9893
58059
69013
66819
65432
99193
214
99798
57229
2467
76429
93924
13470
72499
7044
75193
87311
27025
46774
34521
86563
43722
64178
2533
69579
43004
87992
72877
60473
26945
9664
87308
73299
2325
5338
80772
50051
13509
560
23415
49802
93430
31239
81183
53685
97839
91173
1067
79560
97605
99500
11926
55478
99777
50980
80261
79443
17391
82647
90365
52353
2694
33910
42719
55942
78703
29497
41921
42879
57779
6180
75370
83373
92966
48485
51690
99374
10378
27161
51604
79783
72834
60142
39321
81181
62708
22115
63169
80611
19641
28364
97224
58957
25124
48818
85076
1442
22092
84791
27087
97169
96376
43895
25477
1115
2278
69962
38202
22574
65881
59302
46985
21393
4445
64673
52821
94651
60471
6260
38734
26559
81709
86554
33699
13634
51823
30136
23358
45132
34529
67032
88544
60540
73607
86061
70233
91510
54380
25211
53380
61400
54318
97966
3101
22411
49513
9032
61696
60053
47646
95257
87999
63083
74272
15462
9536
63587
17020
20812
63921
38759
30370
38110
47209
96038
82612
82635
73884
44612
17577
60827
36570
60658
64479
54711
21092
56665
20123
99432
45900
61999
19358
9207
64457
12300
65286
63060
45652
29014
24509
87603
28386
52696
53251
62960
57341
50929
38067
40019
9569
86665
27892
65102
34929
30238
4510
4900
90739
20573
59367
49796
61455
78765
74761
75474
23807
58756
38130
77127
66323
18237
51080
63535
99684
11937
19223
39408
78930
38978
51128
88522
44285
33031
77759
66298
18556
19745
45377
94520
60222
8413
10656
24769
60891
74482
95189
52751
53973
92058
75321
10819
34672
93501
94704
34405
94699
58664
60594
36962
90779
8829
93719
31189
85571
74212
99071
13664
46321
12799
123
78297
68792
13980
17147
46210
72485
95523
39157
89168
56000
15119
70991
96365
5985
47482
11209
14905
48716
17776
17962
41068
94923
89382
79525
28406
92135
27331
18855
79271
49347
35676
80768
14570
11221
60862
28940
43372
58081
67620
35677
88987
21427
47305
86919
77769
73369
44919
50440
48656
55387
36158
96465
93711
7032
21280
36213
16722
78910
53417
9293
58929
65189
69275
89125
9711
81513
89928
38503
68450
98883
13529
45378
64274
46083
71179
26646
82714
62059
7673
28063
97868
24171
45044
86588
21265
78388
99984
8827
63438
16859
76632
77666
46754
24269
75426
48764
70252
84873
59068
29535
88521
59839
55078
1686
80699
25891
76025
304
84293
70797
17733
64164
77042
56816
26936
18366
40438
16437
19418
56299
35276
49235
14582
85245
23295
15917
10163
91035
37252
76105
2049
64744
26500
63752
4942
3471
888
1671
30520
40232
67341
9009
10813
75721
39815
74014
54670
10956
20641
69613
30978
44537
6610
13273
16230
51376
82699
79643
34995
16821
93789
82620
63128
56248
27544
62228
22678
56927
91087
4196
32043
7315
21079
97420
4261
17636
26189
97578
71512
8442
73527
47217
82987
99929
96226
98466
56173
75824
93579
55881
47845
24926
5626
23062
43623
9473
9065
30806
27778
79612
27266
68365
5270
33636
83526
66355
35683
43048
32106
46312
25180
23579
15291
99797
91866
26720
29186
77569
22062
58896
47971
43724
44686
85386
18655
25003
22353
64152
36186
81057
46166
77625
93463
7383
89981
72209
14111
64632
32089
65034
4800
5643
42877
4260
88850
5645
32116
66560
90741
54058
74733
90757
56566
87320
2739
12109
24112
5552
89914
92464
27983
27690
77237
97515
81456
61717
98277
79244
34405
69936
58956
37596
9557
27303
25664
24265
60671
79437
68698
23823
58174
18802
34190
24067
21352
20193
76117
64092
44081
1977
71303
63454
27533
21670
28932
84036
68211
73467
10065
7273
46109
56942
48864
66963
89547
35473
69383
45789
42887
58056
10131
80256
73763
88588
23830
28381
85343
52699
13051
96905
19366
79705
80602
44470
48024
74823
91591
65466
41827
49982
54309
47165
84458
66920
59096
64196
98952
97564
53976
73557
90061
6676
56801
11879
61063
4812
69448
48008
90524
99161
3784
22634
35892
94116
13081
36171
84563
15874
43362
59231
88900
89361
61254
79100
81585
20625
10714
26210
76334
17820
75702
97061
88534
132
82570
44280
84206
12135
11208
56088
16677
2865
48159
7506
35229
7695
3944
48338
3939
52427
79929
21449
32281
26025
51351
57978
50837
47133
38344
23521
42243
44614
15046
40736
51238
30219
97136
91912
99579
15537
52154
64960
44766
31542
88485
59733
98246
48397
6250
87231
79947
84502
75791
53259
61064
56409
78812
56842
28219
55967
23335
32757
88010
84205
96587
36859
27104
64382
25335
21321
34164
988
34147
96277
64714
36123
94782
53159
43699
57970
2786
20229
8560
87543
86217
14585
96500
33781
9977
75553
53031
10700
84795
79666
86886
95494
86441
71786
61224
1394
99909
45553
5308
65342
3174
7403
93294
98229
31661
93949
18184
41235
38999
52025
1365
16161
95211
78344
15553
26834
60083
29490
38332
11257
39527
90413
16509
74884
28836
87616
53251
29369
36604
29907
19991
13611
67495
64981
87341
40921
28536
23081
2921
63811
18794
92558
93439
77354
75225
77610
26739
31043
59181
16082
64254
75800
3504
51481
48978
3900
38497
77330
19381
77000
57345
76035
44457
12630
12459
87368
48844
60889
47809
92705
26363
61495
92481
72986
78545
37029
89110
73109
5486
76509
82123
61365
44787
67806
9402
34473
56041
37856
34051
47924
32449
3603
97624
82805
22518
95763
73557
50584
25358
58506
23693
45592
42688
99970
89343
51503
7824
68965
54760
33787
96246
6803
71217
64495
50108
71775
69449
5619
80006
57287
23470
27961
36683
96846
74533
89278
82466
58583
84393
50552
53240
87424
62528
53986
18013
48057
40456
16257
34047
82367
88465
19474
8719
17818
22948
34867
53343
61295
1505
3946
70700
27714
99719
28662
85849
27533
75499
8912
90769
54645
82892
59677
45262
69327
1149
10611
82487
97519
49921
63653
19363
59144
70709
9325
80829
20453
85607
61782
63680
86818
84101
87811
4513
38536
21136
82110
90636
28419
73072
11297
25191
82242
88640
86875
4691
62827
75817
60831
22800
32888
52557
39151
19424
6258
98234
83297
17572
46952
19103
45899
87682
21196
11194
48208
34888
97418
18383
96519
76874
62790
44054
31588
360
71249
11435
53957
18347
62919
96361
3323
73294
29609
56496
4403
69369
97682
3810
16704
65800
77304
2158
10407
75082
21152
53860
92327
61381
42174
37064
74146
63671
51656
98337
25581
8984
11894
10833
6288
6939
54585
34654
70266
98419
53141
19407
81348
73234
64124
29587
74976
30285
64008
46970
73982
7227
52180
41831
24698
93692
71671
88669
99110
88854
5183
61143
1552
48219
16326
34068
72495
56263
31540
65487
3087
24741
35440
78796
59127
49936
94372
4623
57971
42071
7724
97735
54403
24730
9242
86567
35071
17905
61514
71796
16773
54348
30973
64954
99617
98165
87508
45242
58456
5682
67243
39998
60560
27814
68751
81358
92415
99031
62397
21274
28143
810
63993
3927
84907
10346
17256
4039
14697
10536
64170
52625
17620
35197
97527
80399
64212
16330
39157
59910
8572
99232
51059
11505
73393
88732
45958
15446
11634
68330
49725
68602
17191
38570
86370
75568
42954
45648
63856
29996
97580
18309
95756
95542
47302
8523
72673
71290
80446
18814
6652
56477
17682
28598
47745
75658
61988
3657
49063
11785
95649
65198
48279
80977
3983
55739
47804
47829
91731
8464
24519
20474
11901
36684
25507
89513
35633
78845
815
37663
52626
59222
74397
45825
24716
56952
98183
48525
37182
79379
84233
78124
1635
80390
36478
27364
87324
60162
18554
42090
68667
56684
40097
42901
90990
88706
62595
8237
71878
6965
6101
3105
97604
47124
94157
28440
9823
47241
65466
57120
27668
93
83197
87651
75658
8406
54056
64855
11744
33089
36817
5524
84790
56619
35762
68800
12725
713
51297
45926
46172
2519
67111
4550
96648
60477
54432
31781
71359
7822
38574
86085
92281
45610
16633
32176
38667
64036
2951
65582
55441
94589
84948
30774
56631
44879
55886
8032
60101
12966
12560
56057
69925
36456
33817
91760
31314
17718
73512
16909
73631
58890
93975
85889
24384
31744
24849
14617
51321
75281
59504
77068
87586
44827
43927
84980
98035
69404
45993
60985
64946
52541
57445
51273
15190
49868
67007
82116
39478
76513
59931
63475
25460
98018
20488
86232
10303
67522
9495
55297
19625
94500
65559
54070
55079
92221
86127
53490
93566
82263
63223
95951
54576
93970
34387
16954
14786
84646
52684
90501
8201
88419
12941
25851
27601
39321
63703
40142
10666
85524
9889
21196
85071
82143
45328
7504
73268
4649
46319
92917
99115
91460
33867
93510
65235
94730
28206
7952
46782
74010
55286
47193
55934
85857
90385
83977
85579
31604
21079
38694
61203
5401
56707
52671
15326
59654
86703
24862
58685
14817
45452
49824
25999
33702
75899
34337
7536
54951
94827
40752
99870
56750
13167
41794
45897
72157
53083
16290
7734
1079
3771
54534
2128
54167
77584
27580
66860
84030
81032
24068
69527
48682
80089
21463
48478
22530
48441
52133
98681
1038
82333
66909
86613
2275
72908
4229
27166
25693
21888
81833
68677
60484
65496
92496
37651
36017
61853
75722
97162
77066
58159
97061
88148
73449
95434
96607
63947
66459
68123
31862
15876
9860
83961
11099
21241
24799
82242
62725
54097
59907
45843
91746
41613
53474
1891
18088
9618
91627
79068
30666
65263
8975
34647
17638
58474
39681
73076
91259
11147
29782
85075
38520
80036
56843
97554
23151
47195
91974
38147
22504
68054
13781
35848
91826
96066
50931
13134
7540
19520
92521
89380
44482
16429
67505
37142
8203
83660
86389
55146
99055
37266
14326
25814
56622
44333
71945
31420
27388
27346
20763
44516
3216
90178
12662
40244
16219
62584
51739
71662
28534
95441
39375
56742
12821
18680
34259
38911
68888
29614
94955
14017
14527
43187
98336
30360
31293
65875
35872
2188
35014
18544
38851
6745
80738
9159
77769
69546
1252
99330
99007
53143
42515
58330
28097
55864
24519
54566
79225
6117
176
5124
73317
76652
74832
92099
47255
87053
32649
13035
49590
93525
90289
25193
62209
72374
73250
187
24308
95807
55918
7412
84387
5245
1199
35085
39971
45518
5213
44617
29800
57277
36952
95010
66985
59903
59877
96245
83520
63497
5430
55911
47853
23212
26914
2579
23738
21230
78836
16881
37177
3014
25214
80804
53386
48852
33838
99904
63097
39355
40185
44309
37892
32443
8756
8253
73274
11407
21602
87166
42718
35200
27464
27037
64011
25796
92796
57440
34418
3511
75611
67229
22718
61172
8249
55940
45945
80592
12340
33509
5191
92147
69217
72704
92592
57331
98888
40776
11291
96015
42732
93010
5110
59398
35138
46976
58963
86993
34083
98308
95532
45603
73372
31699
54406
84124
38371
44969
7187
7812
23492
59698
55921
79754
78905
79996
12689
2713
56760
89687
64338
404
57382
66629
48108
13870
41353
5700
68680
97448
14876
32149
59756
1960
25883
94280
58101
94706
99838
54214
15197
72294
33507
95994
71420
49238
85220
14045
82858
87809
47463
82174
76162
86993
15604
40874
74114
97294
20481
90621
63056
41885
30793
94405
59671
7416
98460
99342
60431
40939
57456
49808
78970
51688
96149
3634
93866
11752
11653
27705
6176
77055
52698
86673
21519
98746
13562
30902
75679
45528
2158
86751
92494
22082
21744
25352
87024
93801
76067
92507
44023
52250
90044
61371
4335
18880
51293
49772
42304
20054
92195
83234
31126
91943
74325
91524
95997
27748
47517
32860
59653
23905
83027
90815
60293
781
15029
63507
70236
90637
10355
16258
63987
14036
16742
30970
62751
44480
50721
99838
71234
90675
53535
95628
96817
28812
25756
47659
29200
22083
51680
84049
74073
71934
80022
64783
68315
44818
33050
68986
53599
4601
92753
40503
22182
14956
63635
16482
95375
8189
41635
91290
18676
43412
85631
44109
34452
26308
89490
62427
4620
1769
92583
70409
44990
20225
50649
36069
37491
89188
64069
45681
25660
1313
31905
17070
19092
45270
74150
76710
50818
4235
10120
39414
71067
1836
78918
86038
54308
57025
15325
57447
97204
65836
14615
97368
16024
63615
40353
86196
50673
83991
64858
27979
82008
473
89862
98076
12545
69799
23299
58076
12893
35550
65972
18853
50329
13008
15288
73598
5316
83289
48223
77603
5038
8448
42067
71537
16108
88268
94993
88016
21273
62304
42747
893
86294
20500
22630
82003
41457
978
93934
28470
74627
22154
52874
64603
19668
59026
56538
89239
22041
20766
98749
47715
47773
91576
32351
64009
42526
2140
399
96813
35182
41874
55118
64603
83899
20168
81347
72713
34408
95595
40492
104
20505
63683
36431
83341
58702
55081
6703
65654
75079
805
45050
31291
8230
28616
18431
84499
59569
76034
39869
6304
246
94913
17206
1592
95594
93512
32290
47921
68778
2567
31104
30344
20387
83421
13767
64077
26508
90278
37275
11951
25201
40610
55388
65888
24395
4421
51480
4388
10602
15060
40384
60411
85364
88194
14775
55497
49383
90663
88455
75199
49307
18042
58958
44231
68132
40939
86518
99153
77651
22272
19011
69621
84699
26601
31525
73508
75537
60994
36525
72368
78444
75269
91483
28052
36332
40297
55926
27009
72216
59259
27254
55687
35327
91543
35803
53244
11776
28131
22688
8332
29637
78184
265
94845
78698
74798
85242
43837
18716
32179
64546
29930
28348
98120
18260
66398
61186
63624
62358
32438
7295
15542
1554
11549
72955
21202
18218
79385
63004
68439
12712
36754
36200
45812
24628
35994
64610
53445
53950
74270
17520
29549
88507
35815
62813
2706
23245
67277
28762
10998
67067
62969
5728
14029
71424
37621
23121
34624
81439
22675
65468
46652
48980
72343
61054
20183
64261
68289
18854
48066
65783
55739
39441
9988
30429
90299
28180
44856
39019
39221
18521
86884
15018
90241
41888
34292
45572
13156
61862
77076
31614
86814
75107
76487
68742
22607
41133
5798
90657
96614
65370
74296
27431
91432
61827
27178
30507
86681
98469
5068
94994
38059
67233
30504
24965
21664
74178
48063
59842
41277
29278
81538
76300
64589
33910
82378
82114
43598
66648
27060
59213
26173
4100
49501
45107
65081
30123
1269
96457
9782
43699
41443
78566
36929
32343
32757
66834
85707
76683
85218
16349
70548
81565
98911
69868
46869
952
68122
99950
26377
50626
6966
51341
52249
30309
42979
66367
93091
8331
99481
25724
47174
28290
18609
46922
10253
54079
4896
67541
66933
32575
18449
41434
89533
8072
10078
33506
42281
68078
1611
81388
37523
64337
41407
63107
72527
4836
21439
40591
73400
96232
7849
44263
29180
57463
21770
94852
4290
85181
99260
52496
70995
49345
22912
55197
89004
18721
96244
48243
69534
59899
68177
12097
17152
98664
7139
98581
78258
17058
71174
49382
69134
40711
12025
5614
16205
53718
79458
95222
74484
31957
16350
95433
24921
3093
11171
27146
13493
63757
76660
75394
78664
53028
89088
51249
47332
54891
12535
29830
6359
78662
66442
22921
7224
48426
30
35478
65773
68738
71404
58980
43991
83084
11129
69315
18043
20992
22989
92485
13197
91153
2738
15443
10331
65164
10539
96608
43411
94141
85774
43386
52114
12017
47264
91644
77226
39766
43243
38465
75823
54303
59582
33236
57919
98788
3905
27587
34828
7270
55828
54513
54407
67151
70499
43402
84042
61528
25096
65521
17633
87300
54877
37014
75510
85706
76124
74819
26873
4144
82997
66709
29736
68626
89899
40872
62528
20482
92331
15435
42816
76554
23146
31315
91927
1773
73050
33548
8074
14795
78089
43081
31075
3459
14231
84700
35480
28307
7857
53506
45239
83994
77167
83350
64780
45471
51654
68933
45551
59019
64202
95041
52333
47089
78564
88559
38385
90285
4108
95228
69262
31434
22820
99020
85163
64254
15664
37491
85068
5680
98197
98652
71578
56346
19661
73414
93230
80457
71172
84079
34175
85153
13267
19081
20613
41310
55255
16585
93641
74101
85196
94270
26251
68024
80843
37182
19759
56857
47901
27132
43558
92870
82107
67222
60948
24850
19908
47691
28675
76373
30490
33290
72388
14985
90425
18213
72989
11701
24021
93604
20147
48455
92943
72886
82613
77498
81875
62787
28802
12856
24209
32605
94937
60440
5238
33332
59163
82344
22535
43048
32287
44038
22106
82329
86802
99496
72401
69531
70376
74012
77299
25894
12996
62473
62888
20585
81663
12660
23248
49566
71832
58367
5601
40665
34393
20843
55996
40250
81698
94559
52459
84930
757
27585
12441
77826
51965
25408
33101
60750
44763
51284
35621
92337
48622
76702
5963
25338
81150
10569
14646
59284
84838
82866
17760
98196
2780
23811
87199
54699
89342
56250
67459
28059
3130
32457
86635
45223
91321
67319
99748
88195
44522
74308
12702
47722
79143
98569
3373
43054
29510
66910
38617
75593
83198
81141
3522
56691
70996
44483
22005
40141
14977
37663
87107
10265
93889
65251
91364
24813
77659
38576
95335
48636
67848
90990
35700
46740
19810
44496
50625
16487
9418
91222
94477
75809
53270
10188
18140
48792
97877
85968
96592
83298
19808
81393
10944
49920
25888
58034
55224
32951
5686
56942
31276
66815
87786
34038
75034
79573
2227
25206
90651
43275
31967
3061
47302
31487
48641
37467
60098
33065
1525
78413
38053
21422
37200
78899
96653
72850
6824
51675
41722
4746
93021
43607
86375
47632
98084
97569
94787
8047
16910
94174
67152
91517
12601
90784
38295
65161
75027
55046
79302
7306
55078
37790
80936
42935
60420
77291
62079
70293
70032
51074
79840
98411
73446
55213
54219
47665
85225
4722
14565
98919
90792
84686
65140
53794
34155
43963
2134
19521
32672
99569
69886
91966
46876
90377
84397
19615
50704
31164
45353
13356
39754
4810
43548
15676
83973
94518
42316
75144
53998
558
6386
6785
37715
28265
55353
59421
22474
52201
12981
80876
10908
90944
40382
27400
46829
42479
37064
61227
23816
4842
74399
53244
45323
22103
59844
80097
9580
76085
55999
70872
46535
54201
70335
70464
7397
27123
95062
77970
43722
92047
70186
33293
93051
58616
68505
45007
39050
42903
13452
19935
91520
68729
9014
27047
27942
99726
29258
2496
90960
52365
19607
19493
96647
68022
63489
60905
11153
89744
59772
15621
30622
27472
61703
16074
60626
84667
66019
68532
26122
63618
85391
19039
45069
27821
43266
63763
63665
66099
80547
84155
55334
91044
95016
27252
95875
28777
5706
73377
76907
24260
71585
31707
46747
2225
69089
13797
9812
72878
97393
54685
83263
36695
83107
76783
79138
11625
98709
81411
46269
55465
15843
58103
26625
34781
92167
26312
11182
18615
56943
89417
15559
25779
38328
19158
30677
13046
66572
96867
50868
45301
39350
80269
33182
44024
47806
58258
90482
79891
90501
51676
69985
99252
91870
53688
91413
10332
24103
65701
30718
66148
69540
50376
32986
70561
22038
86909
78207
87329
8860
29223
34248
68565
10566
52264
72731
28713
13778
38733
691
7982
39046
86465
86575
27385
93512
28162
29782
34533
70365
59632
61221
90099
62972
31521
86102
40626
54702
22545
35246
78137
84101
95735
61572
42288
27798
17267
69289
75631
32948
58596
86360
67934
18059
26582
80508
72316
72373
8984
83704
6140
3132
38795
69847
50313
8173
62327
2801
69674
95925
5976
81590
96352
35451
91093
57882
95212
81210
22801
90717
33741
30841
28090
33366
58343
82760
86911
53083
84896
99705
68543
73968
92645
38073
62812
95881
25929
65130
16527
76766
3085
74334
72533
25386
92890
49682
34054
74047
98155
68836
30822
76107
20168
70387
52597
84095
29934
18130
50881
55457
32842
80552
58651
87344
86596
80647
15527
4975
82680
99238
77261
28049
79231
19965
59788
70239
96300
47101
73998
21512
1043
66602
32151
18086
644
96215
74999
88649
58069
81756
57919
97922
29277
49557
77456
63246
91485
97114
61454
13277
34649
32695
41172
56766
41220
64039
83682
25705
31226
71218
4593
37192
66630
75712
45798
71459
69924
54072
9669
99942
63777
19578
38301
93617
11166
46230
30721
1565
58900
48295
86967
55974
27857
90991
48553
7833
88192
76879
20378
10555
43207
14307
73554
9651
64778
89241
21114
9877
23052
25324
36931
25612
45238
8929
90048
42019
13232
35389
76468
49873
4301
64385
84390
7487
69251
19043
99601
32598
6103
95242
30008
62954
57175
91782
46678
57437
47073
99625
6580
35889
61186
69286
43860
3694
10616
72581
56042
32396
26360
29087
76555
31934
45132
15228
71773
97019
93876
76071
98606
61514
36173
67659
71680
27049
71216
3405
35265
32218
29169
10885
72377
61035
71911
11450
90973
53344
35819
54680
8609
85151
16890
80753
68107
4632
62837
72589
55586
24815
77448
14575
67908
37224
59303
3655
9431
48365
69555
25069
45111
41375
39004
9984
97710
37431
25889
26971
7010
65687
41844
85936
32425
65970
97689
68229
9175
54324
38156
35176
94488
39183
36161
56303
4249
46116
83559
97584
25792
76426
54470
5658
54300
79038
72744
39151
81079
92104
49876
84510
29735
53349
46101
57857
420
68662
76473
49040
58709
41732
30453
76480
7907
68943
6502
3259
25007
73810
13042
67037
11839
29012
13773
59880
30803
76589
65656
63813
64374
80114
97827
50744
3760
56480
16979
4478
31672
70818
90495
774
48999
17086
59252
40905
67464
29218
79577
9223
4011
60998
38061
16799
10137
10814
56267
51723
95233
27007
70703
90550
12625
73131
82035
91707
28160
56507
2387
9499
74984
27336
239
55706
90546
32853
80750
95415
490
99005
62622
6439
13585
48628
90330
21164
7120
44669
50085
70103
54218
81512
19379
29719
91211
52325
4231
16572
42877
82858
45175
20909
88921
32988
69484
84066
54938
14141
86661
29471
60045
57619
80570
25518
76292
74385
17598
11672
23658
26372
14526
98911
50002
34524
90247
59035
98728
245
77540
83663
13961
23649
88900
41959
16718
10291
6266
53297
90146
39275
10622
10485
7029
9273
72081
66738
19146
91216
74238
15894
5995
21000
92763
61017
44188
46320
59727
48183
31917
82542
48398
99848
26792
31220
19519
44094
75883
29921
88318
23386
61008
96273
24222
87564
40551
66531
7398
19269
39397
69861
16796
54490
16757
35645
16416
22071
34061
57782
93295
51678
37052
61381
62151
35003
76256
47992
99306
41765
87956
74682
98460
32659
74950
453
9767
83480
58630
69060
33374
64508
5498
92612
44446
54713
89870
17303
83696
21103
72233
73668
51627
79108
78940
31406
75798
7836
30291
94463
69419
54608
43086
1425
31895
19630
65609
18745
37150
69517
18102
48689
93148
7211
53293
45537
13574
87590
89306
41641
76591
8083
84276
54317
73638
82686
61774
38332
65341
23262
77830
26591
26436
47860
21115
64763
93332
51680
10748
75267
17448
61248
39324
11518
87461
27207
84673
1936
99162
74389
95259
12455
42562
77464
71442
