78229
56411
36370
89597
19916
45756
50614
77816
29148
72575
14495
73927
18398
24141
39650
98116
4728
56241
17585
7391
62048
32360
9505
11711
83086
2069
10103
87975
90076
73841
90895
11411
69469
36159
80521
2849
67831
9310
87120
96493
19518
93719
16104
78485
83790
12374
13972
81339
35781
27798
65569
48521
74107
57045
48882
37422
50400
27495
53864
41831
36144
80166
5550
36121
99669
80486
73535
41466
52729
20807
45524
98095
81061
70596
7886
61136
83355
76712
40220
7848
99309
33152
73994
50297
1689
40619
84198
2716
37634
2862
5264
19590
20235
60197
16893
22150
49586
38676
62184
87882
38470
91323
87542
70529
27239
90760
9476
96156
78841
84166
72303
40174
36260
50995
24288
659
62891
53775
22226
89516
26503
19856
96449
70088
320
80658
51217
73438
75976
31020
24248
16919
65395
14271
43721
87240
88758
94919
19678
57341
11643
2196
13985
56082
45566
72562
93655
28346
44616
69604
84394
80483
14853
22895
8753
28881
2436
68178
41790
14886
45034
75060
97923
76419
1043
45814
87970
32296
30471
68071
46128
12279
8277
30294
14885
14359
94223
30050
65635
76116
10561
60558
61185
27364
62351
48
44787
30053
37482
53128
599
26369
29102
33390
48926
70259
70139
19236
67348
56260
57870
234
46159
54446
4028
64497
29840
74274
28842
66567
94553
59812
77644
29201
94604
33620
2360
69175
49947
73928
29126
88376
11793
81204
26695
55679
78747
10700
83646
13069
79893
75744
73247
64278
22573
74694
15907
83816
21814
74038
79557
20261
85804
87822
95100
67410
95934
18934
36022
64647
23261
74270
54381
93575
37695
1955
25672
29674
1424
25936
98033
51286
25943
72929
37806
67117
96032
35971
31902
6079
82891
62936
28915
73887
13680
51926
90118
65715
56972
40143
72379
4838
14125
10443
80818
54232
46519
69745
9863
40885
30640
18757
57255
59138
91150
67691
67087
32467
32347
89322
67778
32986
95042
76107
11495
47483
53145
78528
1693
83803
82090
86498
72732
43830
73792
60947
30922
66447
52650
50915
23286
23010
33455
62157
44820
14582
2991
60769
99638
24270
48274
9469
89219
29982
76271
62996
43926
5531
51035
83985
97366
54795
79180
16884
88205
32828
23560
58266
43080
85488
76751
93532
94186
37174
28962
66190
56941
75476
68014
96712
64406
34368
68441
4385
15987
60750
84776
23862
63604
29252
94858
6667
8996
99753
71429
7848
16002
71451
81499
6853
61600
85440
5848
59488
4087
23669
37211
28939
16581
51426
82591
32451
5029
43566
48196
28090
29801
42063
73887
34550
39957
14073
51835
61363
20603
77848
682
21571
52655
64953
20332
57014
56071
22690
85818
8213
60049
96962
3888
44263
57649
33155
9941
92951
19189
67068
62056
83789
11382
85955
54088
12024
54157
85056
7424
35821
26192
79452
86222
4777
82312
89560
51151
76530
35152
30618
64808
81372
99372
643
77139
40840
84676
33820
45124
79655
56763
69518
90775
97532
12048
27664
91353
2751
53264
88443
57743
75037
68566
3962
58790
58525
41889
96445
5592
25342
