57511
43094
56390
73190
2906
16407
65810
65371
97593
28805
28792
18380
57477
22860
77710
42731
8278
70915
37294
75640
60244
89945
13490
60378
79589
76126
62968
66268
25921
41931
42565
35266
44962
32495
19046
33639
49879
51254
40561
1333
49720
49816
2026
92895
98323
89788
67585
1374
99301
22407
73625
81798
28932
15909
1124
8773
24313
53011
84618
3448
20971
66790
61416
52169
50198
59
68564
65064
75355
57308
41855
96837
12241
79788
17908
41480
29177
70063
70557
7117
83567
82873
82372
94079
68028
85330
1847
93008
45033
39842
47845
90930
96046
49791
54853
44757
21480
13679
99413
68350
60040
88412
5152
26688
95368
40820
29913
70233
36633
95226
67492
82059
12665
5677
58484
70166
43584
94898
36431
63727
54841
160
77357
6303
52333
43304
88639
82107
7034
27903
71309
70427
30531
83530
29560
55064
8994
92069
36670
52103
9593
39024
76763
21069
2181
34902
76076
62206
78259
49563
54255
30999
75181
8705
7271
95635
50701
45815
24828
88685
52146
10751
12991
8820
12144
40346
59819
18372
35906
66675
31590
67782
54330
76901
96423
44102
97145
20137
69041
40141
90331
53951
29917
37659
89481
10553
97943
96514
99858
26047
72703
59458
13683
64002
96880
11292
27923
87329
36765
82710
23308
26609
89654
86282
94979
2989
19498
16779
22041
35898
18855
35765
730
26004
4892
12783
91666
18139
30048
51552
98943
62932
54828
63211
1186
62429
59139
94185
65519
79729
14706
3330
50820
17524
2353
8775
73559
15612
64233
15631
64775
68892
42352
74507
97108
36270
81488
61576
12875
30139
32199
90657
68826
53930
87879
12415
2690
4740
41564
4910
37418
77696
65518
56828
89743
74224
69916
31985
17177
31366
46633
27014
81705
40740
72243
5924
11215
36703
39837
35385
94009
4591
38639
23897
86885
24726
13172
19407
38999
65226
44289
52319
63750
84801
29525
40729
22448
75192
7099
27676
41262
80288
652
41637
131
51365
86642
9330
87885
49724
58120
3543
54718
86569
96829
32060
12389
41866
78455
4657
49861
91716
69491
62991
95623
32200
5931
96749
12779
577
6257
41691
81594
47836
6104
48159
76439
55956
31345
63562
1940
26650
25011
90869
88096
57406
70516
2397
95230
6652
45492
89464
43185
69637
90393
59987
77395
39561
6388
86987
60485
19102
97634
92740
68033
30672
33391
73352
2667
13541
74773
24575
15750
37451
69827
98760
71938
52929
92697
31250
62675
72095
89167
73433
10750
66979
76660
98336
67692
58104
80820
6375
88417
63972
99635
54249
23270
57487
26775
72277
85058
1836
21058
50823
35655
93413
3132
40995
20169
23367
15951
781
71241
4647
20492
16519
54128
78063
65227
8520
15735
19338
22735
886
93635
70407
84552
88800
54222
5389
71762
95834
69152
20060
41339
54709
88925
35707
38562
83258
18136
44036
10779
10019
67397
54536
48303
69367
62635
31872
36576
31296
96408
4273
14089
5643
35055
18523
81444
67515
86685
14046
2918
93865
55114
59914
44965
99932
54282
56866
12537
77250
65363
33099
94016
94472
84456
70870
1340
24572
50548
99176
16311
89436
64147
14563
33287
68666
50410
88787
63660
1775
88855
31863
75669
77401
94179
78985
85251
57618
94739
69932
99654
49454
286
22001
25379
32753
95481
90758
38071
69066
97294
29628
20565
38224
38539
96819
35435
49240
58807
39172
73507
67440
41887
72490
82309
67387
6159
9614
72442
77513
74812
46990
25963
86386
1630
14730
46664
61904
86011
40491
16900
71894
95965
5903
57501
34640
3078
74517
28442
81784
10842
92993
78734
88562
32027
39853
62809
69861
78066
4781
39469
16087
16521
19837
45229
5315
4469
1641
25554
25018
50097
10744
86823
24051
37510
44150
38068
1648
72102
9181
55961
32591
73368
1280
37232
60777
87885
28915
43476
3018
36625
17562
29377
30638
5181
82732
94833
21461
23754
11171
40197
47682
87936
27491
73061
62774
56076
46085
79326
94819
52656
40224
59818
71120
94516
64882
89774
5257
90234
45904
21372
67071
67311
35848
17305
46659
1277
91887
51129
37146
96286
46924
84742
79422
14220
62336
48544
47890
22611
59024
96894
31359
74535
21360
31058
68751
39858
80174
44619
76805
10597
35096
58324
84247
38096
32395
59802
40266
16589
50682
95274
23657
10039
84663
1177
45729
29720
40449
51325
59099
87039
76874
93753
70519
51729
80963
24118
77505
54102
11782
10284
86163
56948
43296
40832
97927
38905
55673
23975
28471
49233
91617
94857
94227
4760
50905
97537
50622
72777
4283
69601
6950
15861
30823
1682
56414
39088
1004
61496
36217
30405
72559
52
76453
11721
43706
11204
56386
76717
99556
76677
58174
82957
42105
97880
35150
8965
77766
8770
4267
34020
22051
92782
17574
78328
84509
86349
14121
93353
83455
48734
25868
88866
63292
68296
46545
95177
42780
17412
8509
49904
1249
91895
52051
25220
21588
7965
60718
29987
41297
60322
19354
67338
72108
42761
98416
31820
39006
39632
38988
76575
2576
98122
97645
93457
86946
36780
79497
73912
31993
36068
16810
31046
14275
63458
85865
46011
40744
39194
30053
65941
8783
74370
32544
15042
72106
73111
43127
66486
91359
51932
39228
29304
46547
97314
21233
80022
6293
18179
85218
5402
55301
43047
64192
94388
76991
70538
40918
55446
79176
68533
14826
19807
69523
15273
27377
25487
63921
15770
33807
36505
19283
37144
40907
6294
73917
33832
54891
22710
74184
64177
46320
82418
23412
93715
96240
84477
59945
66706
36972
80217
67080
33297
18158
35429
39987
6584
98593
57844
12533
44728
33357
50617
68463
72197
95277
12798
30464
82722
82927
11476
9105
92539
96423
13477
58202
50795
89968
80389
54036
68958
91265
13415
94460
95377
91591
51980
5281
5526
1572
40982
95274
54483
75172
14682
2503
38314
62968
52436
46290
17395
44146
49781
76065
22405
99771
15735
67596
85363
58100
68433
72117
6771
23399
30501
58905
66875
68649
14935
82161
83621
77774
86777
35845
69969
92009
66209
51694
60488
18751
95772
26022
81726
29575
81595
80079
6802
32480
82284
1532
63856
47087
43140
25984
69237
19027
76759
55377
66002
83878
36330
36600
79241
63411
10368
12344
42324
93135
79153
59033
34214
18710
7641
1008
3593
32802
71308
30381
87846
14154
74471
54752
37124
19733
14850
456
44935
43193
71841
90106
3577
21077
48010
71946
76455
25063
52017
77369
21410
13354
93390
61532
63014
560
46128
11108
53303
89720
31179
84527
18343
55597
74157
67019
50100
15194
82063
50018
45422
25037
53095
69191
85334
81575
36858
38939
1058
11229
56846
70363
17950
77615
47165
95818
85100
15555
87589
99415
41580
38173
48861
95947
69590
77020
79234
70161
71748
28180
24848
12674
19565
75811
19628
76716
71852
83602
85598
67262
46687
65419
39836
89202
89579
21138
36097
61048
12733
93537
70492
79963
80683
79587
97061
10547
7481
91405
4362
99846
27384
45396
64904
77179
18793
98383
45973
45821
10911
96170
33946
82472
16226
71523
74110
4979
51119
55941
89630
6106
7869
4991
3673
74982
34138
66177
61511
13947
73044
89170
94153
84991
34932
55920
77499
18434
20485
77221
98374
19278
90995
4034
45331
31884
44238
91547
17306
54256
43341
45726
57688
52099
88751
90833
38687
23243
64188
19048
65543
11417
27498
73536
94402
7566
59901
82331
39246
86251
67686
8920
38915
68436
32620
9070
39244
43007
18343
55749
8402
21695
38536
27153
83956
44808
21847
54603
75763
23358
16917
6478
31210
9375
54592
82731
48346
83433
8885
18474
25859
45929
34255
33342
28495
68961
37293
26243
81993
58229
79730
61494
35339
85683
10246
70289
1941
73244
12026
73345
99257
15475
37801
20390
67826
96897
60154
57223
34613
995
23553
91760
13056
21265
40933
68809
3184
34955
21468
3412
79567
85698
57203
88034
60521
21632
36010
54642
37791
85461
45372
21831
14005
48863
59516
45701
17190
94197
61627
97576
99383
29936
47750
44673
62025
40310
44011
98863
84008
93509
77308
33845
39584
59161
14957
5533
96976
48154
64280
66121
84950
70469
79296
29937
45770
87892
3826
95166
24327
82861
74823
1922
12004
53188
93190
26354
6144
67214
60454
97666
23644
52227
32913
72443
55490
15886
64709
34619
9699
51029
81652
44169
67327
2816
34347
69715
38813
83784
70191
86150
64923
25085
76195
73929
65759
21811
98406
19735
89579
67626
65626
56023
39375
19769
57599
50329
27129
98007
42494
81936
18599
82757
46146
15238
92541
38811
51552
46688
72274
90414
7639
33840
81925
75354
58546
12273
81965
29330
98859
27810
7118
96673
9226
95106
81063
88540
15691
74916
50727
71942
19005
75279
8384
87071
35270
76437
44629
57162
2404
98830
37197
74810
55118
35440
44233
17592
15097
3309
13938
96403
26775
30058
46827
85893
5722
64439
69030
6878
65367
8207
81746
56784
52581
25678
41938
53750
92836
18346
97641
67617
11546
68943
99666
6304
48760
5403
67404
94763
16988
46195
86993
54828
54864
65280
15720
69099
41103
13130
52497
7733
40616
1647
14302
85224
14107
90943
13345
43678
43392
10583
52351
65907
33991
35673
75524
42260
81273
67044
38193
78406
66302
30261
99952
27408
33272
31770
2824
74503
23309
59823
1451
63316
9058
56375
18989
8035
52674
29688
18864
64331
1630
44787
97626
5749
61390
32382
72968
72331
28246
95200
15580
34398
46308
44841
19281
21619
25141
15787
57967
37516
12503
19545
70010
12591
49353
90971
46341
96501
98559
75051
54980
48209
20482
74927
72895
31610
99188
59251
81314
44823
10225
33506
39409
92166
61681
43233
47321
55626
809
21000
24322
49007
13266
45630
11456
47450
2593
20144
54089
22993
59797
66189
97921
28868
97712
47745
91761
15959
5532
99596
11286
51598
19823
11775
80917
93780
75945
35346
50444
79847
94138
26244
21252
22339
48513
30416
79234
22665
75983
35241
36541
57740
19593
64882
77546
90969
88492
95932
66708
88096
53899
96701
79591
11427
70132
87049
82635
81082
22546
70960
46829
94400
86667
26004
62681
95869
58856
68197
65156
73585
38741
85018
59526
70778
96511
46254
67301
97794
92826
88725
93068
32873
88293
282
46906
28234
8165
84759
74775
79052
47725
84367
66754
18695
55775
33803
93061
90705
50989
13423
38026
24901
70296
5400
77319
57646
87258
76501
33940
43733
50847
63487
86909
68421
269
40759
147
47799
31364
16378
80990
49919
41504
45987
43565
51250
63260
86557
44397
30962
73393
31971
54071
72568
82461
82199
95396
50141
6846
97435
52380
86117
11069
12815
96652
57289
36903
7751
18966
56639
85494
11656
35202
43495
51407
75360
40691
34484
77093
73471
88852
8598
6491
80373
51441
25984
44838
48362
93153
48923
60400
12500
33153
49190
55577
68984
17661
45640
94104
70848
23015
28404
85728
9109
67689
69207
18878
26521
94871
75138
66302
87908
1726
8846
45517
32825
81914
5072
51512
12293
43395
95899
77748
48787
64038
74733
36535
45806
690
55991
57220
55540
85193
47052
15332
81204
55063
97061
29263
71236
42591
53326
96331
36513
32592
94705
67019
14147
12214
95741
40024
71644
93677
13746
34381
20526
44177
97644
62076
10534
61425
57066
45230
96025
92961
42938
14856
48633
23151
96642
70025
1779
31917
54509
95631
49289
37741
88497
20794
66055
7819
47673
35272
7236
9827
21684
29536
66679
38020
64409
50122
45875
32925
99764
83995
90337
41043
89330
18094
63865
28244
88709
35214
49820
35782
22804
75568
3536
40921
61539
36253
86681
42971
77658
78414
97041
97674
83796
87120
75556
1636
43814
95110
74762
86458
3210
52270
17889
6787
46440
76668
32839
42189
18464
19938
39313
10414
37206
19665
46859
31480
86298
23417
85165
89419
31602
82572
93941
36005
49959
62817
65287
94261
17033
18997
9822
29837
19488
69356
26637
7861
63984
80436
56887
34075
90472
81226
91975
30056
76455
26166
97549
47407
80299
6578
44086
13119
72215
55304
38023
58808
63905
24985
33077
33274
23477
37049
16547
23192
15753
42936
97113
87884
82207
50172
12798
86596
10800
85098
48531
95770
72219
3587
13227
77537
81706
46923
31562
86139
3356
64229
99928
43079
29301
90777
33282
81592
69663
89688
48334
4961
85978
23959
27033
24653
91431
29847
18511
43595
37965
89221
24295
53222
18214
19580
55096
95826
96522
19848
50107
55586
74774
85766
95230
98743
10264
52424
354
43891
28441
23700
97107
18956
45479
52524
92769
62524
90078
96456
87903
75924
8403
77183
67959
71985
53181
37381
34920
327
95712
81230
38942
44090
37975
817
75149
98731
89885
60616
53449
97135
50296
70323
83108
86236
7907
14588
98693
30908
33911
53109
71201
78500
23573
11997
99993
28159
61426
36386
39376
86115
18528
99073
13063
23653
49781
86121
24760
58343
79545
77917
47787
64528
32305
43768
74743
43477
90307
36842
3385
43539
85638
43425
51786
67422
40520
75811
23424
70515
69243
5847
91844
19146
89277
30724
86571
72007
92418
34321
70259
73008
69888
44012
54843
21881
99159
49190
49472
42491
4411
28891
48176
47363
86559
12719
26733
59238
27840
59668
48832
86194
71467
20808
36854
78656
93132
47228
69244
35046
59540
60911
42770
21673
81638
7192
40239
29167
39966
78403
33810
18130
41406
43474
64448
50321
95863
74149
45630
19457
55920
41365
71596
35456
90390
25754
82108
86026
98081
66764
27246
88100
26078
81382
85802
95894
10910
51334
5050
98262
60890
84209
84385
97215
93889
340
68795
84289
21152
72582
98546
38481
54477
46057
83482
2337
62928
18735
93962
98411
1327
55353
37207
86950
63892
62682
68303
76315
86941
58298
39279
338
22496
40598
66338
46917
85752
82885
14934
81494
12848
86134
96860
96924
69771
45909
83644
28825
9198
39436
1427
59911
23723
18406
51594
84976
95979
61231
8660
20381
60790
96631
89699
42150
96706
30613
36296
11337
57494
29256
20901
33270
35354
58137
85009
7398
54525
73308
42215
85067
418
59605
39179
46435
26760
94136
8411
56390
41749
35240
53357
11903
88222
12993
25387
34808
90230
89266
42823
20237
10416
8801
85692
94979
69394
3251
96036
94737
28600
93251
30608
86620
35266
44719
60711
53633
44892
68626
21373
18316
37352
76299
84815
89157
10857
51773
79257
27658
85710
72240
45908
38807
20698
65942
95663
62594
89228
5639
56297
38243
84944
36461
35209
67856
4865
85308
45210
13127
75001
61945
76038
58949
47062
31611
32941
71316
98795
73647
92962
20192
20416
79637
86626
87690
14247
80200
91442
55190
87389
11419
95605
83167
66296
26271
41575
98635
11507
46689
56344
15321
13907
35920
93832
48214
47829
47388
48571
23151
22327
22458
83066
90016
27935
23748
63270
53099
58604
59069
18937
70981
27127
80466
79483
65162
7301
49884
79997
75376
12492
22947
60182
13337
51135
36476
34744
40035
39480
33714
31566
41978
72546
72803
30709
96941
21184
49985
19283
36381
86684
32569
44632
36689
58736
12368
26736
89511
10891
5161
14529
57285
50401
62148
29608
66253
11601
45057
15082
18735
44436
36097
37145
79097
39967
25933
57958
86794
20181
20080
72254
42724
1101
95103
22274
57503
41563
68218
98183
52250
90077
93674
22310
40492
55652
57449
58816
94265
20861
62722
67666
24480
379
10253
4177
16177
78531
20957
58467
87708
35604
13845
74842
40132
93969
83604
38317
15091
70156
15602
23540
36199
80496
21986
16352
11946
41163
13207
62420
9631
2038
68739
98852
6488
56899
54523
27113
12613
9378
25174
53182
75302
51823
60500
80283
12258
30940
4859
57803
47952
85975
85789
97580
65234
14583
81909
46050
59458
79976
9680
84632
59557
78961
13737
37044
35164
52510
45517
822
38649
60943
8893
31181
77518
12892
55857
72534
61377
34371
44409
1842
28892
76880
86815
65378
64288
84744
55337
19138
59610
62417
24506
94943
92014
78273
87352
79926
27536
24578
64104
41771
79473
48831
15733
62722
31990
6126
7184
19230
5221
14362
28401
9172
59417
62188
79708
9547
81364
35445
99935
54194
87220
34330
3704
91997
19038
70460
36787
47646
15255
68802
90032
16700
59666
6470
64579
68499
17667
19706
82165
89287
25842
64341
50664
9190
77612
16445
28856
42906
95155
77010
92125
89191
6453
31189
40397
12199
86618
9843
57982
52959
25910
15250
25257
45758
54975
75671
34442
10162
55321
12338
36484
93318
61389
22759
65314
64604
66584
60537
79032
54083
2912
44692
81735
35061
65249
78839
68479
11920
40165
31741
6879
28271
72306
1127
12952
64068
40796
62439
11791
67860
31356
22347
41729
5039
66265
30149
15650
25546
41795
26099
6558
58555
95807
46735
40416
1648
2203
71861
80336
70797
47523
12108
32343
65856
38700
31155
21695
59650
27982
52682
4438
75533
8751
7066
79345
70901
97850
72418
93996
4260
24495
54559
68207
84373
59828
57719
21741
19628
9609
322
28710
54161
35800
4469
12844
86055
25963
63628
43587
98701
33464
27763
68834
57681
43064
21650
310
86252
71605
1267
86885
8414
41217
98417
53167
16166
84291
82655
11281
53053
8941
57937
32484
11024
201
70155
14786
33113
60977
69605
70121
31001
27518
72663
85687
91188
34617
44551
81685
8776
26381
71660
241
96875
11261
48350
16387
37345
63185
19196
10385
22327
47916
45785
1198
14847
10329
69475
36349
48040
44836
52370
51155
15385
59237
65738
50874
19561
24118
42413
87250
38462
23526
43840
6387
45057
94822
38648
51469
48826
51297
21409
55216
50510
26345
73771
16327
90801
55788
31729
42175
38313
18118
36263
49894
7105
93231
13919
45487
57638
86101
97976
2994
67554
58084
51460
36463
79890
41698
31317
24819
53254
66008
79907
38675
89237
29098
94140
92917
85819
21959
617
98031
39056
83195
86840
77191
99845
79266
67627
24953
15998
82136
44701
45879
64326
69196
14124
76426
44500
20755
13096
83927
48441
91032
52598
18525
17026
69617
79905
18107
23248
57901
91198
98191
72945
72553
63930
56440
29626
43810
32066
83517
48548
66596
64398
294
45089
78945
70764
75752
79673
17278
51013
12447
51717
27719
11789
24627
98951
5955
84364
70013
53124
52418
7780
58211
32415
94258
73311
71583
49716
50993
23639
5086
54413
48413
22401
87524
92580
99591
4599
61612
18678
40007
31936
88333
19040
31944
76510
72505
4249
20196
32979
78911
68812
22378
89713
67728
29776
21563
2237
72734
67429
52789
57343
93217
52046
5383
71401
19507
82725
14531
39873
80219
84415
99825
56877
57959
76766
63968
42938
25074
17997
68503
27145
17829
1019
94730
32567
57689
2327
43304
69927
35995
996
72113
62926
49097
40345
40005
54458
32793
8728
98712
46528
78232
98024
81793
4833
15183
15474
91186
67352
44354
41525
61858
11138
4627
98310
27813
6410
78563
83495
94909
10961
46297
18434
95274
62839
63259
50243
69629
25736
55832
58800
45482
32998
11336
6181
35996
16782
92619
96464
52898
30826
5806
8934
33767
40275
49837
83104
32031
82176
92978
32757
77245
40943
34427
58133
95458
99087
10010
16000
58129
94312
42006
95009
96413
81543
23694
70794
63619
32874
76094
20301
14452
89156
71834
21268
38667
57518
63159
59581
44285
53227
28393
93206
94446
89654
53447
67921
81919
85385
64395
86020
49189
78156
34101
18464
97686
20761
41999
28331
21853
51656
65899
24380
45037
71836
27913
96786
88241
54953
58549
17202
34466
17856
29741
78972
95922
14584
92928
60425
14789
61051
43889
87970
57471
83082
63707
84672
57560
6030
22158
75067
73068
22364
43000
75249
55920
66244
8704
8086
191
12886
34315
82354
16658
38738
51969
23004
68174
65611
50825
15857
78294
68310
39921
17072
77729
28341
61930
74421
15943
89978
41392
42096
20118
44794
65672
42785
76801
83601
74210
17075
19511
56523
861
51154
43345
79670
89033
34570
65381
46402
4808
88509
70552
47697
35758
25857
2769
44353
74216
60116
11272
33587
63097
94364
53213
34935
87455
32640
92612
42838
37555
15036
68574
70139
83439
86725
35140
21151
40907
4538
89788
63441
81472
75138
98926
58750
52589
40872
24752
17090
2840
47760
79614
36235
45228
3125
31973
69
23776
84192
71262
72712
46585
40423
51480
67195
39846
13984
95406
419
35272
67552
12760
17068
86645
88948
28445
562
63730
62619
96293
55532
35261
32638
49197
13942
88749
9709
28116
59514
21649
28664
62514
44411
17077
54566
23689
97821
36772
62549
76755
32212
1703
48463
58203
263
84523
26278
68487
8576
51488
57836
58547
5780
69341
59569
1753
90890
80545
93529
39788
76713
61685
61785
28069
91586
83310
29710
81332
79543
39214
56219
65144
21286
86057
61885
46793
37559
58021
22540
26994
32990
84987
69616
27197
69996
22523
98749
78343
22776
7212
86125
13714
4262
63184
92985
4409
44530
20357
23892
46622
34555
95016
19747
34079
53775
33717
81533
35272
82638
94057
71931
39426
62589
24296
70811
47336
92138
21531
28055
84698
20887
14257
2013
71690
56645
5190
41835
82388
15295
30913
71914
9419
95519
95991
28420
79950
31232
60205
46338
47354
23362
41242
63430
96057
44660
25387
66081
22584
44737
43329
45395
61174
53273
5365
66525
15960
94011
50619
96548
3225
35324
56676
12229
46655
88982
68765
60463
98537
50832
45365
18113
54436
92646
5084
17057
29565
1269
24231
39126
29457
33413
52944
87523
62911
99475
17883
11393
67871
2842
70003
17847
85709
89310
52370
95321
99805
85428
93151
10490
71570
59057
11154
10575
25898
6894
48307
38305
48113
8917
5377
83150
5974
87978
57966
13501
93914
47769
20135
29
69060
20376
50066
21241
22642
87096
688
29881
61035
59662
15650
69304
30959
38968
41223
69918
49327
75694
81507
50810
14265
38087
47772
21789
90924
85733
12734
60021
98506
80542
39679
87844
36043
86728
36508
90205
6606
31808
75393
8603
84683
36054
57768
82974
82116
1785
84121
59459
54937
37179
22448
85566
20346
61824
6013
84343
90199
45000
37316
95966
72116
33015
93252
26732
40856
79134
96213
31287
92261
42375
25226
73650
9314
42242
84887
94623
86707
10151
63692
44882
71530
1127
82175
81091
5847
69492
85191
87823
59195
1801
67940
81548
65914
60215
64029
92007
45103
86478
9889
31196
20665
55940
26095
59857
68627
517
55473
49136
57346
9495
74979
20031
90439
83144
83282
69053
91412
49558
85759
4123
10395
5819
25986
92084
76194
91764
49739
66091
45587
14988
22500
17440
14736
33705
19475
95854
16708
74835
96252
80580
9812
23772
36386
96829
93716
77393
57838
76511
36630
14043
23752
68589
22557
64914
65602
82825
74767
60319
39861
11946
71465
39884
69411
73781
2125
97611
17211
82907
22007
55520
6778
78895
78157
90123
27343
70338
73940
42422
42871
44445
48991
41047
88327
8314
58723
80002
58120
98304
95174
88911
96381
74329
9333
82531
45856
77489
43829
70462
96298
46157
77553
3360
75505
6598
1810
8856
98571
98881
50989
19883
37265
44652
14773
38813
91007
93590
83954
57408
20504
40972
76266
97206
81863
97836
32667
35428
70368
36680
71978
79573
7236
16408
28950
93031
23364
25564
12038
34231
51516
90125
29473
86468
60001
65759
81084
66242
52245
92726
75533
13470
64247
2593
39583
3145
40152
92887
22718
14595
20455
69580
84306
47525
72367
66064
53193
68746
42486
61253
23117
29627
57670
87772
71381
6038
82377
79371
47254
22106
97933
50028
85722
89330
4647
34804
46121
57979
24371
2158
44708
56020
67898
51188
98737
13729
81420
75625
71631
50172
31629
75126
86379
45273
12460
96896
76684
43891
14414
9922
1737
23416
91338
34445
93211
90671
59725
51608
86893
78561
44861
64005
15471
10571
64283
32657
95465
41214
13538
54327
60909
97745
4716
72611
52741
11300
30931
26254
59020
3249
81588
31835
4824
38033
74992
11372
58069
41417
73037
71042
16397
94799
80762
9039
11939
44604
78991
29977
21056
7056
18130
76878
36420
79197
85398
55743
30814
38897
57854
20186
33111
87395
86560
74152
520
55481
15300
99583
34572
56724
93419
3237
38128
28953
76941
53698
67302
44700
54715
99840
30969
8843
7747
54210
46331
13716
3665
42174
17018
308
23410
89240
13618
16733
97716
99645
5052
28355
40746
87801
51043
33700
13228
97781
65687
73746
6459
63440
26234
73374
46241
86681
73976
22082
11671
3974
39989
33674
47648
47092
92350
33280
29651
97692
54657
7988
55414
93294
61016
84644
66469
85453
82176
61421
96210
68295
5128
49486
18375
9167
73349
47158
29607
42456
51490
75530
54098
9776
46901
87508
82887
31510
5613
11786
11459
35322
90055
6426
3144
39696
82624
28880
94202
47537
39301
63140
63874
58062
76422
96483
65557
93265
585
67544
25327
60978
18778
24630
80473
23538
44576
80293
10442
78872
21419
88358
33961
75014
94153
78341
87344
11735
33881
63258
65868
86487
18551
92380
36897
21247
23445
95523
3371
72651
98762
54168
42943
41594
40964
61115
90159
11330
57050
55472
59757
88973
42076
17160
95239
51091
26988
43975
51312
15478
65157
32183
27136
7220
16025
44873
4209
25037
15930
23651
1066
31313
57262
83690
74233
47300
61989
69773
15385
7730
24038
61451
85780
16553
8709
70691
63617
58071
34609
1526
26702
42561
48107
83003
42745
61884
37329
8031
28888
67372
1559
36118
91352
82551
51383
12675
5859
43141
91872
6911
75707
11767
66186
28522
19075
78145
8969
49803
40380
15428
64607
73349
71948
17164
36268
72185
23676
46019
37633
75314
98072
15601
53811
3761
79833
59089
21482
40757
31615
61745
76121
40454
78744
27877
55528
79711
51006
1704
31276
87350
22460
72912
56889
81609
40976
30348
58606
51206
87852
10653
74350
63542
76983
78959
4527
91016
29105
27219
76267
39574
467
67386
97908
28086
94548
11952
49349
19263
59337
79090
76595
48918
23268
49165
80482
24116
49789
52629
2260
46933
49038
37822
57628
15232
57911
34683
33873
89358
2722
90705
446
40217
31490
28950
11446
75266
94484
49836
11012
87743
14184
44980
82145
56127
58905
9008
29247
32444
87798
19450
32002
74556
8453
79194
44270
85635
27774
53352
97852
58680
47347
20606
39366
51858
97295
7769
13793
98591
29148
2540
12427
92882
60863
74977
86298
8903
96286
6733
65492
46579
61633
58415
29725
59469
5398
39877
65962
61970
48879
45162
15092
40442
5830
56624
2472
6197
7072
23542
7612
32545
56335
20390
5244
29068
66738
75566
89058
81248
81111
20888
18724
71855
18273
58600
86983
60892
88836
45458
64434
22084
7309
40022
22013
46055
97407
83417
29288
375
76344
98657
89768
78076
71570
7533
24636
85153
24837
78798
53726
14110
9514
34949
19733
68771
80538
14331
54054
33374
29748
34103
30123
39754
76414
4927
3612
82452
48963
45743
90570
63818
12699
33423
96299
92675
57864
37140
80047
71717
25244
26933
20497
83639
65080
13256
87913
23203
67568
60089
54622
77447
89034
35654
47769
11193
62373
42330
27220
71125
7862
75044
99153
41796
69997
55923
56872
73226
21686
51568
23800
60556
48667
29112
61247
80989
66855
53653
19333
71524
87398
14488
26162
28171
42537
39317
25375
13733
48517
62266
35530
35165
40443
65549
43395
86552
53138
24802
72899
47655
28031
76726
77757
88907
93191
58923
46253
34820
46235
17151
64524
440
85602
97131
9606
29053
45269
31990
68482
69347
39972
51828
8000
83553
12086
32894
93826
30554
42253
35599
52321
55563
25480
78008
21472
8597
74146
89408
35741
49121
54968
7260
86884
54581
16967
40071
62814
80337
85459
78014
1318
5766
72453
51099
48828
94260
67404
89547
34291
83678
14628
47310
22757
10637
84820
90187
50982
18173
91761
52621
34325
10760
83808
51486
63631
67853
18521
70271
6974
89021
94151
49441
65967
87842
37740
24547
10593
60012
95777
48040
99001
65337
6170
48980
30259
97311
29544
58051
84627
74553
53689
3910
50137
32493
10394
38171
32786
37142
60316
37607
65995
93235
46516
65011
37601
82987
7901
42657
26228
69339
11480
95721
83130
56765
17779
75444
1967
65558
78024
3828
8682
18461
81660
76158
36971
83939
12488
88197
99057
1539
95668
62932
36936
70120
49535
16136
99487
78613
41595
24424
27608
99349
84566
28130
44856
73792
79507
48643
78014
63718
44855
17938
66257
46683
23967
22409
41137
70591
88430
29201
85744
47561
54565
858
84250
36303
72331
97812
1358
82709
56428
2668
74353
41903
88222
4838
28120
10709
25022
86324
5443
83906
53881
60176
53290
50952
19367
1276
45775
37269
97681
41139
80146
5434
22067
51531
87075
31869
48413
93834
93906
94653
50675
90466
30883
59741
31477
63915
46014
17200
25753
83483
19618
59935
94035
88004
59705
81625
48566
79658
87175
68664
4789
35167
41340
300
8930
90909
90217
95046
67736
19776
95695
91875
5524
15678
8403
59667
88254
75203
1229
52037
742
61197
54944
65233
37801
91488
34020
81761
69842
80135
19519
30685
45341
89417
48626
65553
56279
33668
73583
40509
6081
32840
54441
19450
73171
40242
38788
28388
13662
68579
14315
98760
35242
91965
73888
28683
82366
6298
23918
80596
13309
29320
51610
92535
29933
83493
67064
92863
1684
59891
47322
59223
66267
86904
24355
30134
92596
33108
91386
52709
23928
68320
25466
92717
60553
21376
59910
81282
57174
67940
42170
19046
20957
85473
81084
5947
49994
89863
49905
58793
93758
80062
43405
3656
69259
67010
52322
43691
93084
9688
92793
489
28977
2444
38719
44681
8007
68169
97878
73545
19574
42163
94061
56619
96277
97893
618
32445
7160
47618
60003
91875
33561
94650
16556
49252
6165
5531
98378
54765
58125
24945
24134
71493
95948
34524
66718
6639
40552
4268
63669
72789
33218
82140
24490
6584
87080
29224
52551
11409
11802
9484
28112
63458
86537
73754
79995
37502
94843
94135
48671
63825
42476
33011
66596
41709
49006
86820
90842
70643
25777
62270
37734
14810
83613
25329
48599
54431
72252
27774
39159
90634
86869
5783
77341
4536
15603
531
28511
46218
75396
40938
44484
52874
35133
51379
60951
10261
65499
69528
87320
40649
37476
41138
11501
35436
61964
20903
182
20950
34516
11804
12158
99581
59116
63416
6509
77179
19353
67384
81883
92350
30386
78184
21982
18827
24516
40676
98980
7088
42998
3243
64924
37413
78534
53821
48559
54590
67922
60369
12684
74000
55379
38422
87041
36061
86468
90852
84934
6526
62496
35933
99283
76460
27593
78629
721
86250
25925
56315
76046
35923
95395
76467
23370
29211
3420
91314
56911
9413
64276
40645
52573
88673
25023
47966
36643
26431
41952
38253
40714
69269
87501
31511
61195
63528
78
6101
82881
94106
11205
81131
63001
96273
87175
83747
5062
42784
9160
44997
50609
7188
17845
30326
83405
50493
29083
45835
40360
33815
17413
89032
78686
38932
24130
86969
27976
67048
3493
9355
1266
92688
84326
64488
35465
71519
29446
13326
98355
49159
60528
45419
36921
39904
41370
82871
69695
43481
64843
76142
32725
23480
96374
22761
89990
40463
45605
37367
43917
56861
76113
31869
10727
51038
59181
9671
57027
30609
97795
17322
5238
68068
49110
92056
92876
38749
88903
54878
56761
50439
32434
14589
54797
92599
85048
64227
9541
43387
37112
45734
19838
70302
23287
15869
13893
39962
66943
82203
21706
97754
44611
29513
56755
41579
37536
34110
36525
57535
1246
89501
43197
83389
75574
5996
39508
89864
10607
71148
79585
33450
80129
47002
12128
92349
57434
56897
10192
74583
14686
51993
48450
82895
521
82016
78382
79152
72176
40403
34752
8633
6790
1194
45679
11758
30010
84557
99822
66782
59358
51415
63036
35410
30850
24902
27478
12047
13407
48827
15660
50728
40880
54516
33008
80164
70298
6051
35850
22855
93580
89483
56745
47967
54145
27479
3573
53422
1378
89719
83552
20718
16777
59255
46555
67142
49025
37854
46084
60520
82921
99552
55100
40868
54839
53120
6551
79948
1529
60518
30925
31173
53750
30585
82253
63463
83827
32985
65169
65393
89138
66651
49229
31244
98389
2690
58817
63130
53600
77814
13934
92539
58941
20772
39493
49276
42232
89554
31547
96124
64107
15741
26681
68508
78324
46577
86319
41475
48097
62276
8073
95467
3438
93167
39449
42956
31558
42474
27572
23618
77829
49187
57337
84285
33726
84667
86827
59461
50776
97245
88032
57832
67891
12188
57331
95042
68297
75176
13396
73160
88079
63180
92158
98929
60762
93127
44457
74305
60831
57061
4726
6098
36723
89497
68424
23714
55889
58457
40754
60948
92922
90230
99019
67363
9430
7063
2142
80522
64888
95665
11582
38825
89856
73381
34103
3637
92634
41686
61312
69119
55140
15397
79276
38687
92077
34027
7231
84413
6521
3954
18206
31835
83457
31184
60767
4354
40503
48705
72832
18408
21255
73888
88947
48571
50681
95747
76119
3693
29330
89744
10594
79804
38554
95615
72730
43132
97145
53037
45827
90179
3515
5945
36594
720
19251
5920
30432
30681
31131
4272
19771
45712
35449
90986
13622
93618
54973
87865
78145
85132
65831
33066
83283
38506
71941
80743
7907
81597
22522
47412
45367
99559
23066
30980
71859
33574
83218
95224
49395
74363
54405
80630
82484
63191
6577
30403
68684
2977
11377
87485
55194
80198
35483
82359
43288
96445
76424
51249
60237
25654
59796
53363
40607
28286
33019
49574
79749
30801
23140
20463
78683
46877
378
49481
58959
63119
5045
46750
52696
47293
66904
86753
38150
39183
31315
8843
27444
98378
89512
18129
98778
87419
77483
70974
6399
9916
77986
56114
93228
83846
52812
2870
82652
90419
60830
83931
88431
73774
13160
43887
82206
78842
98486
11547
94184
94364
69651
61851
1163
78053
30312
56602
7855
36416
83650
85450
828
10709
58066
64765
56075
91031
11694
45668
57466
76816
10388
46465
81913
25959
81710
53098
58146
18699
65265
45821
88870
76095
68671
92730
95202
86914
48365
92930
18544
78585
40831
77610
55737
15420
92047
59676
96136
67546
81485
13514
29850
48969
56640
6607
19026
21774
89611
51300
85129
81957
1803
79292
91554
55598
67388
99837
32667
27444
96026
95611
18880
55611
42341
96275
43898
18278
94335
31873
34757
31010
93903
85726
11327
66770
55784
59033
78107
74487
33987
13937
52758
80924
94056
51084
38785
21660
45100
50903
17020
54352
86356
34171
39332
71801
86168
32472
9924
1222
83523
56001
68583
46595
44439
88595
75565
79198
97261
7859
10619
34295
94394
75203
88077
35555
76141
31169
24647
84029
95732
20829
12201
11210
90911
25972
86176
26823
77564
61197
61465
66385
86465
90224
56721
49617
66505
3358
58504
66306
33813
80305
85301
52480
90996
4721
51794
92687
60797
16015
79959
78021
69945
76034
69284
38709
39390
17915
48248
74105
82037
30279
58751
90427
28701
92066
27433
58496
24137
69618
79701
58321
16996
41127
43916
45928
533
42476
40234
21684
56061
12970
33110
95816
90365
59770
41491
63654
75541
5221
69840
99555
3271
442
95226
407
67546
97674
75729
85316
3451
11588
4695
55457
79997
56552
8517
52866
833
84810
80120
16997
50225
69669
5032
18971
16358
3866
31258
79696
14921
70628
95083
98906
15222
54488
11116
18682
60605
31486
96846
67570
18883
79910
10355
12260
69317
86026
67588
19778
54876
41247
47328
60791
68540
26774
22289
61264
49206
92373
58363
41513
9854
73261
64014
53360
66310
15543
65403
82168
11529
42832
6852
30205
34533
14415
76779
20782
29407
47359
97356
65084
25290
80733
43879
94365
92546
66672
13365
43581
68595
37183
11068
67074
16247
78035
61885
3867
21436
41963
24363
12389
53091
94966
39382
38041
71365
7985
12997
5460
36176
20380
27394
23044
91919
79547
64304
78572
38568
83622
21175
82901
45983
85421
64
86066
49368
34732
85564
45710
94330
78471
72030
43540
36430
60898
7497
94842
74791
54880
94756
38826
28731
25878
59627
46190
3599
40362
7679
68696
66130
813
53501
62380
20096
40691
11787
47339
92422
95723
1551
65117
99493
33023
24666
19577
77743
88010
76257
96276
86351
34768
34221
16100
44709
12223
64328
40815
82063
416
57016
58197
43651
43450
27625
95415
82008
50691
84674
5218
77733
67012
48121
49020
96353
44488
65250
12842
78442
38656
67714
82363
77665
83094
80003
81429
19250
13516
45888
59098
7217
7057
91744
53270
76768
89567
22079
25512
26125
72212
81000
64842
4376
16170
32863
22367
178
76053
80090
80889
48034
81305
60272
27460
84705
60678
49098
67730
85669
33649
18262
58883
40090
84272
16602
34512
61228
27825
40837
50965
6978
4375
99905
8249
93828
62642
74341
71163
87101
83099
53831
44858
38843
23081
18574
44193
8115
78834
3622
37230
25314
52834
86669
85502
78094
82961
89034
82102
34892
78564
80829
68976
12858
17506
35057
8416
98412
6705
53614
45890
49540
21261
44556
20515
65210
96612
3298
94120
28315
21841
61340
64542
2766
60050
51562
53951
80658
54888
81237
71742
32291
18060
15692
44591
12571
62824
26333
46070
67893
9977
46368
99722
78444
81791
2829
72710
16290
33566
27822
10444
86654
26804
18286
42454
13741
4183
37073
89594
57992
61322
55165
99513
74774
18876
46358
82725
53608
81534
68712
77965
81442
98239
61117
23462
28634
48870
5422
22519
38873
96266
41974
11105
99582
26289
54243
95657
54818
9444
43621
83684
50358
5355
92329
63038
14152
42474
53407
8646
29669
76503
84374
56986
72344
12023
10858
66218
78256
18805
31092
77804
11904
28702
17376
7579
36992
31996
15708
13420
38577
74892
55820
56464
35870
80670
83706
36959
59102
13321
32618
49671
19733
48744
19308
40208
36314
83285
23499
85515
5940
72000
52930
98199
25629
78189
56078
71343
51817
46599
99967
95859
79615
1764
74536
2386
77862
13175
74454
2833
89659
32684
14045
61786
29182
260
66637
79588
63373
8909
2083
32187
25576
75996
68988
18124
19732
76682
51749
45104
55547
53129
303
82674
25968
57729
89790
63038
68080
33547
54272
44423
21764
84617
82522
4661
33283
30623
85533
2506
22516
81107
7448
82960
91634
90333
4199
71520
89608
21674
76041
28049
63259
63315
1360
93596
46951
19893
59570
76520
27682
26285
33372
93622
59900
36338
81701
96171
93800
20046
92128
56693
84404
36666
39724
42396
78452
86134
97734
40007
22718
82146
13726
24104
33614
92539
86599
73317
78985
85557
29479
74660
18526
27921
65998
92722
97896
63516
52228
98960
90545
69701
33435
61370
47793
41080
93220
21461
28180
16571
28957
86421
66585
7876
10440
29608
62006
64821
10358
60707
15257
29013
41954
40327
61322
67148
75899
41902
60652
82523
2489
68280
11586
81366
47729
8301
89518
9759
77443
21934
58228
52992
79761
46365
26878
12869
10
67653
85049
38739
67556
62504
35132
60681
35367
59747
18792
54098
11110
12128
24843
31491
33641
17399
91103
94327
56998
67169
79855
613
9615
81084
86426
39226
82660
35956
82672
9305
44393
27252
89145
50828
11634
53192
59157
14053
85530
55054
98270
95189
18931
59609
31498
18088
42488
26050
5900
90524
65983
75467
41562
5340
24266
3953
81097
42365
92700
35822
97204
52084
38729
52935
44860
96241
68262
95705
96649
85917
16959
59003
35663
6187
50215
54736
63084
68926
15114
1035
19565
97207
24095
30815
41584
64921
39865
74146
81668
90908
41341
25886
11213
82953
8877
68116
81860
74072
64579
70061
16987
4388
58425
88158
68030
52712
16549
32695
74101
47577
98371
27048
36230
84895
10282
69680
24567
34768
20512
50340
75025
42091
83337
27225
33664
17934
10555
83470
4119
55477
5133
41080
64432
33872
51917
41899
87537
21663
93105
89378
57258
37740
27526
89772
16443
66597
64420
64883
13619
72181
33027
8586
60627
52927
74662
29298
98705
68918
53653
59209
94744
83739
47016
34032
78412
22291
36703
65303
31179
18212
92624
48039
12207
13261
15416
89195
4528
8703
27186
91260
83687
22524
48165
55880
36782
45835
76119
7902
99874
23028
58976
30361
15786
46206
34265
31111
75570
54435
6931
3252
53776
95596
66820
73112
47975
38702
30461
70489
34410
23009
89975
79294
89624
47833
84395
53042
42981
14467
73536
93905
96218
8990
9343
22418
24723
59923
20771
10449
71878
31218
9741
56792
71332
61418
95283
71145
40791
25957
89016
83467
46923
92414
87895
85966
97673
1312
99577
59804
74334
71292
3526
67295
6331
19366
84056
95401
56982
81965
15979
73252
62733
18581
31376
75990
34826
96627
87329
38896
40066
35876
111
75955
34648
73994
71991
736
53407
95204
5075
91099
50172
2665
48652
85659
61738
19809
34893
47473
90550
82528
51795
78866
61355
75136
60289
22338
92616
3834
53104
63935
97069
52288
8164
28327
98229
86682
35225
39815
24157
98203
64252
26370
5699
67551
38166
52442
64554
48771
12771
94141
25689
40833
39585
84335
15299
33095
36356
85904
66913
2899
20358
7018
58107
70221
73628
25722
33991
76321
23363
40984
41416
91639
44217
13732
37815
67249
48969
21519
33407
53280
70526
56067
32258
72964
82968
26480
42905
5118
95325
4725
18873
33843
55046
4263
98641
54623
82426
71424
76432
16275
65017
77511
50435
73454
70190
12695
92220
60659
64968
76143
61198
64236
67298
77174
26613
15227
13405
92105
82451
11737
30191
89891
93172
45389
60309
65544
70963
45994
78852
68749
94037
67173
66461
41799
28979
37298
49471
46190
17270
17850
2071
56782
88155
60603
61618
63947
83414
88508
96051
28846
97714
89419
33343
48
83894
7190
97526
61889
7268
71106
9020
95029
54427
23147
63989
80845
78684
81176
47088
58462
46537
84570
73338
99807
88617
71233
26227
22324
44297
69083
62174
95090
92477
29898
39281
23471
34627
20257
32909
39911
40072
635
20487
62349
42820
49911
4549
68716
1921
76756
65636
65913
62585
17765
90838
57784
91357
12754
51593
34023
45106
5835
26306
1482
32373
34729
78921
60500
21503
54850
40766
10766
76132
95528
8905
70376
35382
27584
34863
12601
34918
66330
42208
62869
40394
17585
69294
14250
77146
72641
52920
63158
70805
13120
79012
89609
44865
70299
69067
46259
37743
86574
83245
31562
53116
98399
68006
25817
54803
67095
67897
30472
82736
55038
18696
22180
39296
79442
35622
96460
13637
71748
49507
84055
49078
40847
66279
55109
39138
3477
99002
88192
13973
74392
63103
44942
69907
15538
19329
23158
51841
80402
8742
11373
79683
81684
25408
48860
54432
40667
58498
48016
81953
88365
63952
73949
86073
20203
11823
4175
24255
54060
15771
96719
3574
22389
2007
62063
12237
