76199
85790
83745
27321
65568
96377
94457
88472
67611
17251
73553
32161
20080
79748
77403
55752
48210
75942
44802
99675
81614
31532
92824
49192
76944
37036
70412
70796
47941
62443
17495
37690
80892
71507
20501
87460
76453
95315
31696
38792
19835
11187
53880
80026
4158
68115
14192
46058
97720
12543
9442
7122
12482
60625
48786
5119
7807
48259
60463
12953
78086
85518
23718
69264
28253
10949
41073
62853
95648
11847
35277
93138
53697
62885
97577
68087
33706
83889
762
87522
59262
24606
10251
91162
59997
28730
39442
5096
17990
83781
34526
57091
76631
54668
69612
14998
27311
82887
26137
6128
94389
71019
77586
79368
69170
46572
12615
8267
86713
55379
5278
63460
97414
77272
99299
7878
55844
89532
55549
505
23721
58726
33724
23614
57788
91288
99759
41121
81687
74093
66834
58202
15687
497
36548
89952
55152
50717
91542
29131
26190
59661
82816
26020
6486
11872
99181
93099
98971
72396
20535
15429
43020
60763
64846
94368
34906
7046
46929
32964
47032
77068
1343
27415
88827
34799
41607
42957
25857
98411
13435
80715
60621
31603
3971
18710
36432
54987
39278
17277
54661
5916
25059
45952
25523
52215
50518
60155
39509
37225
65111
39091
75349
7831
17092
52155
93748
855
1502
82467
43047
97802
79641
83774
26236
82458
45996
81039
5498
5899
75721
31248
39814
95617
61447
20734
20834
29743
4218
83588
51312
38199
30564
82914
84244
85603
27717
70553
20919
48766
77038
58358
82312
98991
28916
99865
98332
4435
53695
97217
45175
4023
44450
22679
74627
32207
24965
28211
29117
88438
68158
68142
77263
60034
96126
36453
78455
85379
82951
59206
66631
14840
33755
61851
38022
80973
51760
9360
73492
54037
75424
23202
17418
23777
96093
45158
56960
88570
98626
88724
26696
43488
74116
7950
72375
17823
48135
16304
79972
48619
18669
44374
21897
11577
76073
9604
37735
28697
14962
95830
48134
37715
88979
25093
58521
381
14879
8915
33920
61782
8610
58675
39303
72610
1746
45688
93228
52611
65668
56216
75838
86960
41755
84092
13120
68180
73916
48999
44333
9350
5469
20128
17014
59937
84347
65054
17255
81215
86667
93232
98023
5751
41192
14214
8574
83343
92523
62143
62449
7392
82393
49039
92776
9445
55126
4525
3665
79775
58231
26423
18558
393
821
66242
35369
71698
36349
60226
34135
44572
49125
55089
62330
8880
48537
16000
53361
35708
10227
86456
29387
12843
52617
69067
71272
73599
48385
74524
14496
25389
39807
62280
36572
4244
73375
64271
68290
83324
17789
94819
47663
9383
60209
43148
94749
44119
19769
4437
93476
2300
26255
74519
9053
51640
83482
47391
52001
47441
46880
18078
3824
76401
13336
39950
621
47422
4733
81404
34566
28657
86143
68727
43570
75861
79604
71475
31315
14974
18892
59641
84603
54820
514
91695
2795
32506
40526
91167
27127
77103
60983
63079
35013
24705
53958
83229
2836
64440
54102
8253
74233
22470
43463
64720
61860
95481
19409
18746
63105
24859
24470
88097
13755
86151
17968
78165
28059
77447
68458
74144
69358
47150
75531
80811
1604
19567
29868
80426
69557
84408
65771
80485
75998
7631
18872
6884
83337
86344
93325
87191
22250
24160
52506
14303
75078
75225
89950
71420
48111
86002
52594
22036
78698
48385
6783
43517
7889
85840
58352
98823
22323
2386
83362
10281
44729
60896
11703
66566
70149
75989
64010
66876
88755
47938
62845
42505
20673
38382
29359
40314
59915
78094
93609
34577
86831
22013
81303
72690
22959
56536
12468
27562
3028
53433
17661
54973
77871
17389
35208
59562
89596
93364
76366
12573
47360
31349
50659
76242
10001
88924
52263
81921
32916
12017
8500
86058
15680
58453
51544
38141
57602
68507
34685
94534
50331
69537
90403
95508
51108
93962
90095
94597
6418
84474
19804
93264
67091
48397
70512
42574
17944
17748
75402
42533
36781
35725
77559
62547
9955
8990
98756
33331
98319
85069
37646
29935
5644
43007
29749
1155
94715
27467
73231
43849
41995
97306
60089
85031
43443
97598
12807
4945
88635
98540
3613
85115
91131
93143
33910
77600
87387
68426
21665
99592
27706
54690
9997
1945
88619
1670
25369
87677
28217
42724
97933
30188
34731
70313
36647
38486
99714
58140
61870
98959
51711
30391
62211
17367
67745
98371
15413
91941
15789
1392
65299
42959
91270
60142
27580
15417
65724
43371
20754
45400
22209
75656
98477
72929
85590
26650
40140
5938
67332
25659
73703
38557
31494
37674
41312
27885
80164
63013
42775
44342
75099
41538
15452
18142
77656
1829
35104
68225
43043
49568
59460
93445
98360
69517
48083
13820
55760
37377
10220
24847
74398
54990
791
14285
69558
25592
77560
37648
96840
60593
10977
51880
44362
34388
18850
88742
49075
91706
82236
19687
32036
89052
76148
38459
91169
62757
61123
3441
27453
88531
13545
62913
80500
15243
73057
60085
58449
25686
20752
25013
5200
27739
88663
57870
90046
53082
1641
34494
1500
30435
82998
63806
4931
35345
35877
24908
15201
33638
74208
2420
22497
88227
21865
86747
52457
82660
56683
28520
17725
29719
19627
45903
99265
82327
81789
12699
81179
41417
13587
54872
89527
76882
60400
69306
28740
6931
20091
89869
94075
67298
95151
55642
33120
55622
23183
6642
4577
64046
34487
52762
54108
97167
37837
82228
69118
63929
21591
87878
71237
27892
37894
19720
1126
2748
83567
89903
15947
90358
28155
93042
11284
83342
14452
1397
23102
88271
16640
44922
43362
41630
67946
84320
41940
51091
63931
67253
46635
9460
16808
88384
57792
18000
24837
30724
93296
21301
53623
37586
41244
33327
90983
85838
88176
82110
84659
86235
46784
91218
71294
65926
80493
15782
27944
95500
5991
98550
62200
37321
87661
32894
97525
98238
7025
59408
60212
80830
30423
86770
33004
29909
56699
37010
34821
21109
2001
69702
62255
63807
1960
51780
54159
94987
48392
83643
58100
81524
42811
21165
17544
29698
59496
3689
72322
42613
41530
67145
6648
91818
65311
31365
76369
67598
89324
3889
55225
16413
14782
19930
52014
83061
66043
94296
87543
99036
82167
33841
55892
23594
9843
24811
43216
55829
97535
18603
44339
46679
25696
70734
61492
49822
41165
25794
68460
33328
71667
1187
10373
79928
7641
29486
10098
78673
86238
29635
26584
88910
58845
60764
71882
17028
85779
24868
93266
37077
34519
3030
89707
98426
12488
88627
73100
33452
1637
59167
47199
20815
20213
28857
89999
35195
9606
26389
86111
97992
67443
33720
49752
17877
82879
76687
41211
31413
49630
8845
56116
99511
98931
52895
29487
88081
24276
10125
39108
94600
54538
93327
51982
88863
81396
68585
69050
26745
31883
73541
74843
48460
81471
88108
51290
83621
77985
45344
490
30161
31034
83609
38362
31183
53304
26202
47619
86096
93193
84463
14049
26184
94560
36582
55327
58292
90837
41127
89803
42791
31177
92848
86824
48851
90343
84178
62978
62929
45381
95106
71549
27757
11978
32700
46054
47505
18026
42427
16843
15979
51884
19278
80710
2686
30604
39031
5236
35714
83837
24517
92228
98681
9318
13388
97772
66384
7245
54782
97973
78765
42834
20904
10454
35323
18002
60139
68798
88304
460
27798
72523
45559
18367
53533
32727
58590
88466
45656
65394
80190
2734
47930
58347
57538
94758
11211
488
75895
38871
69509
3830
36527
30090
33064
45402
62129
24342
58778
16037
70144
60514
70302
27142
42278
64008
37936
53625
17598
81653
50875
17021
94843
73773
31927
4836
93432
58476
5890
15523
35708
16359
22810
72201
41737
86065
43924
8813
90946
4378
50684
21568
55863
16113
73417
32705
30574
57353
24412
5199
83632
44986
94517
9497
32429
9759
51538
87729
73484
44477
79525
75360
71091
38435
89521
90419
86928
25132
50433
41938
21922
43969
82885
98353
77479
32284
64842
18400
62338
78504
63060
32477
44264
18084
42906
87113
87496
69638
31263
91864
86293
71164
5320
81826
7121
88685
20415
67991
3607
85151
58307
97455
92197
76081
80682
30750
43620
70280
89492
39687
54870
89224
8173
8840
70523
40696
45950
33779
71680
76584
61008
77692
3749
10830
13087
37038
9128
97739
21495
70393
48819
30957
14734
92550
65919
70605
56318
15147
34916
83833
24797
39129
60158
73580
46202
81362
29117
50745
10165
91961
59241
91111
27612
51202
54576
90966
17150
31208
5262
61344
7918
93181
58680
15130
33590
47420
30821
26233
22389
72602
65657
42738
12951
67707
19887
52570
71151
23617
41986
23148
531
15935
13848
28233
3764
22028
49516
40985
61049
69396
67574
56175
90711
47176
85561
99499
98383
6964
81545
62810
48036
58961
51671
72760
31831
50577
15291
85621
59905
88696
74621
47828
40044
19403
22080
44112
97806
17376
85515
77114
91940
58901
24276
60606
72711
96540
85899
55940
37581
11412
78721
6930
32446
81555
7988
70030
15569
96959
2744
62432
47811
86044
18883
83094
52564
2687
38996
52290
62814
2370
50625
49054
22866
48176
48765
54960
93649
77120
22466
58728
30499
4862
76544
56006
24920
95140
72834
66360
15673
54473
31609
47105
20554
7568
75655
60790
9022
43489
22186
7522
52087
5268
7908
41161
2713
10025
28867
26729
66217
84021
39281
70652
49095
72631
91514
19226
93061
71721
45077
18108
28163
74898
60402
49083
71689
30392
97407
19639
45856
85459
99894
21075
13805
83708
12742
53630
24971
80100
27324
75405
95876
21217
79917
42691
17739
67459
92515
38866
88473
84197
9635
80539
75715
73439
55223
77202
12948
16056
77756
23069
86796
51961
89258
41755
50325
26621
43739
19969
97021
84964
26266
85791
58933
89575
45738
36386
72421
31814
97456
53906
93289
11068
65630
38460
74061
66708
90268
36906
95488
86357
86485
5229
55128
63321
17819
2973
34882
82715
67064
20823
46339
61935
95635
84581
97072
84075
64827
94364
21575
25411
40307
45887
47849
75091
22394
38688
4340
36917
43190
28807
54976
32114
53436
85131
40246
10069
95134
51901
72808
91931
63409
3268
68977
84839
41818
32706
68266
14994
19093
66262
8230
48831
12002
23291
77451
33805
81869
13390
35118
9381
94423
23116
98441
94803
94086
23450
85499
27794
83878
93726
38396
39680
4730
76331
67803
61425
18595
17306
85207
5567
96524
51987
4598
70462
55376
8299
63781
4014
41672
19720
50349
54346
72309
19071
31310
83005
69542
85822
46683
64468
12263
87174
92753
1486
79174
48464
33013
9648
65475
30417
39050
26198
83379
47544
93515
20612
84913
78420
84587
40026
62562
39506
59718
20358
65699
96579
46340
29011
20913
10429
59242
65727
78389
35000
71644
59466
12938
39353
24979
67242
73740
61739
45271
76219
70847
59144
31385
1524
40409
74008
47088
11254
11277
9713
462
8317
51541
85564
81662
78361
72699
49368
72348
83446
81444
62232
7152
40022
42202
50023
5033
63809
18260
30956
11314
67603
95972
54472
30676
31860
20156
48092
89640
66277
478
63880
86967
9781
8191
94830
58960
54131
57720
50805
75333
20510
30377
71146
4866
43513
65641
76480
81162
11738
78638
15896
87984
54337
64341
62108
74864
43558
95215
63845
77128
98155
51241
89884
918
69584
21686
9566
92655
70502
96603
45720
76536
33467
61174
33042
83813
74996
77836
12456
36236
43289
9774
69299
11813
233
10823
46471
69280
91151
52261
65173
99203
10668
54529
93009
96511
80020
16108
62830
60974
72021
696
10020
21675
69489
97025
9588
92045
38029
19734
79330
5729
30017
5544
33313
82116
72272
38286
59853
40762
19122
19409
33330
9422
4045
73467
97354
64454
32035
75031
44867
29793
52964
23877
29374
33808
44867
18973
41780
83087
25766
40829
45171
17855
50264
93648
75302
61729
25209
61661
88211
58736
21589
71561
29214
36411
61617
75402
68907
25503
97985
3402
865
23901
38871
76148
73994
74589
92407
63102
52118
51678
58758
63922
91071
37912
73568
19803
70439
10544
28072
82825
92285
66744
76378
49536
56287
52289
70428
88419
22233
66429
36820
47801
84780
85621
46291
51546
43434
78052
48463
59032
99934
64975
21934
76076
77288
22209
40318
34171
7494
93670
12737
99749
73294
90116
40614
42379
92824
11218
30195
22234
87192
7414
18238
89848
83368
93438
53755
65002
37701
71098
76176
96831
97104
67508
97348
73085
9525
41614
27509
67142
6824
58871
873
15654
17611
54089
18813
36284
93836
81698
8793
62595
8331
93628
14564
48924
81818
20811
87444
92825
63773
33811
13885
18888
11504
67140
79755
64730
25128
67507
42443
38159
59665
17558
83779
84320
35191
74299
76130
39273
31521
96165
55282
13713
84183
83653
97130
56151
97700
54993
48896
32827
3030
48355
23260
56550
79906
43825
53351
48022
90117
43716
16994
37546
17990
96951
17075
17031
7799
59598
40474
41669
85242
61616
24867
81497
43007
98563
67668
41471
72875
37795
41061
69955
14101
34878
46255
89836
45099
4783
2301
59462
1681
68021
33599
10571
34601
95791
64510
96750
63694
56438
18954
3267
55578
38487
61390
86574
25736
49611
8677
20902
53844
2837
3686
14406
78366
75992
98267
4752
65965
98962
49712
11646
21616
96121
15334
45319
37439
27569
91207
35690
49537
85447
48467
23481
93319
31500
93657
18117
66997
41041
5282
98786
8033
12732
47048
74168
50068
97445
66340
39077
49901
74127
30404
74290
25925
87878
49595
13744
57901
1905
58866
89166
90387
86868
31708
5467
38052
44998
20104
53938
38059
89865
82287
88455
83255
14763
27725
52876
14491
86424
61805
74816
98447
46074
22941
41493
89140
74126
24929
32892
71349
40612
33923
65679
83401
11027
5416
39707
86165
3062
58237
52200
36909
82407
32848
11399
66619
94615
73659
14807
99800
64167
96220
21011
85944
43174
51936
59771
86691
51303
17821
30238
95421
35677
63071
89505
79622
95638
10394
77807
84797
68722
17022
40220
5664
639
44105
84055
72143
46707
49366
7884
31535
81732
75251
24980
18698
61159
31376
40442
75379
62051
78163
94602
519
54513
16457
45047
62991
93811
28375
76681
24386
24174
64846
80546
78760
68933
63485
32140
76889
28115
23264
72065
57123
51845
17751
24854
47307
29713
61873
18308
81226
54583
77255
47540
8921
90899
45413
8295
55816
52412
51459
83903
87975
51965
5970
13998
25768
17773
80209
92601
18491
96396
89631
36552
96697
56732
76427
46892
88413
87417
1640
27406
63532
77079
25564
53136
89717
61304
5975
23554
34036
41126
22177
60740
1008
46387
85260
12691
8644
53418
47465
26770
75803
45457
59958
71573
12980
37310
65461
60461
19749
68499
76920
4811
19004
34487
51128
95443
46145
79603
68004
36479
3543
50117
36951
93516
3297
54756
66818
46501
99009
28178
68841
86539
92700
8983
76234
78045
74777
45791
91607
28714
66376
46994
13317
15280
80351
80363
29469
27023
62272
28120
86319
70480
53590
36493
52871
28204
21470
34437
10072
72090
93507
83927
92724
93624
3233
63793
75389
46260
6827
95987
24950
98712
76552
96490
90227
49233
18456
38407
26992
5274
23829
90716
26621
94026
53013
41266
27062
93334
47243
39754
50576
55492
7437
57870
20015
88205
16304
98867
10261
90830
15023
73262
87606
21836
90699
19856
19943
61697
42796
91743
10356
81607
34886
65842
51536
65920
60023
53224
57479
78848
67116
40998
80176
66327
80931
18155
87102
72415
34380
35250
89014
83582
16232
80548
53146
97272
96212
29143
60548
50005
19903
34598
3919
74634
25014
72462
79694
67687
87392
61539
88992
86908
30597
75213
13627
87337
97995
8898
64037
90496
99032
27969
36482
30009
76187
23880
9256
94866
13734
62771
91854
21505
57364
26322
80451
36472
17704
72421
53978
50419
50390
55287
57379
4064
84314
90708
5525
30124
18086
72231
75144
5702
52282
86133
6687
96498
84684
84944
51234
33741
65511
52889
23242
3800
22223
24149
47093
48323
72930
16491
31865
52375
53754
58871
78485
30911
81136
45358
37347
84468
85978
36366
67530
28324
93941
22209
2800
93695
6142
84079
4141
25821
42489
13660
46298
55695
92213
51013
17416
43777
7303
59698
54126
10920
43187
69081
60826
82158
38825
13103
20200
21015
39691
24075
89456
89518
3821
25145
13690
47121
51125
79352
92141
56887
55394
94193
39493
75386
23145
25748
44130
10436
39323
31152
84669
14394
63170
91567
45110
9599
69930
11532
85928
94823
62108
80018
63774
4633
90758
73362
23327
56639
90518
72448
20133
65229
31717
86987
64812
42060
1968
11991
88837
70210
12226
89497
10506
17504
62958
44366
18156
97384
14039
35768
26632
4184
96082
87671
20280
9367
28515
8063
89605
24923
54181
34267
18938
27029
16806
86559
16437
1914
79502
13122
66902
39822
7328
18400
63802
7343
92536
48266
88321
12891
41269
64392
20651
97471
5104
99437
92321
72862
80138
46421
77776
76666
25093
71934
88304
2850
49801
18047
14210
74999
74374
67657
49497
82556
85913
7673
38640
20347
44871
98679
15193
95310
90822
91791
59797
71728
64763
60138
54079
32673
43774
20487
61410
12207
52570
29979
65099
92744
47441
14114
96314
70009
89341
41632
20626
9409
5264
21593
95280
26231
8253
6121
20920
69012
80783
26882
63050
1055
46935
78272
89396
4788
88835
74218
49057
2831
6250
34823
11343
70715
62724
16537
56734
19890
80566
56027
93220
71471
95947
38387
59134
11928
61150
87380
37569
41793
85685
87444
22319
87551
87591
19588
17637
2955
79037
689
41936
36846
36566
38837
92831
56719
80357
22331
34772
29174
10358
76590
80213
1724
29582
60572
56287
16145
95407
41644
1530
80746
87194
46361
85607
64069
94511
68554
51093
29274
18480
6608
50035
56384
59653
7707
6528
20856
25432
38201
96511
20122
79904
20460
90087
29819
31515
94567
63862
80280
67475
91781
71365
3809
74340
69702
6838
48453
91444
12134
93066
25045
35552
31484
8431
46872
26712
92908
38806
59691
7009
99657
17379
10706
51129
45323
30238
31808
34935
70344
76807
895
39631
79763
54342
67196
65909
8590
384
84178
18522
38636
16550
60177
6226
95976
84711
48042
74422
27355
34085
35579
7620
43742
62341
58706
44772
2525
63744
50975
96230
28468
40471
31258
3943
27241
76547
1198
86163
50213
7530
34369
48996
28048
69134
66497
31528
53960
17439
54092
6976
8062
28913
71771
58629
82893
10568
50221
80422
7320
61359
71852
82604
63518
99593
17150
45278
97436
10719
74571
91648
20736
89655
25733
598
57446
22021
25976
5351
55537
65852
49840
73629
20199
98333
28770
43272
14185
97872
25368
7234
24014
21392
98044
92013
69499
96737
32671
34233
58657
96733
43783
20514
81939
98763
31411
92149
96002
98097
972
18195
1174
56000
85099
32591
60748
63918
69153
54737
13351
19970
30150
60253
64468
84807
48641
90637
8926
89027
17617
28283
47242
38050
76118
43867
98000
21899
69151
31269
16951
9524
72209
36784
19372
19889
37872
55706
90975
52456
18125
30980
17018
86208
36332
9306
39870
3736
27633
53745
14715
75956
62023
70152
66732
56209
43180
17617
92238
39386
89341
96393
15515
56147
18777
50435
53702
32947
64820
23267
19317
10639
49019
42693
16758
85072
93150
80670
89376
85095
93663
71259
1287
32919
79702
8870
19163
88592
57438
27559
8574
38716
94720
48006
9184
71794
34809
95182
7961
60840
22315
6765
80386
74182
80861
76249
47024
47318
25008
24141
45678
7735
51839
40368
41174
23120
41521
36278
37995
27873
91743
80224
83094
93206
17244
54303
94907
74773
77478
61014
15160
88278
9352
43677
62618
43890
48073
20738
33947
42900
95605
83690
61084
45517
15077
57429
50842
11428
17805
11647
89648
37449
92835
85090
32905
96298
8391
42297
23233
37343
31539
42272
99223
55264
15648
83831
11921
28727
18706
99045
85196
4464
54530
15417
54173
63917
85606
78668
23785
25781
94942
3618
72894
73964
47006
20912
89676
91454
86611
67127
76516
92085
72500
56686
93227
26283
20519
40382
36794
81369
82924
52070
26230
17325
11914
90847
67911
8090
73300
65722
9303
4202
33816
18374
74280
5934
37860
40589
50482
77814
67413
21278
31385
22651
79037
54757
17639
19770
86256
85334
56747
19004
40971
17930
44909
39792
66626
65760
28204
13530
50533
96196
87607
38404
73518
45133
33988
70290
21641
92863
56976
11444
16000
27409
12692
9653
11330
50602
31456
99441
49456
62245
32054
83779
10436
47955
47910
22683
76990
50719
34050
73583
43852
46476
19549
3017
87573
40699
69605
41374
63842
19017
59161
43998
13353
7573
93353
59047
91480
8543
61577
27796
70363
43468
89649
6739
34889
34022
41844
4468
52337
61601
31771
45918
64061
88632
16574
97756
21920
11221
95870
88788
58785
11695
38305
13559
32292
1454
85675
36596
93233
16586
34006
16072
85828
22833
13998
62352
26288
5384
93484
27615
36144
75593
33420
86922
69356
6730
97869
77089
70948
16638
63972
15000
26844
68853
67293
85476
74148
42751
16944
86721
55811
68461
54364
67183
16512
69208
97635
6398
8748
87771
98337
79614
93647
47067
55753
35737
52397
96424
33150
40028
13269
76123
51531
14512
45574
77119
46465
96327
66366
70124
58123
53650
90689
63374
39278
84304
95938
97252
76802
40928
32561
48357
28327
2391
60225
30813
21606
62701
62325
51252
76422
76594
22022
25136
2952
78174
74835
70161
7711
98822
20710
78042
5999
56139
74111
65264
11553
19596
53792
51898
41216
78939
69459
19336
36883
79213
90491
32432
94423
18379
14230
63028
97944
23462
20460
57120
4109
70024
32184
36591
79597
56997
52399
20429
209
31791
54577
63414
33640
76009
2827
40829
47185
52467
12711
74666
26776
55397
86385
13275
26128
45111
49926
61771
10953
74396
73691
71535
9295
83855
27655
66397
20735
64358
94447
3272
44646
82115
44172
8934
66519
78154
14618
47986
21193
34860
74815
50829
9963
3809
27862
91712
92869
5493
57240
67836
45644
87289
45831
84514
98721
88666
52598
99743
79592
55727
18199
28143
65632
72716
55682
52579
87011
30835
33503
62365
97659
42954
24625
22647
95583
40519
95167
15299
87497
7976
2240
99949
14134
25856
75075
96797
24761
84652
7768
30649
40796
80387
5693
95751
3412
17867
78281
74800
46847
50441
26543
4192
50941
37072
36528
37578
2664
50651
46528
78345
69106
83989
5523
30017
28346
16181
16067
28067
5098
99016
85473
76559
30575
67046
8085
23924
44182
18343
62516
787
39232
94670
6270
33698
59618
95267
64592
74252
2875
84511
5676
77653
38482
91104
49667
93852
88748
86973
49245
37497
70023
79763
27461
39269
74103
66461
54003
74681
99898
1858
76567
75023
74457
68905
58623
88069
97725
60231
45125
41248
20684
76505
50072
30028
17791
38797
10630
30433
76961
8314
20995
77986
40294
7281
16728
82688
30213
36811
47754
99515
63220
65825
8294
69896
61118
47259
21671
4781
9220
22080
55011
65513
78029
36204
12728
62546
56171
89312
89486
29910
51916
16018
72809
24035
61017
54853
46958
47234
43439
88500
82863
40925
77527
73672
85717
86530
67460
52042
40585
20287
60329
71921
51295
41165
16532
64092
50143
11754
90507
79228
33521
73662
84482
30697
99365
11295
45973
87093
74940
19440
26248
24541
27222
68516
96537
69819
77881
58848
66302
17081
6106
22367
73249
47904
15596
31439
13269
19342
23842
48472
99411
67078
92258
17693
44694
98913
26409
35291
79855
3523
85205
1710
54821
3881
41810
56883
9932
62686
97796
64328
47521
72972
78
28784
37728
97327
63421
81971
21251
79557
82613
44225
43191
68962
46485
86327
60156
78112
35817
47354
32825
89268
3052
55521
96921
2204
21976
12527
93190
81076
16588
70685
79520
18087
44600
68663
56826
96643
74664
21821
39954
5381
54571
61385
33515
71156
84799
72752
96233
59977
46938
38657
80168
41708
19799
93835
53304
28378
68508
60796
37881
94818
50788
9379
69072
78799
5422
73815
83139
42239
54400
24880
94199
78835
78297
37779
54467
26943
75154
86348
87280
21217
23088
57940
17904
73422
84650
46961
63927
38376
52337
49148
42651
8780
24352
48574
24868
4519
833
89140
58383
46281
67706
24434
22949
10034
7314
76772
95059
1512
14756
4975
26149
29131
38111
33686
50788
72863
23255
63160
13226
39433
7148
23030
97246
6677
36532
9266
82960
17364
46568
43924
94386
85091
51944
6342
96592
56006
53644
64511
35022
99187
74952
90397
19197
74603
82554
79051
10874
41316
41139
95266
12771
55201
30080
5484
80055
50019
90005
84643
68617
65816
40789
23960
20959
7314
72256
71728
9549
6003
6585
27241
74762
53188
40818
94202
50508
10821
64502
68536
62917
24062
70163
58549
86777
84916
65059
322
48698
94136
24853
64246
56546
82073
68733
55527
28012
23546
85332
29236
34064
60670
55981
15781
2233
85151
96694
41322
95269
84829
51911
30113
74936
44884
16202
7283
82141
38023
74086
77021
9531
75705
10922
48781
81999
25146
10963
8418
72652
39390
64634
71254
267
45001
56125
79128
54928
25287
57352
4049
58716
58456
36640
60041
24681
89480
49868
49858
1477
11869
91168
50241
47501
1002
96967
84205
32005
13184
76940
90704
15122
90115
84837
47002
70133
51643
79677
99813
98660
67713
90397
22836
29638
40313
80246
34900
89482
59520
98445
13412
7844
15930
33379
41073
83974
54702
1824
37402
58551
74254
3836
80787
36083
494
31241
21476
72287
63253
79521
65553
70631
71953
24551
64757
77686
3397
12284
15495
37424
6430
48161
81599
34223
49795
90788
80082
31385
76714
78729
91128
19066
19048
64310
4015
99075
26112
21243
13016
61535
90749
36860
73728
41198
81371
10812
63353
83488
68479
75784
97030
85551
68518
80381
18358
54009
31451
44598
10311
53849
45090
88950
78668
4257
81106
26959
91881
77974
7296
48877
16731
75720
76150
70083
2964
3437
55074
53135
12484
57849
20267
41579
47380
92091
57022
50835
26444
34231
46630
44015
99381
30268
55898
97628
57880
78785
66385
72891
4004
11393
88144
61557
6543
80815
72932
80809
66612
97752
16747
95764
8859
30228
38413
73596
64598
66664
61832
88313
77511
17084
95625
62272
35199
70548
78358
78926
72129
43885
15624
12141
1893
9493
60758
21510
39449
15239
94764
7875
84258
770
16954
41727
97632
44550
14121
26509
18735
32746
20617
50850
95178
20668
95750
13280
45226
32438
57881
59743
68844
9049
45243
29178
83600
33033
45652
84948
23933
40645
25393
85797
53378
96449
63315
31749
17624
53218
63364
43411
80196
69749
9509
68674
56824
47916
48579
76353
50297
78902
76137
9221
35771
3898
66446
40822
84616
94000
28174
35123
21408
4508
27735
47650
20793
46056
27674
36088
15016
5884
60289
5985
48760
45725
48128
61005
50263
49311
79172
3576
43889
50568
8072
63028
65939
84643
1094
83252
43441
12126
14762
96631
95460
11072
97762
45007
52363
7658
57618
23150
74898
67241
47109
48204
36432
60501
22397
57848
49130
12042
40075
82424
69461
95072
39738
26142
87481
44265
8486
62377
31505
7462
79786
87253
28718
5990
37719
14176
40859
68957
64992
59258
37660
80508
67954
75368
18255
97683
58178
28341
8565
50112
52734
79126
59722
78770
79301
16088
52975
19167
23378
33289
31401
34366
63059
34687
52931
83777
86713
59497
41006
64211
49576
99664
96744
43594
11918
10185
51418
85193
30929
77626
28668
39125
15552
24710
4787
38994
12491
11703
82971
48601
59631
61319
63135
51544
78057
16363
48549
59910
21580
31997
77287
6401
1646
12612
37852
12710
78172
46082
15157
99276
36878
72282
60259
19326
82070
63547
49557
18675
87729
11534
48895
30572
54016
73816
56791
31625
34320
60364
53753
31144
49717
10640
95275
50651
90646
43690
19258
71493
1217
78504
66115
9745
22239
46857
72750
41422
54850
59050
21876
39627
9211
83312
24609
48747
42953
66479
9684
57733
72460
38614
97700
51419
55831
9752
71261
5589
79907
13239
97352
74746
96
6958
40
19626
6630
57211
31617
82554
84074
14695
69779
27372
43309
51988
15716
10315
15886
29346
88059
61472
62400
4829
74024
46932
22422
56327
63522
14339
45722
4989
93288
92281
51261
2473
77993
78764
44424
33188
41760
70453
81842
35845
33302
90988
18474
98955
4683
22143
16052
78275
13263
93198
81521
4598
53035
44903
53238
79057
36349
10489
22463
36818
2976
27383
19996
42029
58890
73579
35017
39736
96687
45043
22940
19481
5250
52605
52920
97962
22780
47067
65054
58918
8821
23011
5091
68595
56175
10694
6940
30764
80435
14763
86645
55433
50067
2663
33730
59341
80206
61851
83597
59372
28178
44585
63214
72151
95707
99220
43097
80454
7002
60116
7792
17824
33873
86611
11193
25098
49050
27559
66443
89834
36839
4780
97858
47766
64037
51357
28370
99102
94074
61647
80024
64851
12717
45611
93451
23122
18212
36997
79953
19345
98280
88637
26479
33445
91974
29170
97945
61038
13071
23102
14695
96959
33662
41874
29576
43598
3161
79790
87472
83796
53425
89053
28205
78593
92868
96587
59927
11039
77794
64100
9638
93185
42924
70603
58654
79689
77208
61363
29669
87891
35665
69182
853
70881
9948
7471
7788
32995
17045
98798
87136
51266
51639
99095
73457
22314
24603
83359
40599
18610
51736
96965
89274
85097
51689
23857
37121
98431
12012
97068
80898
39757
31942
77595
61943
39298
35940
90873
4914
74987
39580
93615
51975
72157
79538
89939
69672
55298
4982
10331
33230
82686
66539
16988
34355
62109
43843
22851
97404
22812
40549
3215
76627
58032
66673
89322
63860
17974
36922
41314
43421
22936
35922
15560
14920
72697
86819
14051
6101
51933
42137
78834
52000
83192
55038
85117
81330
56562
50749
68086
25364
74899
28264
78482
77566
91921
87605
37534
21741
6899
31651
71423
34611
24800
30843
73802
22696
2761
42609
50749
75838
49648
21961
61112
70642
40148
42422
95099
39934
26010
4445
10206
55980
81433
16985
49799
79877
52834
64760
9835
66728
30858
5187
37540
30870
69014
92986
52715
28777
74690
67742
18419
71205
56238
86280
58914
86631
91429
77814
76396
11642
68043
34790
37869
77704
31234
55387
92035
61805
33689
4573
15078
28584
31666
96317
91557
11211
76334
64021
29310
79185
65624
750
64474
68015
56523
87611
74051
68387
45920
78403
70338
46921
11704
51612
83801
55277
65154
99475
85626
73722
67625
53672
47522
48337
90333
72213
9622
96629
20957
78287
63416
5891
57886
82758
64166
7808
49467
