75619
98389
16861
23529
31732
47989
80941
58309
2195
41115
70657
86166
93300
66730
1662
2106
48301
38731
46965
54120
23638
99422
94353
80661
15327
49420
83583
66515
67501
21528
93947
14612
33747
26580
34099
52332
29514
77999
60090
66164
72749
65260
41131
85963
55283
19822
46488
14263
10889
12559
16974
67689
50763
58512
10470
2271
95743
39819
89707
75971
90543
20644
63011
31856
87329
22910
85565
16308
48820
86857
80437
17265
88697
82073
43750
64830
34028
78003
41933
80651
78509
97088
40789
78017
56512
83748
81381
13192
85341
61576
34114
8162
27220
95987
27970
32660
70561
21047
56623
18341
7335
79912
48563
71711
2093
24551
71494
36659
59570
72669
10482
27449
82510
5731
23903
8917
27238
64510
19040
71668
31723
48552
10360
4950
57712
6601
8362
87686
34567
29349
73181
36740
43991
83055
82344
95363
57563
80251
91807
98254
85658
68464
22682
74022
85662
87612
24734
19527
16915
61218
57387
89673
8574
92623
23426
65921
86936
86187
38736
46311
95686
8554
94235
43059
20374
69122
10471
86369
30168
69942
14534
467
57366
67793
89818
50837
90386
50639
44008
28668
70875
20405
91451
16648
65611
85441
5074
54793
4895
90492
11239
9693
58900
71915
60893
70327
60443
869
28421
88060
13784
53343
28205
58022
12541
67363
33702
26635
1822
41439
65424
95096
24177
79162
70852
98775
67268
3457
35774
64465
19066
47520
80709
92780
87139
20652
36792
73492
17527
97757
6774
13688
87375
16312
3114
3372
38753
72106
24465
95468
790
722
20266
44544
32777
29717
22234
37338
61950
50997
69720
44188
13212
74395
47035
73719
65864
14417
74174
23919
96000
1068
37741
70106
46257
1479
82864
93703
9366
15851
97361
18267
55245
8202
83178
34422
12023
57035
77040
33300
70828
13887
2902
72816
74457
47986
67328
30339
60696
95325
34885
48938
53065
82969
86879
78822
43954
38574
71635
12924
78896
35593
53911
79004
5145
97292
61061
50847
9840
67359
60923
81930
41796
87492
26027
92272
95846
40296
5094
98611
35717
65237
87968
19914
67783
2949
99360
30591
68230
36433
60871
94095
55588
3464
23834
91604
40525
1499
45837
92384
87240
93557
21198
59295
41209
13415
51307
68863
83638
27745
67714
50892
70500
47421
80419
99828
26701
6326
93187
66313
42176
87286
88160
85893
84230
30540
31436
23335
156
81276
42104
67867
47986
22225
19710
83960
76191
57902
11531
18595
72798
12386
58919
94258
99433
68761
66306
28682
27664
88367
23325
46185
26774
85535
33650
72224
89833
8218
69954
18008
28828
98932
29721
33782
28418
63000
25375
41625
87433
69979
65693
56543
78033
654
86858
77927
33416
93645
25394
13714
61859
67764
52898
10563
66746
9777
12178
37765
62369
76149
96719
70252
75327
28709
62916
27475
50893
94349
74020
54149
23500
24691
5847
63063
38563
61353
58239
29586
40340
96636
42021
41070
52410
7498
58821
25306
85058
31888
6707
52057
55202
7617
54504
48646
63514
60211
22573
5336
4678
13204
13443
71264
51037
82554
43468
88527
14793
41175
69561
55509
4163
32107
71601
26884
52970
28692
93563
75443
71648
93120
15721
15870
24577
70531
80993
69931
69505
22532
57864
29639
25057
30257
62925
12335
15662
68691
93264
93131
62358
92157
26573
36884
79239
81022
67369
40758
68262
6454
85112
21297
73641
7269
19912
77082
80914
60574
58893
89374
10312
1722
77290
93062
14355
52745
57977
63509
20532
82660
69207
41583
23487
74910
38799
37108
55958
41849
12993
83114
20163
24116
58479
37529
25073
94370
99300
8815
64808
6198
21473
23972
81987
95322
96357
88088
46704
11007
78713
21144
70051
95247
98133
98271
79383
88254
60530
23513
1506
65919
99085
18595
99252
25811
24341
34766
30924
59708
87889
89795
20375
11183
33329
77344
96646
41992
87503
3392
29194
41720
61569
61689
18671
43257
25439
13791
89106
25570
41483
49126
66657
20565
34498
81572
82029
12982
13117
7541
25262
56183
7684
79672
73172
58350
91984
79223
19941
75624
17467
77700
32311
45718
94663
39614
33900
60326
40231
57235
18405
92141
69198
50751
33093
13055
74482
3123
82659
2753
21469
70481
96267
53622
44016
98452
74642
61526
39315
28524
36339
99837
68669
80615
58507
53439
80125
60843
60622
56665
8931
59967
24227
63683
28654
72490
73923
93249
96211
61043
17545
32121
87878
69863
56439
78879
32937
49945
85733
29611
24622
30884
85926
39788
70058
71052
63705
17782
12792
51523
70696
51191
44678
72455
14721
24104
80672
3688
74863
96927
7512
33096
75508
93185
98895
30587
92261
44628
55331
98381
5026
66322
97652
8963
59824
98009
57236
27929
84245
57984
78699
85963
30224
1636
1540
12463
10194
60801
43064
13407
84957
57148
23093
7893
64311
6653
40810
64048
62827
63418
59442
7283
41692
27310
84090
58156
50791
83784
25713
78577
33108
87520
15211
93542
64664
5284
88177
62780
32395
71889
90569
95539
40545
1565
70206
48064
13735
17585
63756
78730
92379
39732
24714
13262
47432
98499
23700
89539
80669
3165
49907
15768
50633
7482
62028
90201
47286
63099
75490
74768
43807
30972
41192
77735
40782
66822
14631
80236
38646
60226
25832
49806
28170
7048
55935
47620
42297
15445
78357
18221
81127
82267
58800
26930
26409
63858
20993
23495
30748
81772
18057
90640
802
33030
77673
77472
61818
55515
14213
33533
7675
8595
67892
42400
61421
46680
47622
90968
1380
85673
15314
24462
34905
54983
95579
46563
24711
10541
57727
74933
3903
22812
40636
35072
20329
26772
71711
16258
18743
86335
60010
90423
24711
67240
48225
61155
26166
69865
29650
92014
82555
70274
76703
74665
4935
51269
33928
22734
28279
63277
63001
92230
93619
38607
5742
78373
27751
80937
43327
2991
53627
23256
28652
37022
61296
62213
42502
2523
15930
43263
21495
4906
18869
33892
62639
66082
5733
64312
92780
53945
25902
28537
70405
97087
4396
39177
42515
50753
38352
88010
6621
6286
20376
48840
22302
56566
38314
39503
89141
82413
90861
81470
11113
37903
33731
4915
78551
31390
13607
1926
11481
23719
45375
74258
35637
70051
6782
96846
25855
44505
14329
81753
1612
79585
44739
47412
52532
73283
25864
12745
98051
19389
71875
99305
78908
73443
67932
87700
47050
83329
2785
465
5189
74748
13919
73630
72093
63735
94397
79713
49543
36466
59221
79580
10593
40652
32081
85183
11810
57673
23262
85688
37507
42286
41615
63813
80933
97641
84177
66762
87805
70158
69414
92158
27843
11581
2337
25344
13491
25823
24349
8583
573
10958
38777
18614
27855
40340
15700
47407
23485
63948
26401
58526
51690
65957
30535
38742
6102
35781
14264
30298
7236
52938
81484
47537
35495
75564
25561
95932
72
97598
42609
40804
76535
57747
51832
83884
81227
189
22113
58022
28439
77936
22404
23457
23660
48037
46270
46976
14661
11707
81892
87558
92691
60920
16613
5869
24517
35758
43292
40471
8211
44280
76431
12155
69607
99395
15047
83041
74281
21066
40396
38089
66598
33625
24475
95045
52636
77363
51655
88966
81477
15087
57418
52724
47261
19709
94950
49880
66385
81031
69853
41587
38182
89810
28073
5650
30083
95524
61177
44025
60221
99007
43080
64955
27805
87339
66747
13452
7535
6930
4279
17486
35050
10821
31645
6279
47319
22941
96164
64692
86528
46363
33201
81559
94390
99792
17332
60139
10975
94712
69442
8312
91162
73729
80299
35618
50384
76907
53784
66140
14937
75111
79267
64602
37832
17953
90738
26660
9876
44026
22481
93894
7044
58574
24907
79876
89175
23605
12805
24075
41197
61413
44023
32643
97205
18932
70760
14464
87187
42235
71972
80536
21421
49398
84413
41327
96851
52743
95708
93741
9706
58715
98658
96178
47955
79781
1183
96608
8252
13606
8174
81782
67266
66862
55467
86333
20769
18107
18802
85210
1083
27104
90166
37060
55744
43938
58554
9616
9984
72060
93839
50025
77354
22178
30571
78971
77856
6754
23938
70414
65146
3494
38180
43119
85203
38646
13875
71530
53683
94715
46526
54516
80762
93310
85727
87717
50918
75951
82414
88675
64546
62690
67392
82713
97867
9747
37216
21958
37567
66122
69223
36818
49956
51194
90555
69180
93779
27107
39586
40942
74815
97047
97281
25202
84102
99674
45365
40318
66130
95938
36205
22922
69644
18398
83426
28898
53919
42995
74036
90167
15076
14529
93955
15728
50767
86181
6695
46911
88917
24728
83884
22158
92345
88404
8941
39383
87378
60694
7723
84755
1273
40415
18763
13194
57204
59124
46314
36233
20603
97702
76829
18706
26180
22060
68137
11917
38575
90508
61947
32477
59312
40728
25190
21197
2932
20885
56663
72968
25553
2775
46166
37736
25775
56553
17211
9607
16749
23465
16779
63057
39218
80815
68046
60027
46417
73197
16301
35692
70136
626
1933
78137
59669
10409
53635
16303
88228
69215
96243
67369
56666
65506
29801
72962
20167
69476
36275
20484
98860
52351
19161
1311
91769
71058
30842
46229
81409
18346
75396
34642
7165
59260
56592
9625
50585
25102
45592
49209
30175
46293
82613
47166
19166
36985
86329
8132
31958
35925
92582
97415
21571
29659
31561
37014
87172
28532
12823
17669
4839
44773
41762
80161
38995
55373
12151
19743
83345
82411
77528
4750
27159
27836
66929
5803
9586
97730
97849
93746
56816
5984
56039
54610
39784
30370
78670
2714
998
4441
64823
66607
54967
47172
89273
15999
83213
28650
28120
14352
399
20580
46167
55250
49089
11576
21627
79123
89643
16863
96605
87665
5128
7656
3371
95210
74222
92950
9373
14671
4916
16036
91151
76087
95013
50345
7391
43344
42592
49495
75717
58224
46185
60573
42442
27849
7792
81772
27718
19643
11772
89590
10042
37124
75635
70322
2375
24722
65032
31996
44329
38489
55330
5338
36755
65056
97477
64218
75784
84278
90944
76119
74163
4098
15634
46746
70116
67416
49977
93820
86280
25959
8697
77897
89443
60975
12549
38337
10221
36816
86829
75097
6438
70301
86180
83198
34903
4816
65292
94745
28039
34615
46080
89038
13814
72556
23710
9695
12538
24290
65520
31469
30547
5595
66838
57950
20589
4790
89873
76346
15058
51654
22958
23599
23177
64638
8109
20661
24495
10889
87596
65132
33712
24022
89941
86305
77154
51568
14530
31472
15135
37611
20200
49539
60317
58394
14695
5304
3531
79838
44620
8128
48266
79417
15680
4900
58981
59617
17457
42018
46127
91760
66939
80374
87704
69303
94067
88852
48523
24851
77040
16625
63207
92536
83638
72897
7768
62538
29664
35866
28849
76810
84393
20120
16105
67181
10168
14042
23279
83401
56902
67050
40491
69256
52172
67514
32434
51327
37517
6570
68869
40024
80158
10886
93703
56684
83566
13643
13017
97453
72406
1034
6676
28830
98590
47525
89442
89222
39816
63191
39386
8921
87806
89553
23638
92279
51571
40990
89235
81329
33912
47207
62884
21925
50942
78515
85938
74123
73539
30086
78260
167
43419
24107
8551
65567
7484
37676
80171
53383
74566
56894
5402
86104
81517
15737
68358
36639
40965
47461
4301
29233
34568
38833
47643
42076
70342
80124
66173
5881
57802
67446
15293
44094
99877
70753
98527
67568
14938
67057
39223
32629
24997
36850
85156
93415
36841
79177
25933
16485
19380
97363
38455
21220
71569
40393
9856
98722
28329
38085
29499
58811
13239
42238
89864
51252
60071
13583
6031
26165
68170
50039
94105
84
42137
23545
38316
65036
1987
95491
70369
96301
70390
63371
38755
33900
95174
36917
17445
38555
82140
53362
73696
46516
35773
42979
8457
92334
2709
47131
38924
56434
1025
19522
6151
85480
25879
92790
98788
2762
71762
42635
70420
18266
92989
14643
17445
92335
51163
4569
46912
38059
37425
95463
97569
56872
34801
38088
50964
54800
19236
78696
9384
99372
37139
81047
85523
69684
10865
30892
8642
49062
72872
68358
96667
10065
54527
16078
177
11825
36165
74808
30563
91957
68990
90985
47730
13243
50183
18354
96732
31518
28294
4186
59738
89702
42003
4218
7698
16990
26397
59329
314
93922
57178
84888
23690
8055
93039
83488
77788
10836
40088
72183
70467
95870
46197
70810
97157
97010
2802
97540
31095
93788
10513
8885
23123
65732
34933
9614
89592
12776
2990
5336
34335
91908
50364
43620
85525
31949
27169
49069
47482
87838
53960
32986
84852
70666
63372
64959
35728
61904
31207
12963
76087
19501
5432
71453
82217
79435
879
87351
14329
73526
83768
7413
1701
31247
24897
31631
58928
18266
66442
70201
88381
81842
30280
79300
25002
79133
94998
72445
61703
75066
47353
84211
68946
87446
26863
25558
95504
46686
25651
96667
19433
7502
68047
84988
16353
13128
12062
60764
65327
43649
45468
48552
42844
64149
55949
43097
73657
66106
35783
29718
50589
53682
13022
22775
83034
10395
74986
6500
23483
46785
36662
80795
80828
53426
92455
90161
86758
81138
70983
82319
2469
72357
5677
88734
86856
82986
65131
27486
30261
45639
51060
35887
24966
24574
31560
48883
12900
36223
52413
90059
35006
14968
12363
79229
92966
17000
42356
76439
44904
62801
47663
27022
27464
75403
53808
3743
31351
86517
79157
50710
43122
91494
42863
78413
54519
46657
80427
26540
32580
51336
22268
67279
70158
82312
13543
38917
64891
34482
37291
33204
74524
61257
23723
34106
18571
59383
35225
92655
20157
634
51776
31078
13955
74684
97422
15570
35011
41888
91772
38469
87214
4952
90364
27828
61246
57684
21694
88246
59598
86932
77535
82443
74710
22559
71502
93114
72033
32364
14812
65106
22380
34173
12512
32626
49342
22572
77252
22916
17599
3550
20975
79268
41558
68404
96688
26462
77634
9920
93571
44565
277
88692
99268
81472
91944
58774
33453
7504
63199
95823
56333
54380
86843
87971
77000
71837
15381
74076
12901
16645
86270
47615
99704
39402
76272
95168
27211
78193
14223
41104
26603
84486
52546
12052
74510
65911
5769
59282
22364
67200
38906
8229
78561
77282
94715
95119
8269
85100
57502
40078
73893
57307
78068
57799
60586
7421
92047
72511
55139
69266
1881
90889
87658
47723
24522
51577
50481
49589
46378
55991
98703
46735
26980
23728
24330
33558
3138
26694
44994
55330
41707
92647
53784
28521
42646
88155
26266
28417
79753
51862
588
94947
30706
1102
21844
85483
75586
24615
37505
68476
18689
84298
15961
79616
77010
86132
6366
82925
88932
65162
62460
17571
8145
77707
36306
63346
89879
97726
73851
29753
96528
38089
37944
98665
56881
78691
90076
76968
59324
46050
34451
92241
5505
6766
79599
70872
81752
98007
84272
98123
68820
75969
2383
72821
97060
87325
57384
63900
11403
4372
78210
41418
24250
10332
21661
36072
60711
33421
70326
8678
77069
70061
17177
34552
29983
1735
70212
73243
84522
77755
49108
44629
34214
46799
17199
31769
72600
73698
66477
66730
92103
56193
47011
94327
35833
65267
88653
58693
20970
81199
20344
69002
96425
42605
35593
12757
95310
18426
33133
65068
63451
26405
91966
83565
93327
92310
34159
32181
31585
24639
49205
85087
40799
56714
71089
66085
9314
28401
19390
22498
20301
40397
71348
40184
47683
2662
88182
71724
50979
7658
83198
77359
19969
31449
78243
39640
66210
90076
50244
55373
46611
26037
244
98849
49254
87538
28194
71991
66122
84028
71811
97828
19749
24620
34142
89235
70769
92316
19604
26242
70865
22843
86634
22569
27791
47674
73205
72155
52531
87652
46881
12549
94113
56907
55614
1203
68496
88541
73127
68914
42659
42390
72048
87888
64357
13998
16075
37983
36294
3027
50487
14745
70476
45649
32967
54302
51544
80462
73258
76440
48503
51539
51835
15775
80289
85860
11719
45817
11569
99056
13975
88057
98657
9155
65401
17768
57890
55641
88783
35841
20917
77902
26516
91734
7081
98289
45670
96017
9553
47959
37557
10389
73025
7403
55494
37058
23045
83811
18244
34423
93726
58478
38244
46001
46266
90217
89523
11922
83087
8017
95710
56989
87636
66514
67006
95038
2651
98718
31902
17030
8143
43834
10858
29396
44870
56786
56086
64624
95331
5421
74152
52048
13515
51515
77923
72061
64961
67978
89616
44048
9280
49080
95947
2166
4021
4899
1960
35411
11319
82332
25697
30339
34564
29851
77533
64635
81657
13995
59294
51085
91789
52166
48486
44554
4011
27323
57159
91906
17066
25547
23142
26376
98378
11988
98795
10417
83629
95269
88488
30171
13424
86704
82819
83017
37797
63613
76002
78924
814
21371
75986
24222
7736
22385
55220
27464
43186
99763
13445
31268
71112
48080
73832
34876
8896
17256
30866
38961
47120
12795
17585
73624
21370
35517
3674
21279
20806
3301
58798
45805
62458
21221
70568
71399
90520
8372
51013
69806
18068
34118
48593
24966
5681
50013
38858
59410
2135
65209
46739
71259
6547
44811
16631
67888
10186
7
75160
82694
84187
49463
45747
40800
75889
69645
60274
39435
3201
98673
87022
92896
64390
18712
4158
60492
55671
99573
41664
24397
31938
75817
74051
42258
3943
6135
25903
59685
59892
12434
56946
59301
66808
80151
93863
23179
837
21495
97797
22574
62503
58253
85505
42242
39900
39342
52193
97980
37167
34590
50655
65232
96341
72478
47414
59131
5795
23299
3499
1053
73514
55171
68443
57054
19601
74057
89277
46257
63277
46536
86612
65909
85310
48459
19540
94520
95177
18475
92206
88247
34862
24634
72601
75233
29413
45884
45951
90137
66266
7477
71585
17914
57858
1821
73032
93461
43641
90512
6825
58197
96794
62019
16116
9732
62266
26737
66586
86726
59873
77395
45208
99939
15238
77293
21092
93859
53093
43589
37907
14385
84672
98191
7396
86210
76144
35844
61101
73327
79622
24914
93568
13117
49474
47404
92985
45566
74511
16961
48807
9329
89977
12170
39508
62980
2316
54301
43347
79929
16394
43455
92389
5127
77000
30326
57320
14007
34471
2973
30333
2671
41482
51824
50772
25516
50936
44679
26934
31368
66448
59520
32783
78203
83332
25269
9942
23005
99284
17324
34650
11657
14727
16301
32778
77726
59912
53678
99521
33055
3675
41131
15757
80762
37915
59857
58075
84070
59345
53401
12704
20293
49075
50258
95846
50441
39830
5591
72497
41043
99729
30784
31277
69782
12945
7028
8214
34682
83378
41211
76803
12669
27841
76850
49744
99508
3435
59768
45159
23215
70464
96869
68331
77562
90154
91867
20992
84351
89860
78612
75898
89705
85017
49050
23744
47524
79323
21302
23101
24384
90268
37281
78019
15765
15372
68374
4476
68128
50031
98792
91150
23275
55738
68559
14922
49258
53194
66846
74770
79809
14593
74128
83300
96516
23839
24193
32200
10935
76089
63417
66450
35284
26456
7139
40660
42634
368
13372
49891
10594
46619
66438
35043
1085
62418
11324
83794
66394
55975
90208
95503
44564
87362
29520
45413
79975
6966
96216
247
20659
59007
97952
50186
32729
43291
60998
34697
36994
90338
52391
24921
10367
68131
4630
48442
12811
93660
64271
46871
15373
94229
51045
99082
73594
55930
26967
34543
69239
38900
7618
36451
85852
33507
28016
65528
47571
17881
48558
2200
10592
78549
89755
7860
89531
5115
45788
21224
29016
65133
91468
74444
16680
52168
48305
46041
89016
96798
33482
75734
30999
93643
16804
6975
28566
89046
31884
46449
27560
33030
6078
92660
97384
30142
41020
52837
53465
61207
67835
5727
23816
61720
92792
99846
15247
10868
967
40656
9395
92161
58539
463
98220
11024
66626
57663
82181
37198
63384
51209
71321
22166
95932
72338
91678
98288
65167
5315
37214
76522
13624
61301
1695
83314
84021
9593
11748
27149
68781
42273
61357
62551
79936
99310
73370
93623
35423
40087
301
95262
30808
50963
8780
44989
96810
80260
1382
46816
57943
1920
33741
55274
27287
53597
5697
94478
55305
76920
42062
77607
12805
59617
6156
7669
21836
48135
46084
42356
63329
65148
48754
24539
88625
54692
47813
7982
68173
89056
85220
37473
11705
14705
91179
21193
18524
7051
46931
94016
33464
86200
79407
38549
17460
90021
75826
15470
17396
96749
56398
90779
40938
76992
8056
63192
54886
41200
67335
15647
32649
79736
84924
72711
87351
83530
71835
26237
47595
12115
64503
55709
73604
66156
1003
14733
36029
7040
53221
99574
88987
69461
56061
14528
73247
5433
26275
97418
45211
40011
43927
54018
52801
23202
96114
86759
1815
70846
69506
68856
52711
98249
6770
23544
87283
81257
95656
89537
97670
27590
16359
4930
98533
57042
93397
88535
75140
38682
15063
78147
97877
90408
6649
99245
87483
24753
30378
24916
62236
41090
17475
83791
65429
67330
61256
8934
99976
17443
83015
69223
68689
62059
8414
21670
97206
20570
18265
17492
40252
41879
96088
23226
48182
16667
76335
11282
60793
73433
50632
89378
64747
97065
3875
76023
84793
23632
20349
95258
26856
38606
75662
3345
79107
91107
53772
54644
96179
92350
59630
99626
74093
10404
8875
36193
93924
43066
384
54534
47104
23567
50512
22342
39943
69864
67045
6114
6775
45993
97557
58856
14357
41181
38401
97364
85248
76387
36215
99267
2143
13877
70391
63727
37017
36277
83506
23116
77443
28855
21070
16189
97619
30181
85030
21044
13908
36851
90702
39845
12466
91136
28597
48293
98165
10309
84707
17764
30315
99837
68450
38436
8478
9233
81305
88533
47684
62175
42034
60623
91477
93958
72061
4331
19480
49329
14446
59263
48630
23998
68418
63699
93328
41065
23039
47364
76043
92345
92409
89365
24649
69607
13072
14957
244
46471
52983
44434
30964
95701
66640
47519
3488
44509
94002
76452
59921
94182
68588
71579
47025
54524
15076
31938
20723
63384
68088
27194
82620
85295
3686
1499
56670
83476
91111
57746
49414
63370
40758
19416
11852
60330
9070
87472
83655
7342
43697
80444
46755
70488
71557
13276
71946
96353
13048
30469
34271
46498
97381
85850
11723
11000
11599
59210
59982
31864
74698
48933
22039
68591
2905
1916
84655
77684
54257
40820
20527
66221
87773
44231
48370
51451
35931
64759
80740
41411
43715
86767
25434
35161
15688
7865
38780
7147
65527
39541
40093
40103
52861
61117
61195
54378
7269
58610
28194
48103
25214
56513
7643
37840
91834
25048
6401
50211
19251
60672
37316
16436
31689
65782
39910
73619
3111
60329
76307
99130
59363
27442
26478
62870
30499
71979
79975
53839
66781
93006
63561
15381
3735
40459
97679
98601
43150
60197
38870
48101
946
9
8941
41993
92621
9996
73385
79907
40580
29025
45813
93626
11574
91348
35207
5303
482
79877
81198
91537
18662
78852
59783
13459
14402
71301
65935
89548
3418
26496
48691
34963
35994
44457
40547
39349
95604
16423
22565
11389
389
21938
48197
84734
38709
87438
85834
96288
16221
45855
3524
93124
19939
88807
45569
95382
6145
83427
2976
66414
76836
17567
4541
90787
79984
65009
62826
1901
43617
41401
11326
32533
41676
45523
19751
96283
55364
52629
1820
2884
2776
38507
61581
61246
84761
3597
36252
46097
62522
82938
69444
80643
57296
62516
39671
95752
39961
78711
10534
34597
3161
7735
86618
68255
67167
50229
82880
24133
87718
44477
26848
15159
3031
56224
61550
88465
21676
10761
68697
91992
78735
14493
80034
72831
61953
47988
94151
14294
98551
99087
27420
52240
68287
6933
60539
12336
6880
65134
35250
45455
27999
53467
59259
21229
44158
83087
78058
36466
29055
4014
67775
79807
96294
75585
15035
77013
5564
12435
73167
7585
80240
9388
10287
33219
6520
87431
85702
88698
59317
18193
50020
42479
49684
25729
87922
36346
41041
22158
6533
88756
41430
4914
67953
52282
26434
67225
46581
59386
30372
94693
14164
54622
89030
49538
27108
64818
90119
5217
27711
98579
59617
10995
30839
66166
67401
45571
93383
73138
19988
31601
25924
35052
83030
17831
51986
7645
61990
90169
21395
80450
11358
73022
55578
83487
88255
44133
23326
9360
74641
7606
54570
6094
8967
64679
26993
92347
24865
42903
85054
14954
26571
70891
55114
27278
55875
56290
79335
90429
76152
63094
96601
24288
29614
89266
63460
43930
39197
60491
33025
12882
64729
66844
21322
42399
76269
2114
5204
17776
7393
9520
52733
63061
22938
29744
85115
69133
86016
88151
29780
49772
46139
51716
97451
55049
41206
14421
59704
61186
10790
54917
14769
34636
8964
10374
59044
31899
62934
1239
63335
52425
33388
60418
6982
37895
20197
54549
55899
79166
35154
52154
69468
80000
61874
85269
24334
38672
14173
50266
8152
74507
64477
69161
90418
35473
49238
68231
20700
2452
90885
53850
33451
82524
55942
16544
97374
72404
80144
57517
25359
81748
72284
40479
66757
43148
28771
53119
20069
57226
26405
70519
35017
62601
83109
31434
26857
52470
99185
35348
18774
52224
86400
91776
30566
29819
8821
18112
52297
88368
88544
35916
81018
93573
96259
54554
81425
90116
84433
86838
17301
6731
13426
50878
41775
68240
49220
54781
67865
3503
26204
81794
34229
49585
3498
36732
36027
97946
44314
26644
18634
52240
30455
94151
80352
52515
45418
28767
1797
67549
45952
73357
62529
3943
13545
2116
52365
56949
91229
92853
96327
56047
48057
63459
49951
24253
43175
52162
95758
49615
84668
39345
33703
95718
16986
43217
66565
58370
31094
7297
71588
3209
5716
37240
54828
9329
46542
26654
67336
15114
42548
42086
10101
27819
63885
13388
75638
24183
44891
84167
20452
70892
79836
59500
15298
99496
87053
50175
60142
41496
72650
56150
1140
28030
3089
68491
93917
93598
18660
96414
88772
9221
84972
1285
44585
4471
18043
82609
44351
63699
43082
37119
47776
48069
64353
79191
71424
58089
73141
83236
29630
23191
87211
81136
31895
42063
15675
39612
93845
85825
64912
84985
66629
2745
41451
43014
78118
18054
98343
28902
65917
19142
75800
7549
43014
66224
85933
34407
71525
7837
40180
23221
18074
5875
51996
28228
1618
4528
91862
82652
85914
48783
17685
39299
32207
19706
98420
95227
16785
44429
48886
89663
72118
68578
94857
16245
59834
3999
65892
74351
8468
35992
61391
54276
1508
56897
1218
40807
66633
96693
35654
37281
41935
54108
94423
87376
73157
29404
30347
16474
43821
96031
35532
33519
492
60797
42561
49563
90433
48198
14955
99365
22034
36622
77931
71912
3106
18357
64769
15627
21024
43442
65487
13566
84825
64539
60668
38419
73612
14292
37492
46743
48414
82642
93260
97932
35332
95658
29956
68132
92158
57434
66405
33180
43972
14900
97386
33811
19255
45155
55932
48389
91098
58619
27221
54696
84954
68833
99589
33442
50568
57140
53171
70117
55592
65623
7931
89192
7426
99133
1782
88292
85269
76399
11799
29192
90091
52668
28914
97145
70472
89182
84535
81801
26812
49061
46524
32658
11128
7394
36761
4592
86205
25810
9516
36728
64432
49349
45340
31929
28969
44298
97275
98222
80011
66489
21317
43772
6638
24284
18853
49614
66136
73371
88311
37579
33866
7811
2728
94801
1910
81394
20473
52304
23759
33921
62051
29221
7481
66094
85748
35729
9247
99717
85111
48694
7523
5291
1266
29134
29103
57383
10409
74151
41227
46477
20512
3775
55592
49672
58429
41463
40633
38148
12012
33047
26625
58869
36284
86623
67559
63527
18278
74789
36294
7427
94190
42032
10881
33242
85283
5808
80852
42033
18272
25591
72293
47849
55733
58872
75385
70538
43263
56379
83460
72684
60404
12058
99128
72226
33115
60155
13886
51075
91735
33738
72035
22902
82085
15825
25513
38329
79035
42103
33247
86702
45552
41011
20139
65507
19290
10956
38115
30813
28019
49903
9371
38272
38069
26667
39704
62077
7204
40908
64771
19960
94475
37554
47993
97204
3102
22957
3392
2430
22270
29527
70996
71667
46460
45678
31616
38799
85749
30253
92072
64499
18331
5959
88610
73138
30132
51103
86565
96664
36859
1222
2329
51031
70565
76594
90830
75824
28478
71799
42953
20283
55314
77764
88185
98290
35079
74429
33544
72608
66407
43921
13421
59553
73308
41815
56702
5334
80852
35402
15906
69289
85124
42526
46468
47223
48649
17597
99396
54174
98889
15555
60904
80100
68312
76690
36688
88577
19767
90547
7751
76011
98647
73258
54965
49436
60091
20628
39633
86370
79258
64032
45172
46147
81316
26055
97257
57578
10876
42505
31488
49778
98276
67174
4354
49518
87639
59701
7166
27763
50927
1828
68930
50851
60710
85997
10118
43223
15098
27762
70146
55816
36490
37685
23455
13658
50365
6262
71147
36581
54402
91497
80486
63809
41745
28819
74010
39533
65168
1377
97031
8124
14546
76037
94684
66397
84571
54542
64706
14086
59454
83523
2354
67388
98567
74780
63431
46978
56948
48990
21934
15195
42014
48304
57914
12157
84790
81502
67572
42964
33642
30922
39919
34064
66150
35305
5561
85805
45175
98465
51406
44573
39340
68733
35719
62356
87349
38027
56656
92463
99309
1395
37334
7201
81812
80692
16831
25724
28341
74812
66900
98073
50439
81827
25913
75588
83470
98981
64574
64198
33313
31066
73774
83088
65798
3060
71940
88066
58682
46101
97693
89557
19757
81226
5832
27243
96009
41447
48442
71185
99859
38432
16447
43053
58379
75554
83275
66698
39406
92844
79534
62078
2971
92077
31013
564
34194
70779
77421
96506
90615
41197
58899
22985
95670
1494
91847
76876
31361
4415
35887
10160
91893
46591
25336
32167
65755
54009
98087
23256
42762
1106
2861
64934
85961
33486
81529
63995
90290
99302
47847
89874
70578
45480
92278
45182
14478
10732
79287
24089
78847
97518
64898
75085
29502
22540
93411
57209
28922
82525
31889
83745
86694
6796
72575
50901
97392
22321
7212
26523
94220
34186
96565
26043
10735
57051
80106
83752
78199
74303
59901
3654
36872
52585
73398
19964
44209
94076
32004
79672
19533
67043
8047
20441
61158
38445
30633
50141
24756
2217
14627
46951
63778
32314
24955
58476
33361
63736
10738
82683
46678
83875
88124
27303
27103
3108
10801
18642
9524
70849
19360
37431
96216
92733
14339
9972
74958
37866
51630
15794
77048
876
87873
78643
64666
38987
69437
15895
82525
32884
90611
61291
70128
75245
97080
96495
43145
47859
32469
88897
52169
92850
89146
11179
73470
9536
41586
88742
23554
70710
97906
72202
64672
63596
29292
89747
32886
46704
61280
18289
3894
69923
14129
76108
64135
92560
64725
8658
33609
95146
74951
33247
4758
15136
84439
30792
82435
20896
2016
33156
52006
56230
99482
23735
23025
16350
33606
32668
89372
3262
81287
32686
1793
34681
82320
65907
26817
26305
75736
49670
83428
25756
46250
50847
54302
47394
77497
76033
61580
39536
20145
42944
45438
72524
15113
24557
85103
56822
84500
28512
8783
56263
78230
14305
866
40937
83156
48723
7233
81331
66244
14397
64158
34655
15108
2581
61092
13385
42438
49899
53725
60902
19753
51184
30990
15583
47107
59938
46845
38505
50042
37269
27699
59522
12978
54783
97563
52105
87936
20255
39850
2298
46077
11595
31577
73126
80727
63606
95438
81579
4385
64538
51225
52693
97835
82695
92826
99216
71852
35656
97856
84649
35131
55534
88747
66816
51902
32123
67187
7308
56505
20621
44738
27275
54792
80518
43228
55204
43400
61780
91935
17563
28943
14273
98437
98544
12892
10201
45798
43381
76937
48147
44859
62570
49149
52799
11549
54839
446
18666
62636
58053
25827
84241
91915
35225
80744
10112
72297
99150
88283
87205
52411
36558
20851
28501
73156
37677
62080
89690
24054
87042
59261
62745
18770
84034
46978
67996
79468
17147
38806
88896
66826
6378
9282
94557
619
70713
44769
17101
59684
62137
84531
36699
4774
81495
12017
46282
43579
60574
34330
44479
61007
87530
98924
5356
72619
55300
17935
60953
55068
52703
79531
3505
36818
35341
61081
18118
837
42366
45015
46786
93234
64695
1365
31276
8643
84843
76973
36211
87885
67929
90704
79418
595
79041
95994
11296
12136
65828
66311
40459
44081
43671
76288
76944
19848
39107
51406
29025
98941
36925
72047
47187
77975
88253
19365
84907
47704
19517
84876
37989
89343
67376
18820
56385
34503
50332
11980
38506
55565
75701
37936
79940
86191
58616
5497
2994
26479
96320
90307
14625
1815
37865
64972
14964
47990
97023
78823
9804
88968
19073
15408
212
75796
33496
61691
89223
36079
99790
94309
5214
36831
61837
7532
97178
16346
30485
66427
47466
75660
12248
45981
33210
65206
59606
35954
83864
20244
51217
52255
44068
10519
54284
60288
5267
1969
7493
77241
79840
20208
75115
87274
41040
23457
44670
10208
32320
63574
78242
54152
813
64194
51391
79103
5792
82336
2649
23173
17652
57332
75430
74096
63013
61577
26161
19485
41399
78042
90955
82913
39168
83532
23080
76925
78899
30680
89981
99152
10058
73159
48564
32742
95983
73525
71561
51407
12711
29432
26181
59338
43676
35706
69300
45504
47461
11170
19141
3181
45524
39154
48477
81912
2107
21577
23897
38788
45884
79239
91198
51232
51052
17265
86718
99545
18884
70123
52202
5039
2308
88002
56078
19588
76451
28492
22382
74321
19351
43590
34235
28435
91325
44829
2481
94658
43686
91625
88496
17635
7519
51251
75893
29619
80091
8792
96693
98755
53279
6693
53110
46980
24553
85666
94025
86840
98238
22699
58727
28519
14191
40569
98695
17811
17287
84736
36890
84451
87316
36145
87587
97500
65711
40704
96534
10670
89161
91104
61324
9738
16404
2538
3872
53298
74860
17500
14858
74504
27744
94
63669
57512
93793
30368
26718
29202
98117
1791
78539
24831
65208
68326
59974
83637
73601
67441
8949
35125
91596
45453
17080
51922
12665
57435
72766
14940
48384
53236
93955
72314
64062
23526
74890
41398
6529
39933
69235
71251
23405
83229
50970
8313
21832
1803
38188
42001
4104
85771
49510
90860
34903
90627
58028
46205
12640
44671
48130
34183
69913
37550
92042
31281
69676
85034
43131
59031
24356
93845
82043
64442
70609
89150
75129
82359
51287
44387
18793
34324
88185
23857
89341
36310
70078
51238
27164
62129
97341
53944
86625
95319
48715
29038
53683
18930
94110
90220
18812
34956
43708
36460
66665
6027
32453
14439
7869
10363
95962
81268
82706
12611
86696
17735
32525
71801
79605
18235
20573
68721
96966
29770
68304
87888
47338
83224
95889
33792
2055
40880
10177
70588
12223
84486
80497
29675
58782
20860
94650
88809
28163
27872
78426
89089
33833
8818
93228
51543
61936
43460
77058
89345
94893
12602
89633
22390
87947
56016
10424
22879
60380
19323
1950
88842
86624
31688
36040
54493
1872
88064
25444
29703
58440
17485
87990
67474
14159
3318
16812
8949
7364
11974
31551
43878
7943
20715
79689
60172
39904
251
5277
89235
47856
38224
92679
95705
16435
22388
83873
92293
7023
14648
74031
28087
47003
11358
37593
33338
60303
60566
94338
59094
99556
46533
39529
43939
99175
71298
34172
55928
46783
17275
27123
22592
87288
8532
29072
4334
58860
58863
88497
27880
59438
41895
87663
60254
72658
43574
11063
22142
51516
12439
92131
63552
88355
89830
96020
91804
34242
42307
60013
98012
81787
19861
75791
1867
67656
38315
57133
27021
68544
8350
51435
28648
92738
25682
62008
87168
53888
987
36933
62721
51147
26140
3649
68597
22839
20779
9266
34261
53931
22577
35922
26780
62728
97325
28644
18871
57844
35192
70289
80633
54977
64067
78148
5195
68222
96476
31870
88577
12986
61808
65782
80199
73904
14442
85617
93210
8468
63034
1690
69203
21080
2705
16222
50750
58939
75624
40614
28585
73903
37824
41618
41688
76421
71267
26799
19477
19543
53034
81780
82212
75986
63609
51999
12725
63102
25765
32807
74099
53420
78485
34685
70681
36507
54182
85220
8068
92326
48840
8874
31332
7085
36518
53058
98540
5247
40003
66240
62216
48001
60544
88720
59214
62814
13626
60403
98318
63114
10640
51543
7683
73620
87586
93425
39659
78376
67540
71226
74867
14015
20114
58435
87180
52580
53710
41430
36858
13443
39269
81259
94218
83247
64224
99172
55587
82416
48599
26342
12022
83560
4495
59284
83696
7073
38179
75369
69454
59637
25920
11090
20815
24184
81259
10630
9413
19142
97214
8739
5861
9413
63407
39878
71391
49335
92913
60326
37991
1758
16787
57005
40465
44235
86823
46452
83036
13926
37630
75258
51333
10772
6830
56161
9660
20327
67221
88870
4691
86600
26167
49275
34195
64121
45284
40610
51913
23210
76213
61704
27454
32379
11412
39035
37540
60841
87483
64330
16300
26102
98869
92055
65876
62393
1089
16187
96029
66687
18422
90935
97947
95197
4224
6419
75622
6772
72551
85301
54414
35039
35280
20255
84587
96475
75325
83589
86674
76851
22224
60745
61155
60648
15150
61301
79903
69497
43614
6261
21944
63189
66992
49486
49248
1050
79898
99071
22595
38760
5406
2994
47345
28264
89063
6687
85555
74066
24402
79582
58687
21728
73450
23590
71207
877
68843
78599
94571
88392
46920
84544
38511
35547
