287
55374
82269
80637
16134
74930
44812
45727
2609
26633
55917
51535
50727
65183
6814
52676
56275
7526
98086
59329
30523
11621
67709
83051
12465
1279
4907
53638
738
71774
21064
35435
21771
56284
30563
83688
98956
3950
32766
22292
11029
11885
5046
94989
45852
69923
30977
21008
61905
58799
89936
38484
17609
54452
4340
6116
33398
2468
19517
40919
1944
92708
3357
90478
85868
4989
49578
77033
46018
94015
1187
76422
20365
74609
48554
7159
40404
39641
15664
29407
7269
72612
10894
53257
14281
52627
8303
22852
33875
38787
35659
25695
47442
91991
33358
86653
89861
10084
14328
30677
31342
51129
49565
78857
86079
66409
70540
70849
45137
9942
47309
2692
14772
40091
51940
49042
24321
21110
73906
79936
59243
58800
57690
26832
65459
63946
83361
33933
31003
6471
45646
83200
85234
5904
33394
38130
50190
90760
23105
32575
17976
80812
59518
20755
13057
21254
64501
40036
29587
9903
91809
25707
87298
50270
66094
8672
11329
62226
1273
16625
5392
3191
14611
13918
19603
92824
41764
31220
81087
92034
68620
58533
76429
38321
75749
89857
15601
30394
74757
13459
31108
97875
81856
86233
30941
962
32970
43233
82590
50177
49849
49661
52682
18219
5961
91043
22165
56038
71833
87844
7188
77933
14578
13031
63412
49304
62312
92001
94022
35914
66233
31634
29975
7927
59091
53343
21950
12816
48178
82152
21935
84429
29031
51174
64525
69685
596
3075
73948
81997
54547
24917
51699
4571
88503
97432
22768
72757
57386
96359
59014
65515
97653
4567
86098
63310
56542
22672
32171
66043
25644
88969
760
15016
25094
84511
16827
21354
18969
68082
2987
42273
44536
83708
61215
96864
23678
26030
62790
62460
59407
1608
32212
3825
23676
11317
16759
79756
48485
94625
94056
40376
7737
66680
12572
33192
28441
29117
87770
13470
16251
24323
44967
94038
43019
51755
35421
46034
84939
76891
78490
33474
40538
20183
23797
33743
99955
6335
56683
84293
77644
58053
25912
98811
76863
31177
63361
52128
41734
71795
30445
51620
87455
66060
56404
8960
68527
54777
66992
42403
54339
67061
45520
72697
72337
13577
39404
1050
74717
41899
74258
33389
3000
2257
21918
81335
85250
59824
68041
88132
25840
28725
96665
97329
9865
95295
18422
94355
46186
15095
49884
19911
54985
846
40140
13303
56375
33073
7229
55430
99263
28331
32912
92376
84235
46296
30497
42913
61125
36865
13049
74761
52475
51384
86464
65720
77180
16817
74832
24515
91967
96412
14181
3219
89474
58811
45297
33103
36240
97060
14316
16646
72156
39252
8648
67035
83018
31214
97442
68749
11085
26799
59605
39073
25483
48751
61352
90318
87324
49175
46344
29701
33745
33337
12976
13691
96370
10800
51940
87861
47200
6485
85054
82543
38809
42043
85439
76329
22937
93096
64711
1102
734
57168
60288
16450
28932
9775
66900
47751
56558
64483
62720
15436
43686
81860
17568
63507
37628
67777
11849
99357
47243
29592
99669
45845
71929
20498
57721
77301
13437
17273
99379
41497
18938
47542
34527
25662
91018
74827
20969
47702
1718
93226
50940
37580
23777
48912
66585
8654
56901
94178
20292
94748
2133
26690
54936
69131
60193
22702
27098
16662
48760
26197
80138
33665
63752
49815
8342
47915
94913
74712
43978
33713
52535
88704
26850
38521
51750
32178
23424
88161
15952
6247
81016
69860
17250
40422
48520
54150
92245
37571
38853
99933
5487
59153
12081
36348
32074
14565
27465
84380
50701
35017
38459
98281
79254
92953
95636
61159
67577
4413
36663
25984
36546
98179
52010
34603
43574
13497
3659
14585
48919
76484
96320
70943
47783
73056
66315
27772
16516
72501
34716
50406
50738
80722
57824
76117
32086
27720
17432
87531
65630
87878
8804
48062
71390
5196
93726
98660
28565
37326
39492
30586
59982
50887
49645
57937
63938
2391
15164
50933
51291
54555
73586
80923
37044
75336
79134
51687
34332
21507
32688
69687
78361
77055
17035
80272
11369
61716
43352
75779
88355
42585
76055
6747
32604
56863
60529
48261
45222
71049
41257
21372
50835
30827
21488
74417
15639
89214
44952
61268
16267
25181
23744
7233
51182
67839
13390
98025
23718
43633
75196
75516
46852
24463
52233
42672
46245
53791
41359
78737
63317
97899
93140
77637
48399
2649
29082
13498
1151
57128
9202
92943
4584
67433
48750
46044
74273
82168
71283
67454
10138
40277
41837
97219
76028
6051
49436
57934
68335
33629
6797
38248
37237
19664
63844
12484
76435
29849
94932
5804
92016
44891
4945
81101
52598
13276
77180
92828
54646
1022
13310
60259
77608
28725
79376
46061
35823
89258
24471
64201
19995
86155
28685
51422
33416
27660
66906
92044
63300
80318
26114
5274
43246
23466
63319
15234
91418
78731
68783
48981
63377
45701
5553
74604
80085
94150
78985
67660
86306
76567
29883
57173
64463
18366
5300
92775
24468
34420
763
43154
71750
61950
66855
33624
606
86730
5354
59585
56471
34088
35883
94875
72150
94498
78450
95084
72900
83322
40796
2870
26487
11134
32814
39333
41775
20778
35814
16536
77340
21467
28844
77705
88348
46059
33256
33147
1538
89294
52238
21695
34994
26888
96276
60739
81321
35081
48740
44280
21690
55110
90316
46686
27411
42452
82963
62510
11678
40707
23558
13155
18371
88054
29777
66918
3723
69403
79561
21589
86559
48107
73861
48144
72527
13599
29613
11488
55534
70508
53515
73379
56731
84253
97310
78264
73658
22925
79054
84899
26465
65981
49913
83390
62351
24440
65196
5469
25494
15104
37805
92828
26457
31412
23125
50951
47537
25473
57083
89221
32618
89890
16172
58850
47210
91061
55318
40344
62641
64603
88195
96954
28379
99276
48068
73660
32931
8149
48483
56354
18530
72175
39962
3267
29141
75005
26753
28473
92476
75810
55394
33192
40031
45500
8106
23721
24683
58977
14584
28147
34330
94132
27255
96324
60593
77476
92680
78033
65282
4642
16633
85608
10578
68284
29810
87678
25813
87739
41742
53434
30133
70581
97830
24732
86482
59952
78793
13964
6339
12660
75624
58491
55003
35148
97133
48024
33574
30713
58604
34193
49170
76498
35762
63299
5099
5019
73658
11713
5983
84321
53855
17085
74656
74928
60427
44246
75559
25362
75949
64894
51094
49348
34313
66630
49654
19702
97290
75400
25151
53726
46451
35089
37910
29722
58803
3433
79600
78976
93494
35616
80853
40068
59992
26039
96928
17606
38868
83976
94531
12436
88795
10099
51975
14371
7744
46823
70192
10790
93168
5513
1375
49609
73440
38339
32338
33965
18718
68236
74822
72639
33577
81904
28253
23895
88829
73468
3674
362
65094
9320
45288
40749
63158
42017
39323
97255
91473
40754
30542
8625
61989
10734
87435
4108
85816
71197
61482
49055
4730
96897
51185
31084
65817
81539
84185
85966
90866
12031
1041
28913
98149
57673
61147
26222
88738
67866
58645
4674
99424
2395
12114
62346
93325
86508
24775
28540
65471
84210
21890
72613
43240
98683
1492
59419
61288
73135
30383
72638
17692
15637
68138
34384
36757
286
38753
53325
94692
84531
8345
3049
2481
57878
48770
69
82506
29111
31094
87982
78264
84086
84734
79506
27182
68623
67379
55103
35131
80647
14017
97946
17822
61169
49640
10681
67769
96382
68412
10014
95359
95967
64685
39888
96903
12888
51329
82615
82594
80386
11964
28884
81961
31613
39554
47803
99119
69457
93779
77358
72053
78687
28821
75095
58237
35529
43888
15297
70935
73786
63186
47379
66327
18739
54034
34763
91559
67635
29810
59219
12696
54242
40734
57379
57620
69723
5778
94803
68303
52500
68888
69690
27100
85387
95661
37192
76956
73327
22629
16860
96017
34535
55589
52995
17808
46435
63311
96206
39445
32189
18747
28686
90256
50251
91936
20783
53438
63781
86546
46734
14195
77485
56869
33976
90674
8287
37231
34337
61311
40023
99084
4222
57867
72538
7515
28831
98351
322
26630
44716
71668
31145
69407
67931
25359
30769
73797
3308
66506
10381
84646
20417
38397
36720
10398
43197
10588
86960
35838
70903
75498
96662
94952
78779
7627
32549
36823
52061
81399
91717
2971
94395
75722
43243
75905
37039
33336
85159
68978
8621
55262
20009
78994
40479
55891
82000
94184
54779
78366
21361
1662
53757
30177
40864
51966
39142
3635
46622
60924
91377
29356
17760
48307
55150
10809
12087
86471
80637
27631
73889
36042
7560
87964
2796
65114
81117
83737
70306
43047
11655
74460
44086
75058
60552
99465
31305
97105
34581
9416
60920
20560
4302
40499
54438
56721
30008
32870
42754
50484
58617
16505
43381
70097
7280
23753
64618
19682
28942
34482
59418
58014
27573
43129
16723
72032
88139
14565
53860
99526
59866
89486
43783
36917
73672
44462
99372
18010
47470
22069
20446
95948
54936
10808
4373
27949
98136
78793
69815
98254
54022
8929
44331
22514
96600
58938
66332
80107
21050
23034
71238
30209
33355
85065
65920
69073
41460
58563
26310
93330
23557
23753
45857
30163
48461
19250
97397
24991
9429
75936
46952
89763
18362
77261
90762
42118
48518
41155
27781
30071
61866
71850
48866
741
3898
18429
58069
50055
67301
10934
76807
70844
91599
71752
78110
36236
32973
89323
21771
63918
24636
93937
46735
20547
57982
72087
42155
84255
81234
25176
66466
38248
50830
90715
29677
17398
39100
77165
95516
94299
82479
28265
57956
41308
43489
76084
94409
25501
42602
68421
84393
37051
54559
2081
42978
64211
71620
8229
58369
27008
57327
98204
33928
86274
27227
33745
70683
81657
40517
30846
60072
47248
66727
66466
66608
55543
26095
43954
55382
85769
13851
94278
30307
42253
71859
78004
34772
70199
81154
96186
60577
24238
39251
10196
54794
91529
32836
19502
57376
42482
93033
72884
25133
24588
91552
62533
66817
67249
12653
46917
21722
3732
71282
52753
25775
56102
36204
92686
40761
45364
47692
64090
58782
28845
10672
32708
64860
31425
40798
29432
83695
58564
73884
62098
54687
26322
17199
60148
24584
21229
45679
6867
43815
81314
27779
86955
4862
71594
62558
80530
96517
56140
95861
24298
18254
66943
83643
5584
31442
56462
90076
39218
9820
28692
61266
93246
23506
75078
56135
21909
68796
98032
40392
26302
68083
93463
95906
86295
70439
91230
31037
56486
9420
51013
91889
32109
73986
19243
8264
69916
88384
42676
47218
8544
83645
68549
86239
98074
20474
43724
90173
17163
36495
85757
74126
53771
34545
58135
97476
26873
58684
35558
60028
56620
83939
99809
95285
72775
85969
4275
37355
86955
71579
81911
59253
69191
23716
35516
86103
6155
20268
74504
70468
96474
80822
8281
38131
28190
54613
11238
47741
79221
56114
58053
80625
5608
55356
91653
66196
73341
42477
34235
57144
41410
87381
60539
97400
38826
33158
85436
15533
90965
40059
56670
40336
56167
79653
46055
24429
92922
83891
79304
23328
94415
32957
8159
79982
24032
57421
29622
64611
26417
53227
56328
74851
67173
45060
61540
40975
16781
9654
93738
10135
22907
97275
75506
88118
42325
90543
82508
75054
1317
73311
73474
4801
79564
59856
66073
27753
64471
85865
51351
66869
20554
55967
84958
55936
55544
74971
69494
23183
5525
66281
73929
40455
91235
17792
89032
55561
93928
22729
41131
99051
63073
15277
48502
52020
82479
8224
27575
69556
71056
92068
13643
77790
19017
16700
33888
83651
85887
41582
49877
80619
46821
68531
78686
69362
34799
14366
6916
96382
72612
86246
80873
70105
45587
35442
81193
72367
16669
68512
26012
90948
98640
74483
86680
27411
75987
39575
57491
51903
73373
11409
49510
48312
99937
47591
31020
99885
70628
31849
49898
72104
53582
12827
51402
24618
67070
77601
48447
52579
28216
33894
4333
42766
6362
34792
44928
26855
68461
72291
57370
47722
53623
64856
235
25769
3725
11578
87096
8170
53349
42518
76830
12539
66665
84732
55728
22195
97480
54350
8381
52646
35686
20099
9805
58980
80020
46297
67657
77998
32859
21173
32666
83382
53617
28376
82121
37619
60622
69504
14662
52446
79608
28311
90341
99084
96634
33469
54466
75751
94611
38029
46469
45067
97451
65134
35008
50395
25056
54328
1558
42269
82751
10817
12086
50841
64911
1475
20708
67145
90054
364
68537
97917
5087
64130
81185
30894
37443
17521
61090
93084
4612
84722
43004
83463
82857
50681
34348
23558
41187
54299
69450
43112
33183
55290
11379
60421
19476
71343
43777
82527
36476
53203
45237
21434
77599
33322
80151
93749
38442
98892
82612
53477
79423
82193
21927
16557
72710
1497
19538
59163
65761
56501
55563
82306
20574
86485
41716
34511
18789
22319
72162
35978
30449
8649
9503
77387
95356
31651
66891
79094
84370
2436
61950
63061
54856
47231
19080
31505
79941
59329
46969
99309
33342
22874
69596
55359
80160
99686
25278
34571
63654
47447
53741
8413
20715
20481
57819
12547
50489
52514
55490
42245
71104
21163
36769
81698
33026
65167
50084
26248
97707
14695
387
12495
20381
25119
40193
44275
20906
19809
45396
10445
73755
91356
82404
88653
24717
20560
41260
11317
12219
93337
82238
23349
15190
4342
32739
6590
7186
9621
32224
58373
53210
64124
32756
63703
71524
13142
99774
13171
37822
15673
3899
52169
22408
60624
41965
36525
53883
69194
27223
84279
48103
59582
39332
43994
39002
62648
20424
96607
41852
88069
85822
28669
56248
61751
70737
33271
63829
97301
2550
79379
23651
40610
29366
93010
26448
12649
35050
44017
53594
1570
49407
90907
15743
8163
96313
48328
42512
15846
26707
71575
28036
53171
44356
70115
66056
25290
92797
69797
99797
12047
66607
71046
85242
68274
10826
16894
71448
50361
71521
98574
85197
54221
82217
72886
27175
37534
96351
85236
17978
28596
58921
83099
75533
5331
22036
71564
7599
5546
39133
11955
40199
93368
29036
27520
57417
85595
45883
2592
73828
77206
41876
77143
73656
71198
54360
1469
16421
82594
25820
38802
98430
7029
32557
29535
16796
61018
77556
8747
4272
59370
9685
60694
63824
70340
12561
18933
90707
84722
34412
52171
76408
86899
99241
40481
31839
4747
3217
71906
63355
25444
60594
63349
67295
45086
28036
38711
95030
94074
17063
26324
25455
69791
95848
16578
1621
35879
37922
8570
83740
95754
68449
58100
983
19109
8098
47519
81255
48518
64631
44634
38990
9078
47271
50417
36418
17155
85649
98583
49404
28329
26000
27260
36016
4189
32986
56811
15991
66198
78563
50787
91401
14680
351
3664
14214
66270
72677
62437
49427
96099
43727
15288
36002
34221
50429
85851
83337
56951
96857
37394
66261
3194
9365
11350
7832
83159
35697
39045
50717
54051
30264
82659
77628
57648
41738
87569
19721
73364
95605
85576
49255
50327
31836
17010
26330
93694
80090
51398
56954
78927
31871
84478
11075
6913
57049
22966
4330
23906
4814
63107
46154
86916
72134
83886
25755
28677
71525
61740
79844
47321
48918
62587
16776
25206
22691
82395
32956
69788
70752
87494
77048
51327
47240
98798
77356
13618
21376
47953
23274
59730
49879
12347
55873
93676
26191
97721
62666
9932
96757
62485
29019
70083
11819
62707
65497
62132
11207
6919
96042
38363
24277
82320
51240
50138
47960
27189
49010
24514
99597
3387
45276
34042
52528
30880
63175
16111
73720
85559
71308
36505
33213
87552
16817
6821
17018
4451
29950
58852
69517
88361
24329
5135
2460
52855
69453
11861
27698
79400
28697
96515
48710
90950
78917
19535
6972
84229
928
65249
72101
9852
67972
57279
75298
66561
95435
68755
83942
17727
95003
10843
93017
31222
67933
75724
52632
6928
15819
48932
30842
18364
30599
38539
52398
61416
73224
30117
72480
39519
16559
89943
61114
1629
18873
13011
2055
77323
16717
83714
74995
51484
47093
16364
40014
98211
78281
28967
30127
26190
41734
33146
94549
32675
73758
64429
54889
60981
77705
8943
35647
92579
76858
10179
18779
5389
70540
20616
5169
71892
40923
77892
71397
3309
43919
26636
88560
73890
27826
58579
22948
15622
72707
41740
8839
89714
70659
78941
97883
1280
38925
21794
15486
83779
52515
44379
57613
41313
52227
72788
87683
64847
56920
92399
75840
25383
6061
92399
88773
59048
92988
28771
6011
41258
25413
85934
93171
7453
50970
22255
4264
15037
59095
46674
31136
44436
5999
23442
54066
95788
10369
25577
15522
33199
79530
47477
30952
70621
61651
24777
34222
62761
49707
54829
95704
32561
76784
4019
40125
21368
64167
94712
52308
51745
91211
52402
77802
30058
77410
95004
16495
80195
80458
86843
8913
9353
25587
57868
48225
66116
62022
99693
92337
5049
17763
77508
19550
40300
43305
36912
57323
35447
50029
41962
45731
38847
30798
36951
98016
2393
40959
30797
22793
48825
74627
43615
19317
87570
47031
79495
38287
73935
32169
60240
37522
2764
99463
95101
53491
93682
10450
33656
80222
88429
22610
71291
5049
86732
9602
7605
12069
96437
73899
26105
60066
86946
8527
51945
62610
39836
66620
72699
694
48402
95969
31781
12468
82422
30620
25802
54138
62036
90577
57633
46684
2256
85592
57278
89370
8283
69549
4511
62013
21777
65259
51381
1280
74355
89202
22285
37771
76060
30404
96794
29530
29794
16080
49473
6652
76266
47910
74913
27831
81160
14602
53532
75113
78450
81251
51591
92330
80352
40531
45930
60109
16195
69728
79604
4069
35423
29681
79934
50884
68390
48373
23066
82303
50866
10492
31224
79373
61630
15689
15988
29262
2465
1183
51520
57192
11305
54457
11050
48333
56272
11030
69705
89209
11582
83121
65801
24503
64634
75502
86417
59234
16078
37393
77197
95465
14390
105
99549
52812
83524
1897
95065
44067
74068
92406
48511
35966
63463
44604
46171
29287
83806
6364
96434
38404
76021
81216
51370
56792
38617
3248
41593
22601
9063
32188
