45924
41739
59561
43225
24398
21214
2517
84285
1282
99372
232
72958
97738
50000
76763
32816
25540
71711
55952
40615
83774
49981
74980
21818
14122
23147
24337
42211
4126
89086
67869
28962
21771
26764
74082
19329
47991
90080
17115
48115
73337
4717
16583
47605
18897
41374
58525
32854
76289
12491
56397
21715
57996
5449
52271
31259
24522
67769
57482
99697
35109
58880
29634
16208
54611
8342
96031
88585
25072
75383
24407
68455
39414
99832
50967
17364
80284
72756
93139
39604
2505
51844
28039
91183
45460
81868
49129
22093
56858
71602
18510
49337
46330
23082
74005
93416
19440
7021
83220
53875
47436
43016
74717
99711
21070
68337
43052
87358
63617
29684
84848
57966
36305
88907
38707
38016
10250
41996
45448
95315
27055
11740
78000
17119
88755
5153
4297
3117
70071
95766
70420
99459
32577
8215
89569
31326
84693
4700
65273
32888
89906
58915
88296
137
73132
68422
99717
45193
78882
459
84287
78675
11676
39258
55942
74886
39106
18985
61587
28005
99355
11635
99412
64766
41409
33960
65720
17928
88509
74686
84691
77253
39141
89125
27695
36007
64655
60760
38608
91247
69776
61166
15746
77104
20021
43984
9569
69010
50749
80934
75813
53875
25681
70443
28040
60136
29473
91903
50613
34561
24349
99770
86798
45098
7756
82301
55258
53165
65453
79365
36265
60917
72391
68025
91974
82670
60815
6595
28280
79144
11382
19676
12596
60250
38764
7967
41859
42436
63989
40223
37996
27756
41254
34388
87997
27434
29373
74001
30971
64543
18714
13905
6724
23072
65021
81872
77149
2225
29
54710
64861
28748
87746
96782
94069
47808
24544
89557
24666
12502
36017
49549
82129
4271
41838
48913
42741
71242
18858
26051
76232
72834
81259
51777
4884
83123
65893
36119
57661
11869
27764
40909
71909
21921
95381
77953
48123
26184
31138
46288
84449
8931
93193
27565
66744
35789
49801
21812
41226
17229
26824
17176
65172
51736
40403
13432
93262
19059
22930
53201
99960
27222
63431
70029
27395
99307
33379
78489
15322
73174
30246
61268
36331
5455
83921
89795
59893
15754
13705
23073
65263
42040
35691
13364
55251
18566
15430
45243
56774
42915
22361
5155
94148
51456
90122
19449
77996
54895
49856
77657
582
21614
54206
18981
75533
70077
85661
51090
41789
99466
14629
37628
54841
52398
17127
43450
22841
36273
71033
73356
56431
27624
99503
401
74165
57375
59986
74069
73460
71889
35936
90951
82515
64820
61217
70184
40026
80626
81153
24927
12866
30897
95598
81930
14620
47220
10928
21743
21722
75995
64415
49681
98366
61190
37574
69374
96669
63607
94195
86981
71567
33940
50455
92997
53077
58892
8896
90656
79560
51121
496
61646
80506
50883
60314
60526
63819
31662
85401
55736
30219
43625
20717
60749
92710
31648
34099
54352
74513
57420
37567
54830
12112
24637
93305
16600
27457
94521
74257
10225
48968
29023
94816
29091
42328
92036
44605
12012
76987
84671
68248
88278
37598
81376
7510
92229
11452
23002
88042
50953
87142
33666
58732
86163
97964
18703
20185
35140
88042
94593
12839
15520
5969
7071
43075
30306
93424
40569
4329
35241
68160
27531
24351
22960
33577
49698
74095
90908
52500
25593
7359
37486
31118
94813
37646
824
12438
8623
44365
70156
62148
52359
727
72048
51477
2230
23183
49166
33943
50244
79797
99240
64013
62263
89604
33000
75455
2453
71627
16918
17186
6497
49861
54083
11103
16161
31352
89633
25507
10400
61607
51477
35715
93520
30196
74725
7113
18407
65302
80236
35199
54058
42034
685
24183
43719
82457
57124
3636
77020
52510
91543
63161
12597
37330
20619
5548
90386
12638
70515
19975
19207
27516
16996
69947
78878
4595
97604
69824
76279
87693
88448
18718
82767
30038
41564
48689
23422
73395
22342
69373
90234
70749
51620
5326
48154
19289
22667
56490
86325
66805
72209
6485
9576
10881
48634
13664
98198
39687
21103
67216
25001
49352
36654
46630
79255
22709
1562
12400
74273
97542
77618
45484
34805
26971
3295
37428
21523
77325
99751
17707
21676
97808
49024
9442
56550
46600
31614
56967
86396
44100
43980
42826
55618
63163
41113
41357
99623
18114
81578
8616
7123
10727
83374
82007
99791
47117
44015
5472
29892
58948
3523
92388
80764
8868
86690
23522
95717
31910
33554
82498
67412
40831
56447
42117
80006
82458
31334
82054
48481
45553
74672
36045
99033
35848
95516
28464
89678
89446
20341
1798
47763
88464
60131
63754
31753
5028
75741
92040
7978
89487
6876
68711
67586
37035
79786
59219
11512
44313
17721
64934
50026
52246
26385
5586
97046
19997
41793
31885
67509
1562
54007
25434
20737
25638
96842
96944
88920
26788
25044
6857
26841
92086
76446
78153
89419
80157
50771
4521
92892
51659
30870
23999
65895
8358
20592
63468
68239
51068
87009
21569
80264
23998
67320
65007
12117
79354
62174
19402
39787
67321
8268
77305
99381
33937
3356
30460
91313
82472
39869
80186
27831
50502
88801
13767
87162
17461
22033
99598
57991
48632
63520
2305
8298
92869
98812
13338
54801
23776
8385
70636
51912
38998
19687
73483
42690
65555
62876
60373
93113
81024
46957
11099
25165
7580
32061
86992
54888
12630
62616
3085
76291
65252
52225
65151
80673
36260
96232
39182
90585
34924
14647
97770
26289
74447
42795
87636
66565
75311
2304
42214
69383
49626
98118
96
64929
52323
35823
68976
69270
41629
15210
55805
10502
63958
48970
92208
98192
58990
36255
72416
63826
44210
43654
87769
97708
75033
64732
86248
91682
1723
13006
17637
3072
62601
36300
54972
24280
51949
79163
90394
29222
37727
78506
36658
84405
69664
63197
13545
71387
50039
37893
64612
607
99814
35120
78155
50907
61160
36220
29274
84956
57897
78567
24420
77862
8706
62115
8965
45365
50863
2021
36834
62462
79599
18556
51295
23572
15000
83774
3389
98918
27412
35326
79405
80645
41244
1914
37110
12612
39183
24497
16575
41336
35758
8210
75705
61727
27864
21327
90988
61181
26845
53937
20381
82241
53217
17605
36056
19846
29264
48147
15904
30101
60376
93487
40016
72680
32679
63080
73005
12201
82722
50110
65002
48185
26206
60786
40279
98349
61599
38709
78664
45139
27883
50594
53437
69170
70122
81479
71027
32975
32477
91230
78470
65964
25368
1307
92097
48139
78685
10302
80612
1904
32469
45640
79985
28804
98926
37674
93427
6102
8044
84120
97323
6044
25805
51069
60952
97943
69438
56168
20130
9588
27283
32228
67939
77135
90215
75014
72787
76530
62224
47743
14863
76443
28637
16530
43301
21372
32720
15327
99647
48412
29010
19549
1801
86651
34199
77478
76641
38194
61807
64588
58330
57561
79590
41193
82764
45794
32025
53557
60507
62626
99637
28849
68579
37744
58126
74784
7933
65958
70904
48597
80401
66405
41510
74598
24344
91285
75837
57216
30444
16617
73427
90901
15182
1249
60586
61745
49043
89865
34339
22314
141
1855
34272
35702
46930
59090
89051
72886
96523
30725
63708
30063
3035
46451
59451
23065
34218
53517
65330
7601
99853
34975
95518
66793
1715
43056
12082
28000
51374
60328
16056
27052
74364
24652
81669
6290
74802
43397
99864
12472
88676
78910
99247
50963
16371
84588
9093
2426
32627
61832
73996
4731
88952
20440
21315
19755
53661
56812
7828
70361
50448
89955
41517
19932
32125
77262
27864
65963
70070
97292
12186
18635
60924
89461
21508
21891
58412
51250
72665
3595
59337
94537
75357
84067
69441
44407
21206
76160
43551
71126
70851
86593
9101
29630
44117
24704
16100
75144
13837
45155
68018
66605
87412
72626
50118
38573
24337
9572
45306
71115
40331
67122
99998
96309
92987
6989
49373
8226
17964
75403
90926
15380
52178
96092
54169
85150
65668
86779
12708
74591
7672
66720
24250
5899
10682
26546
67607
63818
26760
98809
65138
19610
59501
51538
56134
62096
8856
57180
22111
97404
22136
55184
8702
75818
32886
63213
95849
79973
92943
58833
17458
2486
93677
17635
39810
89290
257
27373
7906
76593
93503
6984
52966
32643
56021
75439
83126
15485
43209
53942
8411
20969
81999
15155
96706
77788
89412
3802
84751
29144
57130
36710
22850
86034
160
8563
77375
24494
93564
22985
69788
89862
89672
72787
87052
2185
19991
46190
88962
90656
74818
46269
78725
33773
91780
49817
38671
79980
13006
56997
10113
75643
17895
65439
37959
73334
78756
52371
68835
24507
73120
91978
90105
90444
9560
28319
918
1426
81702
96946
51934
12575
87479
23862
1329
76652
50923
96261
97337
11169
59753
62259
99218
21555
22940
10015
32470
88519
71470
10374
64900
98869
99936
8306
91916
81319
23267
14608
31066
93889
84918
28543
50045
11579
20412
56068
72563
19658
63385
32923
78419
35293
5673
14248
43510
19778
55933
67371
77794
12328
43731
10385
72309
2560
41520
95143
10763
82941
68509
47786
31467
6714
15676
55930
91124
19866
77605
35181
72896
70315
87969
7647
41746
59044
97794
24807
44161
78797
74397
22981
78049
44414
59877
32472
36842
69888
3589
62604
16999
71855
89178
75856
76542
55201
30315
63238
72887
87904
61190
62131
68618
52243
63288
71478
17737
84155
12200
95509
31496
26105
52336
81363
16357
74733
88185
97342
28407
42489
74611
3877
1815
43747
2734
55303
92549
13274
86199
61511
9113
46256
43634
18299
24903
32454
79985
70691
1870
20421
55214
13654
54813
55752
47403
10392
91010
56791
81027
58921
22865
13135
23116
73335
59309
97437
50828
67347
30294
53449
91797
20481
18479
89231
82207
18089
82730
19016
33248
46442
38131
41543
57098
28014
13366
61600
89153
41273
83309
86211
2807
46715
53226
80006
9734
4805
63070
79776
58634
3096
17187
98130
92153
57721
99628
20288
72255
58304
45287
40093
51514
27248
80460
85349
92527
76961
39494
93059
24551
49625
15258
97491
83977
65209
21112
18658
17397
82899
42589
80433
79290
90234
14146
75001
2645
12529
30533
51976
75464
84774
93651
44297
7346
76248
77774
64130
24400
49170
75744
10999
35504
59516
87997
4460
53645
73863
65006
97159
78028
85318
17695
5812
63410
21308
39270
32802
34752
13680
41518
2218
21516
57661
30176
15120
37213
16838
53325
21251
27266
64007
84027
98846
13648
26726
11977
69617
98263
58728
37824
7033
37535
9024
120
53803
97348
56259
59876
93905
66315
66487
77979
94187
66496
95658
53060
39383
76142
45790
87517
75851
32186
98946
85224
26686
70684
95900
83283
69990
53626
84674
70210
41149
80803
73063
54971
33085
80997
91955
366
85514
36524
80908
18527
1583
24696
22640
38481
42592
5049
73797
84369
84894
18506
5863
45308
17722
27975
87872
68046
59185
82700
55575
83400
99989
64171
83231
60157
36076
10825
9743
73177
24017
3638
69906
2959
33977
26344
25909
55805
74544
56339
39038
37662
76962
43431
5180
59212
2325
72517
42649
34895
91347
74175
55115
84039
14054
6028
77162
60306
50780
35140
4477
89082
43370
94718
23437
60926
31085
28612
33243
55771
80075
70543
95341
62487
50552
20389
68867
48491
39861
90283
94440
26314
24978
61448
95556
6674
94644
1241
45742
69581
64658
78122
56959
21380
62169
83511
1762
5153
48048
89024
66951
26336
54646
11234
75255
97554
95079
98712
85089
5805
80925
67821
16819
12627
54066
91260
47109
9276
15236
13830
34927
99811
40082
23503
22458
71467
74627
9398
37076
56172
33286
39311
69565
56094
83187
78143
45950
54656
94608
26707
91578
87782
60880
54878
34525
68541
90135
83821
42577
63611
8664
38760
93071
39400
96287
81479
29938
70051
362
60974
87175
31603
13714
39911
20993
61579
98375
96794
18025
69720
19706
85228
72402
52810
19348
78930
89034
15964
98659
38832
62605
65922
56534
94802
94900
24847
81149
66213
97354
92320
74451
80563
84863
50601
58072
53146
43670
74969
54871
89992
85497
19244
51078
854
45484
32749
49100
35197
36191
87494
57469
2169
27005
26118
14560
86520
47457
10221
47569
89279
23080
63479
59811
51610
51969
2850
92893
42334
33761
44734
6629
91229
67764
58449
60507
13220
9741
96740
72796
14100
99487
74413
69511
62108
3172
93625
46491
62735
70810
98422
41695
45447
26094
27290
52668
41590
25456
67316
49413
60645
31302
63981
49239
9131
64509
19162
70747
25739
82969
52705
14536
85963
53518
95366
77477
20684
53287
94449
75724
29643
46276
37693
4554
69139
82433
70399
94019
58620
35568
10001
48659
14948
47209
11738
99919
81000
79864
47644
58250
57632
33940
71770
66548
25045
46736
98596
69276
12831
31307
90432
63734
89343
35618
76151
74839
28501
41220
93305
72285
49119
8646
82414
30060
68463
96525
20058
9843
77384
10473
73227
67565
61109
37954
83074
83396
5286
88970
19452
69007
16999
497
96892
87964
87743
36952
18039
86857
24738
35069
4412
31948
90931
56565
82686
3763
34746
90424
6879
77638
15870
917
11226
17608
59999
61190
26093
38620
69970
27295
4162
33251
29914
20896
57048
15716
4223
64458
21651
51397
14606
24782
77084
26230
60205
25441
51990
62829
45081
48908
32831
15339
89438
48575
31263
86910
51634
15685
7952
76192
7694
3027
37929
81916
32810
39067
93065
8304
28660
24541
64381
942
1677
1948
29774
22909
97504
63662
46186
68189
7200
90509
91085
64584
20381
8556
63627
25331
46530
79587
81757
87924
31182
31659
6598
40061
40045
78597
93761
21222
4114
37812
14857
81321
69011
25835
69156
70535
43905
14593
46541
11720
51875
91745
4797
45120
81614
46174
49045
26508
73219
2500
82762
40412
51717
29321
31821
41323
2709
87619
15414
87401
18508
73875
57740
11481
47892
69119
89044
54262
43619
12253
45684
52081
74613
56266
6659
77462
74374
91387
30255
59469
18985
27051
50953
40508
1703
94900
52369
78793
47447
50585
51930
43644
80214
28159
41946
4163
9732
14267
50545
91952
34843
87206
3443
26781
12396
55662
42387
81264
73303
8070
19693
46521
19399
79198
44176
3160
38377
58797
29895
1147
86631
40714
32579
74757
77221
82618
14247
36459
61334
9700
67055
21784
5244
89889
12509
87952
31866
12655
92801
15121
80760
47012
7109
82069
51059
7455
23218
55892
28350
99930
37315
19751
94553
3996
74628
82599
83724
57547
59942
85044
65216
7422
19554
97425
21210
40496
84935
81645
3509
21361
48770
81405
95675
30103
94217
48644
22175
23571
7300
12948
13306
47614
2456
48430
91457
16561
47185
42022
54079
43475
77964
76706
75860
45965
11326
21889
85257
49146
97509
50840
56463
93594
24873
48631
57044
36486
71181
39275
51905
77661
5304
53372
23826
18973
48795
3287
91698
8206
71711
14438
94995
78904
97644
16122
72103
98452
52984
9067
70975
58816
90666
81974
31901
27756
24042
91685
23991
68946
18247
11661
11051
32899
99172
34161
23417
24891
29824
31395
10690
24694
17376
79083
25083
73533
97211
85536
1678
64089
70562
47475
33293
44104
60875
22347
17043
1900
57273
18762
43033
56864
65545
14095
4338
56423
17498
58293
67972
25949
7674
86969
52323
39855
34986
42041
30892
91782
94765
17911
7419
92062
74738
44508
12649
50997
39259
12122
99749
87486
83498
77802
33678
53877
45351
28724
61226
15470
65072
45133
44486
58790
90782
87355
4235
90107
65615
10131
43001
18295
75574
58339
227
99815
5947
71020
69190
54091
30992
52615
63495
42022
51697
37065
66888
72084
2519
33729
21127
67707
8025
37470
78036
12475
84991
78125
99084
75135
56997
11743
6710
30901
26441
33514
26266
23738
24273
70054
70617
60494
6331
69048
57645
2279
48707
26955
39870
82050
31946
1082
59869
40436
62089
27274
79649
24318
36403
14484
14491
97343
89215
80640
9272
57443
55450
25805
84692
62329
22408
49550
97493
94691
3379
47950
73515
40039
80082
39636
96545
60034
88695
96865
74080
91419
7541
3638
801
9365
20363
86355
40877
18399
69778
86715
67123
40070
51487
22707
54084
70026
1621
39208
69487
95501
98826
16208
61140
36648
25844
6248
77063
21144
92432
49885
12484
54805
38063
35783
10569
92995
54910
90607
53364
3618
27312
98898
84121
48800
78186
1693
87648
94447
70794
82264
19898
32368
90421
27455
37374
34574
11036
97323
45700
83368
4522
22832
59452
17734
52653
9055
26572
60813
45886
81548
2533
18029
38159
23946
89920
69847
78736
61522
98875
11468
10365
54946
27594
95377
65672
59298
65499
9663
2110
71873
82378
64695
52281
51742
85598
54994
83330
97892
55998
26134
87328
68557
92884
8388
66049
64807
98396
10510
60388
85171
66920
5607
4609
40970
58868
55539
78486
15994
95360
20381
85423
11311
34352
47591
3856
38957
50620
86812
47650
75416
21236
85826
62712
90102
10964
38763
23996
3917
93376
60586
57115
81927
67036
15522
93546
82772
21419
18938
15828
92910
56770
92237
35073
20279
49735
91039
94052
94238
4011
98473
37025
76353
13826
39029
15929
38669
61339
93829
10899
53248
5504
55886
59401
15823
84236
90242
24012
69540
11907
63723
70421
60896
97075
32019
32042
97854
52965
11808
84424
2359
39904
1309
80787
61986
14778
79764
74072
92883
66684
19384
88602
33060
79921
80030
83809
76754
70250
59563
20348
3870
53617
5544
87118
99860
72008
91667
23612
71880
3998
11408
21490
16828
33421
17148
78765
40318
94163
3362
23592
82318
59370
99750
84614
66462
86022
17406
27928
19698
18315
68001
39788
21574
66057
13143
82611
15791
64341
12912
48557
58393
81189
55922
47443
63728
14823
9802
76897
20987
93406
33955
87326
79618
88122
1332
98793
33488
85332
48179
34274
32147
30307
4679
94642
88224
73725
68732
87864
90612
72174
56144
69904
45814
64270
19754
59938
91832
88674
85290
76773
56188
37809
2267
89486
58002
30625
40485
74073
93823
90510
7040
3090
4250
34406
78530
93761
85329
95876
96761
47536
82792
8678
73557
91706
57057
26541
98620
24369
47287
59986
59233
55500
89316
46240
26223
3275
39619
57681
13759
1961
85392
82472
34953
97757
74315
95112
93206
34445
87707
57199
50068
42127
60783
36883
68420
79613
87360
8920
33613
98741
76338
23626
58387
37738
65721
72925
58210
55658
96696
1439
88932
4653
89701
85943
63826
68279
95273
41084
96231
97290
30499
66932
17232
18059
54508
68744
67808
69231
99893
35904
40992
96577
21804
24224
87460
92531
71294
81022
35160
78271
90710
91519
58425
92185
91300
86766
24992
14547
92856
36280
15289
5932
18317
33351
38258
22230
54148
79128
92143
61922
33573
31643
2106
31595
98538
30279
33847
31355
67767
26263
29878
50078
31649
78853
33378
10657
22223
73057
90614
2278
10142
99727
15919
58919
24030
77498
23229
11813
63450
53273
60211
70028
34069
76028
59037
96644
7919
29714
1169
18391
53960
12635
21535
71706
60827
78373
3874
61722
45835
69061
57144
2372
63932
37780
80942
26480
62392
87972
62933
19467
47506
65501
56401
55200
31591
97368
54031
24419
2400
88695
15318
80122
56436
87071
98231
44103
50027
81171
37951
84214
45789
25550
43467
15648
88
6780
60346
66586
18721
52918
24222
91901
2353
54937
45996
46962
21761
84962
21812
35258
38145
99176
75658
23383
80705
22517
66146
99003
93363
54690
46747
56107
88967
70223
65682
37359
46230
4540
61143
75097
7131
2278
41116
34799
53627
38145
60234
70743
80677
72846
14990
81182
59477
22426
62385
42052
10066
60148
37925
15464
48183
59560
6683
56716
57071
14652
59281
74373
81625
45062
40392
38849
94507
78184
70516
16628
44339
98633
56461
7073
97529
45329
93059
78914
56960
72225
7278
62997
93931
3469
94947
88227
19644
38103
78594
34765
19480
37577
27020
36725
82438
74671
52659
37286
90518
62767
94601
24097
31582
11397
33594
42022
25056
42623
13654
19003
4455
92145
65894
11484
87568
6166
28832
65791
25126
88677
69430
85762
25701
57452
19720
61716
6176
7851
4410
65276
70654
36015
6080
63914
90591
31753
22677
68921
98493
77578
89291
67709
6286
41694
56925
54222
97669
44547
40481
23953
55160
9796
39961
35232
22748
15926
91816
48853
84204
2606
26369
88120
30729
91036
54587
97954
47867
969
32738
10254
86838
63209
91655
10395
72440
58300
21239
7136
93806
34663
1993
25421
79606
62793
71408
31257
24800
15997
71600
76397
98734
41068
89294
83149
7098
95723
26880
57438
83286
48888
22692
60025
65422
71437
8781
2154
51050
44511
93367
57253
60303
34038
8828
96646
15750
55208
29023
75587
24148
40276
8101
61456
8136
64088
33923
64463
46580
11824
71827
25106
12211
46060
92064
80878
67976
53580
82497
14654
92679
49274
61859
82033
48589
53476
43902
78161
61769
44597
49993
49585
87134
3792
49002
19922
18369
43784
46246
26962
91165
60414
24598
96401
7670
38391
68826
34273
96490
4633
96871
51850
20947
72547
76669
97272
35370
37127
33812
37410
37413
41060
13844
25911
44193
37860
27907
49830
2715
13838
81528
73514
96056
10185
44847
6768
80516
80367
79574
52839
57719
9417
81508
31107
84020
33164
76233
87982
63051
87216
16993
91564
44766
35849
17026
93289
12065
94020
884
52929
22362
33984
99072
96011
46152
64966
68545
7139
34240
16198
65880
76595
24787
97935
49499
84125
28779
56267
12525
18791
55156
89749
51177
25540
67031
10456
82840
85243
42818
60805
72226
75894
5987
81424
94785
37673
71283
72168
22864
38237
14256
61425
21347
65944
43682
17184
66577
70443
74111
44114
46731
25432
81289
33929
20208
34461
69173
18948
59193
99906
43400
33274
73264
40698
84890
90899
95422
27481
94460
63171
58497
243
60757
14212
3772
78541
46600
26639
71272
47234
88625
82806
75625
67508
44271
83489
10971
48749
91292
87267
15211
96752
32694
79032
95810
78273
17954
56285
1596
28558
95239
172
8535
75993
59829
85331
711
21027
10185
93840
75334
98838
85736
79563
93961
49774
33160
25392
55085
63526
72782
2119
62160
47931
70994
58898
44061
51327
21216
80834
6911
75036
57047
85783
15734
62114
61652
72306
24872
84783
55209
33784
18926
91770
39526
5093
89455
86460
53177
3146
77195
1596
20178
64006
5933
15574
30751
91228
59363
47751
7383
72598
85994
39223
25842
97334
2691
6531
82485
88725
24546
20070
7500
93690
35013
20291
48783
33816
22849
64914
34087
76548
8023
66276
91306
68210
54662
36533
66785
21835
79803
43054
95371
4845
87587
89139
74747
34879
94049
19311
73757
84879
76698
61466
47478
99819
3117
12037
58312
52696
7841
5122
15476
18866
49303
89426
4890
95200
78015
31212
15196
39443
5350
89991
9666
87067
65708
90821
43542
73766
48916
22588
54799
7222
95092
77249
59307
53438
14156
93395
61109
4409
25172
2210
28742
3974
25486
91354
15527
79940
37979
36176
75381
43910
30538
4263
37117
35572
50474
2879
84135
67390
94368
41115
85648
34685
19188
49934
64879
48583
22758
41986
23225
80878
36574
11972
72319
65527
85441
83087
65045
94386
83903
28147
67918
45531
35529
12002
57219
89259
36865
30295
80882
38171
69162
66499
14179
68279
19966
885
73766
93691
94301
55493
40440
83853
34755
72222
83621
31606
72691
64166
50183
3230
90095
57323
61100
98851
42826
80747
26037
55798
33268
88704
95131
31282
52180
43814
32493
97561
2869
9611
72724
5965
90391
71122
1271
55976
40422
16227
36922
76697
65768
97394
48417
20252
57679
50059
22387
2164
30478
41143
2810
70279
58793
62510
966
62262
1093
80953
25873
73208
25790
46306
41853
38546
30807
83163
47194
24181
20876
71015
37956
52915
16036
26281
94696
19679
87938
42887
89447
96929
31067
43066
97492
2515
51298
86069
59639
56316
43038
67792
94516
85382
50653
48144
95845
33245
61186
82260
22852
99110
88345
15070
79045
54905
75756
73212
98080
48157
74638
84019
98828
159
68948
37063
42727
58575
91492
22473
19794
99735
40933
12414
18777
1048
91798
6919
55665
73378
48122
72658
41721
54160
36241
55485
72707
62110
56323
60194
11180
42665
16885
64291
15975
22273
32317
71987
86776
81901
86802
98111
74619
50299
79101
41879
31781
58018
28780
71517
56003
43926
80005
11145
90815
44199
4216
78966
96737
98359
42157
79501
88561
30806
30844
84780
59354
28604
52731
3474
96394
46786
71314
32938
26551
74269
57226
1809
86492
14168
88932
90661
1408
75436
9735
25869
16247
34719
17617
56895
1410
5303
69358
52306
30642
71641
36710
2912
74986
42979
33905
82135
60546
4258
83718
95709
57960
29776
89169
34974
59073
24461
86786
39668
96557
27961
37762
89553
15144
56204
35617
42475
9932
45746
92715
53572
67508
95238
91705
82549
35900
42122
87971
72727
73252
85728
41203
18446
78579
5737
40917
46131
66840
53015
22570
52892
1292
27920
38908
72586
77587
1634
91980
83566
15586
39069
66535
43160
28218
99122
49271
55262
44818
73894
39253
198
84563
24466
62429
55984
77020
9051
89754
76675
55206
14857
68384
74771
47234
26758
76664
64971
31135
32852
79094
16924
55784
61131
50310
44962
33673
10735
64293
83695
43537
86474
17260
44951
43251
53067
33607
70168
16328
58266
9988
65539
33807
1782
62503
65611
46452
43341
95866
14633
37262
46424
37218
57994
82817
23441
24429
99542
5796
39506
22631
7197
11070
44907
35435
81343
13290
35102
56375
57240
66329
39995
57880
19911
12438
5203
11492
58682
74276
99228
2855
1880
90372
30112
41717
72106
58675
20578
83551
64807
36752
62222
4096
53050
15643
93180
8183
47154
78265
89121
42543
69062
81908
40977
3257
23139
35232
23093
94779
41235
66200
35780
24002
40907
68742
82626
60915
10418
1281
20402
38144
39241
74481
63417
33270
62684
22766
54609
51762
11011
1350
81414
68628
42933
65246
73713
93035
52458
87600
63918
17296
83050
17842
73212
51727
8663
88023
38448
91808
23477
51023
38870
77332
53298
80842
43654
96459
70901
26329
26815
94530
46887
97109
7362
15625
59832
92217
63278
59539
99312
61162
83
42567
59988
51832
18773
68883
95088
39388
70399
37472
76007
39649
28705
9088
61332
28095
82824
15684
10779
15650
47705
50922
79506
16713
63561
32084
74790
24651
93116
64500
66795
44276
36600
24803
21283
2220
51461
26033
82602
30233
17411
27734
55676
32283
97960
7015
21827
15157
4053
37860
9953
34732
23348
23023
34935
67015
4752
33367
46736
99318
12016
51378
36973
54192
29265
8873
19149
84052
70335
66285
48856
76817
22736
96007
46600
49793
26078
56493
45461
20304
59903
46417
61628
8282
10499
80339
60203
43026
42473
58807
71307
55616
67357
49713
48042
11170
99826
89021
53189
64115
21240
52075
60366
1352
30074
35863
84256
84407
97271
85399
62268
95667
955
73645
66846
31026
28314
19996
49985
90479
63112
77624
78540
72683
48600
40630
57720
21519
86191
41122
85918
98604
87139
3024
78722
75363
71893
46474
7830
30273
43976
97960
74892
27106
52222
893
38909
18103
39182
5134
58671
69218
34851
42045
86341
94269
75284
72484
67401
66106
20443
95454
13359
71973
20373
25055
37542
89510
68501
37667
22912
54435
42213
76836
96347
52226
4634
24901
11755
6188
76978
79947
35846
12077
86829
1772
67916
99512
9733
37663
48913
36168
94732
64755
53897
71873
93249
95868
48367
69684
52014
94919
50929
99105
67968
84559
26683
98487
79780
81160
24958
64759
44443
66713
14461
50007
42617
47399
40372
90402
67104
15884
13798
19868
85780
14694
73985
96100
70427
8971
95536
81202
31891
20315
1501
60831
36303
53326
94048
41092
93360
15180
63625
7131
57980
55803
55110
99970
76861
39091
18225
27038
13656
80526
38010
23579
34569
38683
86828
28337
85176
26897
92702
33987
5498
95072
728
99074
5254
23204
52896
15566
10129
29011
60448
62588
94281
92149
42998
86386
57035
5716
55384
81455
64258
53225
27265
7433
2877
58741
33181
622
68235
89201
28333
8556
24693
74653
91447
87084
9624
1397
81165
2936
81213
39202
48888
13694
84375
72940
24672
76300
61209
67597
84731
37371
35409
70561
54161
71945
34053
14362
69735
67998
82440
82479
23792
64752
74745
52596
52940
94082
75929
20869
30843
82183
85479
62845
31331
47524
60441
92707
13786
95252
13625
62435
78896
73893
79258
68187
5115
80927
88757
10124
41505
24613
77252
46928
94876
71284
60218
20459
16525
9736
20062
85433
15872
8126
73410
98695
82039
19252
82756
63166
36629
24173
78048
9306
75914
64337
89488
58810
95318
27920
70465
367
92604
64711
47155
79511
76868
19899
33996
69443
43981
99939
5978
65140
16941
5634
82340
83557
61286
46001
19403
33282
97640
97116
19874
79606
77021
8067
73735
11266
46324
9984
76893
69097
30221
15880
77255
55432
71294
25770
18819
33411
20096
35701
7233
29083
5401
89271
68639
45627
51718
65887
22467
67730
33733
59876
78835
2299
7453
93790
95988
39799
80714
12306
88349
45053
41449
86380
60055
46215
5244
77925
71955
8174
60890
89827
93064
75664
22422
31968
29512
84045
38602
76386
24286
5458
4961
45801
53863
27052
318
63176
69162
61726
63052
81931
32948
42830
30594
1079
32116
59865
10514
96015
91440
79463
66767
55762
51907
20409
89849
44673
5267
43519
43111
34110
30195
80422
41295
14385
71506
58158
27124
87684
35901
98010
25197
10414
39704
26593
60302
84173
98260
39265
854
652
65454
76243
40404
99620
41348
44761
43606
68543
60501
31508
1391
74167
80371
4179
25732
7037
48263
75269
67732
82198
14018
25871
1442
76672
35772
99834
11264
63218
44843
899
36313
57377
79616
50934
51451
87231
55393
37013
17024
96349
40095
34257
47608
85266
26421
43356
49876
47412
16348
10453
77905
11746
30156
41602
19070
62276
62387
95708
14924
38186
53131
50052
16530
85138
3900
32148
570
7877
52750
96112
28492
75617
22376
69722
89940
38993
75178
93573
73138
44439
98083
28418
92511
85964
3632
73526
62263
43295
18610
66381
70183
53593
3659
85383
95699
54754
15444
24464
26500
73052
71614
7470
2669
18956
67203
26771
43385
93081
49128
97298
54419
87085
74546
46703
48338
15832
257
74351
93310
25652
43885
71055
31203
21188
82556
79984
93777
68245
21118
27887
81645
66630
52645
83539
97912
16260
88260
57632
71866
81550
79458
25448
18219
43704
70139
42689
89726
54378
3636
78130
45290
33128
8281
42887
32054
76525
76980
84515
94784
60848
34220
89877
17994
80745
81144
43684
79841
37741
75006
87428
16075
95188
32077
35626
13357
36764
64115
15036
42871
19783
21852
87553
22989
44543
92488
42008
66098
69753
54279
23173
92275
69431
12563
91526
72365
39560
22954
91524
88540
87882
71527
97092
70881
47024
35452
12349
89774
87582
68974
17476
93074
82321
62573
44098
28124
16284
24559
71080
98445
26764
50376
97273
72863
87117
54471
33605
12940
8742
46864
96983
50012
82944
70449
19588
44686
15556
53988
47427
29570
71009
17568
47036
8641
70189
29084
24729
36202
68483
59233
73177
4218
89835
40011
98019
94071
37143
39804
9592
37945
41897
20605
26753
97622
13970
31058
96936
50120
20149
99704
38818
34492
21898
37213
4617
89754
20927
95420
90632
3340
91129
28468
77744
19758
48760
48901
39464
51184
81976
76070
7489
15498
12692
62533
97703
6973
15109
12476
14067
64098
41480
73100
78685
369
2461
61433
57167
62096
779
91746
80757
73782
46530
83611
63473
88827
67832
49641
55371
91262
17077
91449
51461
8306
18538
34205
25868
2406
35676
80100
93482
82736
6847
89493
8985
60565
55997
46952
75986
77207
73430
17889
86307
99132
93601
61609
83711
70807
34128
97643
48976
96021
18161
16552
21319
43301
35377
35800
51220
15301
84828
45342
35921
29286
4191
36422
17208
89339
52335
48445
91094
75843
31010
12397
57463
58289
72026
57332
59744
42004
87170
18112
53819
13768
89457
78505
11821
96952
44012
27979
5188
95757
76200
78622
3596
42456
97453
180
32353
19512
70582
92878
23614
90761
45556
22715
72820
23689
28370
54510
3894
30024
20852
51291
49361
9260
49113
1999
20761
9149
74847
7529
88543
57843
67173
21080
33086
32219
97675
72466
62933
20032
91830
64429
81391
63452
66385
27102
6462
28250
173
28205
92262
37478
46600
63217
22261
11668
30059
20781
74992
12778
7822
40262
10281
96459
76086
85888
88909
83297
90175
93460
31449
42566
43636
39952
34509
16655
66843
41323
10585
11318
23758
40483
34580
98754
65284
14741
64203
597
54510
79768
87126
8210
39805
64055
18630
37769
81504
43817
15931
26144
33803
75023
87378
38687
21748
84073
88636
89880
40759
95317
59273
98034
36506
73029
11939
78961
16714
65244
97144
4675
22020
16772
99215
55369
23536
85615
74811
44896
81191
12873
83405
71947
47093
74774
83907
98911
98201
92941
1791
47050
48266
9104
93363
24993
68244
54855
42456
4037
68704
81784
55230
52657
54833
98374
24414
41539
75915
12803
88107
20708
98542
66770
40422
662
2976
21374
45777
31513
4776
1392
49883
99994
58486
91505
10106
1208
10753
8701
33047
82100
69257
50240
75907
57236
40442
20944
57384
17684
88658
78790
44634
36939
68857
80186
32172
9301
90255
54202
88287
90242
4708
18630
72148
67578
45377
85259
84739
27947
90852
41595
26436
41489
5608
61061
29451
35008
31427
96631
17265
45105
28425
52716
26349
25799
52941
92851
78561
31484
71080
30590
60113
63821
54226
12867
10638
52575
76653
20499
22384
41293
41730
74228
65091
60047
40867
93246
10520
71720
75215
57326
77629
57772
68244
27722
27527
28748
14190
79602
11754
70080
1390
49343
811
98000
54230
57179
82445
35934
25056
29084
58215
28051
8670
10718
1335
23685
75741
58460
33552
43809
1123
92651
8879
55131
44887
42643
94188
60592
75839
66315
27019
13684
65604
23568
58609
90076
40851
22434
96916
74314
56349
1883
53356
62481
36669
12
44518
98180
36921
43381
71927
85215
55554
87681
93164
57745
47542
99324
10048
96133
88869
24754
8840
17132
25232
38982
6536
5288
17101
2507
67240
29495
70471
92450
91873
72986
77987
52145
99634
28385
41501
61244
53807
92245
92593
12931
68088
11650
46901
79000
89064
72159
31011
29659
86692
51388
63477
6804
66003
98374
72457
31852
23629
68345
54020
41640
18796
5731
45107
64386
26655
97841
4396
36198
67166
6424
63699
81383
42935
88258
90136
5244
81799
79284
51006
38138
17028
99224
78359
73198
97911
53227
92586
71831
743
63844
71415
86974
33936
87392
52817
85876
78739
37799
87210
78630
19591
39164
46445
90463
92749
65670
38180
56922
86497
69110
7481
89795
78572
85684
2650
23305
33910
64202
77141
71169
92121
61005
47267
58362
92145
21316
36514
55673
8304
41942
59291
27889
94702
54292
54114
94592
26813
25664
48763
91241
94106
67609
5913
58089
73696
56228
43393
3448
56950
51865
60270
78815
48041
16807
38382
22096
22900
60804
61514
50374
33755
65108
81987
51386
26872
57813
35287
35647
396
75494
3650
4218
1527
69234
62913
53250
65123
73309
28114
10896
7515
36745
24728
98211
73081
17605
66139
98611
43740
35923
26828
35951
26904
80533
86853
80277
88904
34835
88879
81966
33598
41963
81629
64772
42459
71829
84950
83968
98586
26034
3312
48964
55495
96593
2360
26690
16174
5149
18382
10295
25741
57447
5228
78216
61035
50027
80839
48695
50850
20769
85519
59874
24407
53827
92049
37176
55659
94166
7099
30392
42570
74615
10719
47785
63168
16227
33585
52624
27659
31010
13579
19409
12
88786
97904
77637
77783
21868
92588
87795
98954
39828
16954
13871
19803
12834
5056
77132
67017
97800
31765
94143
86964
75200
61123
3249
97449
37236
64200
39585
27062
66793
83542
46996
85404
96936
59993
59001
47361
92554
45720
88766
27621
43200
41109
37320
79181
22268
89552
67155
80123
91552
40008
79751
18559
90433
4192
65267
550
16631
33888
15432
17745
62884
36658
96372
89953
38718
18701
70970
18669
43451
9712
38891
24214
98168
18692
995
63122
16710
51619
58274
93220
76786
90263
14757
59213
13103
97754
58656
60860
52641
2045
99355
30529
28393
5093
26790
17183
89544
84304
56826
91679
59538
72086
42926
8641
11505
10858
3059
81774
69427
11486
65516
75593
89777
73318
88653
13572
73628
20246
37007
5742
1222
67205
3021
83370
90442
5202
64382
78843
27610
35493
84175
63355
6691
77519
99292
85899
16383
6795
16907
33988
33686
48262
24422
6829
50290
49018
44947
44870
13470
854
87409
47392
61593
52698
16849
33519
29373
83805
12335
96152
75079
95729
31371
66916
74722
831
47112
567
99221
55756
91265
7962
10757
66845
79331
55380
60072
44887
92075
80407
75080
60127
17212
66967
68847
