26344
67980
53441
58449
97716
93908
90301
37057
31812
5671
37622
7685
14364
84014
57492
97739
74517
28172
10648
16844
16975
30629
89462
51165
83154
5561
50416
255
54527
74766
67664
53746
35096
6220
35873
22406
20360
53601
66187
91313
25872
49701
96393
91805
98831
9495
78633
42489
57485
37446
27775
77295
2437
10349
17510
82678
38221
57814
3892
64030
67619
54591
92505
43784
65461
4857
93940
50648
45037
72909
7986
46179
82616
89145
52580
85026
57585
23416
6908
26985
81678
84960
67651
27345
96806
48261
20346
72113
36510
25787
44523
8172
85647
70488
11435
4195
99286
54808
25390
58379
1688
27002
5575
67097
96335
40328
68251
82490
6261
88724
18209
32160
12268
77021
52760
95926
99527
1297
5220
15412
77977
54764
13479
82382
37880
96383
43928
19239
81357
8972
61059
5507
84763
41486
41821
93785
29578
43381
46818
58760
41039
16527
16588
39009
48730
55106
36466
90849
63067
