99735
75591
2195
12641
40861
48827
82903
22655
63871
78700
91077
21551
58569
61581
95751
56376
52296
21307
93844
75908
3022
60127
43952
63708
42339
73520
6142
82862
79240
46742
19107
32746
59625
22793
19385
61933
83902
58712
8492
84788
85405
90661
14356
66866
57728
58893
75984
18876
17007
71206
3387
79938
99658
34369
8558
51064
43894
1198
10930
18099
16129
78591
18048
98511
87730
62885
6551
95148
61650
47670
90424
12026
82993
74801
37953
8809
68087
2584
11045
387
63976
9915
22597
17045
2323
52822
19469
2504
64439
42800
98829
43086
96371
72516
99954
44824
76040
13117
62209
10885
25228
13947
94831
48084
89454
98322
5952
69082
29410
64049
25082
79279
87304
60672
4741
98179
70333
84738
97953
23726
84477
57274
97636
64005
78354
72586
48975
36201
24830
7863
22187
4121
37218
99208
80709
74023
97065
56686
71460
36264
28724
44221
67683
20581
48738
4599
10543
35567
51995
48810
37022
80079
87449
12624
35754
14780
40948
51925
69705
71557
80968
6390
11338
64238
74918
8452
78446
99991
57652
83047
49985
84632
77473
76607
96340
85641
3849
69702
51256
18557
29185
24722
44728
51247
47360
85174
59219
56981
34315
88968
6709
11025
96539
98525
53362
49671
57036
87025
11646
5736
80293
54563
10092
92492
58559
97756
75712
48031
70387
33936
11699
71602
38021
34877
3555
76690
13831
71888
89620
79094
49515
10984
69991
43441
67849
40594
2582
44552
21161
2259
297
89950
1134
99012
46936
21354
50496
33879
22941
48074
78739
98648
68052
95953
29465
8559
14771
46236
76673
28642
72288
98594
7210
63032
26484
3625
58280
36408
72202
39158
44785
463
60067
72156
50821
14640
44025
94614
70520
69365
22590
71855
97278
28932
52912
91614
60753
85454
75227
79536
13442
7089
30796
63389
16090
44188
15726
44797
68811
52307
31683
28819
15224
17576
82943
34247
26749
59497
15972
40850
94813
69818
69398
72626
7110
95159
78619
66782
37443
34299
59249
50675
80030
31935
24299
92556
48527
18266
29673
60784
59686
24422
84244
18405
73905
14243
95763
81859
79274
3061
57708
32868
14016
81321
97018
43735
82529
81429
46216
7411
55457
76317
78247
52585
53417
76817
98610
79954
71487
89907
83995
30663
36109
50935
64433
43376
96977
68324
67377
61748
71937
29111
25638
58639
86008
88006
34559
37730
73697
64386
8907
85219
95647
9301
98259
39317
1111
98827
91060
4435
60060
58958
4439
62246
19668
43849
81231
67479
15691
20750
77359
82653
68212
35475
5125
6231
85591
29494
55
20630
44092
71522
55736
45938
30931
34602
51559
75421
49917
4337
90725
53876
17210
38316
53745
27185
30960
31168
99457
60542
38516
13413
84287
10404
12409
35980
80990
29697
20626
72861
38103
3192
26533
48216
82468
46690
73359
3005
6200
44931
83278
89832
56218
72152
6958
15476
57276
74795
92531
69536
48476
85609
80320
16878
2742
62731
18851
90088
57859
27056
79677
64606
43475
11116
84913
65898
931
44697
97287
61621
95034
85708
88894
46738
56134
52643
13900
79432
1902
39386
79507
56333
52851
35356
60579
95405
32712
98455
71557
54858
16235
37608
75019
69853
79839
77526
8978
42715
17319
84154
53425
21556
69953
1628
321
24916
30589
89273
14280
58572
35481
93600
68515
86827
92186
26908
25008
30981
63113
71787
1398
60822
5831
29326
57425
7904
68111
10873
349
87087
65319
81610
11807
24702
68449
78102
54251
62035
44596
39487
6101
87461
86770
93378
87127
10782
62790
94988
85276
84667
44077
30061
2663
95728
70862
91108
2403
40424
2614
19706
91591
86474
77364
82476
40933
67800
67022
30175
10960
69713
95230
93816
36328
21078
4173
38115
96196
32234
72299
94417
84026
33298
67944
29407
81837
79484
47185
49713
39284
90588
85930
90845
38275
20912
41540
75780
34072
54533
99740
53947
6789
18260
59696
44808
85237
43364
16798
85961
19868
26963
15995
17293
59743
43503
84429
90086
74717
45086
7750
38710
68121
65789
77085
81030
62341
52582
80267
16534
8204
41386
30942
6798
49660
80062
80829
7827
31503
72275
26937
69846
94037
35837
71628
52230
36927
53781
24498
22598
83146
94394
63552
77656
82949
60370
56549
39961
82913
76622
81915
59174
46357
11531
74858
94716
52299
4277
62682
10398
74443
44678
10386
68655
9633
77740
59570
60159
34349
44841
60297
42498
78215
61780
31124
70588
21229
43676
55508
15993
51243
95149
72459
42009
96230
24235
3954
37480
21061
31931
67066
33420
87932
12225
66429
28183
12726
69188
3232
57597
13086
85294
4616
88703
70250
67088
68117
94598
15877
13666
69247
11467
38520
87111
68972
21106
81396
43247
69612
39064
31518
78806
20177
69985
31479
18954
6478
4532
77447
12585
71178
49187
28166
45481
13697
32385
85511
27410
79192
60568
6177
68550
98331
98675
76858
34048
27892
22486
83251
22458
62474
21422
65322
22248
38420
87010
23792
71618
92376
6344
88552
29536
21381
51349
85400
25021
98761
20172
53072
25470
6352
14936
22356
60332
44954
91125
71399
59932
5943
21736
53782
90672
34177
12558
28158
41303
82550
18930
42683
42703
15249
45016
96814
91723
78116
99799
99945
12015
86164
93476
314
83992
85809
26185
57971
17337
18865
57204
30994
25024
99464
80299
62610
91767
60645
65278
63564
75238
92652
67989
54763
82517
89419
14568
82155
64143
38044
97230
65709
5027
57334
23884
95066
2340
78608
67087
1489
63088
61971
36309
4591
68398
47355
41894
78618
54768
81226
46560
33386
88216
55209
34704
34997
96663
70524
95836
26101
96849
67424
44860
53527
3196
2755
75626
25283
42534
45760
61551
88387
73366
86294
33852
67026
53547
59588
65466
2211
39458
30340
55737
75851
34131
1953
85733
85228
34490
72342
61399
88191
45395
73796
46856
56668
73598
37487
84096
10921
81315
66326
78156
12445
62319
30605
67789
97936
46300
80409
56653
44737
28238
28615
33421
30275
25690
20681
55706
42565
8321
89582
33759
79133
90746
50557
33203
99696
37678
65326
26866
69696
11581
18245
39242
41202
37566
28523
94028
40891
46755
91563
81058
13256
7995
66534
64640
72102
42033
16084
2803
52148
21777
37624
76950
66851
18699
67070
55459
23590
83984
69907
12646
15036
42585
80097
76685
6968
55432
28006
67004
70121
2598
81040
61566
40587
34699
80279
87189
16457
51291
49847
78162
46124
99950
32808
47072
66693
35240
78843
31771
72595
50919
41876
28126
75218
98556
1279
84986
85632
8688
58768
77250
75821
41831
39259
43011
53406
84226
52780
47026
46494
26398
14405
36477
39842
24890
85906
19651
78999
88599
34185
35839
37195
68504
61923
53727
10100
67016
42162
4692
16449
98074
81919
76962
36923
7020
69825
2519
36567
22405
43451
40633
95803
90301
434
74871
14122
40252
5321
63329
92590
78170
66332
15028
82465
37446
68950
51693
49048
96482
11599
5023
46093
87275
54821
15264
96103
39767
58549
98269
35464
43031
72054
55374
21011
54428
16243
45669
32983
46774
64419
39455
57629
55671
51239
68765
52682
50870
89759
59564
28337
74671
61833
78592
26265
74375
61815
24992
56837
32110
42571
94746
20038
92413
67730
13175
10202
37503
51835
50281
82046
48684
93043
29761
18744
60336
48958
92574
22938
84171
50099
54111
31507
92561
64404
51674
72056
97713
76521
73893
48106
31923
72344
93713
56004
45531
4867
93942
36260
43018
9343
21449
73203
89059
33164
93707
86707
62699
92437
80507
12548
80362
45350
37004
61906
36142
25221
41169
88319
39982
73647
30868
45737
62412
69936
59910
84887
17780
20477
49744
40357
68001
12722
19305
4554
39871
20611
99200
70370
95243
47329
74969
31005
3542
30924
25525
20067
14952
29679
76169
58690
34018
37789
63921
43157
62908
49381
83293
29523
61036
51124
60361
96850
21384
67464
34027
70262
79107
30925
35814
63513
73395
33686
27771
32888
35028
52185
14079
78680
36549
45191
82567
18964
50479
7270
87743
97028
43750
84301
70587
8363
64488
18652
32421
10205
37187
64982
2325
58379
20691
47516
68671
59245
68809
51367
57637
5322
57735
26785
75341
46055
48583
21056
85102
91242
89116
64032
90180
4041
97072
33788
40675
7956
5196
19113
23559
4028
66486
4303
14154
65887
86197
48677
72943
84721
58512
50984
51644
15335
46740
19351
95717
27171
45044
27502
34082
87960
97195
40318
79394
54489
19773
53925
47417
15170
17883
44143
75573
47778
98789
43976
13134
18052
90986
65948
25372
30712
75403
75854
95811
57059
84574
1297
5161
73216
40111
59366
53320
42097
77056
73299
71550
98758
8752
63804
8193
56648
85530
54593
39889
40995
74772
16564
41926
21358
92280
57557
45576
68792
34624
16780
2462
7889
13514
17442
4830
45074
87931
27996
12738
74570
8256
43796
2972
74246
21167
97174
76224
98011
45420
52021
12032
82387
81256
9831
63061
53458
33411
56996
8856
96069
10322
68662
13905
838
96252
88701
38151
16237
39198
3330
3958
71446
36815
26454
64575
12491
88701
45062
377
33935
50582
22557
91109
49255
4835
45110
4607
39524
66350
20316
59728
16593
41125
36417
70177
24085
66391
7127
12554
38726
41755
76910
40552
80107
11760
27787
44429
39435
78622
47553
46992
21623
81275
60398
15590
78129
98570
2229
54249
29144
72318
63027
80596
35857
98589
40832
71345
51188
81663
14180
64617
64783
61654
38580
95867
763
94439
99208
8936
39545
59798
27482
43786
88808
9984
94492
7749
4807
58273
27158
90774
43265
42423
95708
59272
57370
37182
6440
67397
82132
56281
5945
55753
66174
15538
61543
81874
27738
11353
72513
8500
96714
68329
24229
14698
34198
49160
65916
43463
72892
64685
18927
13034
41812
5435
67466
64463
8671
92780
34860
13762
35180
26825
88872
64142
9254
56181
66523
47348
38942
45162
72234
58295
64432
41659
85783
40596
67860
56248
55615
65263
1732
80528
66548
59145
6629
52081
91762
67278
69428
55147
74624
83338
78478
46322
76934
74492
42107
52994
59685
2594
82264
5693
13974
54196
80032
85008
91715
10925
15127
52276
11900
51555
55571
98991
46968
55864
97927
20923
10889
56233
79917
29183
45657
80643
97999
11865
41190
43926
90290
58397
84248
79874
79359
4535
30555
2190
93743
91820
21854
99319
38419
12191
32070
32869
39389
32623
58575
39962
91471
46173
61057
14627
67934
86508
40107
10577
54306
73249
51710
4065
46397
71050
45864
67543
8101
42331
35084
32010
54384
29235
70331
81112
10011
56189
74609
27802
12311
98930
97486
62611
7504
87228
94383
38594
37851
34742
30664
32950
59292
89615
35425
865
17298
83053
33450
67301
51487
83310
95484
38700
46359
44873
70734
56564
68132
94547
58225
44230
78643
1118
20328
45639
69472
67292
81351
39528
98233
62657
71590
89880
27281
65222
28226
72538
68963
89418
66610
23281
63585
26163
93121
93943
32344
36754
70412
70701
38466
55205
42393
49261
94599
85397
31570
71739
19888
28320
88413
16122
47819
88561
5337
49755
91380
71595
61239
1711
57894
52581
36626
55998
10718
96751
96653
85329
29031
95474
61160
33225
91816
17686
62046
55410
87238
11677
24639
46674
67895
62348
88900
10780
18309
15370
98356
93249
97978
77729
53906
83654
62030
9058
39457
20976
19019
33381
50805
7132
25049
76813
79191
4203
34475
60586
60117
24570
7332
51768
84067
75312
10311
22661
27058
88465
26459
72560
95083
64976
33783
84909
77737
37921
49199
98437
22416
37644
13563
14042
47661
29981
80992
62952
45132
47128
81918
17286
39632
6441
7030
80844
86707
91418
17077
82415
19162
32638
48385
81160
4883
14347
76286
69586
61454
54309
43166
67218
2741
8308
9155
59857
96521
38391
35154
54117
53179
13170
81558
43342
48260
25571
20622
83836
98562
39635
6548
20269
7759
78088
54123
91156
72575
40438
31492
98165
28438
80341
61805
64173
36323
60238
82007
44015
8989
65424
27842
81545
85817
94687
73543
61285
49701
4748
88354
69547
23524
7455
36122
2532
167
44496
78862
72761
80036
24182
60477
31610
46645
75767
20178
25018
21839
59582
56587
95160
861
42378
15044
67225
12281
6147
62245
31568
74695
4295
30500
50655
11246
60323
17304
14327
29268
43389
74556
63740
51509
60782
91324
36548
76223
92237
36544
64958
40588
11910
6066
40847
72765
47498
49740
57783
10704
5376
60387
33618
46302
44889
15434
62235
564
94017
7749
79723
82219
83921
12683
88831
86214
85122
5430
69847
78664
56476
5163
62427
15375
25804
2528
61816
27729
20660
17967
1384
57649
89404
63990
76816
97374
66406
28903
82659
7593
39231
17043
69251
82272
99218
32782
67943
82092
79158
25535
84152
92835
58504
39335
16118
84971
71859
48075
66200
65612
56939
93471
67953
41329
65210
61585
1453
98779
50162
19056
60314
63841
34369
3927
63684
40391
9922
29561
45497
83066
68527
94474
59723
85126
59700
46632
93203
35988
57568
4741
96563
65412
86293
49010
45108
58562
44126
8841
60558
77928
13664
42679
71622
33584
32297
67140
34129
10932
71813
82016
8535
19332
55856
86476
55347
53891
7814
23427
67191
62911
17749
70723
36748
9835
97524
33403
59191
88251
78445
24882
8054
15355
50517
56369
70410
46667
28157
51599
31215
96987
60641
88408
27879
22111
57757
14841
3797
55184
71808
18090
32516
54719
80600
24600
67912
97750
81069
39822
8476
10221
56266
31999
2378
66182
59189
74323
5066
94214
84640
7948
76130
79920
26552
12436
86155
94943
29467
1092
73524
51967
7
77011
72288
91433
71309
48569
93546
51738
83364
23487
35945
71662
34777
2598
49134
72222
16932
50928
23274
92596
96567
52974
38733
63974
49263
82439
12521
79575
74925
5922
11381
15430
79838
26577
4653
83600
23990
68730
11799
26089
63676
43298
14240
13394
35551
67768
40965
71927
44454
84700
93582
55593
52932
87178
21300
61427
32010
69095
55203
9211
11799
94567
635
49783
22763
90808
65968
25480
29305
39790
75026
79096
95226
1932
37479
60076
43678
80268
5651
28006
46558
63371
18330
20345
5549
7540
29340
25513
96237
83431
60735
74591
58429
58310
81771
7527
83504
24828
3406
1862
74041
50602
92864
96731
36066
97296
41600
23088
52573
57364
84125
7613
45425
26545
12466
50681
49622
62975
29801
25790
29531
20635
70880
77432
2756
37716
74120
37002
71762
67633
91785
63294
67323
4930
28196
76838
93304
66785
66161
63571
94365
27141
31175
94673
71619
5987
37242
39517
12801
6880
63646
3972
68890
22296
99209
11162
98831
3876
74743
91476
96341
28940
39719
36706
26081
23049
49219
1196
40736
79381
59133
20968
50564
56562
31604
36533
65976
99827
36278
25112
56180
39531
11231
53968
55468
19024
70656
81848
92482
92332
10971
88760
87293
62624
19979
86216
12561
85876
7104
84451
48061
55135
6791
32548
99252
32048
6377
77471
88275
57111
77450
39102
16466
49459
99473
67926
88182
24217
89768
21830
58210
7581
68313
79532
99533
5057
92952
96740
12847
32631
59072
43613
94325
96020
59445
38554
40660
36275
15977
71810
2202
28962
58778
17444
76447
93741
90744
20938
85275
26438
61252
76249
50770
398
37428
82531
10826
50979
34196
20361
38493
35621
58566
77136
11178
46054
62122
41854
77509
13966
70104
36721
38159
81032
42154
45021
60288
93613
64503
90944
91904
47403
49914
16868
13270
81137
89297
14000
68536
45210
36834
96459
32705
26675
63799
99150
26720
44555
50282
20517
88205
82966
1884
33698
10358
74462
49182
28573
24408
70886
82547
31756
81226
33180
94765
77851
21970
73147
67572
65769
79803
95546
23717
36479
81374
86229
11511
15980
39165
28789
97657
80418
23983
99711
99350
87815
97301
53398
99323
85049
73195
14157
12399
32226
34203
94637
80769
69779
83819
51231
27360
44864
68726
97720
47011
64216
34328
82174
41801
74175
23779
76922
65594
24297
66191
88220
34157
74037
78414
70213
97571
62052
52062
69462
67024
63125
94679
28275
62874
48319
88932
52915
72953
45418
58734
19910
46591
37098
58484
38659
55473
1753
87895
65773
69939
95439
85522
23490
80259
2945
48551
37408
27963
37235
99924
62612
86329
22747
23300
91968
31324
42900
66753
13128
58341
47515
89256
81082
50589
90282
88629
21944
38805
20975
57309
38051
47527
23336
50683
76517
62524
91741
21346
60602
31207
84377
13617
44092
69583
92230
22916
22730
96555
43813
77031
29557
55845
82919
8517
19687
29088
29035
75519
21616
88118
52437
45337
51694
43994
72902
53486
15608
64509
69278
12323
1991
20844
18411
665
32930
65974
53132
97436
93028
82667
96486
40953
75308
51071
76802
15116
25377
44686
60290
64311
50752
34490
8926
69614
20451
32016
99456
32431
69328
47913
31768
43568
43131
67180
39836
49649
83129
46897
80127
67696
29250
4000
70540
58043
91298
58807
7296
77599
93788
3370
54242
88543
39547
68261
47904
67905
18327
99917
56295
30947
43840
47557
83454
60843
7115
54349
59968
19740
14486
56516
50676
35235
99544
37710
5195
92145
38538
63344
41045
51876
27981
53208
63360
41630
31543
63674
79150
28950
44445
56245
38865
3181
87422
61685
58790
6873
201
3249
70860
95006
69740
42164
7807
35803
12859
77561
60277
79648
1209
79759
35637
11229
79302
99708
4143
51317
24261
5214
14683
87729
2729
72012
52594
3505
58428
17788
84291
56126
78251
67614
36307
96251
97744
12068
27284
91706
72893
81829
78176
8683
80451
25143
83443
72270
51261
19930
81827
95177
28796
42996
73853
21302
38223
86071
97180
60052
73134
68350
16232
54814
48964
46902
89161
37496
83094
60346
85063
72133
59604
89846
67744
80310
73531
7021
60709
68093
59173
42326
90417
2719
90158
37281
30694
23528
24707
15448
9158
95481
75273
9280
89099
7932
84455
23263
33379
74584
85426
64599
47372
66784
31027
96176
15496
15525
43734
25492
63325
17356
38354
74388
24844
411
75632
64744
83755
98604
58010
14356
4545
99076
34497
81094
72574
4221
14923
29787
37909
65727
54103
18081
44727
51118
52654
77079
37004
73181
90088
41617
64208
22336
71608
32504
35752
90495
60373
79278
896
47942
33318
70863
45187
15257
48298
41843
51862
18981
54657
93776
68017
54994
58234
5532
50331
48565
16313
9200
2753
79137
95236
55752
44786
83037
18091
99494
10874
41905
60883
99959
68313
28698
95485
48461
7072
12349
92983
4556
89511
9528
39966
78592
90222
71508
55598
42507
60654
35287
33769
24189
57018
37397
36672
25083
11608
20135
75936
53538
51862
47668
65723
8262
69258
38347
56978
3667
70443
71539
76221
66548
23141
17434
97559
49585
98301
64169
93256
74739
11202
74617
36176
53667
60268
65054
57869
36401
21652
81281
13546
39249
41230
43468
68836
17727
28615
18079
21529
81219
95544
88799
53103
32175
44676
81646
63199
22246
16692
88566
32604
61111
65548
92158
2980
42822
71754
62047
75746
19948
90874
74480
3836
12021
6649
76350
94432
71111
21764
86008
75430
46946
72988
44166
82146
47587
33720
60281
92458
1730
35655
45757
87870
82076
3073
33388
72760
25419
44936
35548
42353
2160
96992
33880
88780
24531
42632
85517
10020
44578
18485
70970
51822
54837
5034
20459
73738
45266
56085
43167
23628
53675
27592
36772
70817
46149
45363
10981
72832
63668
92027
77402
10190
79362
49145
96285
50670
975
60401
49629
65603
77491
21965
90603
78979
97054
97974
73010
96763
15040
30927
25892
83673
66372
11502
23695
3610
89143
34167
67342
96208
82215
43126
30779
20942
54246
98969
91843
13684
38990
64328
27954
35474
27486
10146
52013
67003
57347
69077
28703
12264
86770
81273
89067
29989
95185
31274
2688
99516
42549
31649
26859
93532
70758
63790
73413
63237
2111
55027
14637
17587
99314
72895
2609
71717
65608
88518
74726
47689
47398
11802
5207
12454
88555
85865
40985
47781
14678
82130
1853
48252
88996
35716
14303
34392
60663
28822
59228
2887
20018
53117
5568
70784
37600
29773
16541
91119
84149
96206
5400
18209
93740
28410
26813
23240
2160
32625
49138
21611
2039
50906
74665
34574
88743
86838
46607
63481
88444
56386
74658
49447
25826
13577
98784
61038
76797
48707
92474
42981
55240
39855
38471
19735
11386
69896
42229
59267
90180
71558
15002
11629
79159
88116
83657
61509
11491
38986
21600
44370
16891
98343
71613
97146
48948
72716
33233
78257
36139
75575
82189
92091
24166
13499
59385
72703
91539
92377
6275
93419
38668
1981
57813
32894
53308
59287
65215
57782
37340
73011
82003
30839
90230
89016
15120
98356
43947
66650
54806
27645
35312
20733
15001
98949
18834
29895
32112
28782
12506
6335
12588
31667
40684
12008
25254
28690
79977
31828
48145
55285
14005
55911
10991
7580
85299
4906
56672
31560
77612
21959
5620
54918
38862
26760
91042
84342
24785
21479
52657
95831
11861
89489
24819
64016
42471
34140
93010
59518
62690
19169
22531
34389
32242
77112
66519
45877
9332
9872
38607
16331
87930
647
87536
78240
39307
2732
57388
71042
45542
1838
68864
30509
16390
94400
9789
40918
97857
2157
60413
55252
71211
96914
11415
90251
75769
30652
83694
8534
93759
49630
58787
90096
51130
50030
25387
17760
18857
79421
14524
11743
10262
82354
80673
36582
49651
3363
16300
58489
34336
42351
18603
64746
29416
43546
92787
66955
38443
39781
46745
37076
22039
13481
49952
33805
2383
6928
6348
29976
97006
47377
87413
61407
3204
80166
39383
98165
97311
10731
6854
34604
96549
98773
63839
1298
8990
67629
42618
59816
48654
29352
12668
71842
15136
43460
82888
39252
15518
26913
88181
72414
5788
83225
41371
1270
2133
32253
80199
51375
1038
66990
20558
62979
83222
25525
16031
22050
72655
94143
24432
22007
28262
55097
57306
21651
69277
47204
55361
10841
87339
29492
79851
40421
34553
24267
49971
74554
25965
84493
82709
7270
91939
54047
3401
5300
26903
14945
17005
83117
90528
88262
36410
39340
9686
66220
36633
50013
55124
5404
52014
25361
79064
37535
25618
36161
22536
82234
38559
22877
56751
86824
68421
98736
38084
54963
2426
79569
19979
40015
84941
63240
56949
18131
88667
58426
85667
6645
54107
90772
63560
68512
6388
42544
13324
67220
30670
7847
84460
87099
47109
85331
3615
63395
75290
91231
44148
34781
80101
2862
81623
69137
77477
14117
96786
26172
85239
46518
35408
84167
28773
51370
14781
48037
3093
24586
79209
75753
68227
35625
49355
22881
52329
32849
91970
3283
18362
4905
19863
19570
39758
97601
21950
42301
16631
28314
53980
86548
40019
44980
99746
60024
49306
27316
34135
76958
63863
20914
40052
96080
17492
44317
17928
91616
41806
61451
76444
48202
94695
82337
98705
84677
89466
17628
45221
88805
18633
50201
22389
71152
93618
16071
98108
73658
16224
36967
52890
35808
22814
98397
53040
94782
95654
22550
51399
85677
14711
40917
31920
11485
39814
49404
7142
75786
33323
5107
68495
53534
36508
88120
56994
21891
82424
99716
45443
73443
33561
16566
61290
13278
69228
67614
22369
15079
88029
37928
42412
39196
16299
22338
99106
63232
15866
25548
36954
88246
17544
34523
81217
33980
25815
87818
27400
74882
26825
16414
96474
95173
56010
55733
4779
79661
32391
70922
13292
79487
41436
11431
1050
53247
84491
80967
75512
99558
12937
72454
98929
28252
87602
36552
32831
9459
35709
54275
18985
47551
18794
29195
35206
99349
20119
40376
12385
65887
64754
19413
3477
92058
68297
49479
24823
52972
30269
38072
77299
5061
309
95903
81519
1489
32879
25390
63212
26359
45169
69400
92714
41169
81470
68061
28235
88936
96356
1459
4752
51627
48913
89778
42431
85804
85030
39004
65510
98327
77316
50792
15737
88688
43715
18730
56280
65384
44258
7840
95724
15835
4440
9051
92592
6281
75273
27944
90604
85904
59828
9562
99740
11810
23049
86422
13647
16872
57400
81947
98219
28659
55588
62764
40750
76346
85111
54139
88272
74229
73679
10323
54852
96469
5270
4994
95421
23582
94255
83873
46285
71906
61740
4226
63081
37627
79229
63477
43176
38500
82051
76407
1770
44564
1314
8279
17302
76921
73972
53894
78779
58989
23003
5883
30104
25719
56367
89824
91863
65921
43573
43164
3091
69489
92464
36382
76731
48647
94641
63010
21615
7250
42282
37220
75879
54383
61857
24382
87123
90559
61120
71327
76509
94307
54953
75467
97195
89175
73190
19529
40608
41160
87070
63885
87618
40275
72388
96514
97558
63068
88522
80435
76295
14312
98131
79542
36966
29047
92549
20277
61388
53889
60413
66523
88410
36684
29597
24
38337
85767
3776
79025
41278
65222
96110
30471
96509
87195
87211
90498
53854
93677
93770
93273
40533
20152
17984
92801
83467
17793
5555
18192
31427
63987
5680
59020
95447
84443
13851
8885
32383
52668
85249
83564
27603
34224
50282
42783
5865
91933
85611
81042
99480
18287
70615
69963
85661
12343
62741
43065
5178
55872
94349
84258
63228
53737
10109
24584
80566
5092
53000
87896
13257
86155
21901
12175
79333
10457
4757
29608
80617
74668
35814
45990
69350
6709
20501
91067
88482
15801
9624
33075
47640
35016
10233
69216
57148
13239
86279
53954
47164
4604
25927
43826
14594
83910
93959
35084
56311
5558
46003
42903
25698
68893
77249
69523
76205
25972
56486
15933
75976
95378
12172
8929
69607
82254
83643
17117
9638
62609
52307
72014
98797
45846
84380
32314
49967
17890
67797
26009
65740
28474
12265
76480
4471
55013
83935
13739
96145
65599
90224
63655
87188
76278
34484
53369
4620
83237
95605
85742
23839
54475
49573
55424
43982
41639
57708
87362
10131
61330
40601
84777
69866
16153
84153
30839
15309
72534
55654
43268
91671
26666
60982
39467
14250
87641
36117
96782
33899
13922
8461
2311
2059
95161
46561
41485
94945
82498
88793
67199
97747
80908
35544
59280
59540
74312
43785
87983
84487
78469
728
12017
72545
12682
46653
73565
95181
62319
16755
47508
28745
36888
66854
47260
60077
26382
85099
68167
73228
69820
41129
52644
48306
81155
62229
79650
68206
37402
83901
95900
874
47846
34010
84710
48885
35186
49512
72659
49345
56043
60593
19744
38856
51291
7045
22368
1321
11168
98246
41860
62065
34695
47776
58054
31925
48618
82358
8115
51772
73252
20119
15860
17881
69485
82832
40695
53
72119
31259
53119
82923
73731
56852
2756
82861
92992
69196
97895
47461
63937
21527
16151
80085
80410
2529
31257
30656
64631
53245
1080
92545
86777
6013
63017
13561
22254
55325
94297
90503
20780
24698
66741
4335
82473
3649
89334
66525
73850
17985
11367
96162
66566
57570
49268
52733
25030
7439
82417
78422
17820
27503
19588
85411
53901
11058
22416
83373
24573
34951
28254
81293
56389
90922
42698
75088
80723
87993
14728
39642
49182
17128
27122
53510
79555
99499
41743
72299
34978
11601
83649
58235
52527
48816
35658
48069
54549
41659
63964
43930
49933
4688
31132
39501
52535
87725
89394
21523
5107
99
73072
11433
46399
93987
63869
57109
55533
76917
16252
53797
25983
44648
15806
45684
15074
85636
21600
29867
50308
55866
10786
98340
50260
97437
45926
61545
56277
20010
12513
98331
42494
54626
89569
22863
52625
76344
86779
57490
96918
9702
12272
30382
71379
1274
18715
46180
5130
28270
98714
95641
32239
2933
10326
99950
92452
92433
22640
57927
55956
97634
42026
12973
14280
31769
92176
59214
28905
68298
96513
77634
36051
68032
55614
62857
43185
91530
21293
74704
39387
56595
40042
24499
58633
25744
24235
94044
88307
85042
47470
6601
23783
93499
59042
50924
80389
92589
84335
54188
87162
65630
82787
76072
88407
89288
61017
3196
46062
58492
77000
62012
54921
89399
96037
16317
81159
18893
53718
19571
3027
8226
28789
78453
67490
58136
15261
47357
35625
77698
53683
34251
6329
10294
96884
6345
30168
1185
58679
88490
67709
43477
93631
76299
8520
18814
39680
13179
13787
86130
1899
12727
59001
23622
57847
69774
3930
69117
19566
57763
5608
315
65457
52625
64057
82488
15753
80041
50761
20017
51947
25398
67411
69560
35751
31074
13803
60971
72878
95825
19036
84258
35165
50443
32633
13346
93578
72248
12802
69679
31690
58659
2357
86206
39036
50945
56654
84680
77878
60779
25981
20538
86378
84902
3043
39945
72404
26724
27144
26339
81251
62339
38875
50049
52609
93844
46439
12473
71169
29814
41263
9456
8548
98177
15942
60813
43784
72190
50957
28616
28974
94483
2570
64609
62534
22141
61633
36397
81113
82070
34898
2506
84787
96310
44846
64564
52555
40789
7031
20241
2032
38702
90548
56198
8593
74848
78350
15981
45321
5070
24425
30654
52038
1414
1474
1482
12981
92095
42850
99814
95275
44891
58620
60420
20530
19116
80009
33182
70702
62035
50941
72044
48491
30563
71717
44181
43173
2756
48960
87393
72980
77780
20823
77357
10994
24615
67162
92248
72073
19279
64281
29114
7838
45272
77947
89429
37492
15338
20095
53987
86431
60945
23757
57455
38918
98777
90583
77248
9812
84754
88593
66319
32027
66867
28714
81177
93157
5531
84678
75120
59000
48819
70586
9421
87557
60624
2276
19296
58190
56756
46628
65384
17074
86004
46970
95261
22998
93396
36349
50315
36017
6638
71509
36537
75444
90065
55415
91943
99892
65094
93691
87575
71861
20718
29850
60449
66005
56232
12937
40202
83219
1359
68173
36784
92922
32287
3674
58300
20269
8312
50380
11034
1233
41275
69633
94628
36817
28689
11185
82074
52434
13867
2987
92846
76757
21732
48269
65148
4450
21123
21471
93367
13398
39997
22733
52991
91276
61143
11967
20718
90561
51529
47735
5329
44167
4509
23783
46388
19016
19543
19692
182
27669
82127
51018
1660
77098
11385
44998
98401
66079
63110
10970
92363
84142
52643
28280
5177
67579
78015
31679
36792
95813
44139
51539
61205
91656
4665
89020
53901
47756
74503
71421
36768
45550
80885
36078
27235
74153
27473
56025
88821
47969
15508
29998
64106
64556
77702
47139
48515
41821
26588
93388
44062
38509
18754
47410
76553
7496
78419
16051
75090
97298
4197
39831
21818
50004
15554
39690
21065
27943
61936
32794
64251
38524
86674
87823
87831
85125
74568
98498
95328
51203
8370
13595
98020
4077
10162
34379
61586
31994
52974
88514
19336
44556
53012
87630
18155
43353
79609
5170
76560
42071
70938
39038
61175
67
4868
80208
88343
32014
31950
1127
23956
59972
53188
61120
47469
79898
65567
95855
32434
37715
94607
65500
62867
66416
85370
3095
99508
97874
19135
42105
42397
12429
2483
56825
3373
60555
87693
71239
58062
86297
4029
31528
45155
66322
45942
76943
23198
65702
96109
83445
26671
47015
99865
12660
49399
61680
70746
61094
36923
68051
10071
67764
74803
3613
7295
7166
77185
46791
57809
38407
69823
11580
26967
79577
29490
15522
55213
49052
20155
5863
13376
37166
6476
29290
56785
69376
63128
18114
1720
44973
4482
83727
55398
94552
32247
72859
71011
65377
76024
92173
1461
53603
49296
4778
8546
1357
8612
30248
87309
36955
40104
98608
92732
85808
98190
76367
65114
75570
5209
87769
41592
45986
62544
58427
29615
50615
88942
50620
7617
21814
23253
71470
4093
65744
54499
78935
1921
36792
8605
10647
20153
18495
13321
94421
85157
16398
17624
43146
93849
30816
28127
56458
25151
88985
7462
11274
59511
13798
78169
72434
79870
39250
51741
93793
79724
99171
84125
90967
68855
91759
53442
69860
51925
37278
80769
2186
76031
74749
51886
15441
65074
14972
53422
37863
70767
1061
66122
56913
52225
49817
68895
32851
77182
4681
7059
86104
44711
70030
42018
1439
27082
50405
502
55618
93063
72394
18837
55588
41487
67824
8724
75766
22280
41115
137
12741
12941
59290
24255
72548
8658
41764
23139
8882
87782
10478
92891
4104
34321
38566
12213
48449
85244
37487
99037
40006
3824
41465
28329
14293
31575
29884
55087
96333
94175
51761
43798
43705
95229
44941
83209
67575
53358
7483
70280
36323
46584
99157
25625
33668
98287
59263
90140
17075
80211
74432
27868
80836
31831
76925
15072
98355
73020
57748
57794
99180
75676
81970
71639
98614
50915
29617
48621
32221
29624
62994
42003
22906
91801
84659
58193
17762
37284
85133
95449
24808
36562
38252
57909
31055
40445
82795
32896
69969
78659
44428
29777
72421
71683
338
2961
35088
11363
65979
65774
85002
29332
70012
13480
48908
15502
71835
20648
26739
69333
2563
68049
2548
24669
12296
92046
72604
2537
52120
3755
50338
94702
63641
60192
90124
7095
31332
51016
60923
32930
94046
70512
68372
24455
94927
50474
20939
6553
68801
58913
1294
55365
71255
16839
89707
44727
58087
48075
96415
56156
30294
32934
253
20099
1742
19284
55607
65020
88222
53791
88331
38978
3022
35895
59533
76693
71998
13631
29549
85631
64794
39329
75269
85529
60124
705
28642
91142
60766
86286
92396
23709
35289
83157
33875
63716
9728
96176
11864
78647
7474
97276
11253
76680
74112
50760
96746
54465
43420
5161
74469
99909
889
55146
16397
75604
55589
93025
34827
91917
46560
59997
83670
91150
29431
96603
16377
75510
68066
76824
77315
80236
24566
52897
14859
23513
46151
44966
35262
58832
3614
99757
48391
95341
4339
45986
17977
91451
423
49516
53788
97584
24801
14491
3505
19859
11587
90302
9252
64574
4296
22193
99629
5662
83964
94867
71651
61367
96824
97493
69694
24069
85784
7215
68263
95805
35899
21132
8478
48978
52151
39462
59176
75955
81846
25261
20275
51249
44561
17664
66759
5631
58055
39422
266
90674
76058
31702
69744
43752
26566
54746
6142
10820
19998
17394
65113
78071
96998
59309
41008
27676
6599
47570
70307
7354
86962
48181
34030
76748
70196
34214
10870
68892
98866
31203
69806
53515
40962
97517
78694
87214
78181
888
27793
72019
19077
58651
6930
35393
35430
32424
88131
23197
93836
73814
78145
36617
31882
10873
72055
16871
74146
82291
95717
87419
22174
41924
21292
87502
13737
61277
63865
53967
91850
87443
30412
47859
83166
40494
10884
38814
45490
38497
49258
66330
68186
3892
39798
23684
64081
17885
76161
262
93069
96301
97704
29598
85566
16614
12601
23614
5667
10282
5630
71309
26664
49519
20483
48011
99424
91471
23205
54385
11900
73020
96089
95479
5221
92145
66999
52847
22907
11523
1537
19118
84074
90454
9587
61963
86758
67340
24937
17504
77892
51608
65223
98862
54036
63057
61225
95581
94974
66818
22984
70688
86552
78686
96038
81079
78369
66033
81206
22350
51197
46513
25579
31747
36590
54483
63995
47941
98123
92666
59407
75703
96383
40619
73674
96116
83041
39644
17747
94797
50380
49450
8097
2382
7162
64362
75587
52574
40610
12247
11753
43589
9738
69354
35570
92456
48363
46312
26322
4239
30400
33493
9856
89896
33994
23654
34682
17669
73988
27764
17365
40320
50045
53420
21413
22302
65079
6212
45284
8145
85787
47912
97091
4312
69111
82578
73515
81410
11190
92696
49774
60463
65530
16544
943
39319
19256
91438
15979
49027
271
2558
39874
1209
9479
73548
28294
47574
64066
14288
62783
32660
47714
24360
27192
23179
51543
75342
81834
41684
91587
37769
99778
43656
18668
85183
69777
39591
46716
50439
87345
31732
16697
47548
8527
15709
25020
70222
83450
74393
13776
64915
92102
9066
31721
83291
38108
53858
84735
24449
51490
34530
4837
99549
75138
96894
5802
99638
96442
92380
21452
68469
98048
63643
25139
2869
92720
40560
29361
62006
14483
17771
46900
85968
66349
74488
31174
94565
49572
11298
7586
45359
54632
18194
53170
21529
13027
91989
55017
91850
27134
77723
10394
38235
35533
39484
12083
27466
29624
96661
40602
60967
78439
14416
36419
69580
66794
20705
11019
97321
20162
16717
84116
62685
83439
44934
55421
3297
76247
41649
56060
6078
82672
8
47963
98783
5290
48314
69037
74977
22940
83728
15211
95686
36937
97868
20176
90569
50671
2858
41709
39084
63756
46536
54825
65262
35117
65250
6233
7992
24340
40342
55448
12374
4901
11206
97571
9475
24685
80443
50228
99932
44240
44134
76280
56855
18765
20419
27439
1357
80880
61719
18400
50898
30709
32728
98135
95174
23220
32075
46876
28675
97773
51783
38928
3927
41296
51289
83782
14572
72553
3842
47772
46818
95079
28443
405
38110
52008
63641
10901
48955
89955
3242
97816
20447
19505
19935
25487
90537
35128
15940
29112
4486
71510
77962
59481
34563
2054
67782
63992
58461
20050
88371
34938
16628
4406
73650
23254
42846
67276
62994
47957
3032
23898
8042
32969
19446
36788
21186
53831
11292
63022
65394
8930
90053
38019
42082
52677
56480
51611
3441
3469
60668
48092
61138
28769
50872
21328
86896
93071
39100
19535
70098
12836
38758
9609
32729
14855
61725
51378
48614
31890
67810
1130
14872
49678
11172
92360
98324
62987
49074
25474
59293
40857
41515
15228
97091
88102
11313
8587
90936
73683
64060
15620
12733
70837
30731
98405
39291
73638
30038
448
57229
7333
16159
63648
70523
20464
22790
14009
61186
61213
47995
14193
96879
22448
22031
44804
38858
61755
57027
64088
7791
60856
74754
58463
43447
74236
50731
49474
1877
5049
19110
53200
83837
80435
41719
87171
25247
91388
36912
1707
41521
36399
63425
72633
13962
96101
9099
11626
84523
92247
35443
63278
36856
66384
17554
98900
51300
80302
43848
9556
23371
58166
98352
95896
64408
51473
89327
37448
88167
18374
69158
84913
53093
60629
16808
45457
57555
53806
22149
15201
90186
49548
23524
74847
22136
33777
25615
4183
94920
74750
26696
96078
62080
11919
21626
72491
42820
3666
34602
82402
6840
77666
4300
41118
9474
66660
17746
3435
97838
19421
21439
52477
87627
5902
11866
66464
81234
17901
84190
32189
18823
77057
45742
60165
21048
16761
23974
81213
98307
94314
99916
4071
5781
24516
582
57065
40524
27375
90181
26779
51965
85063
59646
60818
85938
89745
57178
69381
72523
81753
93059
40568
3621
24170
90431
87693
78297
86697
83641
26755
58619
67022
62490
9512
66786
66943
90999
93923
50151
17259
56964
33911
21607
41728
20582
93173
37315
80682
61318
11041
7719
91785
11298
34302
1383
17837
17373
96569
63332
27537
36471
59215
50126
72113
90775
47932
25572
80041
78084
30977
60952
57451
57363
24529
64014
9501
13915
47128
35874
18157
20612
10344
51688
10225
1054
99138
55823
97503
45678
72062
74591
64582
20995
39735
35522
8136
89319
26773
44799
17108
58353
27736
30945
61060
72023
66237
5750
94704
38784
93457
15219
16588
65240
8208
18613
22437
51773
55192
54818
29651
48886
12815
95982
20988
63331
72749
86586
53318
70031
99432
68822
48758
1890
84666
42727
60169
64499
13713
61028
95693
39899
73011
46330
26910
1604
24299
89968
10329
38017
31028
36933
6366
63319
35041
15988
64743
38041
15879
93594
85407
68401
19240
38478
46017
85498
85885
48367
16750
46603
55071
59996
55722
12398
13234
65020
22804
83150
50958
59677
26208
74094
41547
30266
58451
96823
87400
82358
39034
70698
7384
95333
77000
18835
50602
87594
91402
77214
9652
66587
19048
94915
72539
77857
93370
17437
60194
34299
49700
13081
40588
84738
14576
51338
33519
94374
61415
21209
85688
93944
10283
18297
69364
13057
10068
54809
58978
32239
68581
7090
18931
41360
88906
56512
97627
24887
81937
81134
30231
5500
63874
75530
95642
15840
99771
25015
89654
8974
6957
94017
96580
7996
99565
54892
63120
17617
65975
6501
27204
27233
61766
40282
3406
98067
78345
22213
31537
22819
42882
2339
13605
43236
36192
67811
52076
80637
5207
96475
45587
55028
50969
67764
41184
35561
68179
20613
54846
87961
1990
70429
68899
78915
51937
3706
19802
28358
95320
58230
25489
25769
31619
27425
10337
50997
11381
77482
32693
47005
5750
97751
1882
69662
92448
44853
27522
88801
97299
57673
80660
84573
88821
76548
64435
78009
71849
65941
14473
25423
64011
34264
93585
72812
92070
17548
3582
13428
48274
40355
61259
89891
60749
38706
81663
13582
45269
52680
21052
96296
94719
11644
72901
46977
47223
27359
44938
54152
25172
99632
29841
27824
50775
13774
18275
5233
70880
33864
32496
17222
50189
47088
28255
56404
80208
3791
48662
95978
42764
62514
29667
86627
75564
34177
87653
40776
31168
85424
18970
48627
46165
68207
58501
66575
91919
7996
90267
51899
96613
80632
747
8813
41690
14391
50120
81651
6195
29585
21844
75444
570
48694
73898
76406
51854
85598
91656
12408
61029
32893
59831
79839
43615
44150
32121
86191
1608
37415
88206
71759
87785
31682
19107
97999
86411
82779
51192
19173
60106
15613
83147
54866
95922
22424
38886
41060
85337
40821
17730
56948
17785
28490
70135
90512
46952
17000
39777
99795
16181
44401
11024
2832
76832
18536
16396
45518
2231
86497
84419
25901
35977
15927
18289
1383
54281
40476
78859
90065
92577
56779
45000
48352
5488
20153
8876
3977
7682
202
15666
91169
84010
78720
1013
2915
59134
49070
35451
31152
13711
60683
58431
8880
14372
80323
61369
43958
70642
55783
87020
59522
49786
30595
49516
95329
7455
22448
8362
64079
84770
78624
7198
77884
28252
17847
1328
74763
45399
20538
62851
7671
5673
6239
23486
59217
20431
58084
27255
94149
38178
39163
83358
7291
68152
2915
12388
61529
27065
31378
24711
65925
34396
53038
10587
74215
67710
76507
20566
21357
37215
83246
27319
66121
79449
77473
61908
33333
98717
20543
47776
62711
58732
14015
565
76415
81486
15501
31011
62317
40531
73155
9013
4847
52836
59864
19516
49736
63429
51023
66362
109
71369
94832
1069
86953
10258
38131
35511
3200
37892
29816
75558
50352
80772
94836
42596
46643
24498
66822
6045
73025
48736
21192
63016
32563
85358
55169
94133
16610
72452
85591
69714
23502
74763
27074
64153
4378
7272
64123
23033
4821
26646
89875
11807
67028
35551
85888
68384
99514
37846
52722
62310
50265
91988
81636
97238
80594
95790
72046
8538
18233
76367
91607
27375
93268
66071
79656
77421
89282
91152
8956
14574
72056
73928
62035
32541
72550
80592
52870
1021
75321
49360
41557
80019
28249
82084
30779
42769
74547
12792
76835
83999
91857
69851
37972
392
30052
71779
13768
16606
27108
74269
35994
45099
66798
31502
31966
24310
49516
28811
3786
14926
59987
47442
32530
61814
48294
44452
37362
63629
50231
36799
66020
35257
1742
3867
10801
83535
69314
88961
41700
29473
48900
92995
11546
19524
81915
77020
2742
34717
62953
15781
26481
91880
78285
77809
46606
90021
43202
28550
2156
90112
9701
78393
60084
86202
29939
74404
27762
63577
21905
42310
68993
57865
91909
24439
48415
74989
87714
99430
10496
95942
52289
3570
2654
44351
86154
72673
55341
88883
91314
81184
33389
19963
44543
53560
56281
96760
68422
49513
5468
11993
15349
91686
61763
46346
44173
71596
28525
85657
83879
15968
98815
50502
42744
24613
9365
89446
16527
30294
38515
93364
39899
16998
8633
87733
19209
43089
27413
79270
87082
5407
81490
70276
99796
50261
97390
17624
53247
85783
55881
88349
64112
36766
28313
99055
89042
72850
794
20978
44383
28868
79683
37404
14559
70123
50517
56672
1480
28985
30476
22296
4963
71929
54840
35086
85615
359
58629
67271
18911
4651
43317
68941
49758
28340
50608
13975
89491
75149
41010
19575
19775
76319
27011
52511
50819
12195
10916
42321
36607
25826
94020
38530
17237
34251
50258
3307
29324
70832
92845
57932
17329
11133
91224
82172
39927
61173
81001
46033
32383
40811
51584
6184
20083
56059
39189
82034
42540
64099
97898
91356
37779
5505
48063
89305
92709
27594
64485
80462
49263
32259
16554
67417
74585
58912
54771
17759
77759
19703
51912
94961
45466
54880
10216
21050
37534
65259
96638
74952
96156
94206
63979
10356
85672
2442
50979
94831
14485
55465
5524
52811
24187
49910
50496
1700
4379
2472
50284
1801
33177
80044
66896
38539
94088
87903
47855
78785
35012
27077
99681
78996
69049
24809
88076
33486
42433
75697
7986
26714
85514
33628
13891
22808
90805
70875
83666
80032
15227
42730
99173
58960
87338
52010
839
43795
66061
29372
29528
12432
89962
80923
13764
76812
30085
75990
80400
72797
27586
22634
86608
82413
46472
75832
24022
88103
51265
72744
67878
66721
78045
93593
63845
75333
64374
54275
719
69438
88846
6795
66375
97404
19156
63043
85289
6979
87942
17692
3067
23798
73776
11112
72803
74684
93107
52432
76850
85805
1601
42671
41278
58683
48773
47754
70221
25887
34015
2892
99853
68638
84397
8321
96928
46168
77093
97839
88149
62670
25247
24621
11762
2701
77135
83361
60525
74043
4047
43609
39834
49469
2844
1637
82399
86946
33143
48943
22243
66096
41388
18489
81764
13865
70799
11122
14056
48217
86210
15988
91820
56927
31315
8541
62168
59062
94786
94727
61843
95135
68065
63590
59923
76620
38484
46526
60460
73931
41079
26943
33802
55437
95103
44926
8474
5714
52504
46033
44802
49971
38830
93990
40017
98284
28136
35168
21105
99972
71566
54928
1433
70714
23691
46764
89375
45486
12717
66318
97963
70089
66889
55404
23718
46985
13340
37583
14769
72973
41005
15122
45074
45370
14574
26169
5641
49352
25761
67499
60674
89644
44694
75246
82563
55074
63698
72094
97348
93206
6124
92457
96830
99151
40850
43498
91676
56025
77288
63104
83246
54798
31408
65642
27101
22753
20453
81633
36153
32230
36353
11986
22509
80673
95903
96214
37460
94953
66395
82128
70693
4889
86581
94403
29674
95315
73876
79309
57199
80305
62695
1476
36277
23178
7558
98668
69030
6077
30072
79218
9826
98652
21422
74791
97752
51512
32460
25020
65521
48133
62856
73015
98631
69803
8427
21936
5299
34568
24532
25290
83363
97413
42300
26865
90506
56691
21300
17772
26481
68769
59978
61855
98795
26814
77579
51713
95367
90085
28226
20692
54014
87754
29086
13702
13932
46527
56178
10883
72284
94435
26422
65461
41532
99336
68267
23481
95568
69023
67580
12383
40706
9218
79712
88926
26615
21310
73724
48305
24284
21979
50212
85234
88511
1482
28578
1554
85274
42410
54479
2898
93035
83958
99551
88321
62719
85902
7258
31154
37228
56065
13572
46584
99646
49844
60893
80865
99913
37874
94052
64493
65789
31951
72215
71722
15000
11002
65334
65390
49749
73055
89894
43119
88610
75063
11377
21506
66447
95405
22794
58638
71906
16013
11054
35436
93704
77674
39878
12574
81734
43916
46953
25737
76077
95413
75839
65648
86060
4591
5536
53998
45599
17876
19066
77424
25094
85913
54546
32972
56112
12343
28513
10274
9270
18871
60928
73902
9956
28634
37695
42727
60978
87522
48910
15160
44465
56065
9663
14040
11552
53532
89538
88423
52414
35547
35888
27559
83322
45519
19588
22292
24551
59521
19523
45794
62699
16243
10044
87891
88374
29685
95435
8241
23280
34951
72407
15758
65419
95270
44603
80661
13496
27157
47106
16076
80597
64840
57739
47625
37444
99664
71724
74702
29879
87390
76531
55362
60391
69718
53000
88846
47299
80914
14094
23824
7302
85775
52488
20863
51777
47576
93080
14397
77912
24430
21219
63218
19241
65232
39920
74794
67782
59693
55343
21613
94116
27619
46198
470
93516
99410
13415
13971
70926
84771
9869
26552
9622
87343
75557
89280
90711
91629
24378
25474
83811
4155
9576
56556
84220
91943
7266
81502
49829
78171
86223
49413
8562
13092
96143
35474
57727
85693
97468
41079
2524
27837
59436
43773
75045
10521
41298
50437
79247
38167
23684
11353
94558
82672
49271
90382
4564
30881
32198
50809
59301
34703
85906
47435
11014
45780
46179
80522
48067
9322
28813
85293
63183
58803
60686
40627
70102
59363
8723
56097
33359
56938
65562
53974
89901
11938
35507
97421
29173
80593
77119
73359
53321
79419
5691
53266
16899
27272
5014
73233
47230
91917
2909
55913
61837
57338
63319
89006
40079
40159
80748
12904
7418
20828
16642
3149
47796
25091
99839
50748
39105
30604
36082
81971
53207
72181
76429
88174
44269
24596
3307
55421
85458
27675
91919
60544
28921
77158
35021
48834
2066
82659
21953
63375
76532
88895
83549
78482
81367
97001
73409
240
58206
86757
8099
42427
50545
79440
46062
22580
88937
98699
95718
24096
40964
29894
67145
53030
57656
32810
79249
7266
1412
71618
18647
15017
74530
86503
22769
8377
42009
39591
42396
56444
7663
89170
64053
30938
82172
99520
95776
64343
9817
97154
12140
30096
30231
68740
90254
63245
72749
44315
6858
61028
73385
94033
35632
65066
78471
26250
32226
89462
79519
92017
53876
43572
58905
31908
3756
51459
81276
43674
23785
13580
84548
64237
76032
44767
89777
43943
20162
1515
86588
5389
57433
23962
933
64002
80689
58887
68935
62458
84659
79325
82829
33052
83085
50861
10302
40690
66349
74283
60916
32976
27852
87462
71531
96991
88295
72386
13204
77669
90601
81364
31913
15187
7173
94073
26715
17995
53182
27635
82119
64459
62857
80738
96007
19130
16490
34810
64100
15822
28
12582
90025
81816
2605
9658
76852
16781
96485
46989
12421
25969
3335
64059
18457
46210
13903
78485
30416
14782
14844
41347
41482
8978
32903
71768
31216
95553
28977
85200
12687
69645
19708
87529
38303
11685
86544
91770
78561
74250
45917
44116
36040
32415
71936
56084
66063
8430
10270
48962
7496
74961
10093
24938
62964
