3117
21194
92199
87388
55527
28661
52129
51991
80200
68044
60405
30771
91602
30225
46472
49719
75679
96175
66273
96998
56829
34251
17748
82342
73706
76761
1644
43805
61352
25771
34996
52468
84125
25348
82851
72637
11593
5067
19938
57937
73285
80347
89306
69330
89877
75543
82463
67151
89513
31387
15219
40742
11094
56301
97496
92387
15244
92626
23990
49191
26707
56670
4069
51940
72423
46275
42136
32933
22957
61322
79686
52490
71281
9888
30422
39472
58750
10919
12646
76431
56312
16302
55192
1086
81626
60859
41082
46417
22727
868
97840
69314
83919
60413
51425
92526
30272
34859
34106
74134
91206
17463
1794
34149
2849
61791
78556
48113
77441
27302
6578
85051
98721
71691
50277
7761
66333
79608
38062
45715
37201
91505
51471
5842
48079
48428
51259
95476
23804
3552
71326
59765
27080
29045
26538
10247
18153
59835
78560
42266
79475
4727
79575
25110
50006
89432
77580
57029
58771
23272
47335
39598
3644
15070
48197
77020
59208
83760
40423
90685
29231
71749
92471
72102
81960
63016
43666
60404
30685
92697
80822
10605
58375
53310
6025
86213
32428
66455
12323
51741
16081
38415
3098
98405
91837
558
94280
23170
76557
55308
55835
67723
56877
89183
28408
11949
60345
40085
1965
52623
25264
17053
97106
89999
98930
7136
7227
1867
71510
205
19485
10748
11531
36242
85178
11933
79465
15623
1739
649
71282
10468
78953
71426
18506
8082
31287
75150
22448
36351
50352
73980
15544
65035
13032
53413
41255
47456
13442
4173
40874
91198
81262
98920
95251
88052
95580
67705
46834
22155
78722
31862
90124
4348
31045
80071
26938
15106
77639
16846
49536
87914
27150
97600
63912
30567
82669
2769
19482
29730
69649
48366
14043
21550
51210
93796
92416
7161
83060
25758
33837
45183
72897
9131
13678
72793
61061
13630
57200
62995
16253
59759
66685
89338
82780
95039
54675
39924
16244
8601
16896
54442
82813
20115
8444
93440
9606
87316
95139
13830
43093
5967
4750
96903
95228
89230
2028
38334
49690
75562
72674
45640
41003
4694
79228
24020
28622
54140
78703
50231
31729
21951
46637
78237
9082
49152
23811
92602
43604
9723
37106
70302
45748
86353
11752
68742
43944
58113
53211
74543
73339
57392
12770
5574
75751
72488
82960
92187
26839
91356
36750
17716
14008
49417
65203
83294
37212
87415
70882
75262
65098
70303
63809
66149
40837
85000
881
62210
10775
17130
81743
70609
82394
7635
80198
35825
47716
28039
37102
52563
716
71426
86949
77551
25341
49497
25992
19729
59094
26239
94511
18480
2427
71235
21986
22783
74619
47287
45628
34941
20095
61451
93627
17831
92236
50936
20576
46893
60341
3097
78313
45313
69601
17747
14760
91563
37876
44917
18464
75418
71100
28986
38012
92054
95195
89227
6316
82865
98251
36866
75804
20124
33971
8906
97779
98229
70309
69666
3525
60797
69105
70304
13813
12296
8137
15634
10603
91182
17458
54367
63694
84254
76996
37324
30
8274
79294
77435
45424
84286
24265
66542
68647
61122
90119
37385
46635
80607
84984
50198
12457
4838
22217
44929
6503
47660
42681
57220
51714
90138
62185
5629
93670
10880
23552
89178
85481
27850
27864
37047
43268
84458
38313
45471
15055
86773
3887
9134
47768
31306
3322
30007
52192
30540
8050
8929
88242
96689
24837
44652
64641
74164
26863
20946
88861
57509
6917
46792
63473
63807
96926
60099
43484
40250
95422
86392
33610
1879
90559
69020
4686
85241
81439
38378
16222
52435
30977
26211
32427
1340
56640
51279
68060
25855
20439
81889
64934
32751
71430
3769
2954
3192
26946
72771
69227
85393
69628
10941
94314
16493
13324
78742
43104
97040
20122
56178
69911
8255
77576
14826
3781
94032
27455
8432
6
63009
50965
66480
34101
40644
19448
98450
98984
61336
26
51803
45733
78003
86233
98643
2692
75931
73577
75970
35586
68820
49536
52884
27934
40851
29501
28604
67445
87185
86166
50196
43669
77532
14621
33090
52095
13447
60783
77334
44030
6754
2073
41392
36735
65700
94855
17630
13740
62276
88522
67523
78953
10888
9988
8083
31305
85172
81171
24635
11757
31140
25080
16478
66523
2293
32260
27546
19640
1117
20318
61066
22594
82139
91539
24964
98188
4489
57818
31745
6230
94734
63939
51261
82632
91664
43547
95764
18635
91430
24254
11277
24676
45804
13594
83251
27214
64080
26236
67838
85907
37257
58202
29649
99910
63271
22204
15676
23840
75109
24615
56673
34038
72539
21544
2836
62611
89712
20089
51195
62391
73453
82259
47413
38603
40813
45456
12727
63072
99088
81243
37553
93892
92559
93495
42927
84928
99561
39817
50844
95536
5980
43714
25153
57951
45648
85037
72907
48223
67693
3122
67883
15746
24044
15684
3991
94265
76715
37677
69069
78086
85338
96372
22327
56703
57555
91336
29354
72898
39687
16428
39688
58063
93619
93151
52166
18023
95281
24518
20296
74399
64778
84633
77128
28193
39177
93639
78710
22047
45483
39270
68505
25972
37619
84699
38676
10361
94618
4514
11908
7521
22499
7643
80421
80498
44108
93745
74611
55584
62369
6760
878
54056
12875
43363
6712
678
92838
32239
5688
42387
77584
9871
27681
32062
37596
47748
7724
50342
21159
93017
16769
59185
71266
47561
96053
76684
46637
14061
41901
8512
65733
54790
12545
54189
34837
72099
75004
95046
4360
21488
67328
1864
66494
24539
64646
4632
75516
1252
50243
40856
25598
1760
70086
6406
20488
17578
77917
46802
69978
37863
64696
37913
68161
80628
44965
33858
52010
62990
60442
32053
72754
66110
19410
44691
87065
1279
63502
5174
28950
55661
97661
42470
67363
47116
12086
15124
9560
52882
91298
8887
21845
72370
29015
46304
17753
92742
67166
4124
22832
7160
75606
10983
3530
47565
34738
99783
33222
14
93565
24460
49357
64309
22494
96097
75067
43377
13750
88495
59959
71861
27142
84143
47556
39139
88622
27210
69873
78544
21808
98927
25355
25300
16659
52431
2514
50961
9060
25241
80328
46174
55702
99309
87590
11855
17450
25343
61417
9090
29066
47242
39401
59560
97647
10575
93451
36557
53602
55305
15180
76071
89983
33325
52573
76087
82806
75267
62159
80447
85548
82875
34180
45857
34142
20687
12741
35791
79493
62516
56433
42260
49845
82395
22098
43229
25087
72042
9612
84966
73559
9874
75695
20701
29999
41868
18988
42741
87458
35125
31205
55850
43438
17316
4668
36299
46520
80612
84397
4585
6099
58386
84440
28250
26939
36693
3286
85450
96540
39284
31821
27039
69840
18680
70462
68488
68453
86080
30908
21314
41308
76955
44119
79558
19694
36230
84310
48049
93737
94049
67299
14417
65656
31984
48673
65609
48737
42027
95384
87586
42664
13794
4689
12687
42257
55281
49245
5211
16227
25724
98799
97809
10759
83687
17546
86535
11184
25941
49557
53383
91700
94203
66700
38779
80056
22367
57776
40949
47691
20146
76542
94457
29545
96232
84028
70024
26719
89456
83248
3114
4078
10132
49867
59734
44488
6255
71938
48225
97304
19109
83326
89953
57598
51844
58953
16796
79544
96789
58025
56338
84252
37503
37162
58404
29313
8632
29459
93567
94654
38249
34554
77833
92202
64125
97139
2151
44547
20549
36547
6760
72042
30507
73140
39858
90635
17105
22689
59815
87994
93542
92977
36563
75193
25252
48000
39157
67350
59401
59897
89575
68753
41199
2720
76652
99387
79530
59723
15318
42075
2206
16081
15889
96490
77563
10363
16655
74590
38134
16151
94832
45859
53893
66955
58093
46501
84214
89766
61218
82859
76556
82930
16598
29565
48759
84678
36136
40742
1296
55928
95767
60948
93742
53295
12206
97276
21831
99639
73195
93083
98439
22414
80907
49079
6950
39739
74259
83493
7817
38878
41629
33315
2007
87074
70589
58533
71382
24367
15
83117
84610
96605
79232
57107
38569
6083
40277
18148
26054
54957
86587
81127
51223
73483
56748
40123
76317
54022
43899
21852
6353
269
26204
43108
54077
24270
79699
68110
39902
12161
75639
76405
48500
87838
27811
13115
74659
36847
44537
97351
64841
2143
94803
23974
70524
25906
65063
98641
72383
45006
7158
52239
29089
8919
77906
32529
32819
55257
59978
70203
42948
41310
34323
88067
31259
97375
53460
53682
46031
79895
96846
18279
85542
20820
77702
26843
15689
98918
75377
2495
73696
51962
99355
47585
58767
96672
22739
5422
95468
85191
33591
82641
44828
10411
33911
9753
93290
79461
81257
5721
6595
26785
90824
2281
91921
41837
91593
62762
47249
80461
12541
86503
61267
42731
42812
56791
34766
47915
16980
68126
40093
96733
20525
70195
78554
19372
83352
85405
40021
34483
16276
75606
23570
34959
6428
56498
23292
65936
62672
58584
72489
44777
20191
38863
40076
42087
27694
35572
66897
14878
88263
88839
43033
36894
80225
61990
84754
27748
29480
80625
57649
25133
81065
70957
93391
72582
88477
14788
58366
92608
17647
61001
26054
88831
15435
46233
15392
20209
40004
27357
41390
41915
79778
59340
39124
5134
90247
50637
94904
71993
38653
37051
1650
90904
42269
57857
69775
86666
82846
33700
65480
64513
7833
71552
78362
14899
56469
58251
88994
54189
23859
83221
4919
82118
68312
7825
2883
9681
25778
16813
76799
46957
31401
701
49067
39223
24196
62615
57095
91039
50133
48823
61200
56696
68546
96226
30010
46440
37905
35303
59270
16959
78351
11745
6241
22917
19997
34234
8954
41452
94423
37450
38813
93477
95586
4509
3568
2222
93298
90706
66857
61257
69685
67935
46122
3367
90208
98642
86810
57443
49972
32083
43105
86412
70443
88037
12096
3994
54501
14923
91627
1730
86314
52071
49220
35748
70811
59421
13333
50018
47834
41207
84778
63819
75826
91842
50920
12885
8389
31349
17038
2344
79888
29809
16103
16535
47869
9028
20968
9610
92196
40520
49036
94615
14078
47336
12426
75728
74857
61315
92655
6101
62097
38409
55678
61514
78785
6594
10561
38531
3685
56238
5674
92123
44411
57063
27434
96036
20886
36867
78157
22425
48143
14325
68433
91472
49896
63251
43905
17195
21502
75666
40018
17357
17579
42573
60729
53066
70644
85157
44966
23031
71478
94018
45570
21920
80904
6456
12896
36280
58509
43301
8835
66187
23512
94582
55884
27440
72540
86761
18398
16026
62127
90861
8945
60782
72347
94214
45230
36078
17889
76813
6221
31572
68810
75380
87241
59290
38763
23559
68125
61174
20884
9454
85118
77220
92885
64591
58132
86299
7725
17968
86005
11073
35057
29146
58976
53882
2902
37529
22387
24412
49659
58848
28458
40318
47509
43241
11125
4110
9240
44506
3668
77314
38847
88227
9233
99367
23577
34116
21562
64565
45744
3596
8698
93828
22327
42556
92116
85431
47759
26410
43963
19670
89206
39489
95216
80729
13485
36549
42104
56288
90212
85716
9273
97025
98820
25864
34482
89497
9080
81209
25108
27715
56185
44960
81089
13414
14197
35671
87648
33544
25403
60539
16121
55361
44582
6771
60435
90314
23204
41515
19208
71476
7585
537
16385
7061
54741
13440
82163
11870
14406
43571
3094
45640
74267
75089
89854
34828
81087
71470
22424
53169
3022
73267
62019
60576
91583
97852
52328
84596
57294
77247
40279
44718
18821
88013
37151
8452
79942
61040
30890
97785
53784
99380
70931
32808
88043
22914
75653
14266
4201
22247
85745
20087
41500
60244
29579
30937
85110
45055
16418
53756
94849
95974
96410
78321
91331
68563
85288
32818
31597
3739
1865
23024
82144
32257
95487
87784
13565
17688
46281
96884
62632
18085
1726
40541
38360
30915
742
19054
93598
93311
70389
78596
84975
19556
81349
79554
64879
28145
89807
15361
51324
13926
67493
50565
15188
18398
99119
4746
69028
60342
77856
98941
9967
58636
93428
86567
48855
51715
56584
12132
31050
77986
52822
89426
33516
72348
56076
91621
17789
45674
72360
77047
14855
61780
86770
62173
16071
65136
75670
31540
22421
18721
85468
59546
80337
57056
87174
46010
88652
24696
64037
69343
10256
23147
65497
26025
21613
84946
72003
72702
37282
90818
21224
63447
66916
82090
16836
16891
27021
20729
89192
1610
19908
93532
29043
76783
61956
92517
27816
32825
61836
43399
51185
89731
60899
83870
91344
42414
72134
10636
286
40976
26320
68573
41474
41830
52325
3692
367
83941
282
68286
51930
94222
55012
69804
55959
864
67387
67839
30415
12072
25227
2388
71456
41779
68856
59935
24209
78116
47947
12715
87056
82176
79997
3391
87339
40455
21630
72669
59943
69821
90338
60100
19616
21414
85834
75541
97117
40593
56843
88274
13935
97771
57884
14850
70854
92692
96737
69906
57904
74223
30767
80886
10991
75954
316
2796
54390
60574
94596
36289
6624
68872
29114
17869
64140
41334
91177
23994
32473
12389
90918
10818
2170
71111
32341
83862
78679
97450
76564
94715
68832
90547
33735
34862
37870
50186
11329
60552
84727
46991
65515
35165
68077
57098
13397
22399
98133
29120
76598
32319
8127
51681
50818
36691
72102
85983
29383
67251
70470
52985
35
50814
8853
31093
27270
91642
42880
55980
81856
88376
86723
35102
35559
59925
47268
62279
56998
20124
42316
47146
52069
87369
8419
34153
57201
86921
73255
9335
99849
94238
99721
63076
79044
65535
9956
25336
62178
69051
60730
83195
81261
54494
94797
69072
1419
46924
71767
8162
73379
53706
95719
83479
43210
24348
95929
26657
40169
53801
90704
52627
88205
10266
70994
37553
89322
80130
11744
14048
44396
69304
23633
33148
24572
19935
49418
31080
21932
5766
86204
34944
88415
58507
99609
42539
39544
50715
6484
95149
36797
55573
48277
52568
88679
55372
54
14786
51625
91499
55454
25521
70523
33427
41559
82771
52546
75999
64301
41707
40989
20457
86277
46661
16335
13957
67799
87627
10916
64715
93834
46064
12769
97810
20811
8361
75757
38040
62569
4028
26870
68766
80657
56336
65921
24752
4961
2180
17426
1474
30186
5980
86548
29526
46855
63797
85925
31867
14452
50106
77281
6575
63917
39183
91434
21668
37541
55659
69105
60833
13472
1986
99747
43135
72141
58880
16307
83284
46115
178
1760
35501
7702
63263
78755
48979
89750
6580
26135
30448
79077
43292
30308
86092
42451
50286
5066
26128
76312
93248
58407
39627
96781
92762
94534
90834
29607
35301
85572
92770
4689
88579
79392
19234
71268
46328
30526
90564
98406
32549
69239
77994
16317
73813
24705
6405
66702
7185
75575
9816
16215
97390
26149
58267
7844
42150
10194
18268
83762
34436
94377
67711
37470
25401
56678
38694
62217
49931
88058
20972
54027
19277
98939
75084
66576
75914
19468
51583
55859
6363
11748
21409
1174
7128
13949
67765
31579
73419
73211
78623
35234
8000
17686
22255
48672
75000
74118
1822
70936
21149
65675
52848
377
21488
97782
35385
91443
8638
76280
35805
76662
88529
39717
76784
21706
28067
5091
35388
11109
2861
7829
70560
92716
69757
59423
6197
13450
16262
71861
33068
82950
42865
20612
40243
99203
87794
88573
26999
89945
61493
38650
98116
87628
11127
99022
72167
62342
76305
50605
91124
32662
27887
42260
2947
32036
97599
97015
90166
21999
65829
13734
36789
19429
91852
73083
24122
97983
84534
44290
24969
45015
4756
901
95255
42054
61521
4595
43916
69118
55304
76941
40386
69793
20183
15949
59917
3517
51179
35763
70741
16868
14811
9741
92638
56108
69872
95201
49609
84511
32065
39163
75283
19968
62718
25198
36283
38811
18083
57993
75233
9767
74796
86263
53962
43868
73287
35378
77248
80395
54468
33094
19094
69086
86185
48030
72585
7692
43971
18157
31395
24889
78967
53786
4633
65064
69943
99369
35411
97310
19248
40898
35052
8693
84383
74817
27983
47641
22532
87545
73793
68098
75631
65349
38878
96559
65430
7085
71708
68667
78024
4465
9132
19167
72348
37749
23423
12452
30339
26409
53796
49443
47773
59764
41839
58299
