94078
6723
1073
78813
10903
43670
70943
99872
6887
21977
81068
693
80013
61567
88635
29244
86724
23438
33195
69728
23561
41626
98693
5477
93690
68800
81813
60237
64537
93660
246
42151
60335
97799
93862
35350
10254
87248
87513
93337
55023
73525
64105
51580
8698
32607
46890
92666
56004
60536
17020
15596
49075
97354
34106
75603
13693
32469
20143
24894
33102
43756
65512
13208
28551
52044
51556
54834
62148
13754
32456
26152
72822
33496
85392
22195
13487
22628
61568
331
2621
5486
75768
21622
62701
25843
15014
58641
94961
89850
67925
15033
95100
26347
45091
86263
30921
32103
37328
97926
1148
25288
28466
39650
8224
87285
98438
55503
3824
59554
79904
24451
24017
88450
92548
35505
46684
28458
80910
72659
75162
15972
95723
7987
23527
57324
58506
20310
19033
81835
49389
37381
27546
78829
4601
15418
79985
55329
69261
35203
27776
75949
52688
94230
62022
22923
22275
3922
31523
39523
7253
93805
44380
79782
86101
2527
15541
90373
63426
51786
69787
36204
68895
45157
90180
1119
34370
14691
36653
93551
24011
26661
89699
54776
47474
93785
65726
99226
71449
2316
53735
49171
2689
15411
40731
18741
45304
80114
44615
77577
92911
8072
95411
44863
74346
9463
3643
14993
23761
65267
26168
21267
31236
1159
5054
82137
27083
39582
98558
84646
17226
80020
20812
75851
52276
74586
9275
9892
60759
40512
89956
56971
41429
71426
11973
87736
49843
68882
96454
35350
81609
90590
8470
96354
13466
43805
72565
95970
64126
55323
7467
44320
91259
44286
10741
63042
35987
26485
89312
95592
36790
71836
34029
56033
59703
96814
30229
35113
29021
72648
62790
9283
52496
22838
58604
32335
64531
97596
85419
56201
2577
77283
18055
19710
49999
26942
62375
56427
27809
4312
50510
85588
57913
29563
71945
89405
20347
27327
74151
99753
30956
30958
45186
58540
84808
68880
16604
66511
92402
69112
37796
29088
24550
73450
46552
47955
46251
40903
65765
7162
35524
25111
59305
33884
68709
64433
5306
7157
86659
98090
85311
68073
80804
87671
84316
51686
94038
65889
75051
19061
18715
74149
76101
58428
62242
25828
15713
82196
87185
17422
61587
37378
88382
13990
6710
73717
57373
12146
96964
66203
86804
37761
56833
21471
9834
83033
36216
44003
95838
36988
64349
34006
54771
12278
25394
52850
33321
63014
89445
7508
6183
16838
7830
33657
16404
41433
86519
92722
94214
44529
26604
6980
78577
60409
18609
40510
3713
57029
56603
14392
46883
69269
93911
13028
48669
10272
95118
23476
19582
17570
64202
25096
43152
38308
51794
19089
26634
15525
16689
51751
92066
53570
43701
53284
13888
263
52084
77211
62893
40882
32488
824
93866
79264
21883
65750
96349
32822
27326
74167
21895
21102
91667
28323
36785
52092
40426
65888
36420
97948
78408
60233
48695
44091
33892
62639
46659
40606
58188
81289
13139
42002
84676
36569
77463
44177
31726
83677
1752
76589
4069
91183
89222
89533
41859
65241
72460
30818
34083
10488
23781
13268
47393
60588
31240
59278
84605
19961
7743
69202
69310
76253
28150
29658
82963
83086
44430
9884
88277
48847
4657
96953
53896
83535
56640
11491
68608
45791
45863
68713
7680
87182
31026
63744
10174
69187
79130
51343
49635
99989
21368
42327
81710
87562
84090
85181
99512
45450
65619
95510
15122
66144
57644
3630
60906
10189
44856
28788
60717
31720
47654
1702
57158
47894
70991
51892
56261
11906
10672
46675
23674
52889
90481
91681
66561
59012
93507
48
5752
55523
62121
91122
55242
95715
17901
70751
91152
19580
30356
52709
46446
54825
96555
82764
91449
20612
2880
96004
22584
79741
99054
27182
56040
25911
72688
60037
83193
99168
23990
54855
42038
31979
70037
2947
81890
43660
8281
50401
92669
63407
64470
5096
69223
38037
9852
21680
15291
66540
43433
16933
60988
31849
72152
4244
3278
44709
90487
43285
70971
34257
90550
15349
34614
46456
29723
8063
78268
18224
89427
16967
90838
69915
10243
11603
47483
57408
91484
65574
95667
28738
82285
52426
10838
67706
27026
25208
71922
75989
33995
61223
77964
76652
36519
40176
63326
13724
48255
5658
18398
13442
55871
64006
75615
60629
30111
39865
40336
57887
72016
27489
86371
77593
47121
75430
94665
28450
72001
72495
51064
86300
81615
87566
17294
81572
39118
58505
43919
71628
19076
12358
82186
89110
88482
99218
85979
75631
73133
84174
81001
30117
64314
4822
36207
33319
58553
7247
66104
1944
97896
97133
483
65807
78601
21278
60295
1134
34350
88311
32175
52348
63920
5080
37094
78209
83710
59230
66126
73118
47635
15206
97834
69959
76768
45785
22620
99742
34793
18296
50057
75245
76844
26661
63192
11712
82619
88203
8281
46748
50219
11948
87906
27072
33797
71461
23189
59831
55545
36959
89949
8566
60691
78133
5015
49976
87494
89373
67054
7828
49572
5493
18782
72567
43088
56524
31642
47748
36394
80234
82890
61445
10217
41436
62668
58348
81320
93344
21146
23082
79671
16201
37132
51691
55602
1072
29876
59180
43374
53367
28584
8859
27279
91835
9277
87818
13944
34070
7534
15887
5466
26669
96924
87962
12429
39165
98287
56659
73852
54205
87163
31088
95866
15024
70238
17617
89171
4745
42597
36504
21982
46779
93743
4392
73102
69884
7401
59225
78280
26038
97048
6004
61263
86762
74581
77585
93370
64769
96274
99403
14471
30576
25531
77853
32488
87335
18136
68540
52252
55190
40782
5232
16441
10204
44614
29647
54853
49230
62597
32888
8804
11361
16026
41417
11052
72564
21367
43806
69332
6364
34519
68551
1867
38221
91645
59684
92965
16898
89341
13247
64687
52266
34516
84806
1412
18991
25009
71780
74520
47844
30999
86651
58225
57450
81531
18721
89558
45791
59752
78740
27872
76324
52994
65178
30765
64201
16327
88537
62483
20471
8049
44432
13521
75673
71833
72784
20129
10536
83030
43483
36778
56594
65474
44791
44626
72742
13341
3503
33937
75807
61675
23175
31393
54923
37688
11865
65873
37334
44220
72753
76696
25144
18458
6561
16550
17719
46434
16738
70806
25338
78998
7816
92768
27532
39722
16544
55308
73545
87236
29417
16641
38920
17859
21388
3579
98533
6237
99257
7290
82666
28096
37823
26967
54809
6105
99656
61842
75481
62163
25487
48678
90426
53432
70943
80830
69926
46355
78281
7137
63623
117
4065
79881
46095
83862
29590
27922
64871
40852
34956
9325
67160
35351
65496
62228
27312
73045
1047
54360
58641
14320
21227
65398
96412
25789
17299
9800
6549
65505
93990
23479
60787
68660
18252
62575
11974
46567
23609
94507
15365
75777
71175
43599
25620
61349
72911
76436
38703
31920
21155
75037
44149
11390
43563
97033
87987
6092
72410
4674
99339
40120
48588
85874
83394
90756
12990
76053
35971
20250
27498
28073
71059
46505
2014
99201
81618
71310
40888
92634
61962
66446
24416
10469
46552
60767
65506
72931
27924
84486
59078
76591
53566
70843
83054
51348
36679
5898
13387
57791
88185
10258
41372
13392
29284
93520
70309
92554
79462
99990
69672
83562
65526
65524
38946
80596
47726
15032
43140
25896
92754
33682
3244
93556
76897
70416
76992
28131
42647
3881
40423
41203
45756
89909
92068
36
31981
95097
46000
96077
62117
10721
81938
3336
13575
36325
78525
20653
46059
80334
26310
19709
91011
42162
60257
4405
49672
84826
69495
67938
67910
97861
38662
83315
13921
79590
79253
40938
11138
21929
15954
47629
11106
48723
51371
8505
33297
76550
53317
73686
14083
68963
53916
66885
47737
56490
9047
47157
13607
57630
5415
31125
78727
76548
29020
95941
48442
37193
48132
41157
22358
2563
57889
74991
46832
86480
65926
55584
16743
42011
11150
42993
91915
97693
59288
60260
76968
41823
70499
63450
8179
62910
89122
53953
95887
26407
32188
81899
62748
70882
39364
75034
84478
61612
43983
17463
41829
59612
61943
53377
6014
38791
16587
18659
23733
63006
29360
78462
38725
64085
55353
28166
41790
12223
49214
37769
56658
45589
47932
42025
69148
43061
30985
78955
11085
52423
97778
872
78069
67771
96723
93665
11146
63566
76914
13071
93591
29388
21080
3320
65732
59535
70893
52446
59678
64773
39631
56657
80356
76911
86798
89125
73933
62086
59432
81694
13496
11577
76988
53095
2738
11313
24653
85731
64158
82965
54965
74299
57092
27209
82563
11157
23705
93297
28243
18246
30246
13460
71848
37950
22744
52700
61480
96225
19139
5433
48916
24822
77395
75141
11490
93113
89713
92994
58970
52907
52975
26496
49001
21033
5104
65563
98789
10618
28791
68800
51838
20865
44490
70384
65245
75667
32162
91390
43164
53666
14674
6706
36257
4344
63762
400
83577
46111
85031
26514
8141
16605
26096
54994
6595
73630
6992
34564
23795
54377
62099
95360
42340
8436
68446
30109
28547
87892
98264
85849
48607
27788
82511
59637
69476
18758
14280
82045
30675
10112
45479
4422
26810
7774
28087
91696
21909
24958
34934
8138
6592
97384
90432
6676
78199
29379
57783
34272
61325
68709
65996
14546
4773
26563
25836
38759
71025
40230
66570
6545
73989
17823
71877
92992
94198
84081
38517
43293
68884
38156
67768
87216
34401
76154
53299
37473
32301
11410
90823
59227
82800
20555
93138
91596
62434
1418
75679
33290
56539
90300
53771
2864
65826
2847
86421
4709
74356
56282
72545
36445
15924
86093
94152
8825
71497
89316
5184
65514
12792
97573
49252
59763
830
46536
91328
90604
72874
39654
60603
15939
18230
5994
35968
64061
52160
57349
59435
41114
67401
5854
56013
60630
45673
66790
26076
28299
64428
62728
24091
30004
51693
62879
17249
84909
24558
6819
6856
58326
58833
23867
75892
41270
31094
77782
77597
96060
15506
26773
92763
69857
44488
58976
76654
6313
19814
42296
13575
67369
8255
15852
58999
17250
70528
73510
10066
78731
64402
36861
23326
65645
86923
69389
4734
97223
40112
25091
58582
57426
85867
67090
1626
37535
8357
37316
91575
47837
1793
24618
20734
20919
99285
98228
25352
2585
89957
24732
21035
93491
12190
91356
33016
3094
30508
43200
22541
17019
35672
82038
16990
59011
32001
2626
73243
96601
68437
81518
63677
68788
55373
32255
99123
11384
45059
58018
41348
61436
80
72325
65312
16711
74054
4739
15624
9908
84999
91671
38806
27860
46465
66002
70697
52722
16966
62759
38385
71825
8812
33251
19764
81138
19357
8250
9947
83570
30012
31612
28605
3952
62165
10023
43941
76012
16159
93750
85730
31275
26450
88151
3851
96503
67775
92891
90701
47460
6960
70150
3346
55309
56284
75494
70288
39708
60039
28992
58091
67240
22036
16229
86344
76889
49032
71268
84527
79879
97789
7386
13051
78304
51487
69252
69474
75145
7238
22421
37084
99708
6065
91491
29426
75631
55771
13147
69028
48501
94141
58165
91222
94590
47296
96290
46296
39994
86045
46177
87761
48763
915
37138
29639
30647
62435
9218
32718
60524
2475
35620
44747
45759
62526
90721
87299
62845
94845
62822
32517
96962
27860
5916
79984
18200
44307
50901
35714
76951
99943
22818
99615
14827
94293
40034
58938
41843
35666
48404
31651
22534
68770
9645
4493
90352
68235
24645
93498
67482
72085
32012
33990
67975
99104
65883
92173
85754
51682
35236
21114
13525
62620
74507
56685
48509
95927
58446
31783
5561
98656
76192
58869
60505
53214
71987
81303
91668
95148
42899
72716
95529
29047
74736
24380
97799
50293
10260
53665
47944
38656
57491
7283
86616
30158
24255
24495
51827
22894
16219
56963
22668
8513
71784
77944
63595
55379
70235
89597
33550
43157
83151
332
13776
26040
3863
42299
71270
22599
95436
32257
72198
73057
13380
37154
36867
60466
4292
72473
62163
1166
60620
15202
63793
6505
44720
53825
82494
50678
4872
42162
41251
6649
83229
38062
69233
99755
45315
69302
34346
64394
56486
40959
40536
13818
16221
30587
21370
6044
74492
29312
39136
81034
86277
69335
12
23116
574
89955
3352
96602
61277
88779
39126
54414
55776
774
97170
79172
81658
74146
45684
59250
97768
37169
20546
73630
897
69297
80738
89121
21419
7703
45597
65366
15627
52631
76192
24510
93780
79346
51259
61779
53825
44860
33612
75399
49021
81832
59574
68856
74047
53267
9098
70034
39668
1034
67656
91682
8949
91769
8031
82739
32631
54737
46320
90630
79585
36821
38001
46002
18231
25890
12301
36022
18229
26136
52616
23351
888
76905
4929
4987
20727
72828
28688
86208
92271
11582
20654
23705
60123
67015
77716
41510
642
93700
80668
86160
40267
96518
36164
97758
52299
65159
85169
12246
52479
40660
46671
94611
46517
33595
25719
64319
44837
78066
81321
85326
70717
38529
77561
43992
8825
27374
54470
23856
18514
75172
5797
40901
95693
69694
98844
92084
27156
22741
67691
33032
85890
37796
28261
35600
53720
97652
37243
11291
67821
87849
73434
81394
53826
44424
95563
81073
19730
96515
47544
92836
39688
13859
15727
44635
75596
63601
63038
75658
62102
70177
23870
61887
98627
10747
72909
18048
9956
3239
70515
30752
14035
34516
18950
89310
66177
88005
91433
81723
8171
60122
61327
61302
45803
5814
41630
53029
21099
58642
28814
32402
45204
20317
83952
48079
3940
10798
74795
78520
55486
10728
37410
84388
17308
10952
34226
41575
38047
54254
47767
8615
38055
50022
7822
50233
78750
65970
66357
79992
20910
55798
3375
27777
60819
67455
43236
52653
9803
96848
15077
7436
82506
1131
40716
99931
54922
44697
19521
2849
39744
69302
52410
82668
31722
1820
858
38563
29764
74986
1946
95623
31385
40240
15142
36299
60535
70650
44862
84365
81627
27479
84732
35088
84236
89124
9269
53239
56516
44698
92088
56896
75560
56497
78292
60923
86392
95151
41143
77126
60066
82898
81360
84166
4049
70261
6966
14244
70307
96290
41218
60321
31545
73844
52822
36344
66215
92712
94337
64942
52971
76992
3899
22200
68474
30163
61866
89930
39030
47317
86824
61399
13116
87486
13211
91210
13337
633
28292
53696
2653
20203
59443
98559
92424
60638
21975
79511
25792
99466
21908
57236
49285
94783
31117
56317
22716
97809
40193
94668
84967
60607
63953
68362
56533
20386
67071
16423
40854
96687
6451
96242
39623
39946
60023
15195
2092
89511
31170
79427
28411
78717
59058
76188
24853
32042
28082
74435
42480
78013
2971
63094
79535
2884
95159
84851
15635
40626
21761
91759
27146
82828
53383
50032
71782
95697
85009
18920
88649
10692
11164
43758
64668
72087
1631
54074
37599
16918
71279
22077
46746
48781
34046
29755
44402
92790
51870
32742
38520
84963
78819
58040
47291
83652
82310
62701
40670
3222
13797
30202
67876
93417
19912
7182
93479
93484
59647
8291
73768
32310
51464
11073
22016
95219
37036
20432
87733
36458
8393
3863
50889
94824
71658
8758
86701
13963
59826
30364
69970
9900
8535
79590
21600
9961
48875
40533
27647
94862
96727
78411
50610
98144
88480
27905
36549
65669
85035
50568
79995
99668
68604
59034
44298
47221
54362
34140
73442
61396
18895
98963
2056
30119
19915
47071
73697
69433
58376
84312
23785
39570
83593
30628
15684
47973
59643
54387
96300
30935
17949
80951
29129
17031
45436
33059
1310
31454
38999
30558
29024
70771
39970
65188
54050
5627
78821
96890
97995
32460
67492
4331
16521
41453
58426
89668
99039
29180
70942
28009
27770
37499
63912
27186
42177
83800
63917
7621
55978
44247
12581
26545
41098
926
43950
6244
13861
8764
84842
71658
70979
90103
56643
39010
20579
62482
32110
65119
43785
62903
88973
14616
82418
41830
95759
62892
69929
88474
96882
71894
93107
65268
84297
26984
70980
17863
85976
72711
41268
21599
95100
63683
25580
25550
22824
38001
95386
74261
49385
58055
91429
78507
64747
86164
55418
75149
40501
40218
72612
42498
11664
34696
28122
18378
28741
21080
68627
27682
42819
61185
70613
78071
77248
45594
47882
23685
375
54092
28500
12650
13136
31283
78295
58732
56605
96337
75028
56579
58464
71375
83063
67108
63914
91664
29510
44075
61310
43092
36890
45829
37588
70150
22314
60023
81018
31010
60450
94255
16149
97511
63315
47205
99173
54196
70371
39245
55686
92067
55365
67579
93651
11135
43780
77267
84165
42083
70906
94157
25945
62256
52285
38818
39791
95370
15992
92725
4750
39792
63031
79393
59270
92566
12891
25498
99565
31392
23694
55362
79691
24798
3441
60300
91889
2239
23217
24645
33540
95315
74809
35683
29496
11009
38816
51341
51767
14177
57827
10629
15073
13463
10829
72846
38125
45740
50770
15902
87277
24139
86939
10465
54735
46709
56892
59911
24800
1634
5954
3083
46540
10549
87848
9857
90336
75098
96424
75036
37777
92926
78574
71673
28853
67915
1096
90859
82766
48831
22490
8900
96775
19112
44015
4156
45367
57630
41385
17217
46947
71516
27513
27580
61216
9789
94826
69403
35478
52815
80600
737
74048
44983
98654
43718
30063
45345
44461
36524
18190
95425
83161
84159
7713
89995
13324
53192
23623
69611
76958
4303
93406
18498
19548
63178
72901
5919
805
1670
89916
61653
38516
46992
74184
31998
58360
70337
67156
21708
48351
52260
1265
32423
6672
66949
77277
75529
76344
2968
37186
54898
20381
45987
92277
62984
81422
76425
4255
54958
50075
48468
1912
99616
79969
19231
33647
83017
42430
59677
34406
60577
32322
96584
10298
72070
2726
54090
42913
15829
40855
48129
67532
78853
87274
10675
70444
73025
92980
16623
84400
23392
29521
77051
11436
48291
4834
81663
35126
5930
53396
38222
66474
58995
39131
76300
30958
42800
72798
43712
39119
70563
17131
63863
83402
16281
48619
84178
21447
30273
75728
72462
28031
96040
10763
66062
34430
52594
96155
94439
72995
65814
44704
40200
53413
56086
30541
70275
31312
47770
24859
49020
53805
48232
16218
7950
86143
87298
1346
23060
50250
25821
73192
76699
89006
33593
7501
24385
73873
73089
40816
57865
20410
55617
55428
65663
30521
64479
40508
90402
64037
29496
76098
21523
47774
97176
91975
53625
37808
91060
49813
72718
98361
20840
83456
15145
32161
1512
91770
75912
50440
96741
44774
58362
1023
86559
17349
5031
76076
15425
84172
36029
74096
78654
65335
70840
28229
76869
85078
76844
8161
59043
30533
14034
78552
71702
8986
22061
10430
1418
70680
77208
56201
74962
45056
25262
99572
50756
83751
66901
256
95921
89634
34631
886
92383
35198
59391
54600
74597
83756
54237
39029
91715
40249
27606
6283
52604
75004
25147
63942
55601
9481
33795
62487
16315
99970
24
15456
5444
30573
55963
5467
46690
67297
75957
20442
98769
74938
81084
47434
98636
17292
35582
82289
63816
98452
50060
22486
93613
83369
62470
4319
75794
47826
32991
34453
6516
6897
50893
51397
62130
24573
85007
90688
19464
3885
32411
14817
98118
49360
96643
96910
6125
29786
76035
49528
78438
42169
49834
477
63390
84070
1827
4589
7073
42230
42655
65225
84978
34768
36448
79687
97348
20441
24452
10866
62424
10379
23852
12335
32052
90276
51049
23482
85436
41403
91938
55471
40656
22509
11395
24100
71106
469
8134
94419
99410
23739
59191
69558
65000
14947
29062
10827
19276
37510
33134
62103
64933
43678
99453
75143
56813
53946
16800
72721
42414
71633
94605
54841
47260
35348
38924
17295
94797
33788
20802
73558
74489
10723
86875
76960
41322
65038
19955
54196
54080
16359
92034
5522
79492
49482
450
23053
9799
59285
17406
76759
24758
64514
78520
5691
28732
945
17495
44899
10676
77950
75372
65177
38409
6067
19263
18923
28749
52854
51451
84904
90002
87714
73970
16934
2984
46195
70766
4678
63956
44891
94934
51824
64745
28690
73049
62648
40037
46890
61018
83106
50763
77184
84183
22017
2232
31246
33688
1147
35300
29790
49073
31592
90231
39481
45172
91545
20678
79102
17718
86614
91753
52110
90492
80608
12922
12131
99490
60149
21899
54433
86855
77521
45124
75749
65081
21489
68537
95738
87832
82451
15492
586
28010
74202
47172
61489
53755
10926
40337
48270
67758
42752
17018
45171
17828
41419
20957
57115
38823
92885
41698
93691
71540
83444
90549
46897
58084
29934
23935
70617
27509
26105
61920
62495
1305
26210
54539
4718
86555
43017
7325
8615
6889
94344
92699
26541
68098
29716
68295
24445
88446
53533
24990
3996
71540
15760
22066
12072
10220
6779
81247
79248
34882
5008
91436
70144
46067
46947
22753
71060
23560
8174
40639
43693
18012
30068
17439
52866
56811
4417
1483
30638
98777
18640
13811
30407
6875
62823
27246
39343
97382
8669
94926
8515
33171
62940
67741
45905
85868
34626
93913
95558
50006
94593
37354
91525
31866
15205
94428
48020
85586
44822
35550
5297
13324
6259
99253
21729
58846
8063
12413
66665
79750
4568
42494
89974
82748
98849
38695
34198
67640
18626
16425
64841
29593
3302
94226
31570
29625
11650
94469
98504
46090
50549
51699
92266
23212
81738
33656
1039
48847
84762
29876
20730
77888
54351
95588
83308
86546
19779
91804
72372
34634
16136
88388
40609
2662
31841
50540
89145
89898
36076
46861
80546
55145
31971
6110
74749
57869
55384
95055
15954
29412
85726
6118
7814
647
98374
24308
76874
32135
36967
57138
1742
63062
35223
91453
88498
94544
14550
62572
66396
3748
47178
16266
36837
48355
63780
36948
75022
88291
24513
36912
10481
25520
75309
47368
87634
93744
10530
56578
28916
81489
79631
46653
60616
45746
78740
26154
12000
34411
5321
82948
41665
52345
54717
40078
48503
23146
94460
29640
94466
70241
41962
20909
74702
2599
23629
13420
68257
20014
47815
89057
89390
93635
17344
55408
21254
1072
76418
41469
4334
49707
49662
24458
79051
50750
39404
20974
76826
73043
84303
98607
46428
49084
63575
82204
68879
84797
23008
52489
14840
47767
12440
36711
97051
78641
18334
52031
23277
34628
1446
62091
78337
52836
13689
57682
73663
56231
61881
61726
211
85811
84865
94556
62113
68072
2027
50703
9046
1830
28492
2417
81305
85276
73978
13799
55265
88271
98125
61887
83712
89668
31587
44521
26877
23562
57150
62255
54239
75399
84424
773
2013
45079
60931
22003
91096
14347
33723
72295
35159
31539
5752
23146
41620
7824
57300
84962
99602
73298
90435
39971
1186
78430
49097
28582
63538
41361
95605
90642
52242
77982
61822
64406
21093
42451
97689
43960
12545
59290
20084
36520
58146
74139
72946
82222
31761
10047
30820
23619
71788
20047
6592
98395
89779
44827
88032
84095
99374
34006
98969
58713
87678
94750
57526
50600
98687
77402
43409
98740
63382
72061
67598
19707
93789
10567
75764
69034
7976
10314
87273
15847
61203
3273
98985
52203
6282
66813
58562
48589
23252
32497
33454
75417
23645
58797
35630
21024
44287
3377
64736
62057
71628
76183
40925
19109
33723
29690
72466
67936
88364
44854
61112
948
93370
32485
24914
88663
18076
65480
99267
78452
12887
84199
42697
25943
27908
38575
81082
56098
24601
23866
11321
95965
2711
12717
49173
70090
21968
4794
12254
5238
91570
11142
2981
92076
11509
98917
66800
78244
80764
70753
35286
37752
61995
72378
41789
26486
6918
55719
12045
81266
50914
78042
79984
17715
19627
39330
37641
19310
1840
89482
42575
58480
21422
66271
96740
3316
94456
92302
30390
42292
49632
67692
10225
39005
805
19151
16446
79003
19384
71962
80445
13971
41324
85750
78970
79696
92155
14011
93775
68532
62191
24750
6358
77648
72244
57988
15145
50128
22263
66149
85048
47981
92826
32940
41542
76422
61655
19562
50337
63529
3438
16107
29244
53034
79565
37712
48587
4150
23995
32283
89018
47234
77634
73898
44009
63932
67735
95642
76136
48643
92934
64428
43915
16371
78910
93701
46283
58872
22071
58064
93465
4228
86268
54526
21247
56027
85176
75918
34773
78027
78017
81767
4061
43258
99036
52258
5468
11351
89707
41220
70485
88338
17658
64073
69795
43272
33442
93213
55698
68023
3607
76259
93307
89360
41941
50776
13947
26346
45666
84626
66222
4498
88607
99299
39053
25792
5296
68409
95938
71334
36614
72999
24643
36258
5542
78878
73747
62162
33432
96981
34800
36327
84653
35625
1594
15921
46157
70621
51170
37338
27325
75330
53610
47312
70250
47281
39902
91802
5396
45749
49935
82059
73818
65511
85896
81908
23070
95569
2927
58260
7316
3636
23514
64651
3596
82436
74666
71852
81082
74288
33481
98833
80734
11264
41436
29928
47797
25304
95077
10442
16188
33529
6295
86156
15547
15079
87990
30063
75766
5861
4779
4531
56459
45595
33698
90568
23113
27802
67712
57380
20750
88726
11044
78961
90330
78706
80088
13022
15669
33690
95668
1621
77882
36617
11503
94925
11167
59659
26499
17878
19298
52445
47772
48849
94737
30833
98589
83714
35766
42477
22575
96766
64669
16147
98630
52031
89732
46875
5235
43126
67806
23260
16895
81727
90563
137
89387
61040
15960
95192
98305
12620
54422
54623
69430
8628
97082
56215
81887
75453
32616
1379
47564
54589
70237
73513
84165
48862
82768
41918
99072
45045
58435
78785
13820
78092
24876
94589
39134
79547
66235
6386
81637
84662
18663
82446
97260
32960
98809
94644
35483
93597
76660
77470
45546
91492
98752
51967
57524
2356
15794
74913
60787
3646
82649
74189
71198
6848
4680
23146
52508
46385
37051
73884
14819
10136
16551
8621
44146
52087
85667
4714
53319
37093
57517
48868
77438
26362
62138
38007
81926
11875
90302
18535
77121
54837
4148
26853
34841
74238
76459
80370
39258
61559
40749
79515
31919
32501
8236
76226
64061
65471
51019
79581
71990
86586
85543
60984
12347
36064
97729
40149
40305
2864
57641
37748
16606
49566
53735
72717
78880
88491
87177
84058
22667
26319
53380
71570
99005
4723
36649
29712
64000
98939
80231
3890
32891
71296
65302
61629
45813
30812
45639
11934
67655
19742
37669
67275
91197
12542
56743
26024
54537
60555
81590
54726
45187
15807
53014
30054
3521
88468
84114
41595
23407
98544
49352
64365
29484
90011
8462
62233
84576
96017
86912
27574
62141
17811
39656
12274
59826
19256
82152
41627
78566
35521
8006
53754
58679
94762
18645
90074
80751
68509
80092
37031
59135
29984
18309
70353
77723
70158
76996
6607
70514
15428
98722
70304
33128
19249
52389
28492
46513
71504
38877
45577
64844
78323
92558
71067
41082
61525
71797
97907
58810
91441
5657
32311
8579
45553
38384
58850
38909
31935
33099
9218
85564
40631
41406
77152
42426
17181
89360
40093
67695
7563
24571
35575
64816
4579
40161
85931
34177
33219
13324
43444
8024
34070
51007
53009
78480
25830
37854
78661
34886
39568
50230
8568
28532
23600
42443
27227
98824
98555
52221
57097
61536
8972
37942
31465
18372
18550
53042
9999
54943
42872
37483
41666
25179
65294
2401
98744
28249
85124
56514
59038
81066
75878
59
86292
42061
33970
95899
885
31366
9423
49312
77652
53494
27511
47361
97473
11709
61648
59607
38059
60713
61368
73929
39552
87577
35774
45651
5840
68018
71790
70929
53680
28157
53028
16877
85018
75004
51938
44355
20785
64967
40924
34350
8162
11304
90545
35569
30854
96558
68052
26276
48324
24402
47688
21432
90259
11140
95690
37417
56605
40272
48648
6943
91232
54419
62928
85089
8302
13204
96835
58071
60052
56545
26856
12762
68247
36199
77500
2554
4026
67341
14535
97899
8540
94350
23979
29645
50847
60081
89334
72919
68259
69031
66390
6432
64657
1216
29228
75241
86612
63914
14969
78378
50561
86311
60053
4663
28023
39785
72830
44527
7713
97805
61037
39393
66233
31538
46213
54364
81863
44276
61445
72401
63078
41673
733
81319
59816
75447
70045
83003
59984
72145
70440
27505
7389
56748
34823
42779
50342
79170
26587
56485
47584
2882
34506
67579
95709
66001
48730
26232
21423
66305
74972
82252
34539
5484
17152
91016
59400
11630
42150
2217
73894
76189
11573
17215
37035
32294
28324
41465
63464
24900
73237
96400
58235
12863
36194
4364
76366
77791
35311
78486
57372
27276
4095
56507
78324
612
33955
54297
65942
51799
61293
99017
10042
44131
54787
1866
96400
3047
7982
17030
55041
1638
56210
22051
5269
67130
12344
38376
29646
82673
42247
69897
12306
45833
58802
60561
84742
89508
58219
68236
18421
15880
24116
70958
64944
49526
80566
1347
49999
20004
6794
99284
12886
83641
98101
87603
84594
40325
44562
20515
21891
26011
51719
34054
73844
52299
82840
82309
81541
39136
7482
98070
46186
26355
87968
41805
10604
62666
46866
84801
47117
74449
46684
23321
72585
91923
5539
98355
13592
40917
38161
88081
89359
30447
73393
58433
52231
79656
50519
18312
52597
66957
20662
53994
96344
72461
52309
4856
88530
62772
43548
73270
77069
81570
27848
49000
10015
97160
72542
25240
52200
52894
48444
69991
31032
17188
92683
86030
72494
15187
85937
111
25243
72382
1891
71581
84004
59498
14359
22052
18534
82120
69911
52183
48180
71755
80626
93365
24348
26155
85836
42902
46696
19028
1174
22455
74529
33899
9240
17856
71917
47071
99307
28271
98873
82952
40995
50211
50578
1438
59049
2438
89932
91224
16775
37367
26630
6240
36189
72532
82309
88528
92176
29409
5276
52811
22050
13047
56973
37978
52797
68812
1258
20705
94760
99386
93140
51390
30428
91343
57509
13117
59697
54641
20361
77595
71665
1835
80774
437
8814
58393
54812
41547
85871
36716
63623
22775
58501
82394
48162
19140
58428
75365
47622
91853
27950
2470
53777
18324
58833
45750
91841
29371
76497
84121
58623
34722
46776
70567
38168
67838
13321
77496
78374
40594
43852
24652
82286
65484
8579
23444
72323
11966
19163
5664
75560
5880
86079
63014
78002
42239
70247
27884
23563
7404
65741
15378
44467
30179
44512
27007
78881
42670
77745
41094
61736
29654
28107
49300
30261
21854
95008
54713
68404
96827
81662
37809
44529
22868
68672
21838
48508
78738
81697
88260
54663
72452
5099
91632
92265
96530
31341
22150
27045
88539
74828
33717
66308
15565
84720
47609
22398
2144
11743
60158
36376
92656
68295
77035
73512
19766
5237
76082
66900
27041
15491
87571
74680
64918
13261
50408
29734
19585
14628
9808
44103
16631
14140
18459
29952
16874
14048
92751
41136
90632
50277
23029
71125
17968
25948
88227
83887
3825
57313
40519
66780
91201
8145
94220
71491
59736
67416
92940
82572
51367
95080
68115
53004
26391
54918
64299
19294
80098
19262
13002
91917
11656
94678
77300
64110
12911
68512
32749
5802
88603
26602
3711
91706
43142
83055
16293
99531
41916
15088
76658
94016
51221
87581
33
82327
4816
77645
57434
19716
1416
24142
97725
64953
69941
2038
53070
43559
64162
27864
57085
62814
63015
43698
39088
50896
67715
34402
77072
86900
37975
18393
23501
55719
35297
3176
67279
6765
64564
94583
38426
74004
84944
3829
83228
28793
68644
80585
21303
33380
19773
35014
2150
3663
4712
50334
41677
7108
74988
56558
88513
14372
14237
41718
14833
60963
56063
30252
35952
9425
73400
68102
1344
75028
73743
3061
42077
77393
83431
20498
34435
16009
77938
22320
27932
45024
90292
25745
70698
11449
43605
52021
973
71644
3970
6413
83954
65434
88290
78765
24761
36712
89744
51615
87905
23430
97273
16437
5106
12772
83475
75222
31718
30330
47479
41402
62581
12341
47933
6545
36059
33874
84211
52157
3720
47139
15866
3360
31685
72206
45086
40015
14014
46101
75087
71014
12784
88400
11712
19670
50416
62934
6588
91705
91381
59067
80352
20358
64931
73395
39576
3552
72469
91573
15706
14569
67110
45979
36761
25395
21308
24293
51335
91223
73554
77309
74155
46943
27329
33461
38491
17597
90474
35372
32213
43967
80226
82064
79648
16570
44186
71838
18234
42947
24746
58565
26973
69757
84602
94344
33939
53836
31181
54113
98130
84840
67818
49059
59351
39341
87400
49113
28379
75887
48213
89482
41268
30059
66403
2685
8555
27033
11280
18873
84021
71678
69808
85765
87920
7933
7385
19183
84380
68621
68459
40520
18131
48070
96186
83020
42950
32821
8665
44831
42038
31120
43813
93619
57484
8835
80555
25638
45877
12520
71031
84905
31678
19892
17146
38747
93160
33358
46135
81587
5479
28924
89546
39101
11101
16182
63285
47675
68046
46203
54953
749
72479
41186
37773
19308
26544
45385
5550
89680
73332
93737
25859
273
76681
80459
80572
95018
87704
26131
30791
36473
74346
39003
1790
89219
90372
59675
64464
437
67233
97347
1482
29638
49387
93931
1026
69144
7542
66
67424
33501
58457
28610
91370
72310
76617
58085
26570
42646
47316
2321
21118
27685
70583
8430
70011
23264
77597
98073
52159
82398
52884
26737
82098
47630
52653
72462
59576
41852
38704
60785
83830
52978
73082
61558
5246
93243
80212
37415
26616
87459
84273
34379
91631
11290
40356
26491
4278
7351
20315
54740
52021
9433
73276
41768
23956
20649
26010
13295
82530
80091
46260
45916
50178
73363
52682
53898
62483
33605
37021
6261
73531
12532
44258
51652
52847
79708
29219
30948
66977
80460
41458
80081
8999
34186
14763
21677
84452
86874
47045
53875
59125
75546
11220
23429
83290
12837
44126
4481
13118
40951
53015
10386
63429
62607
79612
52131
10418
14032
74601
60174
32210
92322
26135
86835
66824
53463
24534
92228
28438
7751
82850
74813
39269
2044
64837
47825
49905
26410
12553
14975
2643
25974
72248
32611
78188
13495
44530
92393
62475
53530
99754
30461
62588
27167
40350
68222
42862
4737
26576
10097
3902
23955
34758
60433
92005
26086
23739
64227
7419
94023
81919
14568
9510
70277
88050
19820
82563
35600
35800
57980
67568
78877
30874
96693
36467
69606
58073
9942
5547
22542
58223
18903
76177
92738
34116
57811
65866
94459
51850
79329
25708
54401
54805
62017
3306
1417
31258
66993
21822
71358
37251
93727
34450
76094
52173
58329
61771
78395
98238
37856
27059
85858
16262
96699
44258
79288
63633
37768
30663
64672
82117
15853
53880
81210
82239
5229
89332
78918
71621
83734
17681
10565
58791
14518
49768
83392
16822
61326
71065
16802
39265
57631
9659
41728
58217
91457
64708
78521
42336
68819
53874
14361
30434
86700
39188
92407
45487
72912
55608
60126
92453
99582
30161
79625
31990
10598
74756
84136
43019
12664
57935
56255
76213
64664
50775
67053
47787
84493
92269
94666
39877
25784
11293
75273
67476
81538
36146
79869
87868
85390
37097
93400
49551
19118
54224
57614
65670
31410
67259
15417
55231
10939
88963
56726
90062
11373
79867
95916
17089
87171
26160
80205
68917
47836
63100
99060
51918
44147
71592
43278
58519
15724
2492
11254
36054
99498
43972
95577
56139
49534
87232
91928
4901
2138
58888
51211
8673
12068
90650
12130
11424
36614
9570
99911
39555
12962
66084
92927
70630
76674
63465
60656
89846
71885
89028
47069
27792
61430
77280
42508
10264
99375
76616
76264
19987
2427
25138
39650
94337
88832
23081
60146
99898
71867
47413
7068
44676
27278
33033
23566
91182
32756
46473
43014
52332
94646
27158
37296
56592
87990
76920
23628
88609
68904
40935
99118
39611
98944
12597
39775
61379
20390
6107
6721
32100
9062
30111
10192
54507
99940
79231
25540
52155
24973
55261
13075
63150
7337
64198
63571
27593
24173
6720
29117
94107
76845
5264
24013
20946
46542
85158
78214
81978
84824
6789
66227
64402
17163
59283
99111
27628
96425
97881
41478
84001
68337
39607
31645
84719
52396
10536
78444
13585
15232
60685
51364
15385
21154
88280
82058
67692
62664
38455
22171
42170
68797
34523
96843
81368
54349
93925
32614
62012
64832
26412
34007
18645
56356
95629
49926
44356
61538
33871
58428
29818
43859
86897
1859
64688
49420
83379
33001
30781
83572
37374
20547
35128
70614
35281
91213
1258
90513
49449
99919
98990
69485
86987
82332
45992
38537
41585
25844
14944
43536
61552
20553
83962
24393
11938
25663
37747
45837
57876
27117
79737
67764
64046
14560
19079
73576
93786
9054
29468
26875
51795
25479
30775
66741
38027
63128
6353
79525
91449
82666
60087
42104
78110
66231
55587
79528
29010
9980
68246
92940
93872
13530
13556
46285
57787
77943
65339
9400
74763
98562
45121
79695
26167
35027
46442
89979
48992
68912
17187
23452
93208
15276
27710
76800
83726
6857
3626
72146
86583
95967
53294
49898
79899
31125
42242
18339
30937
10284
54633
91913
37527
79900
50063
62993
24490
93877
14172
3843
16990
10727
66578
70738
81282
20509
26376
21324
96948
16740
34179
36012
26277
62634
40782
5581
60584
96834
7862
77433
80412
39812
27045
60960
6003
84784
22073
22788
38430
26611
51007
7921
45016
72770
8337
90922
24492
44323
44394
30238
81859
460
63586
49018
3022
99523
5995
62648
53452
58276
8966
33781
55032
64865
82146
43744
48563
70723
94002
62797
65609
7119
14410
56842
90947
36868
7478
53609
4488
85729
55415
54044
41520
52964
92795
52447
21767
524
69975
14639
58331
94720
15460
67225
69506
73992
34644
42733
9514
13369
37135
27312
32446
13679
12142
44273
96402
57010
52723
75315
62700
15675
52355
19017
33967
19632
75106
76321
5509
13771
9033
55991
15656
16985
68614
7242
25133
66366
32784
91947
3245
2453
5060
75537
13585
54389
52193
23466
4602
72912
4926
66188
19243
54581
45795
13642
18003
49077
15338
66
81755
81858
75187
99507
42920
28243
91646
96299
93517
52709
36041
58046
90832
35964
47174
42036
13623
41287
43735
40761
37967
55393
43337
63704
98713
13875
43530
19681
58033
76726
24009
33735
47485
65175
69385
24871
99886
40372
30721
63938
88758
76675
86387
89675
72134
30481
68231
92412
78114
2119
21763
87395
66596
88905
67913
46106
60650
98073
29197
35380
42333
86680
41297
49011
21727
28524
45791
89335
68432
10941
75715
15025
71836
11066
38851
64437
58468
825
88347
97806
28520
22555
22777
49803
38382
56941
61106
67415
85938
18027
69215
61543
25771
4351
12248
65356
76629
90727
85195
32968
28447
55893
80568
96029
57939
78288
5772
16833
9822
53975
16344
71918
66684
9702
51438
76342
30817
11761
9464
39475
35174
64717
4340
59612
85966
32782
33648
87828
37907
4811
81246
62429
26354
68382
90452
93706
57872
45639
56579
78290
40071
83120
58129
90367
83122
37003
61781
77094
13489
28760
19311
66386
46616
48931
51297
25465
20250
3402
35790
65456
12846
70363
46766
65786
79931
7644
57835
95451
20518
41061
47611
36524
81076
97991
87482
58119
49310
94096
84131
40097
68753
99878
53866
62455
87870
79473
7258
33313
90661
88694
50374
83044
75096
54461
67470
34788
21039
48756
79824
78294
43976
33036
27592
34035
69497
84257
84582
12072
1204
16152
48331
62410
88501
24225
927
55240
81739
58203
13457
46265
42433
43766
84364
59060
24199
15828
57523
54654
25602
521
71577
79677
87756
76226
54911
40651
57897
50146
38827
66055
55816
52774
97953
99494
27219
5034
96577
51975
4051
33733
38012
13347
86882
77136
39732
91427
83662
37572
27920
17676
99719
16960
66648
64181
2694
21258
37715
14265
12089
20365
33851
60168
783
67328
92026
13080
51261
29384
77571
45816
938
883
85167
485
25085
19589
95762
96822
61185
93969
60473
69746
18451
29757
33283
51906
63816
61319
40537
15488
54781
66310
64139
38062
84284
6633
59369
84516
24295
35996
55162
67233
67397
27978
72797
24290
68646
67548
35354
43153
78261
9470
41795
31637
20729
37827
50348
44679
17159
4543
28196
83461
75336
65330
3023
59391
61603
35685
24098
44846
58151
82157
21371
89668
90582
13548
89178
1567
50321
77334
13759
26488
10972
71889
51937
2264
73294
1494
66504
32169
67896
3317
41641
76266
34895
81813
14844
40189
58392
28280
69274
23195
48879
47772
5624
49543
72627
1694
30587
54463
19153
35834
9687
44942
53004
50381
67752
22239
25350
13915
88204
10284
29582
56557
62011
76277
25030
44626
4035
12077
25167
51590
51589
89869
10931
58672
83974
36876
52783
46981
70995
29446
3451
94634
66004
13240
87960
34902
31595
66574
14005
55094
98090
28532
96477
21738
92174
9161
1632
26253
75675
43986
6620
26771
8917
21547
14792
28811
55033
49303
23550
85155
61654
55576
11107
66090
29164
57882
16596
16944
5823
32266
45966
26922
34935
53445
97113
81650
90007
74987
23282
54764
31063
97170
20404
99875
47841
77526
88130
1585
48357
51310
64372
20701
79129
250
65052
82879
63761
52984
62548
71615
74390
5974
60837
21756
24102
24482
36342
69960
2793
31358
81199
92880
43947
95567
65193
35962
9562
12532
36757
48423
54270
44019
85669
71160
88751
96943
57819
35820
63928
73206
47436
15591
79303
59287
37968
17295
49421
60593
393
71632
89848
19462
51917
49887
18954
92974
7409
94588
15798
69768
47348
80944
33303
94923
74086
44630
85453
21371
8531
58838
23509
50871
95408
50060
73347
22191
70433
8776
44767
91955
68644
43790
42489
7559
39646
95229
81610
73811
80863
57421
74825
75926
91732
20401
30726
7098
46186
74045
21094
56002
88058
41249
19420
31937
88821
95890
87553
86020
46093
16522
41519
26031
72061
49798
94111
28326
25014
84814
36093
52577
10343
22769
3973
49155
63881
80686
70685
50244
5252
66383
7279
35689
32129
38128
39329
58165
6190
62846
86002
53786
81319
81754
21267
6088
40103
93660
76671
51878
21738
27380
18105
68542
37438
21420
24865
78161
2118
41322
90034
49452
6538
94194
21019
81651
88031
91655
20632
77082
43982
80210
97004
47027
27204
68571
22493
2145
63478
2228
85516
34411
37774
59798
17360
84780
1110
26434
44270
45095
25792
52266
823
81079
41967
2056
2238
18469
81958
32300
64564
45427
16907
59571
35394
14773
12088
72434
52514
47231
8894
91378
23323
35225
95350
29718
44247
78672
85925
89912
25954
3206
8106
45041
41537
48361
49640
2519
6957
10241
52651
92864
50923
45923
96761
773
1193
99011
58454
20354
40823
36870
84243
12698
83199
78549
20885
89048
17058
71341
43262
71824
93425
65588
47066
41091
58885
94950
24551
90753
32187
63405
25825
84137
7791
28367
78826
17452
81972
49441
48723
39216
73774
24826
41322
35089
81964
47266
13920
58305
91493
15849
61940
93935
43790
99636
23521
50118
92789
63602
8834
12204
31101
85196
2046
50699
63638
49563
66707
36557
37240
47572
1891
35936
76348
33022
25205
54041
63415
39684
47562
38260
47220
6086
82910
73210
10765
47050
37206
219
44774
29264
44844
67195
50854
21347
18099
39273
39954
1099
6729
50154
99112
27263
50009
96693
7957
72183
81290
6903
819
60096
19016
6934
98467
95369
90381
25587
33123
67803
33643
7081
47659
24485
93304
54066
7850
84020
40055
78056
60856
72450
86047
8520
38648
8390
21738
61523
1549
94889
72508
62991
87637
84953
46094
82123
41541
86678
99862
20319
43363
76937
7157
7665
67706
90165
81596
9012
91326
77221
48060
72363
50396
85573
65865
34700
35901
6829
11274
19871
38775
26648
23391
19685
94768
99315
79215
85622
66640
30705
10062
68195
12769
85210
94759
34842
77254
20516
98860
8359
64117
77850
98103
23831
46834
77400
12955
76568
26314
92153
88940
30557
64681
11144
90664
24318
97784
25266
81408
36507
84566
62845
76839
27617
61970
3634
29782
70982
8867
45941
39482
49294
95524
97877
79291
18767
8398
90303
29801
80370
20020
72589
27973
80944
5749
17148
7849
67452
37986
67771
99893
35424
68685
98943
73047
46463
15305
49971
37334
28025
94436
13901
7868
5613
9598
83932
99037
72760
15876
28702
68584
23772
17614
58509
74857
70525
94769
94201
43832
3844
69793
23569
60386
39558
31911
19035
37713
36255
86107
17251
87611
4632
5918
56752
40772
49352
78103
67186
9041
42550
48456
36216
92842
30140
76812
56958
17611
62631
49999
4419
49896
77499
25610
38328
36634
14163
45977
60789
25577
65767
54843
64358
58328
86150
30086
55682
7272
31075
98084
67004
12010
14284
45710
57202
57573
13396
44771
40931
97632
33523
42916
88606
37068
39811
50672
59541
38897
7467
17751
48112
95028
21529
96414
66750
24194
58152
75726
60807
40763
38625
79512
75708
62013
57150
88105
88016
2412
53162
57638
35232
90555
53124
69317
73901
60186
39106
55367
88619
14141
69425
24181
84178
65572
53179
33014
21969
780
9954
67691
72770
99537
1960
70376
82648
23550
18801
96367
25238
46899
82240
5770
9785
23122
12191
61828
83029
30374
3258
19300
28734
32464
10218
65927
43133
46415
20303
85210
66210
35563
18999
22449
13208
61279
41851
88071
46676
93440
4393
20434
72807
64238
89916
770
56819
81079
50311
71190
1434
1538
95601
98362
17394
48766
697
52577
40693
16328
38587
99515
96629
86067
90635
77780
58605
44247
13726
90121
38738
83320
81065
59847
80712
60914
70305
55362
73617
53086
77505
5295
78720
70820
78377
16254
32748
1597
83651
70071
43680
11107
12994
8784
70127
61527
82531
85736
28421
29679
29974
2147
67480
42938
66037
59267
4221
81969
51922
34271
31031
61884
49488
69698
89867
65630
14888
57123
88399
7359
55948
96061
85472
91252
53895
16266
73267
35308
48003
10689
69315
92633
75493
65032
27785
67961
70963
84472
16682
52961
90549
66988
31210
35237
85593
485
77918
97478
99312
62782
36543
53336
47031
48422
55003
4655
60112
30719
5157
18950
13038
74290
28236
37835
21840
94061
75722
59274
66372
22555
40979
20533
92365
80606
32845
29549
38463
31307
25630
53327
90631
43617
72193
55262
84648
98056
28147
43976
55968
92482
62282
10744
59657
72817
5252
23832
30843
20773
15741
85025
18734
82719
16315
58593
382
80072
32932
25959
91943
87367
57647
33613
55984
81507
65848
15587
40580
65781
68876
99028
75131
99656
70884
85815
39191
72240
77007
41205
42346
46789
46984
46993
78421
68442
52839
89465
96684
81214
48755
46408
10741
11695
55285
29685
52719
44533
79016
91579
45358
97986
91052
89382
51301
57956
70361
95319
26493
61221
99921
1108
51425
14943
99822
62287
74876
64703
3355
7121
29594
38357
58271
42179
44
67413
34548
98841
54471
8173
91829
67900
68524
95555
89973
88210
2849
16203
11501
74443
55006
30882
53197
90443
67845
92394
55412
67599
31880
53186
22875
62558
62318
28480
22475
35117
35152
94318
2159
44207
63102
59359
62564
20760
82335
19660
85516
30124
26197
39952
40322
8584
41823
30748
76040
86412
34168
3735
35357
24324
53533
4182
28906
18546
26379
11732
49819
65914
66470
68494
96843
43146
99255
54174
84792
4803
43853
34481
33141
41064
50436
70759
76638
75618
42659
65927
93734
23245
7871
41501
56141
93411
79389
61873
35118
52067
47477
64836
26260
76830
61810
85417
84716
27678
64310
7486
25493
46034
23994
12326
62836
86778
47858
60069
31044
28108
82351
70455
58059
69249
2111
79501
55560
60128
32335
11973
31017
5988
43440
58149
85465
19724
7703
98931
94645
863
60831
7284
91615
41113
73193
71903
89708
8759
74915
34013
281
55387
64327
42016
40091
37788
25082
12605
18515
99630
46293
88039
87839
23017
92704
5609
15726
31224
48026
78048
56780
70593
18997
89875
48667
66476
68639
31824
48739
80657
18139
36612
15488
47203
70062
30806
71929
6707
76149
97472
89265
55970
39507
45675
12342
14438
60425
40103
52311
98616
30686
90692
13747
82872
16126
39791
31276
53566
77983
29964
1179
84862
5086
36589
3421
8311
24936
28140
24458
75448
26101
87019
66694
78255
85902
57157
39376
7344
44175
14544
8409
11102
91624
70674
18671
10873
67581
37981
5783
79556
8398
90761
85240
40369
67408
25164
84212
38156
52186
56376
15794
28737
68636
85969
36982
4842
28234
41257
57907
30425
9974
42843
9751
69087
65115
44320
5860
72407
43478
98225
44926
56881
35631
42009
34656
38238
70838
85014
82089
79733
91368
23981
41301
70657
90576
12711
5638
37383
58506
99019
94049
25431
49795
50233
31349
9646
96796
23968
15605
23301
7725
68189
99847
85435
22183
79602
76117
75514
15538
93598
70753
84488
74101
87582
99702
67180
13299
49536
83289
64794
5586
97311
72830
48125
92920
65376
7095
75552
33934
12072
89767
59066
84742
36952
86069
89107
77113
16358
45532
98615
50537
99545
17247
26262
29733
89856
24410
73558
85611
17424
19892
56950
91975
11161
75344
11263
58906
34403
6882
33193
32886
21226
7007
96231
61093
72563
19629
47696
8746
25962
66809
92363
42175
37178
11432
2358
50173
88040
76357
88403
66075
88268
29177
26544
46829
13868
72729
35313
46157
15095
53881
99452
29335
53851
37854
9153
335
17028
28818
80452
2653
23826
96624
47657
91224
22901
39230
47162
31809
80296
27579
92631
20294
88935
57742
29851
2599
7662
86366
6599
76565
89231
25696
86670
9366
99695
23083
30141
43718
45919
68904
74052
5111
41170
17252
42084
38617
80927
79847
49239
43892
35285
71711
96855
44146
40885
46262
80940
84410
36721
30563
41302
97783
73312
79324
21971
57783
9338
53673
57869
56815
30678
47059
62211
70204
3326
79035
62707
48772
14379
61223
68417
94139
1347
8887
91878
1953
44459
37238
8567
15753
89803
24844
11601
3189
63805
58096
99134
41853
85520
59611
23463
92814
20287
13783
662
59567
3146
56311
10951
85310
69262
55808
68907
66073
6310
73893
91288
3193
96829
69200
59216
31385
87118
43452
22955
95028
64410
77152
75908
55948
13989
32998
5118
21863
25614
66425
93777
38484
7561
71229
98741
48012
411
69176
85129
4531
18673
87790
58913
65213
70974
90410
6346
43021
3983
67160
55418
65241
47852
1585
67385
68905
34189
9037
62022
60735
84758
2844
98312
10160
79377
29136
61330
98384
24647
83410
58289
76684
46586
72917
12021
81777
30210
6184
44154
26698
64258
19460
41618
68518
14150
90533
1168
79448
12988
32278
16819
62872
36747
85285
13390
11751
83156
38198
75824
82960
28740
29811
1877
77449
87508
3936
43976
88313
1853
43820
51059
79283
86907
92484
37701
64001
54493
66658
37790
43516
7301
97091
95738
16311
41634
90871
14904
64924
35272
60721
96421
28846
97289
81789
21578
10413
10002
40497
88047
22296
21028
89532
19466
16781
84110
53532
16488
65548
58756
66028
1975
9658
33534
89754
11597
47265
21518
1238
74265
73716
41823
95878
50052
67823
77159
40598
65987
65981
88106
14189
51612
94804
82667
20955
77267
54364
48974
43215
22768
95245
94031
17157
60910
75381
71193
55708
71778
82520
69988
49862
23462
89490
29774
26840
59425
1880
81973
95969
62549
87613
20654
95224
24229
57200
47301
97198
53601
11843
40081
5154
12432
41702
79635
62099
97016
67922
93451
33840
18380
1153
96951
6635
69875
43322
98665
35789
44721
79052
63972
61347
2548
90000
81171
46101
72445
95344
89638
30007
72841
88294
10346
89049
57532
9021
14883
79641
80553
29620
64584
34169
2143
77761
90940
1898
57395
45490
132
28615
72806
59758
42282
65791
62260
28858
56493
56906
43064
86232
48099
75996
58239
7402
81772
50712
584
52308
54292
44892
67540
13248
46116
97018
25039
67834
67749
56902
11899
15899
52467
65867
46742
64516
49498
55065
20328
39008
15952
51225
67627
49452
86319
26337
80150
1139
77100
45602
74792
36561
953
60158
62926
94521
55379
81144
36753
62642
20201
70084
14783
85404
33930
85149
46580
90128
52905
341
80484
42310
67408
37223
11816
40944
55614
37640
48515
64164
35711
84732
89872
83991
14630
89509
96490
31044
14537
82391
43223
57323
5177
75175
79090
58871
47581
25985
75860
60088
90250
46904
55902
74831
78433
16760
73253
47240
34821
91127
15322
61025
51831
14890
51093
91881
88976
95445
11165
54788
52026
30362
74743
72139
28011
71475
2761
67376
42847
84506
75754
94399
65682
39653
42536
47392
17047
19535
58805
67288
52855
9329
90510
40559
76873
97712
27561
57133
74282
66672
29499
58174
45402
68455
13284
48565
84275
11500
6232
63916
12390
3309
93962
26185
78484
21312
54102
76284
24901
46225
77580
12996
59721
52027
13140
1202
33385
78482
35490
73222
73129
9628
36312
68405
252
24480
95730
4204
15268
26198
67282
91886
11108
20062
90440
8793
59140
54605
13342
34791
93665
89474
60606
15601
61998
53367
39776
79853
54763
53779
56243
13720
77792
34876
86663
27982
84982
84778
29173
27958
86322
72950
89292
82619
15855
6001
63289
2389
72791
22801
70322
1927
88317
60102
50911
46977
35706
70923
20837
42597
54819
28856
176
22822
98787
90901
13661
14413
36250
7976
45633
95638
13394
90319
62970
56503
11065
95882
44176
47264
30016
15855
11622
68445
26479
91169
65571
66905
76610
92282
77816
49917
24996
57509
7150
61622
86119
38057
79821
86229
89470
74944
52491
17039
77879
40998
32559
20453
27671
22284
81217
87710
81363
29515
94672
23728
53705
18326
97343
17981
75066
88169
66573
70938
74020
4382
9183
55723
90719
24638
77324
62538
8884
94740
58822
16039
6069
75965
22816
68969
26173
41372
40448
80723
19205
35562
58498
34530
89280
66954
55558
95538
77364
21211
92439
74047
17206
8006
13433
71561
34944
3095
69934
14417
28241
97705
60965
5665
89665
8858
81152
65192
287
83134
63937
4323
81578
12175
59632
49879
88104
48289
26475
65210
73510
3124
80587
50193
2541
13443
45423
57588
39613
44601
20295
93614
91049
68195
20350
52801
18094
40480
53509
60134
8401
40246
77304
70834
43221
29086
98896
1620
5781
35295
94916
71866
36900
23896
92540
61620
57502
74839
47188
63216
61995
30247
40650
34724
85072
13510
53380
17739
51889
9876
57153
71782
89127
14119
4826
17764
28730
96636
24276
49340
59675
7272
63333
49015
41377
43852
3616
6923
54398
60295
37567
40865
4796
89637
96236
29272
92762
56117
78988
65123
44349
32025
16136
55213
92085
36054
33945
25661
45613
63947
42928
31636
96942
76095
1344
99443
95601
10547
8265
78842
45503
59350
23617
93067
21639
99767
13856
91501
68634
78421
9064
53517
16839
27507
17583
65278
58190
74503
52779
93441
35683
17489
7385
83776
91234
1321
94602
43636
5737
71249
33515
20134
34966
43722
27023
84434
91645
47650
77723
77832
48934
41770
83982
92588
610
20550
75914
61246
62344
88510
73507
91636
2960
79698
61827
27107
28138
32202
69400
8604
22748
92010
84091
6770
18615
28773
77982
98682
23221
85929
48721
16268
73777
39768
32752
99046
17794
81879
50605
51184
25749
81727
92277
7706
37895
55152
95266
6625
37532
7749
87677
48016
67070
74211
26445
80163
97014
8364
5825
62407
47072
54128
83509
3934
6990
27715
25444
67359
25148
52521
59307
63833
90635
51661
53238
87
52700
46001
71145
2175
63722
67360
32237
37333
3300
75807
88117
86589
52646
70306
64427
95678
69236
23708
48124
16449
66547
19054
88605
57465
49795
67136
57081
27516
11772
92333
98136
13487
98531
13048
16685
69569
82506
84893
78716
51182
10498
82883
32486
36707
53181
36141
39890
62081
78756
94287
94938
34490
5522
23358
76463
64569
20427
89120
80170
23710
12285
6627
70993
17383
73649
40682
84866
6282
23310
13313
26942
81150
71691
65777
94133
52154
51566
32463
40170
80181
51845
62735
85058
65837
52704
18615
37839
85795
88617
10638
88595
51427
90850
37459
24692
58593
66266
47465
43451
30719
89195
36432
82568
19467
36979
54703
24181
66821
10316
53869
83333
69022
25162
59776
41385
68252
87377
50588
58959
39995
98417
51853
87752
29774
89407
47008
15348
578
37425
49627
56781
18755
94517
16749
32684
83095
91374
48992
83675
66153
8173
4619
87896
67617
168
26756
30755
558
71865
79059
30917
82533
27830
86721
87197
78627
99688
60047
488
11406
87626
86563
7179
2906
22464
62974
22656
87368
65425
29481
57627
46537
54595
50157
8952
75904
65650
8993
74851
58181
3788
38558
29508
38629
45868
88111
69
39367
77425
71684
4865
89386
81722
52070
43722
30666
47424
95525
43287
9089
14096
4524
53577
29066
33795
16534
60024
18752
67676
74810
41150
69605
75134
9506
19712
33568
90535
83130
65237
4541
13613
73923
93876
70072
6612
51111
72510
69108
75337
33607
50021
84710
73021
57264
39064
27983
76737
94028
64364
94950
99611
65620
64520
95539
1987
38435
52429
74168
46044
24006
77376
38539
13458
26512
29078
52702
70860
13258
37819
48543
38190
27431
96254
45146
99375
97590
59836
73501
77137
43377
75624
54900
4962
20754
45076
38035
42830
54148
7871
76178
75551
40247
37883
92722
46834
95662
82233
44478
86167
98963
97588
56205
98949
30251
80438
3907
22807
11587
31563
3767
51783
6217
27968
57648
65702
37112
29527
34088
71157
27307
76491
28466
67587
4466
31962
24152
75619
89890
96883
22397
92648
27911
87901
67106
99936
64597
89058
65508
33835
32028
48759
80386
46743
47066
55561
9436
88954
1674
85125
12023
71242
31610
55747
33949
74492
10298
59248
77953
36183
94544
59383
27392
31380
20329
32748
59523
3413
28330
38933
68961
62175
75524
96149
73089
53301
54214
39605
83486
11858
5997
73457
65059
88227
79222
17117
72853
44414
20595
57906
73264
45923
56284
52057
81673
60750
71069
8179
82099
71830
80430
64451
20734
8869
736
44536
66073
20724
21234
12186
50232
53859
4643
33200
18481
48530
8738
5292
24480
79902
20162
31316
1898
66843
64361
79342
32734
3723
91368
20935
23831
13240
13764
38720
9951
6740
64051
20181
33486
25930
67266
16587
90672
38112
88307
28118
50468
54700
61860
91268
44000
24656
26186
84585
65170
44115
79965
12520
40674
71614
99724
55931
37555
62607
42194
86816
14952
47197
47264
20320
89411
11049
8986
42652
5704
27614
13438
40502
4641
83301
65438
8569
1531
58631
21455
98246
88845
48863
49786
5565
41240
86075
11280
21860
44298
77327
7354
51191
41149
33494
17326
36780
21468
25063
36765
22401
39398
61264
33994
95269
7211
37105
83989
57824
5171
6839
23253
46367
43550
32403
33061
29568
50310
95831
45493
16598
96800
72428
34369
51065
84834
22355
58078
43982
31614
82390
56977
93135
63661
6538
89690
76662
8551
55044
10285
29067
88206
85429
80705
13479
43306
15523
60001
80165
31503
87845
63137
88836
3771
98906
72650
92091
10043
71911
32182
27738
11501
29323
91320
93752
15200
30337
10834
30335
13016
58226
13834
94288
47566
48884
53078
94291
14932
7458
23828
50720
1462
11481
58070
39651
15196
49165
20219
84464
18668
61670
98681
76547
26924
7290
56758
10322
55525
82664
30614
21553
483
51822
3535
62978
28217
74504
20312
24919
82049
59910
69600
47685
161
84520
92795
32871
50153
36409
98518
66028
17273
37029
29932
66526
16704
23959
71665
2032
34175
372
63019
78787
34251
97614
21185
62645
60690
11526
72620
76774
99829
81569
65706
53480
31571
71909
88785
14563
69318
17489
59808
64643
60806
72983
14993
90591
51596
8598
40683
31110
95122
58328
41044
78951
62549
27940
47268
96797
26300
87649
32309
18453
6227
91465
74038
82494
2064
66501
95198
41324
75510
58891
48829
47305
74776
15216
29678
97625
44117
4203
47561
2056
98977
6056
2294
32498
22757
42886
86652
60590
8221
76430
38327
56632
23967
30928
17287
954
98363
44411
94117
83094
71518
93337
27857
45010
5265
5797
60358
94145
63678
