68895
38005
56064
61691
72042
68269
96970
43363
31157
35849
35294
28842
28833
708
24154
72073
81688
13701
28903
53558
57815
87233
88014
89008
57686
70205
34491
17777
69270
38257
65325
29350
262
45703
46774
67771
18385
85539
15670
86511
65127
31101
6382
23783
50150
82825
15139
13151
24934
856
51250
34778
91262
18423
31082
18970
61686
92693
78698
46731
52554
44867
52792
82874
5559
65748
69275
51812
68389
18115
52566
82313
91377
72531
31458
85439
14070
85681
16742
10594
38296
95958
61718
29065
70284
46410
99941
14996
65255
96706
96647
45473
22914
23690
32808
638
83047
79005
6947
81337
16026
77041
27136
91508
8615
52912
4846
98708
60228
13472
53368
55416
11618
22404
37894
26566
56630
70012
72723
22337
81918
29224
38663
9719
25970
48042
42960
14647
99625
56744
72866
36127
39205
61553
64840
88436
7900
43831
84773
43979
25764
61690
34732
88100
2681
23366
38744
40150
65358
73683
41993
51269
86191
39946
78684
29232
99694
32615
96485
18119
15762
76473
48555
7258
78840
28999
98849
22765
18789
62125
83389
8584
46857
48515
80150
9962
59729
14879
37375
94749
85834
43537
25722
25252
55085
93580
99515
96625
48331
52293
31482
50196
50198
45843
35220
79502
62697
12567
47423
73188
54293
96181
24520
73678
554
7456
22795
56527
23870
36147
64238
5567
71229
85756
35515
75619
13933
45619
84024
2110
60220
78664
33028
97217
95432
14811
35376
22559
86891
39333
21335
36796
4033
86772
61947
90691
77752
52243
6814
94869
34931
55239
90011
68735
5659
32566
16863
93797
83074
81923
23302
14523
49717
8756
47990
99571
25821
44917
97906
51184
76754
28821
54108
61369
58909
87885
36491
96713
14728
55809
66308
28259
35429
41183
73624
6242
85112
16005
97594
46415
45217
36255
79835
81004
55594
13357
90980
77005
21865
34115
42575
41318
3474
42827
45955
62399
67613
14789
42666
23237
75951
34222
48112
75706
76104
56862
27962
25196
14376
98443
37281
29699
97310
18796
69514
96596
63535
92024
73827
43155
54399
33324
64315
82405
65632
81163
81471
33971
24660
21151
81325
23706
57056
61054
30902
42464
37807
52905
36245
15009
48575
1710
6855
4999
39437
95565
29478
76152
56184
31319
95366
73129
17684
65682
53450
54897
90030
14201
61028
60728
39319
30688
58344
29006
90063
54006
73643
98136
20367
47779
4317
22436
50706
43921
0
89950
46337
75046
6692
63452
81626
38927
5697
7476
55100
55769
40976
40173
84850
59449
22279
7346
70649
97868
34703
23651
72528
57368
42115
47622
98747
25233
27142
50075
28372
91255
72865
30765
63375
60189
14105
73444
85895
77221
41449
9207
19274
45190
96257
8478
8318
11279
59003
74502
8847
55846
38965
64382
46103
64041
64784
40494
80776
36182
9444
50952
84633
86630
2974
62870
83242
11379
25783
40883
31221
9179
43058
60982
55635
52701
49777
22920
91592
224
44532
34231
59181
44402
65744
52163
13496
51630
85000
58741
61098
34295
35147
44688
885
22241
90922
69023
10631
42095
55987
2094
41815
58230
55630
95221
54987
49633
82772
17711
60804
36238
56295
97193
66567
41461
83731
15765
75912
5257
56991
6462
31413
14135
56367
11510
62780
41836
46681
62252
62362
5395
58977
30297
55521
82331
11828
48025
13157
67286
94750
79895
11428
50718
3048
75680
97456
90963
785
30522
23354
40000
74664
49006
85052
1243
45667
93376
7490
54154
87871
27903
37238
13091
98293
75128
68424
27372
65621
47909
59670
68673
19650
87075
51005
53300
51338
96769
95068
17967
85760
81364
78113
59093
89495
1223
94195
46662
38941
23888
41052
55969
4401
61598
3120
84132
34883
1006
83422
60239
75367
26461
75250
1286
34358
97688
24996
22005
42081
92975
22753
56462
61842
46568
27603
44461
48641
97871
14128
51389
88719
79787
64476
4660
69667
80748
55612
3641
53887
66177
4601
52262
54110
47462
29292
48808
5164
82810
47468
42755
2593
93998
17169
64403
62300
23898
21060
17613
54841
82314
96613
932
42702
12181
53592
62023
48936
64686
43021
45767
39196
84243
17323
54903
67308
76163
91705
61964
88217
92269
27497
62116
34272
61379
27713
35107
53970
77453
28550
83800
44659
8186
42887
76958
30831
81106
76579
7742
90772
21190
46585
92722
92336
73545
81418
25828
17928
97848
93645
24789
16977
78644
4175
93178
44783
77073
98468
63169
72200
28806
78318
10065
90404
12197
34953
28111
28516
89957
54545
5853
97403
12442
26961
32093
11693
41863
10089
51
9763
62089
66395
28968
16616
6516
8146
65483
39556
71164
21935
55794
10962
48714
54545
4798
18495
79758
6496
21692
81250
21363
5079
40872
43538
58318
93292
1292
32425
57072
94620
9574
81779
58043
78200
54664
16114
3249
82694
46329
8722
89032
84342
80409
4292
64186
24386
65761
20697
83641
90208
99785
50653
20096
47079
92451
61549
97220
52988
92036
97782
36777
47512
64451
71628
17329
80055
90234
38243
93135
49600
55178
36878
64954
64492
61467
11954
96957
94613
11392
96261
33707
24860
36377
74728
99440
55863
92274
53087
78978
69621
38441
69097
25782
60591
589
15584
95119
69582
25729
74671
25906
63475
82144
12075
33269
44326
11643
34799
15413
44702
47870
21528
63175
16777
64336
82265
74470
46842
88665
70844
76907
85197
95966
70966
7003
14263
70728
79558
31642
63854
85282
586
3069
32882
1473
90333
47869
85592
26686
30577
89000
56817
52159
50437
27857
66715
70676
5091
2439
56643
78972
24857
1124
64982
87624
24145
16572
97955
85815
90031
73653
19246
98689
25383
14965
9811
38160
55609
86423
20117
85735
75786
35960
22243
41766
56960
74638
81957
43430
93529
68311
54697
27647
28137
31023
24964
24682
60814
28860
69127
66848
99857
92676
14944
99297
53948
77534
45930
62256
73650
66694
75378
11515
78928
59081
12006
76825
12222
73856
35580
37773
97009
24570
86845
55879
14016
79826
98220
94633
65921
58272
7127
81702
84800
32395
32537
71782
61979
79804
53673
36327
4829
78414
58946
21534
74389
72897
23952
97947
67058
2701
63764
11978
82461
63604
29300
84214
25523
16656
16610
58248
31710
83788
52775
5005
58575
32687
30092
80949
32858
94610
63045
92472
61805
94547
31067
20915
49486
86178
59412
47344
87505
43449
75680
13444
32339
89640
78403
10257
98485
49614
33274
61068
1848
90276
93740
32185
69586
1043
65135
15826
12331
87462
36083
44262
93463
30810
19759
4479
84847
10481
94566
60316
28430
6
66837
69148
80421
43387
48828
73948
76411
66383
74919
39512
85349
96075
70232
53038
97918
11579
77523
29248
20963
19450
27974
10007
95437
19174
5810
33157
80780
73042
79514
3523
27389
27418
81479
26169
80072
26225
89365
43452
6520
55959
18558
41425
5367
52071
75553
6512
70502
84140
21231
63811
17110
31955
51122
41998
65158
62331
50298
52361
60505
21129
68516
69161
85683
65208
92905
29341
57456
56974
27265
35795
85793
2378
67219
23002
34148
23258
26010
98787
38174
5448
56021
2241
72376
76340
75179
46959
65236
18493
44824
51984
61258
81689
74169
48626
36931
49093
30960
32620
48145
66582
28277
58118
82505
24973
62681
78392
66622
43688
27575
69867
92923
17782
6266
38715
42877
23555
9893
61534
555
50801
84163
84702
84018
48935
38284
13026
70145
10179
82160
98539
18686
87020
34307
71098
11556
92515
66373
11087
60026
86615
11917
70636
59600
64151
75889
11095
87576
6146
5684
90047
50879
7066
61613
93206
83943
37911
94000
5885
71138
34296
51452
80413
87917
14581
85952
17
87175
67536
11882
23522
79468
8009
16334
41258
13362
15473
1519
66681
51615
67222
42701
9878
35397
31421
41483
28445
33884
53421
59067
40807
38554
61640
27433
58055
18769
51029
69825
88145
58341
6296
72798
79285
95048
54340
2256
65449
55220
41671
8936
56164
41989
47491
31939
73703
98192
20764
81329
60438
26724
57645
38593
47812
16348
30197
45675
92717
71453
911
36281
83292
39826
7168
53106
99885
15746
47498
68581
24205
76843
46525
91375
46653
6589
77356
90378
48534
94837
33245
2386
12806
72820
2170
8020
6392
33596
21125
71861
50002
49159
12137
74652
62904
78787
29131
60221
54254
74862
11967
83459
45530
54538
95511
60313
28296
85469
54262
95478
29607
98023
21411
75171
24464
81537
93305
23817
59943
62639
35323
15740
7419
86881
60133
7934
43271
94956
27870
16913
29979
54111
15625
47389
2676
79653
58330
63386
72679
83703
79813
30043
62142
53371
86579
439
441
7069
3566
79797
2454
99016
90204
81235
971
96288
38792
30515
43631
94751
11035
39523
29976
91979
87370
40167
73792
1809
42537
45861
68481
98240
47549
88205
87007
39812
55983
61923
24453
76477
85629
7499
77383
61627
60234
80079
68966
57496
11350
61584
19923
89811
9224
20486
54667
96132
10023
64566
99136
75841
80232
93711
27128
51884
70370
57313
10606
61910
83037
85115
91415
32949
61385
5855
83391
47389
39563
34436
34866
50526
88178
96295
2486
5785
69896
95376
54869
7392
46660
10332
36185
21577
32892
3884
96528
97615
95095
9993
64079
64998
3073
35123
38195
63161
51832
82213
8610
71521
64771
73862
74768
29891
9794
36142
34238
97447
97824
46962
23037
53297
20197
45743
28655
36382
69384
70767
63054
26269
23970
4827
72263
80359
59357
24350
27006
19740
12876
89937
22709
82460
43348
37608
36519
8062
44200
66136
65614
52177
51186
42851
22500
98508
28301
29474
85991
87828
13072
14317
61590
1162
37765
99082
61016
27822
90263
39120
41500
13364
28329
91831
46554
7681
60548
73151
10744
16642
69321
49561
15401
67049
86084
95669
34929
72230
46145
68265
80547
61022
58329
91674
71947
6762
60420
66282
56071
32046
48338
27071
70096
32660
76117
87436
61431
10628
71830
89118
55402
56291
89896
80229
6581
81606
5754
87645
33221
8817
62597
43960
22537
14992
59909
52329
94417
77136
41637
47856
7672
43387
49715
3485
3902
66447
68018
739
83278
62202
40975
20794
21311
93556
4875
56080
66165
16921
41846
86926
87079
12578
38845
19043
99835
13854
73498
42191
73326
22098
81002
22190
68368
43530
20829
85695
69035
6618
97222
31759
56356
37814
51217
17319
80251
30091
89140
8399
83693
54008
73118
42749
94009
72236
14925
97086
79199
17981
1820
32960
1603
98530
19128
91418
84017
53806
10068
79128
73531
82282
90227
66662
46526
63597
58274
41465
54051
538
47752
70613
17377
67575
27125
88702
43007
14053
26104
57918
57879
95233
59213
18639
91606
95766
90451
5734
17824
8156
29436
7773
92433
27377
70333
53628
70302
88178
65445
56515
82714
59159
82635
35413
93493
50056
35680
28612
21918
55552
63395
67830
93001
95964
76371
71953
8715
68032
4671
83432
91362
18087
26553
96290
80050
97796
54410
86307
7178
54554
77087
43961
71525
97012
13536
16869
67885
25602
55073
26756
88281
32496
78514
48154
61207
82693
54353
49658
87525
30005
26336
72243
5785
65795
6800
65722
87681
32663
46780
69392
80421
77400
6867
8305
82856
64230
11437
2745
48013
34198
92894
15282
18453
6347
16617
47806
83495
1517
44300
23165
61769
13897
50361
90044
47339
5637
82020
9786
77699
21726
984
26360
55730
75200
78853
27133
19526
4609
90004
28163
62649
58586
65019
38657
5750
65091
93483
12566
45723
62922
58182
59951
76826
95312
22863
54037
23994
26464
20314
21238
90267
47725
60418
5678
57431
54983
68921
8434
36515
46233
22074
53944
88341
21314
24602
82630
14847
53613
477
5494
82425
13392
56197
97571
97725
40382
27110
58484
844
42441
7924
98817
8302
32984
99550
10950
35223
84576
55348
56707
31652
4418
48771
86413
92709
55393
72193
74805
23573
95550
19363
7731
60068
14514
81549
33871
68918
92743
47489
22667
70403
91891
10328
67792
73183
13810
78607
80468
50357
70303
7833
64549
91693
91631
80946
32693
1805
81579
56083
67841
53659
64808
34081
21376
36192
98436
55520
91556
18599
98142
96710
54704
83301
30034
94474
19447
67891
17233
82490
59884
26839
18425
38540
96684
39393
37846
75020
64772
47825
57364
84597
10623
17813
61152
15899
1808
87184
63514
87236
2745
45623
67001
73847
69238
19541
51771
35756
76745
49006
32839
54915
53219
7584
89442
40625
97579
66789
85162
4917
53646
61013
48946
79561
36643
77769
55578
74708
26681
44634
28073
39932
15040
54728
76490
85625
20977
49078
802
2500
97179
95187
88842
84078
68875
57364
66956
19597
27991
18524
94750
86385
92103
40029
27734
92661
24000
49464
5161
49
8815
321
9893
17581
68526
39774
92327
43823
57526
16622
32697
39637
50849
75590
35820
85438
45882
3414
19406
15939
4964
48811
75239
50244
25955
33806
67830
12028
54379
19209
3107
982
31300
70729
12865
71545
94294
80702
48322
82527
22647
35872
60534
99076
21262
12748
3874
83193
5955
59308
43641
69623
5349
6421
74362
37201
86487
83626
40997
80771
29176
41565
34747
84743
91917
77366
39377
9350
32942
23084
62000
64075
46122
87856
52589
18323
28535
1865
69344
88865
53082
50009
1379
39406
41967
80735
26633
35933
65942
29526
8824
7629
15418
62683
48612
68839
53407
55788
77162
78199
9191
20459
22438
72152
98497
96001
69201
78504
60848
40928
23866
66011
66227
3841
37503
84139
83158
57580
97001
13804
61524
25974
61442
89566
16134
10885
68052
99228
21293
31375
42687
12241
77432
93856
99702
60874
67026
90841
44150
45222
61004
98998
89476
70026
88610
98472
23938
82514
44973
1537
62286
56258
95141
18095
40856
57306
23344
10815
36157
50984
72843
3683
70084
74711
3251
70446
44757
56421
47441
82267
92625
37874
35712
80846
68754
61492
77404
86386
70911
45640
30537
35458
6828
64258
1661
51075
90700
69286
8075
34030
15700
464
86541
83084
69198
45581
1421
4793
56246
34796
5968
37771
65589
65455
41983
95180
57367
58139
84596
10851
43659
51695
54621
24434
6871
29586
27504
67160
90613
59365
78540
87605
6029
87
35271
3278
98352
71383
62713
46535
8815
30116
55300
37421
25078
7169
90591
19222
91657
45892
61789
66783
97465
42605
33631
77109
59970
82644
77619
21360
69860
34843
91686
71897
84157
88131
80013
67853
20703
9594
13260
59833
46419
90097
71874
83877
69673
94124
44881
66861
24027
95827
65357
52106
5565
89958
11745
51440
70435
69069
60216
35696
3696
60940
16558
96446
75381
50198
96436
56365
28142
69785
19354
50902
35285
43831
39676
54551
64546
50293
89484
20472
20800
36427
34584
64008
16076
57532
1527
43207
16268
82496
45301
21213
87082
93693
83736
61255
68236
5013
16463
31762
30546
49336
39254
34719
20235
65817
69960
59751
3443
20095
25186
99000
16813
35538
37456
69342
21913
84021
58806
11677
17427
91539
19069
54873
62216
3089
86584
65401
57077
68931
53682
23680
43390
64027
20437
91579
53223
54173
16665
59321
93491
37006
66408
73364
43414
86666
73098
87214
59737
60468
43090
89910
71114
90216
70340
40586
86941
75437
3169
79127
28996
79366
92785
96731
97318
91431
25611
97420
25247
54149
29380
36209
2739
62438
66737
67182
49680
54040
89019
43837
52703
27901
75775
99511
73926
60836
56510
77939
56958
38675
17160
12453
63916
33408
13792
27368
89471
76479
6060
58454
23301
95830
73083
61235
65129
83884
28819
90346
75021
5664
7830
90511
86016
38869
65648
95300
72668
91147
68832
27639
3518
85161
79520
94440
93475
16182
63955
82089
75004
82536
21995
86878
70574
42547
67187
12899
17384
97795
60543
56045
86082
72421
87023
44809
73454
53631
5146
87392
56734
38528
73436
70204
61266
84690
83646
83556
54843
9804
48095
73411
55089
19108
71868
999
28174
6306
40417
43110
73189
86319
81004
63322
97730
78828
33498
27597
24000
32959
42704
5776
9985
15753
22760
12293
11565
58515
48598
23292
41706
95846
62838
46106
97555
35193
90709
93494
78201
55685
74168
43230
96595
44181
56396
15926
72803
30649
69387
88672
15783
2074
15175
91351
71481
54600
24471
68053
45027
47374
99420
59701
46402
69223
87662
44979
59670
87370
37288
29743
52003
23457
8876
90640
47303
1304
20276
21157
40536
94288
72758
13767
39321
91059
70803
86074
6649
11170
29853
69874
34121
54985
20963
6066
48280
10996
17946
96560
8973
40828
1257
77813
90719
6682
22513
30208
74228
28284
19991
25002
44692
98453
16784
85572
60650
81006
50376
23772
67191
47162
81582
8863
57682
1896
43392
18552
31584
92721
52942
33975
93420
61490
50061
19468
98179
84755
92219
3571
48238
19365
85834
10922
92141
7467
81900
75196
39277
28527
62713
9378
83430
85558
60831
84608
19155
56685
68486
53579
43886
70530
29534
25034
64295
90128
61224
76474
97153
46290
24287
93195
43178
27448
57185
69512
33013
40759
2909
56820
51574
59515
16443
49775
57977
9560
32130
66425
49439
8350
58442
50637
36886
45355
39839
74318
44659
60410
29006
50624
41487
15705
34575
50733
37819
7416
13135
29928
72130
23741
5433
67246
30618
59509
78817
16456
10085
70533
141
36845
54410
68862
51008
49669
98700
94639
98372
93896
85156
62452
70898
62724
15231
39597
31873
89214
84342
97033
80234
13136
46598
4993
75412
39600
15244
16961
58112
16401
54015
88257
82419
22690
47049
15026
53467
13749
64739
55731
74816
33563
49004
1251
44969
21642
22246
72817
744
92224
32334
87920
24579
14209
36566
4838
70784
81916
64608
46756
13068
60173
44441
58287
61384
28507
71407
60508
28368
22817
58449
46171
58121
94186
68002
86154
46919
10549
77273
91627
21912
37881
15544
68688
57521
88225
54726
44690
29746
62584
49259
97440
53208
34464
41416
4469
99456
59484
65905
34466
43635
5422
74152
17419
24562
37051
25815
27790
87167
66762
40298
55613
39301
56139
14278
7213
7462
65204
56394
27911
72127
58919
54881
75195
15257
59279
40480
71253
4463
59305
32930
6696
45239
39616
87870
65606
96879
23472
81473
37106
82246
47948
17806
96684
52036
17244
62319
37771
54326
37822
91862
14026
50170
59756
66324
33273
46787
31326
87733
93876
54442
90310
94934
37616
45201
10106
32261
90193
62101
17711
18260
11738
36912
8288
56377
7772
32967
37166
62180
56495
64727
59937
48509
15518
21367
84013
29722
27228
84202
84752
12891
24693
90947
77655
78850
71008
34037
18209
63058
76944
80438
3803
83747
91786
97168
77354
86814
24017
55812
97831
97723
52508
57083
16004
597
553
23530
85965
25703
39402
70657
90922
63654
37374
39056
44832
83226
88059
22998
80760
87737
61511
40
49335
55234
55750
41179
65292
78867
38254
68942
66089
51336
98326
83798
54121
46929
3821
71911
41903
91758
30823
33724
20815
21577
5489
77636
82374
57328
38758
76169
30883
56750
50042
15646
34089
78085
82099
57444
38029
11883
58040
23065
13018
54942
92290
6910
22676
27268
94255
56675
74457
84643
47893
53937
50243
23034
91667
19955
89675
15802
28931
43426
25960
96869
73228
31212
54548
65953
36532
44512
67823
72409
96979
82041
97373
60049
62147
61861
68746
90147
30739
80656
7342
95707
9338
76722
76748
59787
41960
62801
31764
10572
41240
79476
41096
74386
95490
33734
15292
21066
57582
48899
70198
18675
42179
52994
83957
59862
16893
31103
60207
23075
45756
64772
43314
20713
93209
82515
95659
68306
10900
11347
5669
93017
40744
14708
84266
53257
6656
71040
61669
83699
67907
89953
3655
4715
54123
99561
6024
79488
96244
18401
65830
1430
45967
73586
70665
82594
22390
98378
55143
47745
24474
21579
87138
64213
65368
46710
15183
95677
19722
75375
62867
36304
16633
39277
82790
4086
44561
76320
50009
34563
68365
2143
44627
16113
77201
79598
60215
59641
19350
35081
84866
35853
4607
4015
1424
31797
70123
30765
69502
92196
85700
89061
89098
2230
32916
56284
57974
11464
84919
42589
49708
43508
88747
25837
60475
36232
90019
96748
72608
82978
6556
83940
23776
11658
17095
94034
45489
5836
85157
45742
68504
36144
12657
68664
39181
99096
41366
9121
26684
11125
43681
33875
900
88070
62066
45598
20450
68783
98636
97920
25288
55826
59788
2640
35974
5132
31990
48904
14154
84974
64042
53292
19652
60310
69142
60411
11298
54058
39653
19025
38427
35889
39829
29046
5543
80334
10470
65767
73035
67834
29711
58271
20723
42044
58058
31873
58391
19175
87311
62373
94016
81584
45887
36221
740
97803
75447
37762
24140
41025
5252
6400
71575
96720
35925
56923
32632
78015
81324
53532
30043
91644
77071
29724
77701
11061
2779
29899
89400
74927
68984
24189
65077
35302
22151
30163
34908
43521
79255
39169
48528
43281
46135
45857
1910
19142
87527
16820
10523
86094
94087
85072
32053
11179
29969
39402
98722
15600
82594
7105
89101
51160
41267
46245
99087
67458
53766
65250
51153
70637
35484
55405
73072
25484
66147
2857
88345
48422
28461
20278
54164
10510
75708
5304
2974
11833
60089
88415
69390
96865
60291
94840
89721
97941
11653
29871
85712
56602
56480
86623
17447
31331
19560
728
11121
80136
56075
64844
23335
63462
61483
32278
3655
98195
86093
57511
50009
84924
45610
41871
26605
86045
17955
63300
34048
44380
46257
72721
2590
56802
87450
1278
92065
10647
97728
62552
29175
95993
32115
4926
98561
41208
88583
31751
34200
76338
81152
37266
50859
75910
4969
82764
62531
82327
60677
91928
89383
31583
34141
13022
15099
65965
69239
69171
16707
1085
10664
89664
12806
22962
69216
19922
82478
31666
42883
87933
75499
12574
84152
1773
37271
24268
85915
58987
42644
49252
43917
86985
89522
21459
73195
97066
20013
57071
60348
71601
42290
81256
34243
91652
55938
24359
79925
53788
33264
65190
13028
25196
35236
9003
76410
70796
65826
76451
11425
28801
63332
14615
75775
86218
21444
30733
33888
18666
84278
59421
68811
9389
80178
58670
17142
89464
22223
89165
53526
62706
21739
19433
16334
85481
35783
66190
79944
15714
1423
86717
15522
81185
5336
74244
28448
78001
54498
26335
79168
96304
94972
51850
73962
89018
86086
89537
62885
64593
58706
68119
28103
45414
24292
5999
901
60966
83929
46395
94056
58404
71651
14959
88769
20063
10386
3104
4467
38383
96047
58590
64110
42386
4386
38667
42204
95181
71315
62711
41556
59393
19949
53466
35469
748
74814
62028
78252
26233
4764
43269
5630
87173
84802
39436
42593
25295
35447
80958
97660
35451
60687
77790
73487
99106
4523
72147
5670
63866
61116
54978
9479
90494
24325
62408
64554
52314
70302
14324
15752
58901
28725
63360
37004
53594
82287
19338
66951
95781
66636
78195
25248
647
13096
84787
88136
21142
60253
74102
78282
9141
13094
7095
25857
96987
89951
67992
30373
96578
51816
64763
32509
72334
55368
1504
18520
86391
74830
88604
61527
81909
8851
23506
21954
14568
24443
81328
74778
21185
90107
85769
71182
70609
35572
67402
11976
3596
84541
15452
61439
87288
55455
62709
49391
73304
4889
58842
80389
98800
94820
48629
38260
69300
33201
31727
87014
49041
35151
39947
70060
45944
23977
20543
80150
74306
47755
72527
5470
67685
36677
2344
92766
41426
24232
2486
26178
64423
46381
20130
54776
84056
48789
94123
50244
35541
22155
27999
27792
85303
67686
73591
4385
2413
88330
57613
86852
70878
5262
15802
75399
72058
48409
27792
77317
50658
20774
71377
91193
69648
32070
95691
78964
35171
87940
85008
24649
39979
99523
33974
88997
55758
25572
39271
3612
76245
72100
56678
32094
34359
20290
65343
99689
39967
94
5513
86680
79740
84573
57276
36057
8325
22761
33353
90493
20135
58678
55258
71080
4748
29247
50342
11208
14666
44334
92401
32450
18629
50906
64510
72071
70946
61611
55378
66886
8489
72921
13255
13852
84885
75602
6857
70214
72188
70203
64208
78103
99638
91310
80347
46789
94252
48065
66821
27837
79582
77703
93383
11927
10800
8304
75306
53796
90258
49196
27239
9475
75051
47309
4125
96052
6497
42345
27053
60708
1832
7006
52949
69926
80101
34161
18120
26243
53181
81455
21287
71272
69023
3060
30302
47742
60586
19146
15581
89879
68348
14217
59953
45156
20569
20893
90815
59780
79988
45381
51516
46198
17085
60792
80140
79375
94759
42210
73685
14983
10292
29932
15295
35694
45472
29433
91978
83645
78471
57004
31916
39910
40500
17191
83206
98733
20199
82255
38881
18608
2721
72683
37802
1634
79567
92235
29064
90165
54641
60198
70422
33237
38822
87675
15233
18
20022
39193
44543
29206
2043
85722
23370
71061
85773
17034
30840
81025
48937
89765
32920
73085
37277
90334
42123
28106
25490
6397
55453
60669
42071
29440
95967
74641
902
45986
42562
54681
95061
34200
89201
81806
32667
7736
58507
41638
41340
81909
9436
50278
56595
91717
4632
50798
21788
21443
94003
95250
47003
73488
45440
73066
57708
54517
37955
38495
32264
14595
629
25029
54128
15644
5268
55720
38777
60042
612
98463
8565
49100
58374
95998
6810
78610
64596
81255
65649
60478
97558
74240
12957
53738
5444
65343
61061
59080
94744
69826
76352
62404
5038
47612
38876
33734
61820
21770
18571
36116
21288
64483
72523
93972
23083
56237
83537
82383
95936
9037
50417
46610
32680
3190
34444
17229
56637
40803
62646
19774
6705
52863
58722
5000
17890
73889
38605
5692
94492
54070
14852
71834
22252
89271
95027
82545
5309
90009
10635
73218
86288
