46472
32084
4242
92026
40836
15319
89597
39910
52850
38805
66214
16058
34467
75712
16608
27021
46466
74259
99011
25140
77647
89891
95443
21377
38772
14676
13644
58764
77477
57256
47111
9743
75225
33938
81388
56586
30815
83721
92148
75336
87615
73816
153
5689
87151
59378
37852
82590
20462
37570
17203
91523
63585
63553
11309
98854
53159
36801
3491
36630
4538
46022
55549
16694
51749
13845
31582
88225
46012
67812
95438
79784
26941
29968
73506
29751
28962
98030
32457
28437
59487
50553
1941
78346
91102
73418
56068
53915
55828
11430
44043
47792
88927
83217
53694
63511
1535
63936
30942
46274
2767
39724
16319
91051
15775
10338
49653
8279
59246
82392
67195
90680
30313
59834
83007
96749
78874
8386
86541
44004
30255
83494
57015
35040
9033
71116
44094
71542
55453
79032
64671
32816
25643
85637
98269
47796
70744
64306
1350
79391
92138
17236
90149
15819
73023
86314
70404
18864
10603
558
34108
48647
60748
13543
46875
94153
97067
74203
8656
64917
25490
28001
34261
88881
81156
36564
55194
680
95293
72356
30410
32178
84616
68231
57276
34961
47031
34157
18105
83799
1410
38833
72964
59301
19071
36139
7531
10735
37498
68450
57417
73051
32913
81119
51285
74600
43439
2108
39530
96267
20739
58812
82068
30100
19068
98164
44180
34383
65827
75751
59760
72967
40053
21807
16282
41829
55451
62391
92731
3734
47496
65350
17084
72010
75951
59157
94193
29880
17311
79842
80227
88096
86140
88797
19768
32105
4186
14239
41536
74248
11352
45659
98463
20482
951
60973
73298
98920
42710
57743
19680
90433
24620
66986
72254
97799
19073
71176
90079
68103
5864
33064
81494
53227
11389
11372
49354
65877
66839
66381
17493
95425
22634
59598
37656
31277
13789
3085
17951
25269
37347
51318
91084
90838
43799
79506
30051
18645
5433
70269
57554
35864
37343
97012
42394
86897
54394
37837
16254
17051
94983
13217
12775
10941
76622
93348
82449
63212
55770
950
32918
11758
15765
2289
61109
51640
37919
12354
37439
10008
19852
69077
7293
54799
71128
49674
49761
69942
1735
64324
19368
7041
18716
51647
71945
32705
94230
19393
14781
84196
83202
9033
16139
26039
5441
65092
58126
29707
93112
62943
54661
55893
46030
73271
54647
45808
42885
47532
44800
63389
55992
47796
16189
66698
46157
48683
54544
17457
42358
70792
71696
11543
34794
5484
80977
58485
27708
9779
82187
42323
47765
7212
63113
3824
57938
20069
71665
2655
76252
7680
30315
41227
21952
75394
91791
82234
19211
87818
33328
47984
6404
28191
83007
59051
76166
40865
16989
11819
86424
10402
24704
11540
69770
93870
417
29772
50734
56741
38624
62432
31793
20265
82421
54115
44213
19890
39188
89814
38636
97535
25212
66274
60627
85000
75580
15362
32424
98831
44322
3294
80842
53940
99330
40690
4780
22503
58847
20270
60565
54969
96601
12822
87895
94731
4787
11146
72585
57672
52607
54976
63716
16367
87305
9228
43607
86664
22557
80993
60071
61495
46965
97970
17190
82670
60451
86898
53646
63741
63800
50009
5658
97893
17775
27047
77186
32619
87352
92547
48082
20008
12004
2621
10149
18076
33066
96306
62371
11618
10133
36653
59796
76063
81386
19946
79040
77204
98297
82102
86277
77747
30079
29458
81715
55855
13269
1015
71239
1452
72986
563
31170
41429
35224
1009
91750
77164
62613
3383
52556
81052
96440
2921
92133
89674
64021
92810
27211
52842
56247
80899
35619
42062
105
25948
80466
63737
20353
20040
71737
69778
79562
37501
19790
8692
19501
8896
76696
76258
94907
86655
52775
71992
22586
14872
54125
34556
52393
92632
42109
31188
92049
93373
79007
77777
76298
56668
11597
41736
14599
78719
31693
43297
62687
56550
25994
39561
99673
94926
85713
86530
17875
94639
14886
79323
66735
22656
6017
50586
21435
13813
30185
76021
43003
10152
46794
99520
49845
91606
15126
64896
99513
61184
32182
43902
68427
90705
38571
27576
46670
87456
73989
42833
18383
13867
14014
30185
99403
54179
60852
74503
13310
31143
38242
86194
67753
28809
52955
18495
27423
90029
26210
92421
53836
92751
9256
57100
59395
3523
49954
51236
50018
96632
87719
20786
84868
68086
59875
96357
98147
89287
89499
13703
4455
23762
82814
87375
79472
39778
22147
98259
34172
17989
30405
14938
25493
17360
1784
40592
28954
17984
16294
18354
38728
32315
69803
12361
53349
213
9737
60916
30762
63343
53993
39518
93290
78969
20079
29871
84579
62680
2264
98143
67455
62883
22291
76004
63079
15591
29337
48396
92549
50827
12618
85510
55381
61550
91110
85179
95272
95211
29860
80987
81524
29470
11026
16017
70555
23361
98154
68952
63797
93104
89805
54951
57693
63627
38208
44263
97782
79289
62079
52614
79736
41352
59522
51044
50363
12819
63595
40299
97790
47357
11400
39355
11349
68442
39979
93571
46797
37581
66275
18540
95228
67084
26263
32175
30922
88832
23167
79975
26358
43112
20703
11553
7111
52988
92129
72208
27408
68911
48174
88317
33054
21262
16553
41243
79233
42758
6503
92664
93300
10978
82702
20112
14091
99569
74633
25724
45721
61414
75654
15720
79131
92825
29997
19138
15461
18379
573
86669
64006
6567
40676
54773
25594
40931
11866
50878
63020
10950
54427
50581
7462
81763
28575
1320
20151
11652
63160
88113
99167
51330
6472
31469
23642
59440
91772
69867
89702
8184
96392
78304
13939
57437
87136
38456
53991
37984
68273
5927
41451
87966
31322
41981
77141
17077
73322
49815
52626
78951
62039
41874
70672
27320
10072
96667
16837
93874
74944
33986
93984
76104
34103
45453
99146
85015
30007
68201
17944
44264
9920
71739
10128
51313
42392
27764
14742
27612
95075
62339
27250
1472
94650
76836
54975
80555
51819
70198
45746
25569
41326
2923
67557
27614
58687
95224
52895
46391
28988
57868
59746
45503
35388
57086
75121
54917
70730
47006
94044
40379
16157
5230
79178
31089
28918
3914
82081
21760
80310
1954
16692
67043
57753
75752
10666
15871
73650
27685
70535
37283
195
96294
47385
61130
65690
53363
94945
59805
44131
68000
7708
87798
30062
86685
80621
84032
39678
78312
73513
17530
59403
43234
63807
71578
74741
97695
74594
75790
71493
76919
91412
92957
44417
70009
79345
17836
52076
84352
85716
72509
984
49661
56458
22226
78089
22195
15281
29232
31047
42754
91181
83774
41663
89563
40679
36844
75127
92467
10914
54480
30028
91027
22972
81227
26410
47979
85629
69418
59687
79431
92927
29225
35420
98521
95417
14099
30049
11734
78442
61668
33572
91069
49599
83759
57734
68818
84129
25179
23826
97609
92190
79848
74875
70877
63314
24304
79760
73952
50481
55656
7231
91949
55316
7813
41539
46777
44830
8220
67467
12008
50218
67938
92201
37340
75443
1522
34548
43528
6399
33581
54875
6243
39049
5435
75109
96856
82282
61775
9962
66106
29443
43945
6407
57397
4553
71093
71490
80640
25229
12721
3547
334
43527
42221
45387
34339
79518
52586
62172
7556
77719
62116
55813
30055
57080
13548
99424
81674
1016
87726
39401
73375
73637
93618
17109
94853
7953
32318
41677
6098
22393
31704
21989
37356
43443
63656
98782
52247
39572
53692
3956
64232
73756
46502
25828
21528
41727
27328
62046
27509
62736
36528
87043
26483
48395
82886
22492
17407
12415
55714
85526
61203
76759
45010
19869
68549
3044
40473
756
70171
15657
27948
40847
761
9666
43829
65837
64571
94897
97467
43637
41918
36582
20761
53547
58232
38987
78602
70767
34920
80458
28262
56275
20488
88155
49925
2071
8223
97933
79043
99939
46195
76336
21821
91712
58555
39037
78679
22195
57107
93219
63263
49111
9033
61743
17804
8374
87700
21751
68641
49444
63876
12995
33838
7128
60372
24856
66357
47079
31484
4546
88874
39167
49283
55550
90259
33245
16178
75905
26031
45995
80292
35305
73875
44218
19513
40990
28687
84215
40970
36803
67920
46413
33334
45983
47646
41560
65755
803
2053
22433
46817
2552
30770
93083
86064
20326
40819
65048
37410
96131
91041
9768
77938
6070
65657
27152
70260
25447
65477
4227
31998
26149
5274
10783
12452
17459
49371
69927
66786
22544
68730
75320
58386
2913
64446
29579
7709
87389
66049
56070
95438
43605
21840
19647
51490
36415
83350
62574
61244
65118
12818
2125
32853
7951
16676
80431
66800
59377
42151
72698
80331
87986
70808
52706
78130
47219
39316
63939
44398
50615
34880
1627
98651
19597
35554
1283
85335
81847
59245
34312
56438
66999
85306
73193
22322
47029
37553
11183
19903
90671
4743
37284
34461
22174
96001
63889
76646
1856
88503
85881
36232
55496
84852
14603
7021
9630
66650
34056
4021
27284
14178
93170
43749
53542
22529
1804
20121
81645
66854
58260
61813
22528
65855
81369
30329
62983
15004
7195
51154
23454
45899
81182
73485
35395
44418
25354
50087
71484
88252
6211
41569
63624
7706
41663
79183
92224
16427
5385
85006
10025
79270
37330
28309
77465
80852
86318
85189
85731
28299
55442
15898
49985
15508
57032
37092
13053
37838
83084
70127
17340
8620
87463
60925
4967
53497
28325
91638
29239
9020
69365
31190
477
43798
76188
10789
55212
28744
31543
98339
26756
7602
54603
22210
65019
18550
96554
95630
94697
36507
82277
83271
89744
24238
20648
83631
61254
85794
78935
57471
8769
4216
80323
43252
65022
57754
11464
2183
81582
11553
24486
47258
29566
86326
64890
90317
5889
5429
51641
35249
80348
60174
74249
14868
58766
48070
79899
89755
69785
27578
57448
35694
63665
68227
88487
40172
16352
36181
90409
26399
51316
41249
80625
6667
73606
8187
65971
17984
57576
12758
79432
66224
17674
6346
3755
20090
20520
27128
2579
40611
12980
87780
92782
23878
59003
44065
64662
39747
10327
33067
3250
83667
86609
61774
48140
48732
25584
59428
70026
49951
26978
3483
35340
42319
4742
98772
96129
80668
13108
51560
82085
57293
64202
63973
55419
23757
54228
3702
35555
39420
55446
1601
53337
48582
58809
93226
82602
64304
4240
42837
82579
58798
19269
84777
91479
7730
1733
13167
55005
48512
50277
71290
87236
5628
1584
23168
30692
58341
72878
14311
17315
79259
53138
86235
41488
51355
42144
92891
35519
99883
22393
35379
5762
70257
92740
90788
80832
58718
77083
36480
26932
20168
41679
51346
93477
35061
66265
88090
25533
53459
36191
44054
58281
54052
8799
21084
4492
24343
77786
5731
40064
99282
22304
20322
54762
49003
52212
77744
81273
63638
27995
39883
7386
74520
10727
89460
87835
60443
74170
34263
92026
52570
8057
29128
47241
9436
22704
43785
33217
86493
57372
82664
45248
10056
21016
19333
82113
12545
84455
85810
74390
81310
51738
34355
99204
21206
19167
50340
71226
61266
3015
43514
95119
75872
67378
14945
96312
38086
53562
62853
81347
72947
80376
70061
30932
29233
3734
961
18937
40183
83122
76812
82539
6971
58604
38108
96068
99685
3725
47750
67223
91102
83796
17351
2800
67399
60957
60454
42153
88870
7216
9685
84550
71739
81892
67029
85743
28273
37870
54489
3911
6289
17578
38723
40429
63728
2948
63083
83822
68904
35812
96094
28165
22724
85748
97699
305
84532
32847
63769
36273
47137
85415
62300
86622
5658
68851
6758
36901
2861
71603
89234
12832
47026
38402
18844
34256
37953
37655
44100
66840
16804
13432
87793
47737
52487
2012
31154
43142
24555
15994
34591
2723
42426
8787
99007
77951
50132
73817
50915
88235
1928
87707
50159
61430
65855
79630
40089
55238
80307
53977
5322
63157
9469
37789
11233
54534
24043
48895
4119
72514
11855
4116
89821
88660
94613
16232
43937
6365
85581
53706
95536
11988
95974
5399
60821
57854
19644
93890
91263
4357
81512
79389
67489
41017
43766
74919
8979
10208
25780
49490
59830
45659
87590
31151
12309
62166
87478
54873
42503
34891
49320
87834
6320
67061
26508
39358
95207
10156
81933
88050
73395
64321
62822
91640
61646
7831
37748
36619
60204
41436
95015
27113
82484
16003
27282
2017
12685
2944
13410
62778
43188
35423
54635
86302
77993
85505
27485
6754
29738
50740
50326
57171
32631
68013
94065
27294
81749
22309
44668
9915
70670
25517
43079
35927
30549
13775
11832
78109
92679
27683
47420
95073
45741
363
45880
17833
77790
69100
95165
40504
75106
52297
14682
51671
83793
21597
73547
69986
11065
26293
2863
75021
35998
42504
68920
85041
39068
87124
24572
97751
58697
18998
55816
88096
35574
20996
16979
95118
94771
21483
46320
68787
51794
5985
20382
59156
38723
5862
21082
35065
3807
52604
40084
69940
14369
30016
66559
81547
34670
47460
18081
36932
69589
43754
70666
70732
70098
49247
67842
95971
38668
41297
6619
31592
80030
9326
57798
21341
54227
97627
49217
33943
91498
65166
35694
45444
36025
90121
97151
68920
72398
93556
27180
68502
87505
73077
13383
46488
18565
62638
42407
43868
79149
81715
23841
32715
48011
69190
16022
80102
39523
89521
27461
239
93631
93375
832
32113
42348
98904
75036
31533
1601
52440
66146
28963
26463
24458
35042
20857
33716
94406
17192
24299
1914
5572
91142
61487
78205
10715
91729
93219
65049
93339
64968
81174
69409
49699
65519
14095
25244
82560
85690
96414
68106
931
19268
71134
5893
58366
40416
1315
64355
15867
7942
25925
70615
25112
31631
31721
68151
3203
33372
30185
79832
74477
29616
86975
92021
90574
34655
82227
81647
79830
83070
86654
30990
22219
37657
35099
34598
74948
8611
42601
65141
51233
61384
66591
71016
68164
58399
59565
65821
41008
22267
33930
30212
57372
54721
60255
78462
44180
3795
95760
84679
23789
18859
66402
97393
73891
25603
74222
66981
21841
50257
95456
94478
97515
43057
96972
15697
63515
59386
56686
37716
43287
3474
68284
38080
25532
84029
66922
11073
30569
89105
19674
2634
91738
51109
8574
57461
58302
35080
35915
38760
14648
44941
88060
80692
38511
15908
21792
25334
52722
81604
78721
448
55916
40997
25682
31410
25279
586
74356
96386
66912
86267
5189
34619
54319
70320
37797
51809
6290
82506
8166
42226
1229
96956
25392
7112
16704
62150
45839
90652
86524
67234
58234
30596
74147
37239
24384
81469
16923
46699
34768
32036
14159
10870
82341
43069
98403
66545
59596
6391
26737
71757
24596
48295
91493
36705
68465
14512
66545
28571
6733
10949
526
89079
40108
39941
2032
74893
82298
77861
44100
93189
88531
10987
8808
65861
57390
74006
63655
35947
50343
34491
38672
77815
2568
15275
12755
95136
4435
42576
54711
51590
83438
44118
6298
10855
3340
25190
94214
59563
27476
10253
17837
34330
90928
19356
36097
92366
26069
1193
50993
59203
66153
69650
1924
47338
86998
48194
14251
36413
58217
68587
30791
1997
22343
86067
12695
39287
17965
19564
91099
52117
54403
35099
69738
13840
56988
86011
39244
45683
57068
78170
30261
52059
28903
53120
95711
80011
29106
59311
62626
12669
29576
3398
19539
94962
6379
43392
44342
4809
53797
16986
32609
63406
84249
87410
50703
92906
64331
93067
51870
5593
91369
99724
52486
56921
33077
66728
48630
94110
21808
46488
55756
99010
89956
84613
58160
19738
43598
86402
59534
85028
93478
65429
47086
60732
69036
73750
51602
85741
23153
3568
33771
30084
44511
65573
77720
53761
76902
69327
12797
36359
98980
56384
92956
79539
68304
94346
20434
83689
62308
9851
32592
87593
62756
67457
73492
34785
16111
92043
51236
700
71521
2896
48103
23256
8354
40904
58400
79349
65263
64184
42215
28841
64323
29035
12582
97265
51361
21372
91533
94242
78497
45105
29970
94078
81428
13441
87688
9153
93014
72853
69915
65275
5104
39116
89094
15832
24966
84537
20049
35003
6083
84423
31658
92905
29375
83869
69662
73282
50923
67965
44149
35050
18873
57990
7431
94085
96906
74809
14847
81378
81589
23576
17610
44078
30321
75178
85756
10793
21632
92188
99391
66166
74712
11298
57881
91883
64782
97786
82809
38889
22049
82897
96125
51141
65249
50911
15428
18725
58586
46318
11339
88326
48961
63288
29478
18682
86521
76526
74364
70543
5410
5461
77919
65098
90016
61450
50535
85395
64483
91975
2923
36970
15544
55485
89531
93687
89131
36193
72732
60543
89303
81059
32769
33939
35052
46041
46914
80578
9820
10555
61404
40270
2466
34056
7461
29052
9423
1350
98122
4357
35730
65510
231
54570
44899
70373
289
69988
56717
75310
52036
25529
81238
72606
22421
43179
69548
71040
87859
69642
78541
94070
71630
45546
34931
16665
31203
90607
1082
87319
30804
33796
52976
15676
75009
88235
91288
37836
85605
7791
42330
9484
15567
57110
54314
960
83962
98482
76468
85039
42508
89238
20449
40003
90376
56934
82793
22124
96720
89031
85909
14500
25690
34613
55823
39661
2989
42452
53833
37655
11001
41182
26726
72509
62673
41274
40937
21871
60102
11214
71704
35147
25569
3307
17932
52132
52604
47079
46840
42085
78909
26376
22164
87631
87088
91388
59909
75805
4448
62726
70634
85673
33394
90675
87493
76711
94719
34634
33220
54543
93612
83169
17356
97496
57703
24556
5793
82592
95391
16689
43796
23944
47776
19319
43562
71836
65578
13597
9956
6096
95150
14343
37904
15814
63781
66770
94444
99373
73708
71721
54674
47299
63487
99312
18084
92794
48785
53822
3477
39257
42693
9224
91826
60697
80717
66551
41804
12400
52060
81115
482
16459
48394
64954
48911
19379
420
69601
42381
91346
32812
97115
47205
21520
99700
59615
72373
8566
28595
8643
5308
6867
15170
96367
6213
57532
13974
26381
84397
20078
61562
41244
306
36528
55272
63779
94555
45076
61764
59202
23454
88028
15220
74916
62450
80953
9568
47794
18642
90030
32162
1121
54217
50739
25130
54091
89184
33334
93329
82843
75010
41755
75672
19202
46601
82500
24957
88166
54823
43756
53400
40122
24306
6030
95704
92233
4908
30115
82709
64300
18030
74151
94162
43355
57137
32317
98417
5728
60729
53641
80306
65415
52895
76507
38250
45554
28281
34188
5212
88648
17288
73888
85686
65709
22557
76812
30507
70829
61160
76305
71144
18226
82975
41382
50805
32982
69416
92852
44939
8466
67204
47578
4780
44660
16599
48081
80835
11567
67864
64202
90105
86892
33649
82548
43633
40383
62803
35193
42785
7380
29946
71528
35405
67112
24216
43277
69026
46165
68065
65276
39787
4965
67411
19757
60531
46887
84863
39138
32153
96222
63736
81220
80649
33783
90743
65386
89244
43475
82889
73755
50830
89187
58454
23563
45656
46482
45486
47810
12074
32700
12273
70554
71239
71228
90811
871
59772
26498
85579
94481
39070
17380
78063
14684
69119
40523
50414
85769
16109
63631
81329
39541
48199
69309
92047
30591
34365
81876
5683
60551
54435
51279
74508
58578
32049
93116
27921
7722
99802
44779
94511
6178
93671
5539
52400
91576
5232
4462
54793
89235
69142
74901
89729
43819
44864
37286
15737
83079
20336
39665
61437
65442
62080
52146
11717
66247
93983
39113
58248
40060
21346
51654
38558
18619
66121
36351
3535
56506
40719
85924
49502
58892
53069
39753
812
48737
9324
47394
92746
7464
49700
11310
28094
88597
5686
70986
21585
5630
25635
65511
59476
72383
11719
26709
65132
78973
12822
83838
94209
18472
19281
1775
23198
35321
18628
68241
85094
67035
88095
7894
60212
42502
10159
70991
88396
32646
10264
53850
4292
18362
93490
81369
21481
792
36158
90494
55951
58543
90371
66946
4184
55396
61288
35413
16000
26462
6704
73263
30467
87709
93454
29701
89292
41060
60291
30200
17690
85047
99387
56839
64049
58240
40864
62244
25243
97388
73721
22244
61657
21394
61156
65872
90666
14516
13995
77945
40470
14718
53829
47400
35831
32971
68556
3347
86053
57414
83062
67596
75069
13294
61362
78708
94125
9235
97249
58284
59294
5245
88911
98828
78974
61997
39340
49964
32714
17723
58124
4031
42549
54045
86423
84896
45879
39273
37165
17125
89460
21617
54394
6768
43751
99502
42706
933
5419
80760
34729
67445
17415
42833
55025
76600
46804
6497
8369
73498
65004
64636
51039
78924
40464
15200
78298
78043
88981
38811
98054
36222
59213
84905
86884
32776
19150
63770
14509
62590
52993
3762
22092
70371
3048
45227
76757
56110
54029
1237
33574
17629
13828
40637
59000
34755
50748
70027
47841
22237
88935
95909
85770
41282
48099
5009
19400
60376
84548
92344
82458
89859
40736
56902
22237
30393
94839
49358
86543
93489
49917
48555
75230
218
85958
55329
22220
41544
79661
42145
16578
64617
81696
94827
10670
78901
42187
82382
83706
55492
45151
70891
18794
94937
89407
91672
7410
35068
53479
68896
20018
43750
97050
76999
65903
80885
12582
51371
96430
288
48886
94791
40112
10436
20436
82449
83557
84124
38360
36323
84270
24719
18930
57175
88883
13219
51984
20299
66782
24848
7916
9380
32530
32528
94134
77070
55531
17586
95161
47521
59955
28877
21228
17760
69630
20178
87479
29691
64867
53242
40640
15669
69560
76318
71377
75200
99721
77190
39560
20835
99156
61401
64635
40285
45700
45267
10533
56900
51623
85717
39058
64614
11758
71989
27875
38929
2146
4662
10910
64142
4125
35763
57365
36807
18412
30997
52337
14153
8447
26692
94554
70437
61545
62938
12646
94769
443
59315
88797
76044
45432
16033
40037
54942
87828
1916
75534
80157
8462
86998
18875
86828
16519
42092
37291
83294
83293
38776
64164
50712
38345
39555
78236
97717
73937
33913
35203
2435
23691
29941
57008
86634
16880
25915
23942
63629
66648
10660
60802
6953
51767
82644
85988
62106
84339
74151
53720
85629
15937
78346
30080
57904
36604
35079
50847
26806
94401
27128
19109
39095
87113
50076
80210
32515
74532
4039
8425
42455
42062
78515
26035
22520
69489
97269
64588
89789
30135
18891
13070
64521
33514
78865
44791
37333
55915
59506
35226
60620
32139
14684
34272
58608
8456
13036
1528
23035
74311
90280
81378
83104
56299
95532
24340
20975
58352
6236
59047
52279
61895
64729
93249
34181
67182
58831
74367
74443
79722
64490
73023
70301
85604
76872
80040
88884
65021
1802
22358
84949
91503
23492
3302
46252
78370
65140
44314
52241
57288
21071
33993
27597
10070
66423
6470
54646
16575
52809
3787
78774
85774
67538
80771
40202
96543
32610
50833
62790
33403
13976
8736
34262
69615
17213
93671
32095
62760
73229
23768
64355
53677
86608
83814
73636
83800
30984
93745
60480
53970
71586
21168
16442
87914
19918
63961
71897
98290
38764
66671
44042
37591
11420
297
79009
38875
39736
4763
95773
18896
57630
76036
20969
49074
16068
36083
98430
69922
17424
41942
3910
52635
1120
64128
45851
48883
58435
150
39950
63632
29131
61367
75428
94404
40154
12710
58331
48070
18329
15957
18698
93614
93992
54320
81798
50157
22223
79778
1665
85767
28627
16168
76236
95662
69509
66353
60093
89596
48308
94542
26828
97868
22306
13596
34584
14454
93172
26346
43303
45894
643
82793
43018
33591
96528
79568
25566
37393
2837
14857
67599
89211
29622
98364
76375
27231
67222
4661
99877
83898
57093
71892
89464
27676
22039
21170
12106
18690
39760
3019
96074
93869
72988
51788
12929
91582
37051
86265
32118
24337
40441
92027
80174
93459
25276
24869
39435
84354
758
44386
22197
17088
72539
8189
41430
87986
940
36429
68286
75867
34194
21658
1447
61488
33894
35664
77235
79928
76972
70111
96338
27362
5440
71980
36704
73667
17225
46552
14315
36458
54283
83371
41426
64514
18777
82301
15816
6564
25734
57409
41112
90197
74588
38286
76899
71171
77382
66923
98757
568
37736
17142
11925
9657
24494
9425
22123
92766
32802
53321
52284
90989
97271
98053
26144
99349
29027
98215
58197
97284
35049
18498
51132
75333
37364
54233
22337
23546
13280
46415
94169
58802
45841
51089
23460
37544
66695
91164
78033
53720
36970
74028
57153
70365
18367
33442
31907
71372
4061
96433
87711
7719
40505
389
6638
94879
65629
6768
44518
5257
80887
72146
44212
82491
87373
31365
82914
90948
64207
31683
32312
38277
96133
38868
66558
75088
88903
33559
26240
96699
92588
19596
68106
20705
80345
21276
58547
25718
65883
80550
92278
80868
32400
26599
19866
61478
2528
49157
87028
39009
99753
37240
92707
70266
26839
66230
62137
16312
50739
95641
33209
2167
39154
98095
30555
79398
30959
85725
19117
35038
24051
63504
46292
14463
76975
46179
27952
74216
4108
45222
71965
2547
10330
80305
31797
83627
81893
13925
7027
16330
19302
64795
33747
17140
39510
91787
42902
82666
18109
78299
97665
29227
29832
5282
56132
57101
29144
65528
21752
85556
88855
87420
23426
14381
10598
56961
5140
14986
82994
38518
32403
49595
94597
72561
71091
99844
79833
84407
10558
18432
57127
29322
18355
18354
54974
34608
95371
452
65039
27612
51192
48095
5444
57371
23910
66501
46961
40189
40643
15438
43619
49853
16731
47869
34580
93903
30203
60190
81537
52325
91127
20190
21747
63775
20392
54407
56217
99341
31277
96279
1207
66785
6962
56444
64376
78614
82734
38734
56862
32471
30310
6984
40314
91917
46767
13220
87447
70121
51249
4531
48177
82218
75270
77814
11075
2188
23938
14045
97566
61646
99981
89273
64885
77757
57036
8831
4533
19298
90621
81563
22290
45092
76865
72654
86813
4444
89524
97030
90066
46420
20823
91385
36173
66874
81295
36958
61564
11975
60198
57000
99120
36006
6928
17631
37805
21059
42536
34205
3521
56498
2328
45858
30385
11353
8152
91284
58447
88827
27725
17654
36008
26338
62643
41796
89274
82600
30453
1800
6178
96290
21945
14524
19699
31402
85625
94269
71331
65351
33292
95849
59135
43995
11139
68629
46495
28361
30062
40556
88565
25857
73535
95048
97150
10025
5991
44294
2491
59241
21501
79210
80441
11315
21597
17006
51564
16206
16269
37544
60666
830
77338
93207
98260
61809
71521
69225
74208
32744
79945
59181
60529
97760
80366
9583
31224
94652
86329
49110
80596
17329
36906
91670
39204
10381
8120
2578
48926
43845
66191
17202
59576
3930
6328
72924
75139
34599
42582
87090
29719
82922
36780
79208
24553
25580
96477
90401
73754
78799
58251
55077
24201
63251
93601
97025
40425
14629
40524
15835
32077
95524
93956
15247
32159
25969
22312
89035
78832
80882
48871
15492
21417
31907
64539
52083
10112
12763
53136
64432
1479
79926
89667
87689
81471
18852
80101
29823
54122
6733
63
3901
94493
85599
38799
36629
48916
45654
20304
5081
13695
67590
12920
71155
23674
21128
77722
41058
95899
38655
59980
67665
80164
17446
19268
18902
72697
76343
38171
29348
72939
24122
48339
17069
20147
18601
41013
67543
52570
16605
79635
45369
23637
57078
1356
47283
6798
44651
41966
25576
59005
56332
83989
98841
83894
30897
76977
78078
67931
2114
59782
91139
46002
4193
69390
77854
34610
56087
82265
32617
33591
9562
87316
55456
36565
14200
79239
86136
81320
7394
45881
41209
30698
73048
4846
53626
13214
45485
85936
70104
68298
85975
48747
23442
83553
29013
92274
50852
17310
71613
89568
87134
61005
49601
97497
11777
56387
3933
61615
65813
78318
99008
57024
95082
82374
71477
52028
68521
86659
36237
60164
21109
56713
35530
15886
39716
50302
93098
64933
97364
80284
13646
59181
67884
70081
66278
43045
38608
22371
98140
71397
24832
93122
12697
34631
494
52694
60759
83682
43354
65703
77893
65521
45835
5116
34224
49554
43500
11307
97716
57610
1889
26318
40255
93221
1061
7191
36894
26620
43362
48762
42055
10832
17259
34249
30657
91890
72569
84765
19284
67365
57152
51215
5993
14715
24366
81927
13693
43611
31104
70348
72040
19428
79616
39002
29028
23500
36094
66130
77276
55074
91914
19179
58834
8465
5644
53958
54445
47685
57568
57343
83614
49736
64497
62399
173
52645
22513
48719
67781
95086
84754
24359
55416
11705
4836
52164
89584
66309
14507
77847
7444
64026
380
90202
70451
94159
68149
78367
83727
62469
6870
9729
45513
79056
99712
40059
9478
28629
64968
9943
2875
12111
36407
10334
2714
96300
24129
2158
22392
29845
35777
28107
68570
20362
3405
2572
28
555
76187
6614
58205
96308
2864
7846
47946
2176
12480
46823
50822
9902
90472
931
93427
75201
38371
53846
19968
68001
72236
74014
10991
83391
41873
93967
76450
35029
18769
99684
77953
76236
2610
95120
15210
83767
43969
22258
1749
25021
94951
75334
419
98356
74212
76119
90147
21385
35402
59091
72160
56412
3513
34200
58635
66567
95026
24554
79104
31743
8635
20998
78487
7092
53230
3344
57642
32851
99806
32905
52222
36874
89319
71645
56464
86667
81296
39320
53501
21930
96448
49593
88589
22816
97146
37118
78462
9394
10647
9823
85481
13420
51583
4631
58258
51271
74179
15836
23121
6186
41850
25648
70168
47212
5141
31984
45729
68599
74881
39625
52470
77256
96921
83147
89436
12083
25126
1878
26204
74180
67124
73489
10863
66272
43985
44729
61734
47754
35429
54710
63476
8033
93289
66474
54488
82567
64293
96482
36010
90588
17002
74767
90497
23689
76969
37550
95455
28472
43022
99267
37370
40928
34300
4901
97160
94335
64998
43570
43046
5792
59336
35715
58149
90013
39904
18459
61106
83358
59436
36409
74240
71966
42304
61996
80339
24686
82980
85030
38732
2963
63656
21577
56012
1995
15301
33311
66247
77197
18066
2086
40327
84334
68735
16615
37946
11712
56370
20039
12633
91573
3643
36471
79509
82817
11894
98182
29760
6622
3325
84631
9397
51784
84391
99117
51622
96488
56097
6498
28064
88975
54280
70519
28029
19608
2080
52678
9989
83536
48307
71443
63298
23953
11785
52385
98239
8713
99841
22017
90587
80922
20042
36260
52464
57275
64608
30386
27611
86620
17478
46387
25544
75079
88604
21163
94715
24449
31773
31907
7484
53743
73272
80546
13792
1430
56713
67291
77777
56731
14516
47199
36858
6985
71101
30675
33328
58192
89510
77180
1568
12170
65702
72535
83345
90234
81602
48517
13302
37678
27531
79011
28115
72067
10197
57144
97736
45831
20719
19656
87679
46457
52579
50566
57262
10637
77675
46662
71626
44107
18702
24303
44392
64887
41910
6384
75185
26988
28495
24234
16641
77922
61311
42890
93468
83054
44252
75450
36302
85672
43822
99213
24829
58632
51331
27417
74798
77962
34824
27810
41872
12081
53803
35024
22024
93831
33866
41506
64154
23713
50199
46780
3922
96545
57259
52860
98988
97878
30979
54187
60678
10975
79900
14382
82591
72556
10183
54620
31660
84549
65289
20938
44343
41892
7185
5730
48884
28765
42806
43667
76098
28510
91693
11297
99578
2321
63108
89213
34008
8446
10430
75983
71875
55405
84235
91247
56634
24650
92259
37268
84988
52929
51168
81540
73556
17193
89749
32682
92960
3677
19918
36997
29628
24357
51301
8764
10320
19795
68478
91696
75955
51049
65984
51402
35674
7321
57969
31444
60064
37540
62412
77572
16916
94499
34369
86162
77114
32516
67114
12554
74367
80108
96038
32573
84733
63003
72020
45362
1958
17518
44621
96794
56528
92189
67773
24161
96670
51908
9504
99712
95367
92319
54422
31088
55462
28687
40226
31929
42973
44313
2149
4136
84742
3310
82865
12287
95191
11045
12813
23846
88817
53603
32965
47519
30982
14877
93482
24759
78404
23989
54573
35769
19298
65664
25555
97756
95270
4840
86230
41117
9777
11629
45785
56519
65512
9158
18341
20526
79584
31781
45476
77820
46724
9401
67673
50243
90438
29005
50106
59633
84352
24621
98668
32321
79045
13897
7610
53101
25418
85010
52305
52865
74794
27970
36186
98444
90650
98488
79764
62096
50826
70464
86190
37208
34804
71314
83487
265
59077
96657
24034
52497
54181
99315
45553
68220
92293
54624
59772
46950
60835
92979
30534
40075
57629
8221
7837
12377
73712
9353
77556
75239
40395
36955
83454
26495
59093
53554
6633
23606
16120
32428
15733
70269
18984
80041
720
7760
14900
42471
87151
91371
27976
27948
56555
7773
25052
86883
61813
2452
97597
91293
84055
58072
3094
42712
89769
46996
46843
16222
80077
54830
55505
452
17223
66584
46365
88851
84572
56991
70728
29828
91943
50721
88683
42595
18514
85852
93629
69462
29623
79841
35894
63063
22834
6599
81919
37085
24290
8251
91577
26201
91965
61909
68486
39260
92397
62727
82615
19766
44331
84302
67187
19801
8502
69963
36545
34844
14992
23403
6035
62491
12694
7394
44111
50364
94937
20599
35227
61453
2878
23321
96260
64328
32750
92655
12970
65112
16474
58732
86636
20630
4592
65313
40235
53228
72947
88749
76734
40474
43321
71760
1522
38455
17318
98205
44379
30927
83872
55693
93180
22795
59120
75216
52623
4303
77524
84543
76849
52220
36547
20269
60941
80278
85790
59324
85091
87903
70991
61067
341
2978
12961
21965
14798
13932
63356
6133
30991
2997
95643
26925
56376
64989
49100
78054
367
92593
44195
61514
38768
76972
5723
40973
88881
21338
10379
59138
83696
99288
25984
9706
5723
46135
64124
14599
47036
64544
41227
50127
51167
14001
10238
23931
62114
96005
28903
40159
40760
16434
9583
61460
77593
37164
3767
98801
38122
45511
76905
7033
99652
35066
46938
69933
81636
89246
7678
53090
18126
82037
40776
34285
55710
98152
70045
10331
70829
94601
1396
76605
97405
18103
72428
17985
93794
86176
53353
91612
3052
15297
56397
98563
55445
58472
80271
696
71971
48731
17467
56673
7418
88305
44774
18069
45025
84925
96076
54832
73008
21964
35751
87238
96819
52004
17710
72852
63165
74860
808
10162
11565
12107
54763
54404
42549
81960
27222
37872
49453
33328
33223
49546
73811
7895
45241
62122
48540
56725
39230
59136
34492
14738
5301
67774
79822
71676
49896
91763
2464
59316
94341
26807
90879
90570
81143
80034
28282
4093
42944
43960
23765
58372
95765
73311
813
11914
73462
95313
99490
6356
93961
70380
7558
15710
30834
88263
81793
88548
9264
10816
34686
81789
45014
74448
61270
11105
517
58847
1207
36779
70467
85364
74992
53657
9147
35621
70012
56912
87409
22797
95944
43677
16159
39451
515
2230
9520
68167
29281
80735
55256
20895
66252
2985
48719
70112
39783
5172
8617
35009
74912
19381
90931
42600
35954
39443
86027
65760
90324
75020
72860
2466
22594
54900
65077
29232
47654
52285
34821
22561
3586
89938
85750
31798
11004
71037
11011
47019
6438
47721
21911
93257
13994
39521
4899
7833
18095
97943
19995
6419
41194
11905
49101
98900
38659
41886
2303
37902
66658
91959
14597
1177
71639
1088
5116
6983
48132
60125
29190
14934
62183
64194
75426
64926
22183
91698
1031
21002
53562
94697
57469
45123
22512
15989
75736
22056
81280
48671
305
70298
20142
29608
33027
51412
51157
93742
11839
47256
88534
31278
13709
28996
32989
46627
2944
14563
16205
91660
35700
75039
13544
30028
47494
63604
32956
55339
62192
92513
67725
33402
2367
75256
62747
40596
27091
39573
39312
74335
18579
92235
27944
8114
66827
70489
285
16881
90435
65339
27182
95891
1853
92381
8204
5797
89226
32490
38689
73255
27401
40515
76605
62100
46813
12780
76030
2271
72266
79744
81339
83960
40844
54404
24845
45838
96820
17849
75643
51791
28224
41547
75200
25899
74230
70567
48411
38583
59197
50985
39667
36941
45816
84403
80741
15120
75327
40025
39852
14093
68315
53593
33483
1469
1758
56489
79609
62343
44157
31497
69098
90050
36396
84471
36822
64920
94772
99137
70825
8294
68979
1044
6182
39329
12784
40947
91737
78962
3673
41572
56951
86242
30523
88741
45748
3857
90973
99516
74913
97151
74042
77964
19967
29933
58105
65218
14693
77662
18026
14799
24777
82136
17088
64785
31247
97767
43429
31433
5260
87264
60158
78513
48629
76898
19389
28071
44649
74808
35901
68802
66423
83419
97277
67846
52109
12533
22364
89170
56703
31393
45805
40470
91696
92238
93303
36257
4160
69378
23596
54233
76275
30779
39332
32772
18073
1777
88341
39363
33887
3223
12625
17791
32881
44000
75741
82107
26282
44894
60265
99273
6170
78437
21840
97177
11602
39599
38862
16587
98031
14232
65369
67589
60385
29130
35997
2945
37623
37619
4504
85054
58537
11666
3727
93591
11042
55280
5227
32336
84232
90411
25268
67180
3464
38126
50280
36316
13219
84380
10007
34290
13071
93420
27230
59027
85131
26254
96351
29963
52740
69004
73017
79483
58237
25740
24713
5773
91902
16849
99261
72872
6235
51969
28561
68767
51359
70977
5000
57347
49270
13468
82952
83545
33844
62115
55154
6727
72933
94798
85916
88743
40722
45472
12397
42750
98348
58921
19381
84038
48953
36102
1222
28647
58488
20451
35091
82085
13586
39744
99236
64083
84447
74257
93011
71301
58642
66719
92102
58339
6563
15148
34345
27897
6263
27252
22759
72875
57421
16302
70949
17510
78663
87858
13787
96914
39475
48693
70896
16868
15477
93520
11441
41007
25044
89471
84333
96794
75518
2405
55632
38253
99096
47052
19034
75429
31749
12362
35899
30919
41682
19455
47534
95473
72988
58107
54799
9964
99839
92700
5562
84702
88509
22357
85922
48059
81127
38219
8266
60028
94090
91097
49315
5000
73689
41299
58307
25198
60626
3271
56350
80885
39472
81023
16228
80683
55053
40739
34231
24569
8402
27356
86247
68055
86108
85876
26187
57468
4972
14296
65022
49838
25900
70783
80628
20760
13241
78564
25176
89370
4689
67503
69828
89753
53658
65843
73275
53303
95917
38544
72038
70525
11805
45752
22921
28085
94312
77807
95777
87029
29337
5451
65053
28213
51351
72571
57942
69122
1645
31972
70669
31627
37271
23335
77247
16888
41286
70974
93799
83642
27216
98949
86160
42269
54775
309
12597
62235
46388
99115
60856
77322
49280
46120
11707
28789
35199
56242
93982
52233
55049
87639
53269
68261
21046
3089
59653
61685
94725
74021
63036
93752
69482
72262
88714
37020
94002
92918
14783
35212
48660
16109
72994
18208
50997
93010
56428
66066
97816
35430
92159
5393
75520
25408
8742
46254
41860
41523
36010
69780
48302
51307
94413
66069
5391
37366
37863
30335
74531
43360
45787
74221
59356
10775
11958
64537
86094
25101
42531
95280
33110
63196
53837
5502
94727
90276
93362
9352
79059
56271
4737
81145
62899
78805
61840
39028
37875
15323
45052
1960
63293
2967
95325
55809
96896
48815
85029
37627
94749
79071
35990
46514
31277
70744
82941
46005
76498
3878
53071
22905
59833
57162
92574
32969
30377
73990
20727
98778
38443
68664
88860
97213
48917
97501
60089
6030
17557
41783
53637
81354
86902
14793
63031
9469
33746
50175
98914
40281
87381
88682
45903
70338
88425
11113
85302
24551
59747
33027
75928
77995
16842
21297
18811
40545
62207
68121
65027
26806
38925
8693
80042
38600
74222
45201
16508
47189
92952
8627
28785
26126
13507
61174
92231
57450
90167
86830
53212
86039
66806
41584
18277
97963
15523
64106
45678
82745
81134
54125
19823
66430
49086
97131
88742
47739
45625
98107
21911
87486
27827
66458
54749
80441
45456
90571
78283
90228
97688
89695
72900
76477
41750
70288
30067
68702
21676
64807
60104
327
72855
26621
30384
20042
79835
91263
11472
41222
73451
26026
70269
63451
87895
92214
11930
67709
23890
59248
71119
60483
990
56319
9219
16510
42263
87207
38998
81415
24185
47148
66654
32337
69294
29390
76348
70462
29144
91923
16089
18926
97783
11491
59746
31665
78488
81645
74365
33278
20475
3142
35943
33948
25247
28593
13676
19581
9868
40506
75650
93579
86268
37885
31715
29082
32582
5252
12773
44542
84137
34541
68119
70773
76018
42377
71418
4900
41738
8097
52794
81376
46879
90356
64871
2787
54222
47163
30164
41439
97289
94605
95787
57294
79402
56062
46827
43943
33940
27746
19616
77165
26018
48336
23358
4929
25040
46241
6585
80760
37058
49656
20931
77800
66356
61499
75331
36796
30462
79104
782
9894
86372
30851
55237
52852
34808
64403
3979
53467
73356
18317
26337
3344
49976
16863
75136
12694
30532
76431
70835
99281
75507
69428
66126
73817
15148
8226
52622
31722
70310
14083
62639
21944
15119
56417
2436
3936
37977
30304
39159
16762
49185
