68879
71165
43240
25958
70654
86323
45655
22464
32170
77747
29077
89624
32719
76446
83992
78529
38583
28184
86080
89917
36004
22756
82041
31148
59830
72267
47277
15166
84794
73691
55107
76842
7120
5644
58968
27223
2007
32670
5048
52279
88119
66526
81785
68948
69386
24007
55381
16482
57768
54597
67458
14260
57453
98101
5039
29515
80937
81641
26205
72617
25573
78152
87607
16132
16813
305
72720
13430
16894
31519
5880
28625
34188
72584
30938
49103
5552
77984
78261
5831
45198
96443
4885
47132
81215
60496
50477
63727
1791
8857
40244
20021
7796
14742
63129
15108
57785
18193
76772
8870
60807
33532
29706
88400
84031
34870
54284
9645
11734
72781
63245
60883
26429
66558
68238
9911
38540
2840
11720
64668
57003
96478
39781
42150
86717
41259
5532
74189
49929
71215
75143
22029
64710
90680
37922
11418
21730
43180
80675
11793
86191
38930
27920
63082
37931
87825
18625
78634
99210
11088
88179
81428
77186
44957
92710
52671
98259
76361
68948
21539
33681
9488
15919
78125
335
33782
70549
83314
76010
11565
29522
47776
83375
28084
52371
54352
17354
72249
55906
15608
4716
20254
30883
1053
88823
95065
29610
74757
46762
60694
79670
97322
69252
32504
63950
63243
68534
89596
32215
7581
26826
21598
8175
90046
87306
14901
15529
80426
92782
66969
46693
45158
7302
93445
33579
10330
8640
38519
66820
57884
6678
98517
82614
80871
91287
14890
43194
5515
80752
59149
16603
36222
11959
84866
19724
94767
51572
28346
63622
70011
12781
91446
92894
90169
51020
22377
29440
90512
54158
45787
45450
19816
10859
66953
36070
20829
91582
66570
10629
98704
2480
72109
1749
63993
35173
89790
77791
50455
15074
41639
75807
33127
22584
27123
17217
3699
58642
16334
47764
35841
61336
89384
80974
90188
21982
5752
96572
55377
35212
25757
45092
13792
59018
16864
96377
39378
39783
34965
33626
82777
71814
29984
25416
42451
66630
78133
36385
26808
11533
45304
27230
6899
73104
68002
61477
10094
76097
91013
66508
20965
39318
19047
16747
52957
35922
30282
44508
61165
18386
65068
91954
88154
47254
81290
94995
3009
69929
86367
18612
94286
53615
58987
89135
54921
14859
26126
74723
84208
70954
22132
82793
69375
3535
87051
93486
7916
90812
63183
13810
69743
35162
56806
90075
23518
10469
9255
30358
84760
43894
1238
81612
44567
878
21610
32605
66472
24508
56240
51164
10935
95628
12840
19239
36803
50253
79021
55009
95248
12700
21843
40333
9532
55410
25672
82057
90281
31239
23228
17605
12697
23841
52861
71103
99576
44157
40859
91676
62739
5944
98411
48356
90246
55867
89799
60795
4915
69345
45714
14904
59599
5255
70746
7940
37078
32943
982
18896
90815
85520
13006
33747
54442
45405
79929
63487
46869
75696
49089
96095
49998
66003
38820
55087
96963
89803
33652
27960
83125
56386
83006
15814
8587
54063
91240
85992
14755
41188
19827
35652
82915
89492
74047
2068
45229
70879
28302
36449
89809
5211
74880
79546
44829
93089
54718
53265
33616
63025
42099
3890
29996
84258
41044
98017
11817
15946
3329
97967
68358
94855
22019
32665
3002
32936
16821
55677
12265
87162
4287
92665
20178
52563
34173
87810
30373
39413
76574
97630
77682
68479
84488
28030
97756
88374
36985
75676
15245
94155
61609
1165
13955
48010
33131
96450
87304
24830
81970
36609
36479
86340
82288
67771
5978
11690
29978
70826
40169
22883
27463
71465
44877
9515
47607
63504
99594
70834
94896
86506
72474
68326
26916
31924
30399
50017
95695
85749
30960
21932
21372
88661
30005
68815
14310
29819
19918
93046
53436
41990
87501
50849
48830
76488
63172
18568
54756
92666
96281
28873
43966
83712
87638
24784
32246
39931
84732
43297
57682
84292
43224
84037
19605
53067
85646
61775
64901
8269
48498
19050
44391
17579
24213
34561
68902
82381
60988
42634
8723
86418
27597
40624
74695
62962
60739
94427
24387
42739
21505
88126
23608
22501
40578
63165
15907
23322
89230
43865
11472
65412
92713
30746
86015
43533
94086
68888
41124
24973
17049
31685
26280
40044
10250
56922
53389
88245
79174
23677
96047
53042
21327
92780
48454
67786
70547
88616
31944
84596
40442
85185
4652
15574
83961
49370
9896
84126
81091
55577
92539
84188
60895
77518
29287
79035
46005
81244
45591
16283
7938
18409
32063
38732
70508
7198
75968
94472
22479
65819
16426
65133
83701
44443
61308
84853
87780
98174
84231
65301
72337
93657
40304
25103
13042
53655
43669
96851
32785
77706
79559
67001
46141
55538
25973
92180
52763
52809
52489
27987
52665
89288
28236
88601
49411
95898
97476
4183
75631
79163
12478
45283
61170
11500
3687
51480
77685
40278
22292
82793
67747
96120
38817
49154
63961
51247
12566
48670
19296
83168
21638
32191
45495
36677
89233
52877
23496
13458
32330
90094
2749
93732
82418
76350
3340
98725
98659
9835
95182
84798
73833
96272
51437
8761
90986
9996
71323
94961
36199
14046
28127
15352
7098
5568
7179
40453
6399
44381
37993
71993
95567
60687
66612
67276
74728
6457
60482
79769
80808
65726
92351
61922
19320
82141
71349
17025
80262
40106
54439
7277
84138
55978
63677
41221
12746
4202
60922
46332
96345
80731
13833
85665
22202
22958
22422
19593
23842
90249
11129
7420
68955
87172
10796
71257
50885
81475
66430
84262
56184
40623
23937
32824
26756
24563
58301
25787
76281
88080
9255
43678
66595
36126
86316
94303
3596
77087
99336
86415
20101
60065
38356
43297
31552
63825
34939
97908
36437
85302
5581
87546
644
7281
63564
71524
84378
1967
45028
18157
72908
97960
79576
19136
77216
27735
68311
27046
22124
93974
4526
55920
29590
82422
79287
43837
43098
65976
12526
81704
93834
47307
98052
48466
40239
76834
26957
59271
35566
61265
94004
2416
58054
68132
71439
14932
62998
6844
79789
8363
94908
7847
42443
72737
91735
31099
71366
516
32270
59439
7562
96586
9097
75957
48649
31905
54973
45016
33096
25364
39494
10926
14739
8247
40012
71642
36113
59472
52328
38049
94962
26882
17536
33062
76644
22327
14
60164
42245
67337
81823
5544
14899
38605
9655
51017
97664
71004
8785
8517
26177
95583
43140
42841
74757
12439
95394
19644
8834
20839
10138
68729
45066
79294
98621
79623
19390
33797
74877
75366
29145
11745
58578
86200
23597
25989
14326
68538
54667
47543
58192
64030
68763
6621
6350
2470
51340
132
28971
7679
56965
14349
97680
23064
84026
77076
61623
25597
32986
12158
23562
90996
78309
81727
25994
32307
72763
71334
36460
79420
31504
80261
66397
82263
81116
33440
13606
60650
99694
16945
92683
32439
60736
2198
72718
47954
93413
30168
55761
71902
24319
90905
6584
99587
86510
83769
84940
8045
90755
85988
16635
69028
38322
83067
11869
86180
15686
75166
65298
74809
17710
31795
83623
57336
99189
59734
71960
52668
19471
89693
99599
53980
85712
12135
56522
63558
75479
60640
17179
98522
28743
38323
39337
85093
97046
85901
86035
57049
75901
59562
59477
53733
83760
21406
33891
13974
30345
70306
66610
34986
14845
87768
66422
52204
27088
94301
23622
50513
73796
8971
87868
87886
92108
42312
81080
70196
79518
70766
50852
59177
72007
65784
85810
75268
85433
1989
14018
52421
94816
70380
67456
31887
10482
34461
2282
42819
89060
27504
20847
6841
66297
49484
52658
57149
49845
71062
26158
93476
83216
39603
21972
77994
19303
36796
8143
42154
4940
29790
8137
96569
80925
21354
39558
40383
45074
46431
87726
31251
14608
7346
30344
27793
65402
22552
21922
23419
9096
96880
10061
70570
15279
97328
42597
58575
24384
44650
95727
58090
82893
50682
90139
58981
29637
15279
11752
32079
57377
14483
64903
58673
32503
94457
25719
78446
68204
16291
80527
78715
391
39948
68891
99129
95872
64824
81054
57515
30135
5174
90230
76536
34977
18640
69692
50143
84636
74575
63050
85042
52420
37389
71864
7281
3103
79864
72063
98563
53714
52672
48382
57619
46263
96350
14555
47973
37158
27232
92001
29843
34255
87669
72359
31369
30634
45010
4658
96249
63974
52958
74929
27644
61406
45568
80614
97062
55754
61571
9092
72805
94801
9956
29235
35317
4091
5528
46768
31010
41605
92060
61106
92796
95470
51994
15208
62288
26542
51252
87134
47625
27815
28465
89439
81474
62931
3617
89524
63046
39517
90511
44746
17542
30411
84898
67537
89079
45145
29807
43680
83846
8609
33535
17142
13944
66102
29721
2620
54786
94801
85196
41191
32161
85986
99578
16857
18103
14248
73764
17607
7684
91
62286
15541
18557
52486
54799
93564
90123
24211
58872
56590
39618
45983
81374
78481
19580
14220
71046
17927
36498
87669
58988
47055
50326
99740
6159
67395
82224
72767
58172
91522
33715
70058
29238
8328
83451
51270
68639
74714
40678
67182
26310
97758
11308
53282
28493
12294
63932
33780
15637
65005
12020
82560
81384
27930
95068
23321
18883
83394
73920
98687
47454
14314
37705
32492
72762
46921
95894
77197
99685
7884
59676
67470
81933
48660
20439
28238
48543
33818
87820
64466
11002
76050
48445
94389
13621
10445
49767
7037
71722
91800
2972
80553
35454
75938
96632
50726
81485
40123
930
59297
94487
83448
62689
49431
61697
14164
66840
63272
34281
14544
14240
66825
25866
49786
84896
37369
68679
82315
9195
72843
46584
44554
49463
56419
40239
49295
693
87836
22406
14754
8466
91109
3462
55714
76041
56972
78806
78913
93858
44978
62110
81420
91883
5215
90935
31113
11026
54158
17778
90937
45820
20617
82753
10077
80069
92527
24070
7925
81044
24978
66934
22658
78778
75005
55049
5101
25032
78354
81600
91393
45578
63826
91924
92276
53571
51446
52919
15523
65734
57978
74857
39195
66414
19513
89434
85363
87003
75828
34038
63798
29033
2155
11794
0
58895
62958
60498
84798
58225
43341
28852
52087
19491
6700
45948
51305
55322
67314
72285
15084
24976
78561
51809
3956
28468
15552
15798
13906
49932
62131
59925
10425
48744
41484
34703
37022
33700
26779
47766
48440
29498
5601
66437
47559
27521
79778
88301
2674
52358
87705
50621
32840
40613
70117
28174
86376
1636
91585
75080
83964
55148
54450
32852
2400
64549
62073
32320
63617
46157
39272
77000
58496
16149
35825
25191
17557
17913
12378
67193
27697
33721
82573
85388
45947
21176
23148
89699
52188
48720
76194
9830
71031
50288
87924
68202
58512
29268
57270
42040
45357
46719
1210
30397
8377
76536
29027
63534
4517
58302
7479
6901
89322
95720
37747
86972
33706
43550
3673
15957
69204
41006
37669
74723
9701
11020
28573
53097
13868
38281
30822
42285
97222
31982
97459
54729
45384
45653
6201
53294
52443
10468
91454
13333
80194
24936
30959
25027
12439
75754
81841
53175
67507
91248
10575
82548
75148
74098
11346
29094
64760
9655
97295
7699
56848
41452
97050
78239
21841
86593
99352
24763
20892
17216
57650
80300
16124
85451
43045
84275
47975
46992
4310
34239
66046
19115
7396
29387
61295
15097
8342
32020
99034
86580
23155
26492
42768
80048
51568
60084
63414
10768
78051
54954
99274
48230
63895
56558
84093
15654
62489
35138
27806
61509
54126
36734
87320
87123
97351
1214
52241
94386
54573
14441
13523
42290
15767
17981
19336
98699
1018
83324
49278
25078
44896
82381
83434
56168
18193
82737
86601
96556
12558
46531
8961
92412
38013
4523
20229
67132
35710
96159
6744
15091
34715
39734
2537
70823
20350
32395
17725
15155
63549
47754
60395
60423
37905
14106
90912
44573
89413
70791
7843
80627
2601
29835
23666
37546
13989
70872
21963
11930
25675
22532
35943
61871
29285
26098
2592
45669
30254
1817
94420
11131
16285
20755
56001
47287
18171
44836
83760
25878
71574
6181
5167
39310
46
92332
15446
55330
93580
65242
4524
6433
99955
50880
45089
71803
5454
96751
20763
18977
56137
87867
43887
69656
74492
22571
99973
19834
66338
97215
64639
95017
87592
5150
9778
72944
81280
3580
61938
9817
67989
70692
89228
56676
313
21672
32044
53386
81754
92642
55775
35823
75764
80517
38067
88765
47392
20549
17275
67075
62441
79840
65999
56650
50399
12967
70960
6671
99461
40429
30024
66785
10757
13995
29488
11257
27747
92558
88139
1169
22958
46078
17168
21731
89875
44587
79781
84447
74060
88630
16646
16328
41878
46329
43365
35275
27040
26452
69292
14141
82143
43093
35934
11633
84254
40963
88987
51378
88755
57607
35682
94979
8845
14968
71793
68913
62441
84674
70375
4529
86916
77682
76075
9019
51083
70240
96294
75459
62030
53689
29994
10864
80435
49863
82934
71130
10086
89888
17074
11461
63182
36936
65941
90997
80315
10692
55686
97644
48764
72220
74943
97223
6253
51084
94509
45266
30285
10343
75188
86563
3693
83561
70672
75354
78788
12055
75062
22386
90496
17493
65080
8612
70040
9380
3080
35801
12220
37525
11380
98122
22414
43855
97999
92502
58570
31161
22705
35263
28671
20676
52276
30433
20578
8824
29055
23568
92792
65594
59392
22029
60977
73943
48914
46052
67476
79087
81151
84838
81781
74752
57886
63806
77444
9038
11453
85297
80671
8972
29498
21335
95687
32714
91019
20881
73680
59004
12574
27494
42065
55778
71386
40830
28476
95769
19876
25401
21800
85149
12446
78445
90761
37625
4361
56187
92961
47213
72908
84365
78384
83195
27085
6798
57575
4334
83451
47878
95099
68583
91438
3376
60212
98565
14439
65721
20677
64208
49041
89527
57814
96098
56329
73252
72540
15603
94553
77398
56619
81568
98143
28381
87394
80600
66317
2648
82628
88066
84074
64500
71559
24205
50038
62338
67301
27734
7914
27379
10192
32400
34333
34002
78211
82035
26596
45599
51059
36611
78577
90596
36004
40412
40284
405
23288
69143
76543
1193
35458
80604
9786
31279
67065
79876
12664
77807
75624
96809
34793
76959
76866
34348
90350
67358
17106
35139
15667
70449
17361
43165
33718
48183
74353
97043
88550
60522
99126
38189
71686
49269
18085
79022
9329
23308
68660
32926
27544
51821
41632
17810
43335
70162
81470
13689
42629
92783
75209
53349
93786
1262
25306
47348
59723
35108
32278
28059
24640
9551
17761
85806
35463
15695
16400
65422
40274
62047
87676
18927
10747
96239
20338
85573
60935
85982
12104
48683
53736
4025
25610
39727
21277
96426
70290
8349
75956
36351
55702
53927
16944
56473
11548
26030
25670
40077
18984
49231
55776
93531
16789
1965
30148
61896
29410
55254
367
85498
3620
98901
24859
49903
66618
44852
37696
26523
7262
78156
91159
3132
8055
45163
68601
29499
25995
52256
21125
10434
70225
88869
46049
22100
58916
81962
65624
2797
68564
60122
9026
88984
53655
64492
7201
14919
28861
95977
47687
62738
80673
82388
42357
25071
24891
27131
39871
60042
69042
18713
71339
73121
68751
36485
87704
94303
46508
30074
42011
68115
63116
27812
8676
58476
89668
16196
58079
72243
94839
34624
49143
48005
11967
38474
57333
2955
52903
52331
91654
44920
82262
79948
23418
69695
94501
27457
69832
52783
99986
44915
42064
47468
13773
4168
49273
49610
81647
21584
57752
63496
9227
69871
76306
61863
51837
74370
67992
76518
25823
36720
48593
95932
48762
48398
17111
73361
50296
62159
73239
89400
5496
51302
4763
11309
37884
26490
33157
52551
78781
43941
18129
69146
81502
29384
66941
39117
86237
17327
14597
71059
41062
81756
72646
16711
23010
42675
24389
36009
82989
83426
93704
86575
53828
83370
21857
19050
98685
22606
87915
51255
69777
51831
72333
42174
13908
58849
11740
62090
74470
68742
49950
78949
77025
40357
85160
87087
44530
53935
24456
2140
15333
58861
69343
8808
45818
81265
85158
24183
44244
6520
42321
90060
16207
34009
3313
79526
39985
13485
78740
41266
26553
47163
70919
12817
89140
55998
1307
23784
59055
70261
88709
47838
95815
77095
37536
80533
60796
55856
68557
79848
99812
34477
69178
89437
66107
61504
87905
40486
84664
38208
18087
71418
27132
84673
13445
60908
83043
11131
29379
61189
39900
68185
19360
55810
22709
18049
41231
46860
71408
12315
75259
8688
4466
90303
13002
38235
16698
18560
79936
86484
56943
85167
43707
88694
82321
24141
42171
44936
84722
28624
66084
14138
446
45873
61532
80894
86101
67984
1296
89825
90649
80069
17843
5861
99266
49412
17318
67804
28431
82636
41490
515
9400
89100
93426
74264
31327
71730
3566
47418
65796
88178
73058
7932
54007
90735
56446
84325
35081
75849
21894
9287
34459
48803
67322
39033
12536
53839
22320
66132
69919
5977
80508
13543
64888
63725
67889
55159
30055
64741
8258
59734
87774
75635
82082
6718
35885
5064
49833
44010
79253
70751
25431
42994
92635
78120
16787
32482
27480
49588
78509
46805
63244
62586
20194
24979
11954
84869
64285
20836
13967
94714
9562
32368
32260
63625
83398
27349
70915
66095
88610
64387
99071
53445
24295
67639
22844
80554
46755
31826
46917
53256
45153
35990
96636
47717
40167
30140
98252
34888
52377
36949
36698
98693
25690
43995
33786
77927
22611
82419
50366
9497
27500
13218
39529
69073
3928
6377
16482
92698
72397
1918
93188
77181
72016
32456
17394
8171
367
76375
94568
95466
51016
38365
69676
20217
45576
41933
98596
24097
68109
96207
76353
16474
71084
92573
98232
66487
91759
50045
51153
90767
8822
21722
68697
54953
69694
52929
61362
76067
3999
7926
22251
34399
59536
74097
75626
36587
9189
66841
26053
21835
68824
95066
28176
22405
93094
18502
9392
89769
72048
52134
55246
23195
34593
48827
2568
56254
41200
83189
93473
66111
74043
92302
85849
46427
5971
78660
30487
59630
20535
83378
99650
12185
13337
23563
14415
45455
23837
51250
93269
74588
51999
86520
53468
38611
75187
58930
41588
85714
87688
65431
21314
94580
21638
98899
83605
66035
86647
60747
80855
2743
53378
91342
80639
56128
50386
86003
63299
54956
65813
19701
66954
25797
10272
13544
59072
83690
50096
75094
78210
54744
60971
89499
66937
92629
60741
10073
8708
17946
86111
71161
20910
99418
91529
32063
87615
9779
74248
93576
31535
59759
61107
43523
84116
32567
9335
41545
99868
76245
70683
57498
71894
21029
35454
5910
29931
92248
12763
51764
12043
43364
73966
71714
53921
77355
39857
4218
11432
68965
55168
6077
36951
34477
68731
51440
23511
83014
41161
62159
52566
99144
5464
93650
21972
33707
65219
40859
25083
92078
26669
40216
2859
27429
14762
79611
53107
33117
91869
23955
67004
59596
3836
28295
40415
32986
28336
31791
39159
30822
73240
33903
65617
71351
63436
52881
21280
95264
24063
83966
44013
92110
87166
80953
63787
2417
36534
49271
94504
7652
98834
83742
15040
50235
77153
86521
2508
9001
82934
24502
90104
46891
91465
70333
72146
86965
6459
59533
75773
65590
79735
61652
9637
44714
89299
65610
1870
3100
81590
78699
5541
84374
60883
66223
67832
72103
87220
72296
40417
36495
6226
56
50077
55690
59680
11084
5851
566
67112
59352
4912
46275
89485
83248
69064
72663
1136
41153
48535
48795
97710
87882
49133
37157
74373
24090
48615
79522
84311
35463
90402
73664
37992
45288
98635
71093
28930
13840
43474
95024
44664
73767
24381
25306
40519
70855
64857
70792
92856
7760
79243
75680
11585
36200
76324
48070
79212
53331
22419
70626
43088
29994
23316
59439
73147
17947
4774
20706
77841
61886
48347
46549
90158
65615
27816
51055
15527
31116
75548
9234
2991
5452
96526
63105
44565
79162
81742
60556
80683
26829
7518
79322
73729
3462
14746
51665
9808
59014
28498
84132
35411
27177
42392
41402
85967
56258
16277
1271
84883
59795
70998
169
22010
65866
18243
26513
6861
82387
56528
36940
40422
55934
96749
9277
50768
10350
17272
99705
18314
8379
31218
19727
55050
14405
93679
530
45278
21461
59431
46756
91213
4625
35113
86273
63996
81692
61936
89892
21485
89384
98797
80314
56354
48857
24835
10241
34144
1719
54642
9661
18318
27343
2219
38007
83612
62471
48771
94226
11712
56892
90019
77356
27931
10010
1531
76333
86490
10455
83447
4719
73817
32108
37929
99113
28131
76913
76390
8954
93492
87764
85357
74831
60479
22582
95842
49073
67211
90466
761
15662
7800
6027
28141
89922
24608
56480
11376
31489
33016
14191
29885
17604
92789
60723
45321
99598
78828
21243
43704
67930
73714
76729
37228
98787
16226
13412
68376
5743
52029
37547
65619
87833
99947
37557
55176
69402
79135
45530
63850
2419
25657
62391
30501
49849
23109
14258
30032
71965
29441
63851
72382
82487
27293
37659
27699
87470
88474
82284
40148
2471
54612
12725
94231
85992
48732
5328
3066
35688
27550
13785
88911
51733
76546
25573
30837
76641
78158
81533
53602
88009
62344
71701
91356
85507
8024
72206
7975
62820
30412
68580
75544
4556
10806
3956
45576
91599
73808
57774
58629
30752
11584
92563
14659
5307
34934
28332
54095
50863
54994
1094
60579
57831
70242
76077
14389
96116
31497
92036
38187
96377
19836
61983
37289
51378
26885
33629
75467
92577
20491
42469
81358
6134
85769
29467
22216
59899
38714
11263
20248
26554
40726
80355
81048
67275
28693
99719
75023
21373
29683
92723
73795
84544
6957
57392
11499
69805
27559
2275
88323
2515
24591
98535
90969
32479
18492
40902
28036
36039
12209
37908
55892
10611
52062
44936
14276
37928
86821
4375
16652
3762
3098
96751
64787
5454
66819
23885
35906
14449
4287
17051
4500
38745
46243
25930
79113
11310
1791
55559
55578
85331
25024
55837
67494
46863
80686
52488
68011
2451
65237
42737
16049
54408
70850
42059
98816
53974
61667
37096
51698
18099
11409
4664
7010
39494
85609
73408
61924
76151
56981
27187
99822
61269
58794
39247
50676
46627
6411
85783
27954
4352
86634
28904
45666
66673
83662
59835
91725
25613
4145
91062
42174
65221
97184
60015
20146
21679
98406
39838
7660
92110
92418
85501
97509
42559
71476
18399
97472
98785
81559
63114
33819
43906
51944
44050
69378
97251
32900
12307
71070
7495
50576
24427
25835
14013
78866
46579
67495
10471
46141
43256
64934
48583
64650
72729
24802
72805
51297
8799
8815
62847
17719
77012
20173
83118
78097
48033
9718
94928
42695
68841
57976
23896
58596
75163
72765
23278
56458
48856
96453
76804
78866
52322
24533
15830
87921
20188
66089
67165
68246
74404
17573
6928
11023
66633
60073
94935
46764
57035
99490
47790
21595
62158
23741
52371
27698
49658
22615
58668
86860
43859
96593
81240
18058
36463
43455
11024
45179
41305
93854
35353
758
23266
20581
10473
98724
34814
93621
75283
71291
94434
53930
76209
31908
95448
30324
43501
69534
73148
27775
5644
27516
55479
37357
7543
6601
78421
2534
11815
20396
84805
70630
40813
5222
59212
52053
13788
10904
49735
42963
95572
52610
40411
43602
62507
53158
98778
43678
31353
59243
48853
14487
80032
58686
15320
79487
51670
24306
38183
46415
44785
8488
51507
94724
72462
66346
27608
98679
83262
47825
56662
24778
3566
69702
5738
89725
42769
43109
87337
14625
43788
20318
4121
1860
59774
42518
18987
58603
36937
56074
46616
36990
57889
33971
20343
49788
38128
19269
35385
10831
86916
88881
59841
36635
13782
44555
4291
92944
33432
63974
81560
50816
39962
54010
92443
55178
46968
26152
25315
42515
99076
40052
1438
89174
31307
14513
92710
50995
21511
89019
81506
66147
87521
10846
61628
6252
46240
76276
98810
15343
7442
69707
16508
87039
62134
38756
98833
82636
71236
48920
16469
91517
13818
52085
5451
40285
90532
80390
58611
44108
58950
48881
61705
65686
13353
50298
90010
30976
5696
13221
12675
32382
85077
58489
94887
32162
81973
86719
35661
29904
35957
60874
15444
26988
12608
55696
12788
81621
90558
89783
13843
99275
79714
30699
52832
49771
11920
97355
50671
96507
74633
10627
82226
70785
23380
6420
45680
79822
95755
72240
41860
87288
7711
43522
70101
88517
22601
51882
80941
58243
35023
69158
53689
75956
49743
23276
412
60871
32266
97107
49200
2210
64976
64626
89562
14459
42276
44384
93705
95750
44875
53883
88938
60136
34135
27428
21643
46507
45738
45383
28906
30954
2921
29368
62937
68108
15392
33401
54993
28045
39308
49656
72432
85784
79784
58805
88721
65553
10935
87202
67494
70734
38090
30019
72116
68198
50255
93780
59754
19650
29399
79946
23135
39184
55554
90481
67944
98486
44970
7925
78995
63843
73096
1501
21700
32513
90278
90929
77737
71655
38114
87708
18107
46443
97180
38956
61108
61045
49725
56470
13127
84366
57892
86295
14880
95255
71181
69750
1369
80630
23104
81989
84118
82763
42004
68229
58047
4001
17182
28553
45847
26369
91930
75827
61789
94304
37044
63675
66846
75032
11828
95438
71925
52628
35524
68275
7233
8484
76255
39945
78017
80913
12087
37356
22894
34058
93539
32214
79221
35133
11043
93858
86704
50498
89010
57164
13440
98065
22055
42740
69736
40916
40552
70529
18601
43639
76044
1698
57206
44443
2474
85423
85235
26250
11331
72431
78095
70564
841
38899
77819
14040
7947
77375
50246
15791
43902
61993
94870
73059
71305
4058
63845
18541
44973
35665
19574
56603
65423
18535
21970
63103
75012
81389
17124
1189
36632
66033
40877
15517
94106
17152
31204
50422
13127
64581
95182
98348
42578
21071
70357
7384
56461
39409
93449
14886
80759
17187
57968
70052
61826
23942
43915
90262
77503
18053
37766
70534
30249
83671
32059
67288
93226
65504
19749
8636
27278
75031
80124
56349
23362
26435
2257
70614
34056
16286
74695
41764
83931
59804
32876
9559
9177
14980
10675
37026
62673
31645
41104
24050
58090
61220
50511
98331
32526
78809
96977
61837
20882
14362
38980
55686
63715
82535
86749
79009
1198
66981
75029
95244
98443
53054
59421
76599
80359
28389
19391
68936
74317
14903
72531
1420
19473
85821
13723
14056
86713
57134
69788
12781
29224
38834
27705
21802
45511
78849
93293
62843
69362
43913
79621
91071
61437
9038
71832
9320
37793
44780
52420
21260
33159
32537
12550
66328
62224
46630
89012
51203
76350
22371
46939
66496
50147
47202
38961
68366
22404
85523
65974
39306
65385
23279
46380
67108
51492
35121
47440
57295
58235
19998
39028
82161
46644
18053
56730
48218
43068
88450
20687
87090
68883
84380
64897
22443
76952
56206
37182
37686
67565
66723
12203
18321
44871
73050
31614
12830
76308
28969
42489
88175
87528
38302
44900
38396
2726
8257
74085
16823
9704
629
62302
24823
95660
29309
65603
305
32155
32315
63446
87142
5270
40915
36961
34069
36575
111
24399
49488
39745
30204
54536
71852
79709
27313
31272
5234
71251
91823
94458
20594
62761
6948
72182
85624
15451
75690
49716
99734
42047
43565
60747
48993
8403
2249
98987
93080
64614
51057
45939
33567
66527
98156
14896
298
98766
62074
92819
86196
85550
62837
57966
45328
53907
59955
64971
28054
73845
20007
18248
15743
6457
16711
65299
39980
28857
41704
10621
27904
34351
19173
28702
47375
71715
46239
51078
99374
2862
79934
63291
17033
51755
88406
62644
83859
82073
1701
73617
8952
45615
15448
36852
67919
27549
45293
72960
26059
24666
12980
92300
52881
16239
76142
93252
12931
87840
96759
50333
10907
93106
68193
50835
21267
5630
97589
52129
78785
93136
94334
3867
71265
89308
72833
39435
50698
3006
74084
2503
71522
74764
47216
74476
9133
87674
24401
68377
40161
36810
18138
78730
32149
44782
11621
75662
51864
26043
760
21672
23421
59468
53572
15551
20756
31984
80262
89026
99348
41777
16208
68604
8661
53986
96098
50415
60730
76580
74226
30928
51211
10421
42315
44735
9152
35829
80049
35522
77178
99734
32162
82429
3084
13888
82840
27184
33398
69951
61292
41484
46194
78794
26516
66131
24519
79344
56493
92779
47355
30304
10644
50591
55430
11989
31853
23987
54817
41436
44999
40801
20317
59076
70071
74901
12849
28897
77600
65601
66091
30461
31701
37534
3239
95900
46005
16992
37373
67498
25365
43092
71797
49763
14011
56248
49525
55646
98310
77623
4507
56695
81675
93792
57255
20184
14747
22403
81040
35843
13984
89863
65366
350
82214
93866
6103
90812
16950
93686
88411
94308
67037
24733
74762
85376
74188
9169
17438
43109
82873
11681
61747
91033
36482
55828
70234
26726
78578
53819
69197
71129
40315
41943
95773
31991
8867
89863
35303
3229
34492
87179
39493
87603
63563
32602
48288
96364
7435
44956
24579
34588
71914
33829
81483
19639
28944
56687
27227
12322
99423
50034
94125
62360
71190
38979
98946
99835
51088
6214
93177
56277
21770
87953
20702
16361
73666
64543
34586
71835
99611
89614
11785
77049
9404
214
12617
55717
53752
75526
98446
17696
82504
4924
95602
25172
15253
10560
57898
34270
12018
22686
63828
18614
72325
58558
83980
15004
45862
74722
45245
66177
1152
78971
79860
10255
78837
59656
23377
50806
31679
98669
98903
26420
32784
64748
71459
83648
91066
90146
90105
55124
70187
67776
26809
85652
50641
72164
88305
89631
36379
5236
69644
12593
84832
84919
26664
66642
10936
18768
24325
79455
44264
14327
69913
6355
48603
47510
45729
1425
42092
87997
29458
68017
22497
80354
70190
95908
92657
55192
76497
22886
66789
56043
83595
83648
18812
77718
93032
77910
31945
91841
88683
35603
4791
51482
50169
18735
24045
71534
4178
69083
7053
36485
37018
23881
34902
37655
6421
17402
82665
50671
14386
95365
2792
410
98142
80897
53434
78764
8409
79216
86764
53423
68390
80616
72786
37449
22235
49310
27018
18729
75481
85873
89409
78541
84277
77809
9935
27956
5813
1898
77342
65531
39830
72945
54472
20438
26826
71529
41534
16716
28959
50898
33477
57423
27610
3024
43162
36087
97667
90771
4311
86939
67194
46792
98573
15915
32519
25531
9105
58796
16463
41895
8051
5937
59651
94300
34185
20818
42162
19500
54251
6796
93630
92402
98264
9845
53740
29919
78902
70106
92021
65474
78710
42391
80090
44115
22933
16913
99156
6525
94014
24340
50857
15590
48526
33029
67099
87868
83088
15491
97754
30973
79430
734
70810
33731
52649
26291
18559
99114
81895
20228
25908
30272
73100
15953
59035
35912
43804
31125
89343
52042
38716
8287
7974
28922
89744
17386
45602
9124
55295
25244
77990
61553
66451
41656
8470
44505
65596
24864
33239
17541
9204
81418
44869
39871
92029
63005
5892
16441
44711
32809
79982
83414
93485
98753
80298
67609
83967
19574
93054
23656
88923
28081
11483
21468
73780
24204
73015
49736
94293
52877
73624
45828
27487
24896
69068
25013
32141
67120
63542
67994
61593
22210
1699
18805
3479
51279
79994
26132
12319
16572
44945
25020
53000
40663
91964
73361
90000
45135
24321
23076
37208
1808
28295
54650
31084
35450
59917
96468
17376
23710
61943
98272
66710
51765
42402
17660
62461
16636
48089
64962
85043
54287
89120
32980
91946
19809
17646
48165
77673
69845
83256
72322
52873
70525
51495
21724
94496
5484
81931
80210
24667
36666
49770
44735
4163
63060
12337
82653
5058
33116
1067
28373
69088
64196
77487
12069
67942
25891
3443
84396
25283
95026
15263
87925
62956
390
58973
16925
90398
33290
17996
27458
91008
93080
73619
9771
77348
99636
14354
62862
32204
81732
93172
37666
81065
20528
11106
32162
84510
6290
93425
52825
18243
92666
22779
94448
86470
58657
39371
80882
27595
34664
45266
90489
41844
32717
91862
1207
73564
26760
30410
18210
60638
42376
83417
83356
87411
47109
9660
36798
53271
42626
13419
71873
5389
97345
39248
36105
21785
28322
12311
55215
18027
71322
78946
73321
47996
99340
19704
50808
5968
79878
23965
83245
54652
76411
83709
38040
40993
13816
34178
69871
12982
34405
58438
41080
99012
11355
31970
99828
47210
28028
3908
8135
31009
25363
45887
64520
89434
33961
92540
21761
41732
87329
9551
26787
49193
28465
78980
37418
55736
48093
94136
91816
89853
28210
69317
32593
52140
18523
21013
1347
34781
5731
63319
44399
27474
76073
93358
77576
84084
889
9575
28743
47546
36204
92963
43609
69675
38302
46675
47398
52283
54312
9698
70526
42866
1530
60524
82497
56778
50455
41548
43403
64375
29708
84146
61563
65089
71822
91156
73407
68748
88399
63035
45086
23225
96125
56607
5505
95973
4599
79053
66655
90735
99149
58340
14595
3191
57555
37183
25692
15618
24993
56844
57089
69274
84138
50523
5055
97842
87959
38067
8672
28712
60448
80350
57113
68995
88038
68293
68305
23131
42448
88502
82569
23479
19264
58369
12109
78482
92848
65154
12373
87543
73583
29145
46136
82060
65810
51574
71438
15691
96153
45327
98911
99594
64767
70164
38286
88060
41757
16953
98012
62481
58172
1202
95322
89816
27700
53182
60814
20453
25030
77498
19009
21070
73555
41207
77860
61007
83511
89733
10492
11373
36070
55246
5617
32344
92001
30367
5102
92041
67700
22753
5718
43243
3407
31910
44420
6774
46367
85247
74908
22742
75112
17642
89972
45226
83778
12201
66361
84104
40302
41102
73599
1759
65811
71410
90952
79540
25816
25381
25520
8974
99136
75999
36243
87245
79198
14389
54332
40084
84403
1640
79434
47463
13611
22711
57313
1200
39952
11444
65899
74524
4009
7764
64713
80130
98324
93248
59930
79428
9467
60041
39942
8654
64981
28440
29063
16827
82876
78371
33493
22294
42630
65660
81293
36766
24834
88836
42141
60355
31249
31900
5582
40877
76959
89436
99278
2877
81980
91100
57658
12203
54268
57327
89445
32429
84039
35376
85799
84921
10621
67701
6884
12673
31178
69184
62455
98366
69538
29461
83195
84904
38489
32581
19767
1761
37569
98024
53156
41713
50785
22122
1212
35788
80879
79868
69152
71152
22506
31915
8101
56555
15382
54062
71165
91673
29556
16504
84382
92426
14813
13742
47025
27778
22844
20595
85176
41435
95653
24222
84893
72197
4278
68461
81044
10221
51560
40819
74380
51355
74801
90861
27639
12533
20474
57298
97843
78945
94488
90664
78164
14440
13290
48883
81712
4086
55949
85737
37383
64254
5119
96065
62477
58587
36942
67210
37270
52465
37116
91224
71933
33105
54834
85817
86352
69947
57726
79557
9947
20510
91946
25876
15055
57435
506
11753
3151
36360
53378
92972
61303
65776
23074
75062
1802
74999
15551
78981
48886
14427
89278
13104
78630
50679
26944
32148
28932
59457
59413
46028
6728
97587
76958
97023
11778
37479
21475
18771
41216
56923
96686
9216
26460
35316
93634
42400
71238
41150
40603
97314
99753
38577
16963
5373
17820
81264
85646
67746
43687
17515
74739
8554
61872
71877
32200
47950
81633
53232
62841
16150
2136
14867
26116
6249
45323
42477
92596
22723
42517
43444
70167
49541
10338
87702
98782
10085
48531
72833
69394
62598
66574
55486
7405
72195
53381
21687
87068
67653
24161
35833
95983
75700
56170
7445
42009
96042
14774
85953
49643
99875
11501
21596
13352
34705
58805
88750
34020
80556
56254
34637
25022
870
15371
23580
61367
37500
32379
76142
28237
58088
73172
85672
56537
88979
8780
50661
73089
93161
91347
95475
96827
68325
75936
55066
84288
38475
86102
61501
80808
57108
14482
19577
75399
24484
72564
2634
24035
61943
9128
94957
41649
82586
34288
1376
38636
72663
15343
56038
53457
76872
2421
63335
43641
60204
3234
84211
58452
85111
8633
16039
47230
50115
77059
18248
66689
49221
80124
92589
55783
71675
92414
77113
78682
73185
17319
75557
41915
37666
59242
30236
84699
96684
58480
76224
96600
8028
6184
63947
9623
66424
29394
18704
4219
97948
8580
61215
4352
60556
82999
92327
53367
61609
46161
49685
21054
49375
3439
51963
13114
314
77263
48141
57652
75704
32152
62180
54477
1274
55846
82949
47295
22260
58582
21180
35026
17764
41834
36737
70648
63775
2745
29053
85062
42055
35894
18278
2607
97657
60027
31142
25982
91842
30131
48794
6447
10258
58433
19606
31691
9448
87920
86438
81887
69037
96183
65615
90136
43773
26120
45651
78045
30176
57974
77140
65128
59224
88641
95728
29826
97106
57600
21162
57658
28190
34825
86569
56802
67324
97919
63290
40999
908
28057
44369
45131
76040
27819
98157
25920
27534
18964
89945
20482
66740
65891
44750
69170
78624
77286
47126
26539
52912
81584
71435
1475
27187
29446
58014
41184
23515
74055
1556
20692
44522
77942
41451
69078
6121
80677
74874
52510
93016
85056
65782
64317
96351
39698
64401
85047
75043
20248
42044
10046
77813
15361
17005
57996
67780
14334
31100
6332
74834
73388
44872
2854
88836
71258
61623
87574
75219
76345
63514
79879
84512
89536
39278
98753
26885
36281
20479
26699
3654
85484
92263
58735
30566
83557
22293
80714
65845
58436
84744
5900
18791
67010
67610
97202
42336
55835
61658
45405
21580
76444
31985
40430
22155
78377
61318
29729
67337
46923
62462
61507
24876
95349
94811
60178
53254
17554
69893
85520
90155
32877
16258
70812
80541
62894
10315
49442
12970
39223
29920
12022
25152
71043
9800
48380
75119
63234
66002
49168
38300
55088
69747
63193
86728
27803
85306
98331
46651
65186
43762
78569
93421
87896
24852
91382
3537
85192
67877
96524
19294
57363
14099
76150
4667
18165
36872
98360
93638
93413
30441
58206
56641
48827
19470
68786
86489
4428
41181
87207
46037
35056
59205
12627
39191
90853
37940
29241
76370
4236
72309
66500
94857
61553
32778
92080
47295
81033
6594
30561
85505
16532
98104
24599
62028
69057
18760
78522
25852
74065
35373
76815
26770
9715
77628
6829
22177
719
11831
89769
20309
12094
25039
25325
62944
20470
6809
67399
49794
65988
77419
61149
37973
71954
41300
23327
9523
9192
87189
65301
21028
3566
35296
90423
80679
14992
94795
74556
45564
84986
89041
21321
77772
92515
75366
18699
61526
28518
34964
6240
93399
67722
67894
94992
53717
60164
21553
47225
62312
44403
37354
68519
60070
36489
2664
21827
71049
82313
35431
57730
67583
29515
21462
43103
26605
90589
61006
71747
48192
79236
48239
69695
13267
35008
38008
25916
50390
88365
19363
10698
82497
80101
41019
96533
54101
81539
61274
38390
58091
18211
57604
422
43227
38598
346
25581
8299
32113
77115
97016
74962
16820
15549
24232
42792
79432
97668
31687
58284
62354
92637
71222
57681
37380
39930
93890
78406
82755
52491
24757
88449
73283
50132
18889
84071
88686
6000
59607
77402
25027
22530
21806
7520
27707
62772
30623
56396
41928
13711
58356
19563
68374
9397
36257
34125
11571
6654
80563
96141
29579
42285
74468
3135
74443
2574
82865
43381
57479
15246
63619
64879
90424
19767
9353
28797
8381
75879
57351
38129
55138
60396
81096
69254
86782
58206
2414
71239
43862
51960
21354
4605
88927
66932
4007
91257
36513
68227
76929
86618
90326
59398
12243
82780
15890
1549
62862
21566
73245
82825
34533
30509
10748
99247
36165
19698
95693
32875
29090
53588
37105
96702
36493
62252
6084
12022
2178
64068
37095
85257
71229
34410
41983
60142
86636
71799
81814
81784
57984
19030
56960
6959
93949
76467
75480
6157
65841
59458
86312
93010
13537
38697
51976
24836
7807
23787
9341
62822
30840
40210
41859
21652
57834
90904
4741
97688
62578
8370
97449
80492
43683
83482
54953
28109
73491
43415
93820
40409
65295
86507
6611
709
47567
47897
10846
35516
40549
56017
23727
24440
97454
34937
87447
45590
45483
30137
81101
87642
85705
72899
75341
65886
67772
52958
92989
82488
36650
20302
4810
32039
42436
92353
31153
18649
12176
40152
83897
72573
24577
94480
97278
76863
28040
11468
34921
86950
3620
481
57274
28518
88276
75645
13640
64866
23662
66901
34911
23106
21832
82314
82056
23692
32531
29495
90086
78658
50023
49050
50236
73176
65657
78940
74765
50737
42762
83487
46235
75157
13881
19811
21233
54193
71065
94677
87836
43499
87197
92532
50260
17119
45071
28577
34968
99995
22016
27938
28055
82740
79609
33587
23019
26595
99760
49803
82080
23552
21239
16262
31251
15353
38159
37812
81589
7951
81498
53245
79311
86733
25645
97519
74783
52741
12452
71142
84160
36841
63567
31510
54984
40003
1770
92120
84170
17554
61131
88783
41724
65505
30228
46198
36020
26438
12361
7239
67499
21460
55035
62058
82499
17277
94883
5113
43397
17671
34986
11437
32675
72777
14821
64998
41244
3331
47870
26587
81214
97912
49709
34972
66245
42249
95750
76993
99713
50126
69323
56914
58326
66291
1858
99089
97918
11822
43330
13831
17929
3449
71431
2602
76772
33008
68357
70152
22935
40072
54904
15186
86537
41065
35962
32584
97246
34602
70286
16253
85536
72840
42138
53543
45275
43074
91377
86981
87458
23732
5966
99597
20016
99566
42749
68465
94313
73617
25459
7085
18847
88005
80414
4496
528
75610
97782
50309
93420
62329
24307
54109
49460
82117
94745
99866
91966
57652
65710
93530
99189
35780
84972
47838
91485
77020
52497
53686
60117
65824
6419
91852
55637
94384
13490
28297
98903
19966
62086
83303
58482
43114
87575
47701
99297
90587
96460
39872
92386
89596
27
60580
36186
37585
38686
35343
63669
79861
66279
17966
35148
80338
90154
13879
39296
89307
56409
25713
11330
10729
45773
95972
38261
6544
12895
31321
38763
57982
13079
333
9547
60304
8220
57880
80404
98512
89898
9364
97596
40782
78882
24940
49970
62682
74011
58754
85761
27708
4246
71581
89525
82928
83151
10894
92280
41409
71407
16061
3765
13409
70847
19285
95166
95330
13687
81704
93289
48916
78932
32832
71477
2811
56839
27972
49450
75916
46538
58051
95935
80133
60527
73439
94069
25766
52721
56793
81664
16240
72203
17014
1925
44856
55239
30955
61119
35367
30830
43850
53180
89553
14046
92232
71781
32337
54203
16042
7834
34333
94908
80972
38907
26731
34502
44269
17860
43104
59606
79002
80592
31280
29847
66198
58782
87064
82611
21283
8017
25107
11686
7280
87697
43932
86766
57119
64303
89185
99967
3698
94373
2657
94484
51153
34300
67330
25408
61978
28295
22129
80866
74373
75149
12887
5270
38579
67236
29460
21127
85171
43929
18042
37859
77552
42924
4233
2760
16763
50583
86146
95194
21360
7439
22699
98454
21639
55396
81886
37408
19098
17155
70286
51993
41518
16538
21111
80109
63808
61915
16800
6568
94573
27514
26448
8393
57245
80272
38410
55630
37614
89858
72839
98127
93081
8252
36335
9607
9602
80439
27155
30572
61121
12602
47818
81696
37256
76156
48773
51584
18353
27591
91889
18105
62662
62936
50825
9435
74412
26499
56278
87334
61420
39060
78212
84417
32895
74032
86881
35817
70998
35802
98197
88070
29508
2673
15737
91514
46504
9751
2901
62706
17818
69004
96410
1791
4369
6617
91001
77950
39439
36936
18526
7859
93354
58352
89964
28053
81464
50767
33142
11330
71446
1776
26104
68467
11573
71821
64944
18315
78498
19662
75772
69385
91536
80142
62896
72252
43939
93054
18452
79926
24988
8099
59448
32345
79836
51067
61781
61167
75767
9053
58210
67158
9623
57406
93391
90583
11402
28816
75234
5143
58217
77093
65611
8263
40997
5745
81158
23734
66032
19662
81229
68167
78117
39992
65175
46653
43670
52824
73841
32530
91792
81311
43768
1863
55117
42664
30896
36150
9397
35136
73699
42371
93202
28001
54201
19697
44079
89689
72209
59601
1259
50666
53754
85396
68064
64139
32912
39426
57931
87756
37494
16003
36632
20311
68076
85115
40683
41425
3405
35987
46636
37279
39368
60722
2864
71590
64953
6059
46881
30059
91364
58223
67850
83801
82733
99779
49856
52128
52982
60716
42576
41210
53206
66727
68289
6378
4050
92437
67078
96254
89371
92211
10435
52403
72645
41896
25080
75255
98015
90456
1359
21097
98579
26518
82334
81341
65371
16566
83706
77307
6462
69119
21816
34151
96326
90784
8289
6716
44799
76506
78641
29522
4079
63834
46604
57886
47468
82954
32446
96728
11262
98205
19501
69144
27155
91753
95550
16762
72760
73106
84704
69569
91
99808
31256
10263
5178
17330
85770
34353
7239
33164
35106
79985
96763
73932
23868
97734
40851
9115
76758
55247
41836
22366
77071
60860
7095
60876
61180
53045
52729
9978
10055
25172
67713
88370
87684
79469
82502
96771
58034
44750
32349
22225
39690
60161
91188
45613
72136
80334
14318
58559
77747
62749
62875
8255
17546
7322
81171
87300
80556
113
30704
25492
94852
60601
25349
53914
28752
70381
79102
72469
26092
46485
16341
32044
43296
81987
2062
96032
25763
58457
56368
81050
38154
20457
26081
58500
20080
73108
77532
70612
63652
89459
73681
73602
59978
86868
60090
99610
60591
57404
27318
56493
65037
49611
14564
49826
55926
1406
27613
88138
57024
15085
58605
10449
21294
8180
57712
89776
85911
46671
9606
47392
49974
11551
99378
77897
33965
76905
56277
39800
28150
64062
73057
66319
43751
60789
65629
42998
3393
80275
34357
58703
78102
66061
20186
65511
87668
40901
40413
61033
86898
46640
65251
98604
78358
19480
68614
87117
12385
6237
53609
79127
42520
22742
4821
98270
30512
36213
39220
42540
5716
3689
32489
24211
37046
21405
53226
59169
59472
30653
81180
49617
52629
3993
55914
80797
33018
79042
2753
85105
33082
1202
28074
36476
96394
28904
50468
25440
2394
44848
63870
75752
17156
45442
81839
90073
14965
59681
32882
37985
13333
19459
67041
2668
32245
10992
87724
24822
5779
68707
37206
20283
72589
93165
19277
49865
56640
49817
21924
38007
56923
38507
35022
99087
87941
7138
51961
8774
15304
61020
13797
24429
66360
1209
4992
20064
64004
80567
94495
40123
1880
56828
49051
75085
38252
33107
33413
46276
59469
64237
74791
86024
64006
19656
1177
43940
73163
68974
78205
92286
5281
73332
93111
78632
72173
59875
65996
76143
86872
56116
59959
72081
27355
34419
69762
73164
36269
26662
39815
76081
80838
69191
50498
50135
32687
79597
95730
17227
77833
52521
73805
35045
33078
51628
56189
93783
63079
2342
64187
7582
74307
99049
30822
30331
3633
19500
90304
6427
17187
45899
28678
41330
62271
3244
649
65703
69131
67069
30542
63977
65460
75064
72542
78623
80826
45000
50666
43708
34940
54726
9312
25585
10075
24860
90147
51901
63726
18890
33097
3616
93538
47079
44118
77965
79211
6047
26608
40285
2252
31003
86144
64576
22911
81343
74596
86959
42401
60492
77811
82333
25341
18726
21422
57740
55443
49647
3295
55451
42917
79826
50929
82237
40606
79612
11116
79045
28319
21413
84939
57213
82344
89933
98268
30518
34079
21569
90259
77754
71616
58268
95851
26141
38241
78890
8123
48786
40160
39880
24208
61146
34699
46183
9100
76631
16492
51952
8859
86367
10127
25985
6190
74411
10866
10133
86295
51151
28072
70370
39679
99012
69673
85308
89671
43233
60026
98839
34873
25641
61172
1546
74250
1629
55668
8302
94510
338
98014
39621
81368
43229
45102
15896
34253
91083
14301
77721
16388
22573
23629
90119
63036
94449
44914
11472
3417
19724
38396
37585
6909
3091
88773
72536
14079
84168
10259
86347
73387
99057
21450
30049
83830
48293
36017
66189
89756
60576
98240
95836
88311
9302
7811
89908
4990
15940
46413
4092
88536
69218
70909
87515
80699
2804
29541
23608
57286
58368
66333
92800
61495
90746
86275
31559
78793
85050
81964
88485
25102
20176
27276
75778
87749
20782
32926
43372
62392
22947
15152
52100
31061
54215
87151
99770
83239
33138
490
44333
73264
67752
45061
14036
8389
10767
16573
48090
53606
5217
85842
37508
52601
85308
68790
34990
98786
91735
62193
65684
67904
78032
63758
81517
30822
79520
60710
96689
13717
78479
37991
88571
17395
27044
3424
83593
77803
9589
50860
85376
4065
85853
99032
68685
11407
42443
80787
25478
32832
22647
66353
22351
89704
82191
22876
18585
88831
85008
94647
55300
51129
34929
38032
86693
17763
46840
69378
25475
7483
77552
71332
42972
53772
74994
41298
97444
78629
55456
78070
83533
95701
42321
21842
42466
85350
38982
79628
95213
81171
43099
54998
96121
13447
39161
63962
977
5523
51273
82207
25639
67051
163
81658
15729
10781
92772
8819
87566
33711
41758
95314
9895
42197
16105
56135
14704
51596
21975
37428
34765
44854
86406
12375
73810
69906
58094
18263
84226
81687
26714
1898
20665
78957
91411
71360
84901
39816
71992
8400
12303
32385
74474
75646
87576
3443
54180
98437
6014
79311
42088
80454
98398
60861
9268
46061
42323
21200
57267
49117
10492
33220
81711
27480
30972
982
77732
46988
18683
55424
88785
59677
91722
35791
70728
23403
50244
12419
38469
57408
26575
73539
49051
28664
42562
20219
15817
56205
85441
71155
95435
53694
43619
32717
68781
96956
29461
91962
88922
47985
76855
47065
79891
94573
21060
16461
42460
35246
66255
75194
96784
6123
4872
58524
65460
46525
38942
52676
23689
7691
76511
60656
32475
50832
47067
18214
50135
65387
52807
37165
17945
14883
59453
45256
86499
71925
58944
50287
98761
6140
93373
3883
91817
61371
23501
718
7801
25929
21911
3821
32505
80218
48850
27644
10663
64902
78728
11300
96337
64569
51958
73251
40516
74902
75889
99520
80931
89353
4738
19945
92500
21223
16434
11659
48565
51940
46849
14861
87212
22833
47471
60330
31644
99119
13597
82185
36690
48245
77966
97114
25119
88025
14216
9360
65217
77983
59991
13749
23673
12188
37648
55246
20353
16901
35570
4077
58231
81241
62344
20749
15474
49831
81611
38125
87254
90621
90117
87500
51522
80207
86705
57117
73126
45024
42750
76711
79857
70352
1714
95260
52297
81411
10347
34004
65236
78761
90209
16101
2323
48111
46279
37793
39791
58945
63664
36909
70443
36090
98318
92537
99097
86506
15573
98336
93353
70722
58655
92574
12027
65695
61256
61257
15189
5937
55322
52525
28625
94247
82691
27208
7950
25465
8610
6367
17383
94802
70144
41243
48352
79640
63515
17668
3004
22616
58558
4568
67276
70739
76780
21927
84002
21151
48892
8046
55427
82971
11134
7567
68795
40276
72252
5833
70475
97133
78684
68953
67933
21678
49825
86125
30872
3915
34161
75585
58351
6415
34481
80280
26323
92934
36812
664
73
45508
19923
54018
90391
53653
63294
98860
63543
27490
15792
17437
7374
7260
6425
10789
14902
53641
42934
36406
33079
12072
30355
14499
44181
67682
13456
34708
4387
46191
24481
56483
93653
43042
37231
12662
6931
54067
54108
6617
46121
24743
15492
25431
14043
27645
2558
58421
90230
60439
91714
16235
24130
88611
66853
94656
89460
63205
70176
93249
66975
31940
98959
42269
25034
9678
28821
73952
52285
83304
56188
58794
96469
80469
27674
41259
99863
59650
74159
5054
44257
74604
47691
15871
42812
2895
28876
70794
90414
6861
2053
79858
5995
20791
26747
1754
53388
11962
33097
62931
91480
17833
14947
75219
93086
69570
62167
32750
26213
19456
55855
77460
82555
59837
88531
99463
1449
44354
53228
6039
81447
83532
27012
28635
23756
92860
72680
78478
28606
34716
71823
8548
58600
26569
7572
95816
67370
53537
12095
32564
24745
21418
65283
64267
79047
44125
82560
92086
36333
61997
62216
79161
92005
45304
97087
99121
19077
59689
60955
24333
71845
98919
74347
40646
76434
79421
1812
89469
34939
69863
3095
21263
68552
66774
70542
49335
14154
48736
44629
33152
81101
70215
2885
70437
55115
24196
71547
20776
97210
9584
80696
2347
77797
9903
67874
60718
53625
78553
80295
81573
13077
30918
93089
59541
38053
75733
36629
93932
20040
85722
6934
7194
88524
11714
40934
73583
3772
57988
24061
92114
45392
7525
92354
72700
87426
44968
82518
9999
48321
79344
1136
42102
84350
54004
56899
80602
27204
94110
59963
3869
72901
11039
99430
42903
24303
1203
7120
39115
33469
3660
11271
72550
83145
32958
11357
38387
82432
71302
4172
94973
92974
83127
38548
45186
44440
17219
5055
78865
89705
43331
71205
45440
53988
84547
25067
40492
56440
75277
65639
74605
56337
62032
24479
16309
45515
86605
12719
74118
86658
3325
96872
24685
20229
72450
59734
87327
10633
46505
87450
60718
43769
94041
24278
50087
26858
34683
30152
83660
4045
8581
4173
60009
66718
4485
66247
64469
8346
73542
76409
14855
50861
23042
69199
40050
49961
50821
65434
77119
50994
44857
96601
26182
53367
99443
2739
31400
34299
11770
87777
59755
79825
1583
93097
21779
51174
47357
46597
26234
44600
49630
2753
13132
29957
88872
28419
89569
75518
6739
68646
52791
6906
36359
92222
74252
29671
35878
63296
39893
91355
31539
56250
68318
24713
18270
33629
20159
60878
61134
38715
38454
73675
31625
39659
70471
96462
94915
27722
76909
96649
67744
507
51131
36292
68744
37999
95764
45453
55974
96672
99299
67214
5404
85175
37816
70775
95463
42445
95264
8314
25419
34127
14400
76342
87003
27034
2989
42635
13031
68486
9610
685
93218
5312
73407
31955
14414
28847
35219
2382
10663
58327
64294
14135
79177
98428
45230
96257
51102
59838
77292
62830
87880
8323
50633
49854
16391
18451
1234
69761
72776
30237
32237
72174
24491
31862
19031
62508
13647
14017
7420
62221
20252
83818
90546
16059
73004
6541
11123
57962
16982
55956
55509
84974
67097
38685
59623
97861
88674
5529
89610
49780
56858
51857
27946
87248
42895
26532
47031
4755
32606
76107
35908
78095
98009
41309
26203
35198
15290
94094
48507
48471
33988
850
27728
28861
43026
45440
60462
76849
64928
35921
10857
74056
65266
11560
8275
85496
81348
59147
92691
80428
45294
56848
9726
75190
20916
83187
86773
45604
77832
40291
21787
99883
71772
61533
6673
81440
9608
70447
9776
59142
42324
17663
13891
76385
15043
72580
49342
73737
62108
83282
75518
69914
50454
20563
29279
98824
87519
69425
45780
81072
3049
12656
37479
77802
47409
95544
61549
18843
96750
29968
59940
87014
54163
64294
81163
4770
90496
76683
52735
43783
39019
11131
96974
63042
75911
99002
5114
42760
39310
75578
45292
19079
50673
26617
17969
70904
50264
91655
45430
68817
87160
1478
88283
76087
87984
46474
75735
89456
61759
88927
1865
22103
14983
57386
62229
68616
36118
75720
45795
97723
52855
36050
22224
97293
1940
96450
86927
70746
12997
37904
57856
22952
4442
6485
39147
28060
96288
51664
13402
6895
86484
39302
61264
80635
96610
32292
42633
11952
9848
13473
45871
45572
28140
53759
3574
82470
68774
66576
21397
99987
92555
54996
47969
36738
45096
39968
2344
90842
56151
60987
68999
90915
67313
31971
53096
83289
42352
50861
94908
60349
54720
92232
50353
88135
31329
68962
17424
70038
74939
36101
17430
27079
64607
87866
47180
46724
49078
95821
88101
44371
39689
90768
91411
72528
5067
442
7431
57109
13223
9512
21059
65493
41889
90211
66462
92776
1036
86946
89235
21600
58536
14662
18630
31259
22293
64483
11573
44689
12376
42687
89366
86669
15177
49363
38290
83289
24055
34126
46334
17361
633
13465
68658
86618
76626
88085
19177
52492
74399
1345
74035
65833
66592
84087
29306
88594
77728
63766
79375
65135
40035
41082
71408
92747
59020
22183
15705
40131
96872
12453
3363
17299
24122
51429
53597
63313
75524
3650
4998
13685
76686
10915
17285
37301
99926
62429
70405
88208
33237
48853
67088
13440
24842
47394
85254
41042
51205
43089
90330
22674
4850
30498
76873
17247
71615
24816
59704
1789
74892
15086
87626
4010
99887
11821
57307
11368
19296
55578
89243
89689
67912
93124
15274
29353
80929
42811
22892
47301
28777
92084
22922
1193
65289
64873
36965
63895
60508
71421
75287
79972
32255
63709
61032
89516
75636
3490
72745
60678
85458
9363
93777
92434
15916
6184
60434
83598
88572
61705
96311
31400
6444
61140
23388
8014
28929
45598
842
36097
75877
12817
6542
27688
59023
63571
68916
53889
86193
68103
517
58674
9566
18413
40666
11582
58230
99748
67228
64531
75663
16016
43834
7967
22497
31863
61734
90371
58671
22949
8973
20992
42093
43375
27888
47694
44402
23252
91555
54156
73531
30944
18914
37393
2905
68202
15179
2369
20601
8221
74204
97915
28623
51796
7466
79119
68222
72222
47771
92237
80421
85570
36961
52856
58985
61244
60115
42618
95995
72612
25513
47537
82694
27088
68500
6759
22488
17520
48535
21887
37770
10807
65286
52971
21742
32569
39418
47227
44500
25008
5070
66672
15193
40857
10106
18766
4108
75547
18153
31791
37054
5511
43321
98549
39750
99899
3566
82872
83278
28577
59795
73853
56605
77493
69230
36263
26914
56739
79647
15335
81786
49934
91669
15247
48734
50382
35437
8741
63084
86353
21256
43187
20432
41954
47911
4410
27534
54918
46789
57671
13455
90371
594
72542
38214
34811
6856
86323
58142
85463
93388
42200
38210
26655
67842
12719
15112
23813
69133
81761
97114
91809
69026
60648
15523
20663
57960
49767
81523
61909
92686
