15142
54799
53495
79019
25189
8255
33689
41450
30218
51233
4527
81917
58897
93681
75370
23407
77797
40888
77877
41483
43768
5950
96247
81475
22236
54429
71910
28397
70849
53137
27369
15272
37932
47820
83559
29980
2032
32678
99473
54656
38347
66225
73705
85973
98784
91050
84622
42799
70956
44331
26405
34387
98183
29086
27653
56252
8089
40236
90335
93208
38455
3092
3913
17135
95225
76951
88037
40484
6041
68143
79858
28116
53865
90336
85391
36124
94481
51783
59815
88119
81508
84463
28862
12452
79807
18114
65206
43430
43133
20893
35614
85797
7674
78364
75640
1234
42370
56212
21253
34375
47156
79007
59792
41709
2968
75954
63636
46711
19482
72107
55754
87308
38979
40230
51443
11842
33171
21871
29822
31333
88541
59505
51862
17816
42430
74477
44491
30098
32059
50407
52700
5641
63158
34362
93886
49005
44
51723
62924
90090
98319
93498
235
82545
41851
97237
92632
42353
1655
21768
34256
55327
12266
20847
70555
9940
67608
21772
84406
31253
98199
42003
81276
99310
58994
77922
43025
30456
91513
11886
19083
94170
2627
70297
81309
54507
58529
93568
38849
28533
84672
13233
16449
58133
85787
4537
69793
25535
22555
62171
39437
39103
31116
58653
47995
82842
73565
1757
47133
34675
86515
96065
79717
82249
2890
91083
37301
50046
55946
99051
44194
28562
73090
23534
30884
82125
76963
43349
65757
99292
35515
85216
79171
98579
56973
72361
38028
82545
30250
16622
46997
84225
20046
27078
17615
25917
61081
81172
81958
62669
23432
82361
17615
38124
22959
900
58030
7723
9782
97765
43585
51727
95405
99775
60205
6966
63245
22811
66755
21175
9229
89657
7662
22343
1053
77570
19899
72952
91555
28057
66949
38460
91536
13455
17821
68263
7485
90966
71795
42002
96327
64717
16675
49596
48293
81370
75742
17483
73698
95991
24340
73392
56379
80579
88987
56873
11222
41848
31231
59360
68508
37020
12198
31024
9622
35601
6559
26471
40000
48040
90470
88007
75884
78803
27286
68519
38389
22487
49612
81047
71294
96160
531
40641
64903
63470
88850
43242
37771
85582
19918
58039
81561
93347
20733
47277
22189
72739
73160
22705
91531
70174
52988
44142
57079
66041
59214
1524
91987
40249
63688
84381
21558
54875
2581
23756
89766
10593
80676
82895
40594
20838
65372
97123
70606
87410
99741
78742
18443
90089
4878
27687
48562
34461
13257
2505
81629
55524
73535
2503
29555
23557
98921
8066
76574
15116
87980
33238
22283
14621
89032
95355
87997
22501
52126
51430
12558
13643
95067
7343
15171
41030
93893
54254
12554
72488
57920
79199
78547
56184
91006
10180
86184
17470
26113
13642
28490
87063
21134
66435
79274
36424
45072
85618
55713
37327
1542
63334
32653
66996
52042
92926
94632
99935
88223
11114
56006
96964
93142
58034
87115
46169
81181
56048
11142
48936
43013
19832
10958
99103
97678
84024
85080
76805
47345
21658
34770
3559
77386
26054
71423
93136
71519
20804
26703
79384
13906
12352
7707
33907
54815
82566
21274
27338
96306
18221
57538
40711
46696
73232
17374
31177
58144
57175
68136
8376
33279
23604
13316
8466
94492
94473
41625
70724
55758
32935
46029
86164
92016
39218
72507
56955
87790
30720
51828
72240
97456
30336
87567
62848
97536
73527
32462
61593
67384
30373
68655
94917
57901
10215
52843
27509
3186
89205
22607
34867
89771
66283
80724
10713
25071
96037
84061
10879
81240
1252
15596
21743
58155
48941
47746
10741
56830
95057
66194
34547
70763
18439
26272
21809
65008
26196
89307
83185
23967
33837
97459
94273
90505
58452
85145
20745
80162
30974
41139
18980
40337
84693
56856
91499
42007
41337
45262
33325
46841
11969
80925
68155
12331
41215
60559
99487
34747
61410
94055
67277
78071
79765
74780
73234
42429
78756
5968
57513
41469
18207
75025
14285
65004
13431
95723
12712
43336
21222
61607
57001
33539
70667
40997
52372
31662
54098
86225
92436
5411
47154
59653
19244
99119
98800
38747
67435
2842
59266
7053
67069
55732
8750
87915
38270
12158
10735
98008
65385
99954
50073
28962
90543
2833
96660
70012
54723
39015
85413
33754
2962
35164
97163
45511
98833
24281
18084
67462
4462
57109
65744
40196
17800
52764
71597
34966
96091
17851
37153
86485
11283
21770
86327
51410
45858
53846
1536
97879
97676
1866
85978
37436
2527
29177
42031
50307
14849
68427
82516
43121
70978
63746
39634
7369
5808
71495
38114
11942
12040
35606
3152
86324
68426
4099
85826
17836
3238
54855
7986
66475
45715
95307
69175
99917
30431
15503
55522
7723
17312
24952
46916
32334
8104
80244
59821
39919
26423
12011
4047
88398
76106
65476
9953
46538
40018
26001
99135
90467
10720
18168
87535
6826
45820
76382
61310
53057
21812
90130
79977
27220
9297
51476
12056
60180
9958
47936
91780
76
84514
62299
34778
93634
39812
54009
25783
30188
30190
2504
20115
9003
11570
52124
3738
42217
28586
42424
11669
64491
57732
78070
37928
92722
24057
31283
72180
36148
72159
86522
60284
46578
89172
79915
77253
66422
54107
81160
72087
78700
97827
81596
96768
97433
20355
97448
84440
62812
95458
80619
45567
56863
42674
43502
79298
4441
5469
54217
42876
4644
41591
2357
54777
60983
85299
1199
9750
57503
38290
34470
28804
77663
84629
17121
62540
88320
79956
77200
46668
60790
99304
97805
58847
54514
2242
70670
47515
78621
84575
89675
62068
67512
70866
4518
94782
36205
36865
5404
31024
95857
92877
41254
18787
82264
59240
21036
95289
51669
48939
63783
68827
525
80287
59729
6331
61079
42873
6412
79320
92306
63235
77163
42432
47459
53909
16385
11632
89257
98019
39076
52694
24095
76208
82397
72919
25965
39392
85904
45773
37483
37163
39426
1064
36692
93197
47019
49942
31842
49978
91674
10909
49548
73743
43551
45988
88921
82595
98777
86450
25535
50333
60765
51150
79389
6751
51583
10853
56113
62816
74176
77451
10327
37144
12085
2808
47294
71828
49552
31604
7816
13513
5613
64941
63711
63781
39770
91876
99823
70049
81187
8232
56227
80722
49754
18907
30943
81983
61536
87985
52792
83341
45010
44982
12043
54614
4691
20367
49217
55897
79410
89464
62813
73739
64088
41997
57438
91946
84080
88197
30776
93105
90099
71832
99977
56328
31343
93729
59227
53779
77459
36030
7317
3179
93146
80276
98238
53066
50769
40752
63279
83936
5895
2664
14131
12642
79792
31264
95071
61186
61269
11497
97064
36025
85404
8611
76037
7361
98864
70851
59042
71328
33965
89968
18557
12158
30986
2760
41281
28311
30691
52863
76285
50604
41825
90119
24225
67444
80553
21899
3796
84816
59230
63157
52532
69725
93907
44432
59659
59746
74257
76615
69898
47848
93665
8588
47013
61258
29911
39093
34122
46082
47004
35841
19872
48227
35542
74329
38936
2341
85494
913
56178
70330
96061
87885
89903
81311
16332
4768
30862
37359
10663
23312
28326
60241
72900
14102
55903
12274
53846
94145
31693
64365
73105
52890
64586
68967
14201
17442
29294
38807
55724
69975
26957
35778
68200
36406
27598
57381
66010
14458
54628
83243
84516
10978
63851
41727
41834
7121
40832
70843
4890
20719
93117
15006
42869
72269
96176
95005
62
20454
53527
25904
57598
95904
76634
62189
38130
57554
21092
66674
97426
62816
16095
86907
13310
59457
84204
36340
93575
4482
13756
79241
8375
56899
57742
53689
11742
79294
39813
63816
57946
92777
59109
20083
94850
16561
76619
43967
94063
49030
13606
29194
50087
43254
74613
41283
62856
20113
71485
66550
36718
15948
12007
74303
44577
91073
93045
36480
58782
13619
1119
21454
88639
88719
33967
4997
57066
29486
44820
26267
30963
8631
7559
19282
47663
60161
5496
58599
14806
52406
32979
30024
73268
92819
55957
90659
70796
14701
7173
99353
80297
13869
36881
85521
47811
79740
15942
51624
86090
99449
90091
89415
40018
89415
28187
38797
30684
28516
58749
1451
70844
78228
32098
89390
16332
53789
51866
96375
55501
37354
49715
27783
35124
24051
28111
12502
96409
40788
87904
73122
56888
87129
97923
22181
48385
73595
75223
38719
93570
55236
40088
36306
53615
4879
70204
60333
93195
44331
77961
51904
19190
2078
29937
82158
19859
68934
48204
72897
11157
27131
43697
83511
96453
43856
43248
5625
71155
52248
79310
96397
22518
96901
92573
69505
75137
87435
66807
9032
73701
91588
46520
41698
21917
97612
19478
13267
10202
78637
33438
83541
6411
12437
23371
137
64360
43842
13669
20393
95355
5504
33908
90265
70412
66506
84192
56636
36552
12588
92519
47939
47533
27369
32825
76288
39285
42008
25332
97113
15900
47593
81271
80440
87183
99110
39397
35518
38643
17077
86840
84695
25231
53977
13694
13865
32600
82007
10517
43463
95351
7415
98495
73603
95992
88417
96482
63263
70642
73798
96351
63588
52750
91777
85580
12300
58806
95538
68368
16601
97915
52394
91227
93737
79682
12550
35744
20033
26989
16722
88847
63878
29346
63950
82291
2826
94426
35726
22437
21668
1160
49147
32747
42584
42659
58551
32401
62006
22482
25341
68290
56927
74228
68519
19139
91713
12617
99050
56268
88035
7712
22332
67428
20348
20957
76118
82904
18175
41862
67476
17879
47056
61515
50329
47341
87610
99952
67471
16250
54201
74649
41900
28655
27282
2161
53392
3012
81731
89238
76107
26488
71829
50404
53755
7910
86798
85404
76115
63169
95459
57777
16440
63436
81610
76048
63717
44281
33197
43849
52782
16955
72571
90334
72993
97033
42776
89607
40648
82322
46293
85247
51659
35000
20314
20110
17555
82891
10336
19220
30314
4995
89627
53231
93821
36600
24213
43113
1795
67745
29814
48130
71447
78824
32414
83285
52481
34695
64757
50185
3444
48225
93113
21846
8880
11167
95063
12690
54919
66821
20950
29144
3805
8305
2636
85491
99336
89455
10996
69324
96567
35420
30807
16974
12879
86805
93735
77138
87761
85210
88331
8300
18135
44229
93268
78385
80285
60289
60047
42372
50076
54569
19923
61211
66225
927
77018
23506
75837
49573
99372
34092
69701
7355
4022
30690
72314
8501
80570
55242
39411
23032
42848
65828
61654
30130
77386
53379
83958
63571
3430
88343
20437
73356
96348
93875
17163
21378
71431
60384
33951
56974
42657
95485
90418
21364
80982
68561
29659
35070
10010
41647
9580
11285
45271
6853
64276
34684
93343
88705
36670
58920
31360
5727
99479
93408
71413
35092
3789
12589
10969
36720
68434
58845
17238
22612
93760
51227
30748
17936
88215
87971
72749
71447
73377
8708
66516
16866
10550
36950
1878
25821
65595
51957
57346
91826
3238
93626
85250
45072
87004
2996
37683
14711
11836
73032
73040
54851
2964
94946
53098
25843
69809
55415
76149
96053
53588
53113
34332
36240
11967
3670
2901
23277
74896
44333
51054
34978
5892
46093
13446
15836
21821
84108
1273
75689
14462
25633
69236
3968
46803
4064
14630
71437
4397
65743
57079
12413
3819
92105
63602
80994
64276
24494
48766
24483
31041
88484
80811
53284
78840
70063
77063
76429
51666
57193
33648
52089
43422
91966
18787
48477
11839
41126
69588
48275
8784
70367
86199
56099
67656
57607
10618
46893
23705
48531
55541
3125
21234
10639
48218
65003
26276
72083
47719
3990
64097
43742
63643
2972
24320
27985
4
72784
42494
96458
23606
121
76158
30940
62136
71163
99089
38599
18297
97189
529
6170
50304
91542
43143
96737
18369
97868
66028
73836
95243
44139
78669
15999
31966
20198
38503
3183
60570
80332
23186
384
18674
48338
22042
50680
13471
78458
89769
79422
18066
989
91680
30325
16417
54042
69636
26479
56643
48315
39605
56944
64982
86272
81753
5728
97245
29098
91896
58540
88584
18822
44768
60154
6283
91059
90121
40743
56017
594
57523
78176
26473
4330
26923
79321
60382
26837
95757
86636
79332
95979
53027
81009
97678
68297
24331
69526
42301
21693
75862
67836
92435
30384
83853
41391
60038
44880
47183
18175
90607
70905
10901
25151
61986
88352
23254
10138
40184
84668
93414
19917
76264
17169
94041
82148
46293
48858
32134
12245
69633
98866
32358
22131
98623
60992
50076
43408
96581
56445
74414
51475
92672
49986
89425
43249
56514
3570
52868
20587
49814
43234
30067
14724
16436
86305
63771
99486
17168
59944
17133
1552
99021
46975
9228
15717
7471
98600
48144
17171
13966
91148
45933
55991
73126
22465
77997
33834
5356
15157
82874
39970
16219
2778
80664
99656
56459
96462
21231
45649
24483
96165
63014
9787
54342
70581
23562
59014
50441
17694
38639
60780
7524
6196
34478
55166
63751
88779
19020
75517
95524
20541
99643
72306
1482
43834
3577
64426
81074
98701
56726
86994
38226
15239
62932
59531
66958
61515
44135
91049
38031
19861
82779
43118
21420
4551
59061
71486
10373
2578
78546
12030
85070
78013
68427
40878
17448
67893
56954
47168
66603
74962
8950
22549
10880
91489
35035
65651
88460
25939
2021
35236
11174
82657
65818
50317
75817
20410
6951
19753
86756
17612
42851
40194
33743
9546
12208
63340
29209
68224
31903
17342
25532
35408
82035
19853
12082
82439
68254
64711
18081
27618
2056
5673
48625
49783
8175
31454
95135
69217
63016
79124
69130
84011
3618
7100
97226
10840
60395
1086
38336
33037
26093
61495
21193
94620
55344
63984
45772
64782
98691
88028
53939
23787
62485
5805
26902
69801
36958
65172
48402
12847
84475
179
80473
17573
73557
40097
21763
57594
45699
51769
18499
60562
15942
91679
16404
72234
24050
1841
24370
65192
1805
58565
13669
68164
39088
44901
87159
70509
77930
9187
37863
40281
79236
23451
95446
2093
90623
84100
22495
82533
92857
81490
1892
39169
69231
11435
8579
43501
50685
63139
38023
78763
25888
64183
26043
88318
28444
14179
21913
49142
7865
38016
85217
12499
29640
69470
80485
1175
3620
22649
27585
14061
51764
5787
67112
24944
41837
53486
80537
10522
82067
9372
19248
31338
79712
20133
73753
97488
2846
95228
85056
2008
45582
94398
15172
71920
56267
3792
80074
82968
93576
89941
4173
3909
75286
37353
23123
47826
62050
5820
23322
39748
91675
95950
86290
13112
10513
91555
61892
82636
60825
13604
3472
98887
85133
32722
52981
1605
74320
89895
70888
21666
94735
1195
35655
85602
55939
37264
67624
51675
17267
64202
56491
22049
5623
74894
59854
90732
50615
88870
66527
57767
42033
8367
64780
66039
18618
23311
35638
47110
90076
37174
11172
46539
85917
88464
80788
67192
56320
31043
55980
77376
79205
1996
71343
82690
52203
30832
62347
54167
90870
74114
59919
42548
37612
43024
53849
81276
33849
16010
71661
39046
91794
83985
41634
33126
14198
87479
31287
23994
53105
59064
75363
14451
78650
68308
86090
61054
98812
39305
25067
62222
20850
21929
85014
93608
70571
87133
34619
90219
17998
66518
47230
61946
46103
59435
32518
92903
70718
50068
5973
92893
20089
13794
49585
28426
55224
36152
44097
93095
57710
42026
57780
4582
61263
42449
37402
41015
51541
37417
27862
5687
54333
1895
80907
56533
88846
47513
63956
21474
82457
38428
72336
64757
43036
74900
47258
22104
3841
97164
38518
47186
64708
60810
95432
11538
66897
58830
96542
79316
20875
58599
3438
28275
39402
67058
8378
66412
37756
29968
70735
28875
76268
28610
6542
13013
24511
12964
4289
60017
30779
55395
47311
91635
79522
95740
39947
98501
18012
12083
99047
45524
17076
47404
68486
62645
46137
95978
13870
40179
34180
64226
53052
42871
20505
95867
31794
36690
34982
94820
67948
23017
75624
65777
60048
21245
2445
27412
60931
74549
51445
38804
77592
18955
98866
67213
33635
40529
54574
45636
28076
72286
6635
23716
68031
14488
24453
92858
76896
90559
90388
55625
35133
75092
4462
24491
635
79077
85641
21669
76978
2102
45566
76198
90933
42604
26281
40476
62569
59577
12141
67251
3575
52160
10580
7818
70876
78308
68180
93363
13181
44209
6798
3367
65048
15046
38127
53060
74550
37246
7929
38405
28605
36986
94012
5404
70498
64492
28126
57070
30427
23267
14394
47819
25939
52078
26500
77736
69494
80398
51818
94267
78924
30108
14231
63058
86083
3924
53585
16113
59140
40221
76898
73670
15432
86934
4339
73067
41732
2431
95732
78775
49215
98529
46137
50561
98564
37755
17855
49426
63347
46538
77164
68581
16721
86004
67699
80414
26144
10001
51191
36645
40458
90806
80039
25982
39447
50463
28840
262
11070
8633
30384
6859
36631
94569
59342
9320
16015
72412
76264
8668
44821
16204
34236
40262
78225
88204
31880
50751
86260
47761
11429
41172
3851
65916
77677
26751
49005
6888
42301
4257
60372
28812
66102
96734
33672
53742
78750
74708
78390
54245
32227
68729
19424
35081
85567
46545
45615
77305
44759
43849
55875
67144
70366
18739
76747
54917
46807
45854
3375
86725
66392
7633
59818
42895
95145
3012
82006
34692
62507
59482
8672
51145
16597
33823
35674
62387
18970
87482
18543
91150
40455
81072
55057
71370
64456
48181
37774
15170
48490
12271
21665
95114
24635
41993
51781
81972
89006
35152
2948
89311
23194
8622
11086
52478
52994
52320
86629
20384
85455
44758
83221
10368
1946
14119
67457
99499
79590
879
61721
82858
29801
57030
54183
79147
27659
73629
87752
10512
1992
32824
50680
30068
16464
95683
17990
32565
55693
46834
86535
7747
5636
56889
83462
5475
20148
86852
32889
21216
85852
46356
34606
13583
67577
40407
68997
50109
87149
7426
54487
54007
70299
95246
48820
29525
63023
80333
59531
65829
52795
79335
86402
57008
24795
29109
88325
85867
84794
15097
65243
49179
92878
84312
17172
51205
44830
52374
11870
562
96547
10828
49431
6332
30156
50375
55965
4568
18108
94048
5473
86336
18639
80564
81050
72219
71034
34240
29014
79307
63407
84123
46379
27122
58208
12208
78476
71746
52603
93526
65047
7168
5875
52526
16427
98900
13215
96312
76215
2000
90652
32273
29805
66298
47854
28941
87797
90552
63971
11758
81438
15191
48568
62207
61711
19160
47061
70223
14396
22808
91796
98445
95764
30234
28704
24732
94231
35059
8183
11475
67845
54385
95473
27572
96562
73577
53115
59174
83893
62492
75580
77970
3551
21957
73145
19287
95401
60385
16179
87178
85287
41852
430
23181
54553
98996
26893
63818
25311
17100
87129
73485
15212
66191
35041
80188
21268
44351
41019
40499
15615
37721
21448
99808
32831
42727
44757
56056
83614
6786
61661
69236
2065
80673
97229
7884
61385
91746
96672
58317
30280
40404
47080
79514
27728
39359
52622
67709
33463
87633
91537
50024
695
82181
60778
61485
5826
36178
50096
58262
11026
95501
43703
93345
51582
79804
83348
52604
25257
3577
12347
84217
73429
94654
30761
42638
73141
96467
76638
28492
65792
23186
84770
30169
98625
90131
21160
82188
72426
89977
74704
45093
65385
75480
6150
25222
19475
98177
95015
2834
4445
76267
89604
62209
77546
52320
64512
20477
1407
8737
54643
26076
80658
80215
31281
59450
78080
9143
50309
4626
63037
90513
98262
24536
84390
59158
74828
72886
52307
41763
47019
31874
31017
62958
8318
93177
97132
27724
26288
89018
4753
37980
31347
20065
52369
14996
31491
41950
52217
5382
61764
5681
3295
3310
32392
93765
62511
15611
17998
33926
98947
65719
10756
31040
74129
73205
83885
64694
40894
74326
61661
32379
51984
50680
79777
83408
21441
7516
38651
75547
23664
98418
3787
92384
79794
9731
37738
95551
99174
33787
32752
45609
11365
22673
32181
31296
5944
71060
1844
53995
18052
3539
97196
8562
38848
13321
92832
9788
40871
26116
3710
38819
52105
99857
75037
36337
37020
72613
34495
37945
5008
74378
79062
59540
88191
37348
35267
34614
18915
67999
33721
65484
86754
90807
3712
49397
51013
76195
29878
3898
72550
67359
87280
5771
62375
3253
10622
13592
8928
38056
53868
51752
2288
81084
56132
4698
77685
60037
81713
89334
80278
85226
30623
17550
89821
52278
38686
3766
6626
3867
91014
23453
63075
20515
4436
97479
58800
81620
18706
93673
81730
37215
88628
94913
83436
40262
75455
91375
27241
62759
16164
77139
72501
80010
50890
47556
76248
77923
22186
64074
44189
77763
42612
40570
86048
52546
3918
61547
14630
83393
34653
56057
91335
55071
48124
29270
94534
54682
61705
85256
70305
46976
34975
13219
18115
23153
63614
62371
13815
658
40999
1413
10136
98257
74307
38531
10947
68656
45572
88491
65838
3280
9379
86620
51986
97308
30631
26012
11491
14734
81159
56984
96288
93986
89543
86968
10630
54965
53503
45438
49087
36377
4538
20444
20664
71448
23609
58735
91312
78882
65015
70395
63659
2518
66184
68836
68615
29833
14618
27143
43110
65493
30654
34579
59786
96065
29536
36007
9696
98025
36209
72905
11346
81994
28934
4736
76096
64620
11833
52207
28553
1868
65485
14735
33379
85765
24496
38600
65930
27099
1945
37515
39381
89476
59728
16878
34436
26514
31629
75205
44246
59137
71224
68057
31223
27802
54671
79944
51382
79106
2375
14010
55092
14946
682
86011
6328
62003
43039
99193
99328
13189
65511
20060
14098
17965
45762
20636
75249
75977
51794
26308
65419
24561
72664
70466
15823
49852
76059
87559
82524
8172
66535
3969
9460
52087
50193
66066
60015
62067
60729
18125
64300
44413
45064
37933
54466
8965
73369
70418
94773
94970
79444
20825
18149
79022
33973
72374
11520
31109
89771
56369
85751
14208
73565
35834
14381
992
51335
74922
62284
5593
9826
98584
76978
50069
49345
21876
43145
51841
17719
11459
93013
84440
96887
17976
84550
63274
46739
35211
17581
95337
86054
88281
87082
68912
71917
34520
46820
31697
25455
81365
92786
10137
59518
69228
80215
16609
55446
95171
71051
73172
77410
59652
88595
25240
42526
46837
78675
26523
53558
28053
23930
71643
9933
5365
15451
87634
9179
80016
61948
87837
93358
2985
1191
45927
97169
97664
73630
11734
50986
74768
9771
69298
33276
76392
67221
92109
79373
79908
25647
82804
95010
77031
48811
86225
65095
11255
44588
86457
46987
17493
72601
15097
52487
30552
73517
54808
90943
2117
18251
37416
2433
1069
91086
74671
85675
15139
49599
21037
49065
98168
14176
78569
21500
2101
49637
3004
4118
1204
27394
18969
59905
54076
70079
63000
6751
27383
24521
60094
6444
6929
99714
51787
84480
54575
98936
85823
21489
40010
94899
59241
33078
3911
96968
96942
35686
82996
70219
75123
12318
97185
30017
88615
49409
9240
82195
60367
29178
218
7007
58863
88381
30840
82408
41970
72043
55915
82957
59511
90420
19856
36279
23256
97559
41411
48172
24119
46949
96183
90113
27080
43364
2704
60301
51413
74543
95261
19832
47762
75323
45077
20146
90686
63540
82605
87584
29298
4005
83539
84465
48233
10999
74250
88398
35852
30897
49026
86960
36089
74685
13715
30476
47727
99435
48086
61353
83577
30383
6016
31827
49012
27622
50172
49191
34079
6902
5764
29710
41822
64307
91164
34951
57099
20477
29547
3357
89306
79367
19126
21656
12903
47283
89435
27439
50398
12216
4519
15835
86662
59526
52180
13766
83371
77920
73795
2306
17766
96360
34513
27735
72044
51128
12057
16084
60080
70796
77799
31335
3861
10110
22164
63783
24212
15337
58019
61998
72807
86671
6806
31717
39376
62326
19246
55927
49448
69869
59133
66215
55880
16108
94954
7294
98157
10585
10240
43164
31948
68423
27507
29648
77938
88537
56816
60770
26006
27845
35840
73774
13278
11059
10297
73355
57995
91108
90177
97961
35330
32336
93248
22490
50807
79463
52032
43239
59704
60409
71364
10083
59731
42034
59106
92860
86373
83069
62366
96685
94016
22633
38437
14929
74041
11497
40163
41331
83307
88404
39937
55425
31275
56333
37566
82654
67145
16702
87401
45942
47679
78141
4024
72204
20793
90545
70409
98608
52162
51597
91762
66348
68327
14362
30630
55261
71657
27476
25799
93823
8869
65771
63843
51169
70488
10121
67949
85816
42481
35155
19192
51440
45271
13897
82642
78172
36659
22503
59483
25422
64348
37038
30560
30051
87485
25693
75000
43798
56421
44504
76635
20532
23211
39211
90362
89647
86940
34312
33439
47820
51043
58796
87298
40888
35891
80223
68068
52215
11700
10426
68556
17085
89543
46499
23708
8949
62744
72628
33135
86974
49823
98651
8465
90838
89587
21530
96923
46767
54092
89613
12009
87390
71475
72779
82458
96562
45480
37606
580
10913
16752
87437
43345
53566
27705
21297
19290
46599
45579
21957
30654
34267
3564
38206
14974
87209
6960
40474
44761
73731
38780
35517
52287
91217
25717
33014
89908
19874
33866
22464
7076
46814
4763
91556
22589
54039
77892
25180
83629
41981
33449
68274
91353
98640
31360
40903
18711
94608
10422
11920
80296
81
68703
61627
6613
35915
16350
29743
7653
53229
4044
67025
62425
46513
71369
50403
77605
15403
82876
21511
651
50555
68841
5121
532
15266
60398
73786
20078
27985
50969
73441
41085
79644
84266
33580
88447
16206
26240
81564
83073
31190
95107
52894
79479
59231
65742
33678
12860
52062
49143
88790
26246
54916
43836
60981
6628
51411
37355
19323
42136
81166
31054
20079
93707
23113
2129
7955
86513
15519
61937
85344
22266
33602
74851
48939
24306
30668
28126
93225
67510
56756
96679
37711
10547
21725
14327
96689
17437
58377
23243
780
22472
30187
39623
38880
27175
89882
63111
92597
86943
62689
24772
12926
17735
37203
99680
52059
25502
42076
79534
21816
94312
40626
512
35731
91558
95530
87055
4187
67346
54472
8225
86420
51828
76270
88218
74551
94628
13685
75457
65237
33917
51194
64077
78204
65145
16367
92429
32403
53998
27186
3537
66815
25029
65403
94744
84136
22100
91439
14390
79254
13751
17330
15266
27541
90607
72153
48442
61175
61494
7613
26099
31864
81950
75308
3392
71101
49382
11513
34654
8502
69912
45300
45627
11618
76738
87540
86561
80594
37295
30352
82082
32070
53537
90925
7393
42643
37805
28338
59675
70598
49106
33751
38224
45282
90455
12444
50674
60037
19681
12054
96969
14281
88943
17764
6560
46566
79218
41631
98159
9044
20779
52912
66374
53518
36035
1916
147
17203
37569
97018
50737
8614
70316
19494
44013
65302
69693
24302
48789
26711
66751
7017
47360
30575
93798
16839
55156
38445
77833
39554
16760
74835
60510
59668
6102
52020
79697
92580
77644
51448
60192
86872
17328
95133
78806
24014
5566
91704
58306
85957
75423
89497
38035
33846
64855
53805
21779
5376
29419
42300
55612
56065
78190
52722
54235
97248
7687
47995
99712
8359
32064
54567
51551
75663
64365
90254
22982
80339
1942
26253
1307
50118
34211
88078
7794
27585
33060
32934
93608
92405
11834
60887
30815
64702
20197
246
4566
3448
32395
71559
92163
56715
70274
7044
6032
49922
67610
73501
82736
75002
95210
89241
72220
39318
44341
27770
67087
53775
55385
8991
2074
39528
25684
11843
59236
94751
52979
60066
31010
65631
32856
83260
10895
18707
45767
32946
11688
42454
85741
18030
45383
1414
99086
14143
50393
75158
72329
32257
15742
21602
13674
90171
11101
37950
69069
44386
10113
34727
35913
84283
20661
5339
71841
16286
51863
80932
75970
74934
15099
17039
93593
1636
44351
99867
22805
80451
40582
909
62260
56007
79892
49953
85005
11263
27205
45114
59257
45497
63114
77050
51390
78532
12193
25262
92185
90769
95599
89377
48392
79219
60349
98129
60178
94501
22573
91390
3124
93803
80407
39262
22664
57936
11364
79117
18227
46894
85158
64930
7180
30221
80818
58301
70372
49826
85819
13245
67095
49561
57164
3502
79437
50542
29474
96799
20844
18324
93220
61745
13438
84152
75616
30860
82939
47328
78051
53644
50451
9101
20500
36664
91578
37792
16749
24307
31408
45241
70199
97963
50636
84346
30690
92367
65828
49802
26206
69118
90428
437
54072
71994
89960
18545
3092
4220
35328
60187
39908
48961
1503
80480
23554
47297
95992
93656
17136
88928
60438
5036
71657
90558
94157
30392
86691
96393
15746
76171
10244
99698
86900
62828
37598
6621
55142
84759
94505
11954
48331
7845
46747
3728
41036
17194
63942
7265
39736
13783
41870
19561
54985
12287
53061
94296
95599
4471
82213
45631
94587
62935
5642
54143
16138
24381
45482
77148
23564
20369
71345
63793
272
39650
38013
12318
33614
85679
29299
62236
46576
38402
26364
83632
41854
53175
69599
20318
31076
25883
27516
31093
64899
23216
96194
54792
47057
21676
51566
16157
54125
78080
40482
60510
80515
8726
82589
4781
56440
20148
34492
86517
52659
9918
66381
68987
31912
24728
3275
83988
19362
98888
43579
12463
89997
38362
11298
41715
31517
92061
91137
8547
37534
23915
28526
73694
49209
70054
53296
90724
27775
30141
63286
14385
17557
29294
25525
1742
68508
22405
3357
27453
34044
10947
78038
80754
84589
34586
13276
77122
34722
77172
49428
64147
93618
35188
74826
42770
60900
50804
57769
70532
26230
28877
94966
212
45642
7573
12873
68843
34606
36771
62024
20926
36007
57774
81122
90049
8953
2259
77061
47610
55668
3189
23901
11216
89471
64031
45034
52481
13978
65573
36732
61459
53459
62601
47054
18402
6791
12217
56220
72696
22738
68373
10434
22875
82517
87982
68946
93249
62947
83338
54993
93470
43624
14244
63727
62110
32822
20849
7074
76654
98574
22109
4190
74708
85831
42484
88531
22943
52958
23036
56162
57784
16507
31584
48093
55416
56635
19815
83291
83380
56287
36035
99380
6900
90193
69990
37759
3617
2606
21421
23910
53372
2996
55585
20418
91019
89641
93875
16313
66894
99493
37668
4976
2064
78302
78535
47374
51193
27950
79358
55088
35136
93123
20448
2882
51614
46338
59837
77824
90270
40281
35704
61546
40912
34976
4307
88637
3612
5163
79177
87764
79604
18671
15572
37274
94819
70574
12015
3914
84641
46209
47317
29797
70216
69345
74024
33135
87841
84177
63118
48615
78680
92812
51222
79233
57902
1447
12088
86370
41388
47074
97819
98231
85621
18096
57104
25331
15765
16032
219
80387
42038
66280
5265
63791
90193
33261
60797
48719
2369
67378
13341
96679
50387
83706
74634
321
35065
3131
88405
4134
46910
71841
98220
98264
19701
42012
2875
11855
67914
5864
47760
47118
90394
40599
59639
98977
49534
73469
92228
93013
74785
99031
73775
73172
24787
3000
76824
34492
87671
38610
48044
84219
96279
28766
15905
57738
94199
12200
70075
65410
56967
14169
3121
30527
85137
10242
83433
26672
61555
90211
89120
71287
52551
10837
80646
53955
7741
23418
10758
13352
95786
39551
23011
1400
26617
45290
38077
33184
31744
91782
76371
7873
62830
62312
55075
43946
13121
79838
66477
11471
46420
24755
82421
38375
7541
64353
1447
31559
68628
88307
91093
75511
7127
13526
53916
41838
23690
61372
32709
16624
52180
84844
29703
50080
88486
71241
30953
57090
21580
87325
50693
20722
61125
72258
36873
18651
5200
91662
93559
90037
16604
74808
11979
66910
49602
87179
20925
58515
29710
65414
96540
73132
6551
79085
9435
13970
50032
80080
69416
84381
98775
81461
57591
97646
87883
5476
31773
18341
55163
84592
76088
51680
88954
75965
93900
90641
11726
38738
37832
59451
13159
30205
24199
39785
96173
6045
64339
32107
47858
70928
58596
93678
9766
37561
35333
74646
4489
45485
46360
75802
70716
54171
36624
86492
71345
45494
50459
86468
87456
81824
67459
19609
77051
64884
94346
66171
42521
95312
81811
78975
75215
90749
68864
31976
98333
17469
96149
97567
31332
10544
55131
98478
13493
87683
34849
97310
83013
75958
18813
47275
3356
38599
69360
60193
94605
68800
24104
30742
9504
62650
24863
50724
58859
48653
16384
24352
11327
51413
38730
35420
58495
62914
40365
56053
47019
96092
8369
378
41018
55953
44629
61434
59238
62333
66965
20808
32417
68693
78886
98734
3590
8464
76827
93035
55338
42962
19401
6219
5522
78550
15687
88481
49502
17463
83759
78531
39010
6235
71618
46978
89429
29885
77864
59397
87618
2133
79733
44289
84700
70342
79431
76055
17519
66532
99115
57322
44753
12736
21791
94235
62424
94930
82226
32803
27045
46338
9864
75916
58045
61618
39002
40524
76761
16620
24954
4447
22867
82499
60276
23585
13249
15560
82479
17317
97150
46732
33171
59764
29219
2733
7461
90533
81813
41919
89870
42965
17112
80024
55802
30116
86306
49751
20987
12940
29162
32626
95470
87678
58366
74107
45557
79547
47540
33519
93251
48075
84601
95323
31831
81246
47045
36459
14720
76541
68783
3920
63295
69484
91452
39052
60073
55614
8435
39965
44427
78261
90092
41285
3304
97940
29703
30354
29406
64291
6906
32014
82375
92159
6530
65573
32987
55675
26201
53614
43379
40119
1384
61017
87624
29051
3028
41971
79546
38032
83765
29529
15021
96475
53860
55734
80557
97911
85874
82426
14514
64654
15541
99418
3806
60371
82109
73246
15492
31903
82437
21036
78179
92295
53414
85518
95183
96598
19813
64097
56337
35788
45612
51197
51172
47283
51189
604
29600
77017
995
98249
89525
62031
74187
62919
82605
31709
96272
58651
28180
91327
76813
73431
3059
31776
36170
9763
31895
63026
16977
70634
98417
96135
31099
21758
78230
97744
44996
27273
35015
72111
26845
69138
81835
45146
91936
41096
20055
59471
43581
22862
19376
55438
17875
96803
49992
19192
58875
54189
3012
60162
67422
84225
42814
17942
90887
35665
26822
63494
9011
24498
68419
36077
69573
42089
86424
60964
56470
36434
68641
69886
68202
66733
4924
47169
72317
25317
5957
97218
59004
44894
33082
16795
8944
45115
30653
8715
64020
50601
7928
12906
36744
62443
65754
39591
87103
45186
72287
51233
97139
89465
42607
22110
25433
20427
71293
62315
36622
77073
68943
69489
85872
5932
23485
18416
26089
85611
50322
75803
43366
81658
61232
99407
47751
48423
48400
2577
14479
78770
63014
45411
4698
36368
80131
89667
41230
28572
33557
25569
33546
90747
47625
45530
84956
59338
38673
45206
74063
33638
8832
42650
11841
42168
60081
18506
24242
52539
85928
62591
57080
95947
11312
71937
45776
15628
73796
39745
38575
38516
93865
74870
38774
50198
42776
57042
4644
48940
91866
81023
965
79648
87660
84764
34632
73015
57025
78510
14191
75835
47975
18181
13663
68995
14977
74924
11991
92609
21844
17580
190
66215
7614
28478
63221
89815
54112
74795
1835
4614
90268
35234
12079
72620
43129
54260
87616
51307
55139
94064
60993
71994
36112
78358
32680
75917
12349
51098
83925
65890
29495
24920
30816
26858
29974
31310
81867
26194
54404
49722
69975
34093
16219
944
34386
44832
74924
9656
41773
74953
1691
93379
85164
29805
84712
37992
16663
40189
31785
90271
15278
77060
47410
91000
33817
77711
21079
34937
87421
68666
21736
50835
35114
499
82331
42432
21233
51245
71848
34235
2035
22820
56653
15579
92597
23623
92754
24717
25296
74311
73447
70637
93508
84026
9257
35714
11245
62188
35331
56851
55917
54276
88081
61930
21577
78382
73504
4515
89936
86730
60306
8720
67542
74448
83549
56333
51199
59197
59219
37179
8310
27487
77820
73979
6205
37786
10207
92584
74463
29652
47360
53265
18913
79843
96963
9714
36600
99249
11982
14639
34132
83305
13677
74412
13625
41825
67983
1708
77742
71139
31182
56676
8142
51578
75596
4730
2172
22709
31704
56639
43636
72795
63984
9543
16797
76716
10145
16129
75514
37232
9290
92439
20000
38046
27934
63204
44257
89643
22023
43020
42150
81165
71848
1085
88636
54826
58875
30848
72710
2178
72570
75740
77904
42646
91065
7687
73155
62483
74351
31146
76724
4383
61334
35664
88056
17247
10984
89130
17170
38690
1801
49090
49292
26222
59524
48410
68100
44933
1038
10305
13149
7603
46502
66801
8887
62903
35422
44168
19449
88204
53363
58944
33707
67858
41079
28045
73408
11358
72848
39507
23088
3003
74490
68546
54563
29147
6535
90031
94761
52350
61447
6672
807
85629
49442
59123
88525
74740
27042
63163
71554
11658
1902
29977
38560
76734
21809
25411
82525
47951
74842
7475
35742
97576
69564
87647
7920
6503
39893
17104
10225
64937
8011
73985
24264
88724
62514
95318
91189
93503
27307
32598
91203
31522
6791
31815
15290
45302
48905
80101
4817
55464
50665
76958
68833
45247
42964
38285
98997
37191
22033
22192
6270
42842
42814
28809
43522
87467
73881
75694
60948
81422
75740
73965
50239
34983
69887
38719
35579
60461
87489
9031
44259
35899
68257
67272
67293
68595
9190
41376
59608
64463
80479
50405
84116
75558
58181
44411
83259
97303
67004
29423
16878
66804
2648
18578
75994
66030
7357
12565
75241
49369
6014
85598
24180
19132
45319
42725
74678
35736
4534
51373
5692
46130
12164
12930
25273
70143
14050
97547
44374
74155
49822
9036
67046
26406
84069
81148
21496
31083
74370
40861
33030
65517
68421
56989
75626
95361
93023
67400
83920
85475
32713
39944
34758
36294
31268
4794
81199
81627
31323
2766
79448
73564
95620
29947
47842
32534
9766
96252
80318
70577
22485
93291
61206
73438
43992
18041
31592
80092
42316
59527
47854
77414
10817
24163
11832
13372
87938
48547
90908
76461
20978
35799
68259
66110
26706
84238
41156
46969
77183
35656
75310
53429
66104
78867
5631
17246
93085
79685
75890
53505
33010
87252
22165
35895
12131
72245
31032
78027
1603
25807
68321
85321
45517
22459
26397
96228
93419
81243
78545
63268
67636
25012
93871
70155
16207
96457
90307
85923
88790
8405
41293
17894
54647
86020
68105
86184
92916
19183
92682
42661
95978
34739
15685
88963
50766
73229
81225
13667
77715
29684
12557
92106
79273
39506
64386
30630
53983
62016
82535
64320
63529
43934
84316
80413
97308
62636
73166
86383
85238
58055
78064
25406
65019
53635
59563
29903
13659
12290
44460
52111
93967
30254
87612
67967
74978
15257
93677
31579
89964
80142
13199
29960
55096
71603
74691
35674
5160
4574
45991
45919
86351
77713
7024
53932
42460
95827
60054
38914
7542
19532
88585
9372
63395
42461
94401
27799
23523
8826
80211
39390
79417
14341
32383
37457
99657
7529
92294
73650
72636
30703
80185
96365
66945
6944
3885
4545
67695
68823
93547
67214
70885
1602
17988
92989
53010
45557
60321
94662
86480
68715
55608
81027
90538
61371
50938
44943
55007
52915
58890
5657
77951
25235
74120
12363
59602
23272
35532
3954
4312
79491
26926
39145
91627
57685
76641
36582
53600
41034
88832
84289
49325
7808
49088
64733
61604
44418
33734
48244
52541
28485
42738
30115
75602
31326
5176
33935
13284
66333
55919
80786
24156
56043
96131
57702
74795
59868
3333
77837
22226
98256
65666
67578
14654
4140
67632
8832
9035
61295
98981
89782
83273
45332
79778
18275
7964
13444
43629
91723
31805
68725
37212
47062
9438
67010
10765
63257
49675
75400
5203
9124
32940
74363
17738
70471
37703
18979
13547
33026
62786
65942
65468
89671
74182
6835
69567
88782
45055
10200
842
80789
58208
5889
94774
80370
2147
7966
97649
96086
5518
89071
44239
38816
6481
79198
69725
80699
13292
41338
99510
10613
97934
72235
73166
38973
53335
61463
87788
18551
41503
55952
53588
55584
94064
79831
27714
83161
40686
17937
33939
79378
64920
196
76669
10772
97254
30863
4287
77450
64817
2628
21139
46733
77234
42050
37280
76779
54402
86643
55277
77076
38049
94750
35375
57120
1171
40106
73411
46528
92868
14513
55671
38751
7756
68764
88962
48981
28462
54400
70900
45897
53850
1397
57864
84831
93650
61039
90135
49573
89802
92699
41862
46102
33065
44824
20255
59434
83436
54991
10301
23802
25193
5808
37632
73075
47248
38090
86721
9431
49934
72999
78208
36650
11915
27138
98617
8319
36436
49606
56501
21728
83379
39620
26716
79092
62138
22704
6343
33776
36702
3577
21812
53917
3072
41251
97716
51105
69159
72035
45598
28205
95049
58678
22406
91842
3561
65246
63112
83041
26362
10650
2302
64494
55361
22945
7986
96992
98616
17883
42765
32104
29711
65212
79629
251
94637
4638
9077
21053
30677
85082
33342
89388
91172
89954
80907
14246
64438
17406
97019
47768
72616
79809
47576
32613
97656
7079
72716
40143
96808
59821
39955
84516
67458
49997
67979
88296
52661
11413
83944
29627
414
37923
75620
5543
54722
7359
42035
4905
72567
82997
97301
96441
17091
14349
54693
86711
52380
78665
28622
89204
54254
19131
72446
70714
54875
75680
61842
55033
85596
99164
48880
39536
74438
7667
94868
21780
56104
37569
30818
43807
76369
27000
9562
4664
83982
78900
95306
15898
15313
10908
65341
76804
34893
35702
97713
70814
57374
18311
13479
35490
6725
40583
58995
72814
71793
43677
91027
14149
20217
49980
9180
88124
70342
56089
6511
17128
96654
10088
61739
42625
91643
84434
44828
82675
60362
62773
53042
88290
29006
9304
25580
73591
88789
80458
5491
50731
387
94262
62595
91502
43994
83780
3044
13493
29403
13935
40311
46590
38182
6942
6156
29633
9342
68162
84752
39637
78536
37931
50211
3227
21137
89895
81799
55723
64015
78776
7445
10458
71552
86289
71466
62757
35055
72877
51007
7452
76405
55756
39574
31885
26331
202
5936
14444
52126
22109
91163
2941
2092
70060
64553
32286
9674
95655
98492
68595
9496
63399
84349
87503
52268
44834
60652
40315
83739
57674
1937
38631
55478
36420
63889
9387
97617
34816
26012
80536
50047
62106
14979
48703
55129
38763
23720
51677
925
47468
33837
61571
32691
19657
61934
69246
15115
63870
70507
23367
88962
11057
30365
27145
71268
30635
74058
57961
25931
9332
21876
43479
24261
44554
43275
35697
91700
24190
5283
8622
23310
23499
18176
18830
91333
91411
91470
19899
25889
82392
87725
51931
19337
85812
68105
25333
3169
35862
86919
75614
13774
81306
76028
35391
36596
14979
45208
63525
55104
31095
84991
14052
48641
4919
90776
34121
93329
33498
35039
74683
61650
80773
92821
75372
7988
76265
55543
32418
34515
50712
49644
13276
3581
13253
4023
22595
95184
25688
70989
75920
41794
81675
61152
91092
64667
33445
74170
46279
67548
12112
66182
85296
35619
98904
60520
22478
35462
83106
39980
52193
54877
92678
31323
22040
27068
33675
46795
7128
48542
66270
56430
27717
56989
80623
78730
86544
44478
60872
58697
10045
81898
36458
1926
91216
16022
5381
22152
4244
95396
27028
11884
53831
97442
71219
34042
8485
7376
54975
16218
57680
17472
32392
27711
64249
7606
36373
29569
38157
50831
61364
35305
29535
12158
7516
17477
3918
70032
41313
80955
1875
82865
98259
4538
6537
63976
83828
21228
21689
19357
24692
25065
44512
955
38251
80901
80768
88785
85394
3272
55840
86386
84798
93278
23233
78236
47130
74053
51518
52598
47871
91268
69246
96306
38547
97020
33658
84850
69340
47254
44549
64294
31743
39387
50973
34324
50970
10755
77933
20305
72666
79621
25948
29803
5561
47981
39062
96585
76919
14923
36340
67530
17524
39688
6122
96714
60936
66100
42542
50307
96799
8091
85984
6544
80564
78806
58170
56013
21481
14269
44501
13082
4384
6234
11285
34110
96058
49881
99090
81800
30345
7291
20197
9969
29011
4586
76651
15006
47270
57831
57497
93153
17234
38495
28380
90014
36616
24764
71659
59307
33581
27159
74444
36497
4026
50475
90527
43632
46612
23590
59723
17215
59875
83193
89891
95568
56945
72302
84149
31121
87264
38872
59311
28207
28968
66726
6734
49269
72493
60338
19396
36307
409
502
58437
95674
75227
69310
78894
24131
75483
88184
38003
56431
97432
31912
97604
5641
32449
78872
40219
3176
46252
53037
78820
55761
25974
15797
61289
2361
19992
16124
30073
90535
48290
28541
75189
46072
726
71637
86359
27868
70820
60372
33279
93854
9950
34797
34331
51746
58295
22893
55570
33766
36124
41224
49869
41931
8815
44014
21858
52749
55484
82269
77055
9069
78811
304
42671
48848
33665
13045
75340
88224
35298
82333
51458
66160
73607
55372
59964
56221
29799
42288
45293
2672
20614
31982
94300
79360
44039
99352
14701
7541
56655
26586
90120
66823
85560
67796
34601
65413
4814
52226
86755
32881
66474
56311
22737
22760
59528
55497
17371
52160
57383
58437
52065
89546
3644
79107
4711
71990
