72870
66213
32222
90938
26278
19403
52015
9092
94256
22607
23906
94989
78850
98285
50367
90940
98372
18168
16259
32006
32514
7056
17001
99184
54980
87887
69774
37490
5196
77602
8420
6454
1932
93621
88949
70304
76225
16359
98034
95176
719
8733
27767
85186
55259
73202
94748
53567
73279
73516
11707
6700
18093
54794
84696
7864
62724
53977
86994
77076
95304
20102
76325
40722
30721
90830
29177
39568
66130
73489
96203
80238
88979
47812
66550
91066
39374
77094
81342
27181
90163
17195
18265
83279
95896
53716
91290
34901
75057
83455
39226
96043
99751
83002
15429
31756
18232
11347
87711
142
52652
24491
26769
27643
2287
55850
34228
16953
77455
83084
33753
90571
38868
92696
90130
87825
89655
86641
40768
66603
40608
46757
25370
33819
84672
23171
80759
4039
51911
13833
11993
55357
58979
4060
89302
7922
39319
40689
94692
83203
87091
24744
26784
61533
40309
40888
30811
62135
50908
88805
74145
51165
23141
75790
74503
61352
92324
36963
71472
89288
86401
8308
43069
65923
27500
9605
96015
12376
58654
70078
65050
21116
32430
25694
59912
82662
93708
56655
16006
97990
98909
45076
27311
61903
17620
70847
3443
32630
28682
14112
95556
84946
78425
24088
88477
31171
97179
4012
53200
13968
54777
36532
8394
16520
10195
40274
26980
4362
21676
16160
81225
4608
92622
86531
44159
7622
26945
13596
69172
53897
30819
35229
85319
15402
17477
1017
3759
76289
60034
6899
68844
31807
25405
70264
74088
41964
97750
81705
3818
57838
85800
67505
5271
14635
69090
40789
5029
3014
19168
46217
41565
96037
18213
64191
72780
19507
21815
96762
20614
32641
9623
8673
28248
75624
79516
19983
11049
84746
15723
95910
86795
27190
67381
10244
27652
8842
24589
81710
95956
88082
90660
23914
70978
10190
80451
40745
13959
89874
95685
39424
63543
54888
99438
3895
99591
59248
36715
94330
34207
81799
99847
90126
98366
25957
51368
20062
90788
12064
16868
32851
58657
89358
31779
31682
92503
31816
57650
60447
54830
91307
84545
45263
80436
376
46138
87707
40206
28666
12574
74976
29376
83111
71006
19748
23413
72768
24499
78659
52620
73267
24634
70279
64959
99328
11055
41750
76017
89880
79301
74949
49939
29121
93408
12554
78002
78038
93647
82256
63617
26379
19209
53860
89279
21999
49091
33740
52837
40618
27595
1622
24014
51429
77188
81038
2787
63049
96478
86218
29250
6368
95825
97856
69866
94712
34006
66103
40326
74022
83714
9818
27412
35751
13472
25737
44592
64865
81418
61930
17697
85128
40292
84093
41984
52860
12373
66253
57665
30160
97186
21313
79360
64453
97481
94451
28649
83029
22487
26936
48483
50604
58406
50654
94458
63537
60375
74068
73319
65922
96712
40738
83423
31965
83442
13594
51349
72443
82657
5542
36588
1494
5776
3073
40222
3468
97057
60642
50978
32572
279
99954
36125
85356
18128
9183
51431
14989
64257
10313
5177
3287
75536
921
20112
43246
39496
67954
38561
4550
7773
95007
52825
41090
62909
7468
94703
80631
16270
22257
73833
71888
25609
70409
46120
18187
95219
32193
2577
94560
95060
55627
4312
85442
11702
75506
45483
92158
90556
27560
41272
90592
62908
48412
22268
11733
22523
96551
42538
57708
48515
87077
57076
55893
90083
96
52088
89579
46595
6440
80522
82830
579
61504
14330
22728
57423
69746
13090
83858
88865
60130
44655
52591
40499
90175
37065
30614
88414
74326
46816
76429
63701
17217
61173
41392
18487
99677
4898
33873
16693
86265
5287
67962
81121
72810
98002
3790
10382
34907
54954
33645
30506
48738
16984
65270
67701
40494
16211
46631
2364
94300
49862
20479
20247
58025
15648
87013
44603
86242
5688
51170
33916
86135
58459
57161
48259
25998
37396
51510
82664
20435
5942
93300
28844
77901
50217
43097
48406
46988
49774
19564
52680
69343
49361
68135
68221
14370
72906
6807
72129
29588
71152
46848
8205
54150
21915
42654
64221
28080
83412
2150
44304
13597
78779
49163
21980
97511
92661
71516
24459
88350
5616
41034
36182
33217
96692
49704
47068
72751
52775
66507
44319
3863
76285
84305
35067
8587
48059
11197
47139
34291
11014
29376
52475
73854
22701
53909
98188
75635
13680
49347
30599
10054
27851
39077
87769
26439
71875
91845
52455
34324
21483
33444
64135
60622
38451
41783
44122
40937
43662
44588
26122
41116
9407
77034
69755
72953
49088
28182
71729
31063
82510
26322
17663
48426
97812
88032
65319
42612
97074
54116
66899
61045
61353
69127
74062
38078
64454
78648
23295
45508
39945
47340
27587
77999
94257
67623
82503
93266
40743
95923
9343
85525
44515
35437
53158
68526
72286
7711
53106
53806
10357
32263
28691
32727
60470
89943
86440
44587
53387
38454
56701
68352
54240
61604
74949
45232
20274
37754
61137
1037
11798
42384
92650
83090
76964
85848
6448
57684
15070
98695
33135
30999
59776
6580
26235
33565
72934
74297
22505
78329
95188
65239
34409
99106
88838
45718
59811
72547
35957
65673
4173
26927
83971
2064
78406
92754
76835
87063
27666
18402
38504
63132
80659
88852
94184
55118
67168
51467
972
35984
3844
86636
10519
54717
45078
31213
90608
7302
86257
1867
51278
7511
89583
5115
64384
87575
45607
10904
93558
46254
78527
47707
42095
85569
56528
29321
88831
62904
7477
3078
65885
25761
85263
43271
86343
51406
87641
97765
80498
63513
6786
92653
33074
29383
75308
70645
5153
66666
58688
67113
95664
49697
7820
99523
91944
60923
41979
75001
411
45080
67983
42673
80716
1040
54525
69135
67288
80652
53284
10319
90975
41362
82284
36941
13363
93503
76279
46145
31836
27341
66631
93321
13189
82740
25964
84447
29959
33421
70248
68618
7823
16977
80001
60272
97294
74720
75393
52680
26366
77533
6350
56973
58892
88854
13505
76847
58087
27554
6949
88676
69987
9379
65326
47292
83177
1195
93428
34290
91167
66331
618
43998
67919
12711
52959
79975
71351
30261
15793
95510
11597
17956
2824
68838
60877
91593
374
82711
65120
29844
14793
91361
93418
74897
66923
1350
19985
24907
24567
40512
85413
89963
40247
97786
2256
95998
34718
18587
2011
15892
33727
43228
51866
77445
60584
63995
85909
83854
52671
2888
57300
88537
81208
48925
64903
76122
81488
97962
37743
48150
19785
37294
85260
45855
55586
99938
18948
57850
95729
55151
73005
88705
13728
39584
20439
77667
96162
90674
48537
16073
97712
21351
21078
91381
64325
88698
2348
64099
52818
7085
81273
72209
542
93087
47466
60187
49822
86713
129
55551
24141
15495
50018
72479
13896
67748
14330
93348
66089
17101
59405
31263
72125
19640
54650
96684
5444
2014
72013
27312
8453
17651
11042
40321
1612
30455
20529
64324
50049
27044
51546
2032
90021
14856
14349
81746
30763
47597
18358
79627
7473
69619
1828
67028
76026
34047
81845
43842
64810
77548
87072
38531
98429
94336
94686
76552
19012
21690
87701
40797
87485
69511
58019
33011
75246
50100
3651
23103
36381
67294
19647
94396
50447
66533
98387
66507
64123
13375
57241
45243
19114
11145
2391
96995
97294
37655
52577
25163
31548
10829
14315
3851
7559
99174
15504
24523
70618
33681
87096
17482
38898
43837
43305
6491
95254
36713
50861
11145
95444
55581
18812
48539
88345
6903
61830
13394
25676
42046
77247
64975
92487
29683
61383
21777
23987
22181
99829
86333
87712
91651
82207
79542
46174
12236
18409
49804
93915
62850
35592
17105
56472
30525
977
78406
40714
69212
96482
90196
22539
73623
23213
4086
98618
23920
3517
86388
17173
11175
48518
5739
56178
90828
55182
36264
34645
10960
32465
95955
304
11348
25013
67976
24669
79715
27884
54336
61521
86044
4351
91950
18750
94983
54301
33254
92968
36680
15008
95352
43905
13073
61048
20090
52132
58962
30166
86307
8650
99788
85367
56532
37388
72420
28139
11121
72693
69459
48865
16845
16451
21433
31921
32932
8507
29809
45029
61505
12198
56960
92933
81664
75019
64807
28542
54158
12010
3225
98382
80332
44883
86502
11694
20243
83809
17621
42748
39377
29366
4656
39652
62417
76915
28153
22699
57
60436
70747
72184
8525
53191
5403
30175
84913
78951
24269
67435
67979
42905
70755
70792
76679
94594
20576
20746
3284
46819
67595
8285
89227
97682
45055
27530
74288
9014
75231
82114
95025
57374
78023
42218
13868
13247
35805
27364
73454
96777
74631
64342
56981
85668
9430
61432
83414
21868
64895
55871
85563
50790
60907
37762
6084
64158
49444
98597
58190
6303
26480
93034
11730
41230
55930
79920
84708
20547
92267
54725
75675
15972
92920
6640
26096
43680
66901
16180
28576
16005
47047
53282
7308
64895
67671
68606
56864
63342
5955
49099
43120
20770
81038
98582
81949
53814
52760
65468
45943
70918
61928
67321
9341
33774
61157
93454
67105
76960
93636
23118
96647
56322
23228
71109
37067
95426
36981
39685
64385
2838
23007
64143
17880
3028
54239
84635
25496
51947
54948
83716
26955
157
36184
23026
70968
4793
39858
65061
9962
31129
49640
48218
11471
34709
41857
99710
1980
49985
87241
21869
36238
39722
90014
58725
18187
40712
65767
29612
64871
16641
37380
56442
1667
2907
192
52005
74223
59995
16803
29031
93712
15358
96932
5454
19997
30610
30492
45984
67427
915
32181
9352
99113
4894
31426
98977
49550
7987
35432
72190
48141
34668
77082
19540
65251
99668
47202
28933
97415
24390
87355
88458
13272
11395
97596
68572
69621
76463
4463
44223
66373
85993
84383
28043
11254
44229
16079
47352
91523
60424
39080
26181
16207
94335
86603
99525
29550
15773
72132
82247
98243
79055
40863
32321
65668
71837
97588
50008
55546
91903
29630
42863
61732
75673
25290
43081
62139
54837
23403
93692
90575
26524
51978
51701
80177
68112
45370
385
24330
79561
4426
53311
68456
32554
45907
97120
74041
9215
81521
54168
76208
28566
72271
86948
38309
44887
85435
77751
21337
41888
99512
55523
83383
44610
86930
2433
28661
60402
85325
26237
64410
46988
22038
43553
6714
54923
10811
70523
12988
10814
64150
99726
11548
28935
90500
40018
98829
60437
94932
84361
52598
35964
88412
98816
57789
59886
38117
12829
6818
58520
39942
12427
8162
76251
21070
78816
33244
22950
39227
70055
75183
46189
36487
32654
7458
30376
74466
18062
34814
56618
91355
28402
29942
63675
51192
97159
78791
72533
17766
16127
78138
65176
63882
8801
14598
48970
50165
28976
86226
26126
95574
94614
55704
62048
95785
4494
48485
19691
99149
48427
21693
75463
14228
53608
69916
78802
60339
40332
68535
56650
47609
29337
25281
85092
99677
55058
6282
25036
65968
59239
12801
18489
67441
34686
15993
40908
35807
47008
5898
29093
7689
73501
39695
97122
26081
96764
45741
97653
16624
19651
51347
34017
46947
89184
33660
74897
82338
40978
1905
23893
20641
54935
7212
94650
85008
6322
43512
28868
15309
75608
74004
17290
70841
28408
13302
271
8
16133
37740
43992
41106
75297
18173
18703
39015
55015
61231
81747
7359
95221
18209
41370
37742
27060
92632
17380
39319
76518
74680
59869
88696
89163
96296
10222
82627
65360
49464
47232
70252
69621
63774
65487
36894
71352
74299
96359
70313
11715
43869
12510
36630
71567
57917
62126
52859
93204
84713
98317
24873
12366
68220
18250
84066
65869
30793
6789
79273
31897
41527
46316
31058
88320
96902
43374
46136
67422
73776
45438
17421
90536
70602
57094
49516
98325
68905
20229
9898
70025
82466
13863
44587
54303
87082
26719
56017
71858
23452
48003
25167
99560
37337
91684
82204
19932
95753
71753
93124
1606
51583
23911
55832
4393
57947
7743
84676
27065
54794
38996
71201
75719
57224
25159
24609
98667
98053
76401
38664
461
67940
98300
60475
44560
93184
13150
6448
47419
38474
82932
86149
868
60750
14263
63436
53915
97876
68957
92452
58993
75010
57326
32355
62276
34334
51489
77039
84232
32784
14995
55180
71379
9958
8516
79279
78884
71794
52558
91762
28497
20334
73218
25600
53709
72608
19521
24400
64306
52056
28787
27054
37936
43446
11400
38260
37586
7528
11273
50489
75465
30033
58778
13088
80631
68742
74670
53041
84346
11698
1031
5604
28596
54905
25705
3513
63059
32953
15673
47557
56481
54316
18871
67559
71914
2122
24885
121
19237
78732
34739
15970
45986
57547
64601
35944
57583
19463
9232
68227
62470
89699
28221
44812
56406
4302
51739
72884
74060
99581
71476
1553
85501
75731
88667
93171
19443
9794
3561
30037
29107
65131
78771
73327
27943
31522
23844
33608
74636
80237
44668
9257
54618
22027
8901
21165
92907
47601
9261
63156
51242
31951
10181
84631
96922
81586
17493
23766
39008
5570
18329
45708
68686
64396
9661
91108
10636
15706
34608
8901
62117
88957
47592
39273
77963
7629
70482
89867
41224
94663
92659
12639
28707
47765
69472
56443
97611
1900
55223
61875
21507
36527
31001
92739
16970
85264
10052
3461
86822
52663
28560
66370
61356
84731
32486
58917
66286
77453
23416
79115
769
54484
83137
47095
46186
49906
37914
8290
46373
73702
4566
18191
98450
78571
88347
67869
29213
5470
48126
3989
19335
19964
59673
12163
15670
82922
51435
97538
22838
85870
30764
64464
80458
65307
66827
77153
88915
16522
24199
60783
59036
643
13766
5806
85952
86715
93525
10750
21752
11384
9341
14874
67973
58799
80318
19533
14006
69262
87211
96868
65463
8086
7809
76990
3510
97504
51781
38112
27859
14305
66426
81702
84291
49768
74395
46900
55425
87652
13051
31242
8658
63106
53942
36598
3987
23731
62900
18147
8961
69325
16698
45359
16485
30632
79084
21658
378
16329
32579
19642
87644
74907
43367
2347
6575
63736
35241
4772
38185
21864
91968
5254
26333
10465
37022
54701
70373
35692
25198
50921
1931
55304
65100
72294
48372
44072
98144
64070
25962
52023
21113
3281
90948
9020
25762
81123
74420
81272
84804
24548
38508
58860
73752
20565
89806
32568
23527
79973
25999
45438
19488
21955
88168
46405
97781
23374
94297
67162
92050
27433
48601
46160
59578
20650
32478
69128
44064
87633
4901
18348
31648
31926
84383
10997
12056
25787
73465
95564
62054
25536
90246
45518
23487
93750
48843
44648
31816
16203
63526
54978
68597
56004
48892
54392
81404
21353
33182
66275
81749
32121
77079
59479
8080
91551
86709
89605
50707
14844
54289
33953
8303
51972
18652
94590
27774
40933
23144
62388
72603
40769
19825
34724
13661
76189
21094
43666
72625
96177
85688
17265
1428
13536
5310
44349
66026
58018
30529
57826
48382
59869
48715
84698
3542
18515
77191
90259
28817
6100
76437
72686
68288
7123
84813
47524
69535
36694
84365
94915
62959
8104
49152
64118
29233
16713
16013
29955
83648
35557
47673
27630
22475
67041
42810
24763
35439
33105
2266
19665
98349
95815
46564
49498
40205
58183
67854
32358
85134
64566
80226
83855
51912
62256
68043
23959
21056
42648
87961
97133
47816
95754
35888
84367
99281
46252
1619
48873
75917
22980
6505
44124
74693
40355
88106
47066
31124
40415
55496
65038
16383
286
49052
83608
95409
67310
74923
92918
56246
53297
97909
50846
92596
22198
8443
6440
5378
36419
37226
48808
12070
9774
19336
59640
83278
82923
94778
1845
43978
27072
62031
73920
12932
48756
72653
45445
33118
35845
98934
66008
94919
35001
93270
32155
35609
13165
41164
48988
47090
28265
5043
63739
55980
17748
26188
91466
77211
14372
3433
91853
67587
50253
86776
92416
20468
27579
30474
68632
19683
76155
90975
60065
62726
43731
55664
87463
1227
60274
66297
33393
78325
10050
78945
72359
51381
2874
56935
82772
90689
66320
7019
2214
27443
98092
34358
8370
24065
76503
72838
48405
33140
39346
7418
34422
82887
48835
24215
85927
57982
85194
31093
39146
11200
92531
50857
81199
86259
2468
72975
50075
12467
73685
51027
11653
1486
89951
9020
30107
19711
2541
38614
27521
89125
92495
24987
185
17439
78734
9726
26846
44710
21498
52275
16010
94919
9694
27422
76760
38779
67317
56374
14532
88517
89942
57142
56238
99304
395
70048
32989
26882
35296
26414
29696
10249
77910
14167
59951
43169
79575
52250
93329
74423
67139
2537
82199
88380
62249
51125
39237
98337
34482
42930
34577
12044
90040
44840
10308
71733
93876
95797
40893
33055
81492
59266
76501
74230
331
62016
19773
16641
77730
2238
48771
79748
83980
92907
59188
84694
55128
69442
69115
65209
80703
28375
16327
9979
27933
78300
30187
65640
75485
25200
55487
40906
26189
17285
38980
62462
51185
67980
13317
55668
69715
45087
43129
19747
69816
87147
10789
29414
45037
59256
9949
27223
51072
32951
5195
14951
12587
33287
64136
27351
83244
24227
296
51222
49552
16651
3539
5591
91597
74638
16525
99181
50543
16561
98486
75462
24618
93791
49677
7042
80142
84844
65776
16911
17369
4551
89855
17379
89542
52860
25087
83956
16579
80772
81754
81207
72064
54698
39843
80467
39747
85914
7159
61537
87737
96199
86175
41443
7527
26681
66418
21246
68030
11122
248
25557
78957
18588
5673
88579
8240
53873
47859
7861
37159
73542
99643
82017
66241
52244
35834
69511
86167
89412
65801
16163
13653
20535
32248
7884
37107
41263
44183
26989
19458
32222
44856
1501
60641
59817
81291
82108
27631
44312
72681
22732
75099
2076
54381
81001
64088
96638
63676
87815
25964
80672
3493
42824
65351
29010
36
53206
33297
4788
41248
72739
51196
6275
7124
85210
83897
88322
70219
55169
72934
71301
33316
12814
54693
92669
72885
66563
80104
10971
98348
74535
55464
42499
14481
18691
93716
44175
15527
43605
18983
27804
30257
94580
17490
89173
4241
63202
20601
38395
90988
21095
50810
30893
2313
39055
76455
32698
63992
1506
46389
62368
1775
84731
69421
93503
57488
89384
18239
68224
39014
61277
61367
29564
70670
4053
49672
90890
45715
60615
71076
30504
19601
70945
11917
41220
91803
24003
53286
42504
41496
64538
65187
61857
90408
9015
51584
38890
92901
18412
34701
13818
43077
6914
11334
46470
37979
27898
73440
79828
25117
83454
88159
19933
39616
22403
41061
44734
11423
96350
84710
14044
45947
96352
37047
99537
35644
81071
55140
28823
83094
34818
21344
67600
73319
45336
93303
58096
51516
41526
52544
95271
11795
83131
76526
7567
28156
94402
60134
57454
81784
84116
87114
19784
64868
30471
77492
9701
16879
12982
5439
64314
32294
53566
43230
38935
62608
90803
62256
7180
93621
52509
8235
5977
51675
54322
41813
36400
17800
54321
74994
80009
39659
53016
9240
37442
84438
77731
38238
69361
36324
14658
43539
96232
5944
99797
7914
90403
80902
8423
31379
37200
43754
81572
50661
76860
49782
40663
9336
68438
92522
58213
20687
22978
94940
9824
5554
75773
10679
8105
67866
24840
41183
61189
95813
88179
87730
54875
37545
20807
53034
82279
42981
72975
22208
8062
84147
83716
63754
37278
29082
45428
43141
81841
65056
24847
99438
34559
45821
87277
67369
57228
64458
88255
20165
42421
76824
37905
36215
69826
70270
62648
12099
50601
32042
35198
12281
94687
42648
66855
9883
84795
50304
48222
24125
77449
10698
38977
34757
94024
46077
98311
81714
95681
62037
27466
9241
11396
58514
82708
44555
37056
51021
32106
6322
78719
16678
67183
26650
29564
97208
83703
16620
62082
31438
39977
69910
86754
89903
93071
8230
65936
39573
4093
81333
4731
61788
7676
22688
49607
87125
75954
14290
62153
31482
28080
88702
60702
10172
42712
54087
80232
79128
2216
56034
35879
70568
6087
77971
46959
74293
1291
20757
13579
99946
54085
77110
367
64389
61098
58782
27346
97254
414
17744
92080
57546
49151
96616
26074
14641
69739
48485
46744
5947
7727
37184
76445
52977
79854
53306
73125
26496
32522
59061
36462
37056
49426
91961
29199
28882
61095
63478
985
77417
67180
58153
96297
87968
75947
94071
62631
16137
44382
81878
61311
75973
16000
81227
30106
21135
64881
85070
26007
52050
14943
59850
55147
81531
14392
75457
12658
49002
18729
52397
87120
30850
36945
160
2377
80384
73319
5805
40569
14216
47940
5183
5266
47386
70799
5607
4976
10820
75908
84627
63802
56881
31327
96506
21143
21855
96267
29780
46697
8878
3906
10918
24587
38772
8607
99931
51843
41230
88744
64974
1764
113
96081
9413
34212
83999
27535
24567
68308
76981
25435
23053
91937
55936
97822
90502
30149
17583
88287
7061
33451
19716
56230
79622
62398
66053
81196
52798
94156
44911
72417
99871
21436
54922
61882
76362
42505
7607
21429
42399
38778
32901
47018
30048
31360
7523
84400
10773
56587
75792
68424
81576
68393
86799
18570
72560
19196
73111
15819
9707
15383
82278
93576
37987
14837
12725
87505
44244
84982
27686
39989
44772
70262
1114
64357
25008
17580
44095
37032
30504
60668
9318
6523
78865
24857
75699
11266
46281
19579
35630
70928
94855
76088
12951
60271
28991
83619
9142
2444
15621
66942
30512
96354
33738
68924
22902
46113
58562
34552
46967
57882
39174
34987
23637
21867
97940
28654
23285
61762
1684
16397
52272
88559
39286
45540
12359
86314
68695
90873
45779
61214
80291
47989
47514
39665
11764
65312
30494
6513
6392
99448
70319
18044
12016
68942
14465
78283
19349
46397
15224
42173
52982
91816
94783
84700
52156
32558
40857
12622
45710
43148
72783
89499
78576
92112
62919
66293
58502
70710
14325
75336
37047
92961
3468
97472
69325
56439
34253
93202
93752
63929
42880
78632
62194
44350
13408
29004
38781
27147
71089
57487
34377
33841
56493
695
81458
49859
635
19043
5637
88498
81921
80988
82979
44262
37136
22875
22111
54140
14686
86129
63521
45751
92114
70454
42637
20068
68343
55665
7293
22414
24851
88545
46859
58970
77778
35366
92875
39584
54203
18031
39061
42471
81028
19297
1920
79740
705
18336
96906
48399
25368
39197
83092
99018
76880
59068
77002
64366
96360
67425
23969
47275
99012
90967
62328
30812
993
72988
68865
89726
59498
83309
50073
45707
79779
84457
57843
55318
50627
50116
94099
90981
74047
49963
72341
87718
59456
12430
53486
66960
39959
38031
20683
46743
17287
55462
17206
11083
24576
15662
11703
32974
94156
54576
77430
82608
80290
36649
45086
5385
888
37019
39869
57938
6550
10733
85065
67776
9798
91904
83805
94750
62631
38639
1984
89350
72960
48033
74374
58331
369
76815
77104
26886
3398
82508
18543
51627
52805
64502
11942
42600
66278
38584
91789
97386
66498
96505
75890
86795
53412
47205
8442
50604
90173
29973
6181
38506
79220
66845
13199
15008
85529
43763
74674
93689
19866
88247
45993
86577
21519
18819
43760
54183
67824
88720
19783
47617
40263
32258
51477
90268
45792
13938
94473
70957
56349
96662
64156
51001
61381
42478
89714
55918
30460
43374
16000
19228
77166
76259
60487
87668
70949
39268
49278
52859
18331
45527
91694
93162
6985
65084
1910
59718
95101
71898
93583
65687
25546
47332
28554
39431
22138
14600
13846
76344
97438
48884
54109
72994
29990
99013
16430
65737
53035
54221
4597
89687
33610
15488
99622
62267
93964
52155
65434
53533
98848
5970
56176
62204
34250
53109
35284
63655
66932
15550
62205
92500
82562
40761
70575
34464
73604
40432
49345
79844
16677
22610
14842
3312
74753
79392
74517
7590
37107
18932
26211
34454
63403
11438
5679
26418
11391
22940
2684
31469
35065
13989
78987
14357
21230
57778
23161
75113
82510
18457
43205
86169
19767
97992
18991
281
52580
92619
92476
15745
61219
14969
92598
95972
17380
32705
19889
38859
50222
15437
10184
33966
90924
50992
90437
49038
9508
18481
37343
48625
50343
24628
99614
65819
47300
52865
63354
37190
8408
68916
18369
79934
83584
92800
26680
60924
75151
66560
37913
45788
24474
71196
16506
20925
19057
97844
94830
23764
43624
16524
11205
82061
32596
97236
65135
45696
61041
92499
16317
32012
93471
7728
41160
1427
53742
764
54315
46289
30702
31551
26987
98169
76169
65277
59256
74414
50444
44645
80491
41243
44544
53686
80559
64529
54103
82446
56700
98267
24450
92529
68094
15614
8320
86770
46548
92498
83856
62433
75509
61815
65159
81777
87469
69398
60285
78277
22980
79030
88834
76022
53920
89208
13230
63107
62849
65743
57718
45334
81642
87231
24571
62543
8224
90449
69788
47216
99562
2544
64331
6467
22584
82403
17341
8811
86880
73479
62971
7686
57796
84680
51926
59420
63248
62269
7480
35624
95871
3037
30325
54431
55805
70081
50943
82497
49702
98616
94553
62363
95277
12961
86371
50359
18682
66888
22709
609
32139
47488
11207
94070
52027
51545
14508
71435
44383
7103
14847
72791
69741
89199
53686
77823
47096
1270
89715
95932
69238
48039
55546
98922
21378
9913
84380
79887
413
97755
9681
39494
70832
83541
19525
40360
17036
89468
99145
36727
17202
96305
47146
71942
41103
45112
36415
91111
69951
24976
25724
65330
8595
11539
71299
45423
37901
36555
18010
37185
91783
89263
49879
59023
28787
59641
48312
95024
46205
73862
66928
72275
37133
74633
98332
74408
69513
76876
99699
11405
3351
48356
57883
11321
6528
38735
22873
96767
85168
59629
57696
88160
7674
49208
18571
87088
13177
1794
97285
10115
69745
79946
41317
76915
60307
19450
89368
96721
39839
32191
78742
43173
77988
91814
38903
83204
79235
51536
48990
60622
10802
50098
26195
92864
92252
70731
21615
49788
82725
12290
59600
34259
98124
38780
99341
75277
16937
86135
78371
70261
86709
41351
79853
1059
17801
85162
48434
31559
13151
7177
52409
83471
23029
58029
58071
95477
70576
32476
32617
77896
83452
80207
13021
74870
28625
60689
24810
25235
47314
55126
88545
2248
39568
17365
84059
59034
19851
87972
35825
75702
88024
61198
88267
31223
95773
3412
20848
78867
53369
28797
67644
6792
4354
5243
88080
31774
42406
18844
18210
79769
46035
80265
70581
43294
73554
60831
40964
96639
72205
61479
49144
26053
46930
77844
27194
44185
36527
77561
83041
7951
285
6436
82732
29935
11194
42139
56940
34657
79150
63762
97529
77749
36143
51365
99205
7116
89792
38392
60077
35078
73684
9961
68395
66761
98448
44174
33097
89994
36815
62353
25616
21276
91039
96645
76254
11218
36712
20067
62774
31794
53165
45126
90353
5465
84203
61855
67699
35173
25406
14997
72249
21346
93507
57308
70286
93236
11064
62417
1244
29278
1792
23568
89631
91277
55043
41203
48661
85445
98001
33543
57266
35429
96135
21132
18800
90873
77994
41577
4004
76988
40113
12585
59660
36808
18335
29558
19204
91708
78093
31568
11031
28328
64327
5706
61651
54776
70541
28354
67093
34043
3001
28443
11332
16559
26848
53145
55577
62922
79729
74552
66556
13511
97947
87976
86730
51916
35436
19785
69618
77460
38355
38048
69855
64382
43623
4691
48175
73776
11552
69799
1827
97961
2403
23059
97487
41890
62044
6112
91121
31008
41892
65536
43454
18170
94753
35303
99576
7265
86892
26251
61980
73200
34670
70196
24503
32625
71972
70975
71481
53930
60546
44213
36770
67682
94196
73315
65560
7380
21535
68885
57403
78575
80358
62612
67855
89895
78920
44122
93689
38908
14662
23854
64645
93284
13634
94656
45412
11224
98756
8770
85299
73176
3510
76160
854
73948
61039
76798
88163
15832
58093
94765
26331
74954
95675
22922
67508
58435
52466
31123
66513
97296
87356
74247
74707
6437
8499
16345
94792
58885
97160
7567
97442
86288
41696
65181
6179
59369
23801
68122
34100
18370
81610
47484
48469
39718
82440
70901
14158
12579
98085
58345
5540
12371
70706
20202
15784
549
1702
89618
85865
88685
64503
98716
12266
57828
49284
21344
8942
99805
29813
69449
76943
98086
91674
32821
19181
17719
39665
99656
25348
31482
35587
45101
10359
15798
79757
51339
60137
11514
34013
96671
42314
92675
7026
82652
12782
18186
35142
30843
7929
19213
6344
85184
15191
17560
35233
68364
14024
95952
57
46617
80536
26332
73490
64533
33869
11248
58385
86813
15034
19543
76989
71477
79664
24508
3840
28354
44371
15317
32266
26181
84043
76269
97845
15348
11249
94093
11044
57142
38985
47462
78532
81498
7856
64989
71764
52116
24746
34515
89601
65846
734
9520
88522
45671
7006
32844
20739
92515
90974
91449
38484
8399
26437
77169
88545
14999
76577
87863
60837
64806
82677
45996
39639
64768
68846
6961
14191
45951
5427
96276
65890
67785
92730
66137
93320
72682
16056
18182
86815
31059
69232
4555
4968
70127
68877
21836
37744
5054
90123
48620
92809
35280
28655
95128
31382
22207
95574
74189
13894
73609
395
80102
43159
58249
53714
33062
48380
73809
21378
93311
53657
42950
29584
72893
43307
70680
8934
49267
85988
29149
11986
79071
75476
26313
93595
28123
43620
71723
25742
62979
57404
90887
67286
21215
34597
83052
31690
90540
20808
60657
26305
50827
35572
93777
58944
49861
60255
81151
39284
96153
92196
29192
1435
22212
63851
47012
70877
85804
43558
15320
43000
59049
81911
45100
29241
46160
73679
2660
47814
27838
61329
30461
19896
28605
97813
35141
10470
5558
12937
28727
80092
54643
88818
65074
28266
79823
77744
4598
16377
17981
6879
1562
95129
77362
94810
8524
42774
71216
66138
76326
15785
21551
92028
56009
48651
22602
58528
71129
47492
69476
26317
29237
70657
12565
51602
38609
17443
91381
46984
98418
94388
11939
89492
53189
52021
21426
6312
56508
15955
29009
45673
33926
85561
88629
42603
30218
55742
10182
7896
38816
32766
49091
94640
18924
13095
5362
72937
45272
92746
42248
43352
57772
41841
77201
29512
63341
76112
18333
4359
61007
13044
41288
67681
66648
51320
79844
97091
56243
93110
39012
37217
50318
99194
42279
97972
39856
93522
37919
31547
93690
20994
83230
59298
10649
16565
59228
59040
75173
30733
55016
28122
47034
42139
14248
4837
23632
106
33518
58281
90361
68374
26489
56257
1718
47610
23749
35422
10102
86087
48912
98475
22125
98672
95754
9868
63564
76418
7512
40511
13731
35506
90245
32869
17360
31182
67430
51770
38146
59317
31336
20703
48623
13666
71897
84057
7054
95235
61775
71571
78353
36393
12345
57662
49987
93848
33824
14104
77722
91518
56249
18506
66617
41409
53386
18828
69061
50480
85174
27811
49026
99323
34535
95915
33577
23871
68407
11663
66472
82009
7067
3349
48854
93180
48909
11863
6225
16030
80788
81420
72630
42060
26706
76005
2460
73022
84298
69651
80206
43718
30571
39781
98819
4129
40414
46351
90172
16784
38504
89255
95929
94880
95580
69065
56184
53989
39936
86811
31115
19302
80986
95690
78869
27217
58520
73395
83457
35727
25401
87582
57566
69010
20346
61092
10843
78923
15456
71473
98075
26201
54783
68836
3637
17276
88870
47060
43051
42727
36712
53421
83845
18931
20807
20664
47242
79760
29982
77464
5018
59254
22187
38225
65162
99386
11287
52643
44828
92957
83364
84244
95067
89886
86066
36747
97232
12880
81229
47448
73476
97446
52247
15538
58099
75850
15437
19448
94505
40813
5369
69369
9372
59032
45076
59312
86789
86146
43829
49094
60412
75674
56987
9083
51311
81156
8755
18079
3102
85537
58822
40667
63447
61094
1249
66669
5321
27311
81506
78960
87239
56684
73149
79066
42619
77273
15944
60831
195
26924
51913
56114
46637
64520
59770
68268
25643
53582
96342
23749
83
71571
9251
80991
32502
82476
38908
26723
29499
50821
80825
81155
27703
35826
45821
80478
87627
12925
57884
91042
65113
33118
95399
29355
59300
56937
70966
73450
40036
82144
90512
289
99907
8233
34074
50506
19959
16411
80570
15031
93404
41554
66374
30165
79725
95170
28622
80426
38495
82312
84227
75613
46843
2011
38626
44276
4181
46753
45889
7512
85133
97375
13909
38646
56482
54697
44446
63455
23950
52343
36591
88910
8930
57624
99390
42569
45630
32000
71876
51937
87341
99453
7025
40884
31675
19079
73551
18770
97300
97462
61841
7772
62203
34190
84633
69352
23811
34453
8771
7393
88750
94981
44433
32972
24415
44252
68691
58981
83198
70736
41266
59431
97927
87073
72218
59307
10575
1479
36194
41096
5653
85418
697
43289
52385
6417
39695
69532
57212
83090
34429
30262
47627
4199
68754
79380
47017
58498
32059
71596
40959
33367
35277
13826
44451
41880
96018
77126
93067
86174
65774
1563
12140
10755
44589
40691
93427
30604
56428
3445
99647
84771
70688
29665
95738
52388
27686
66282
60178
91117
25256
20226
49880
33848
75273
35859
88115
14181
93389
18953
18306
93840
11880
43982
60973
45506
40962
56941
65478
73636
84739
7576
9474
44910
56385
37125
22318
42941
90883
90707
43439
72643
27696
87947
82426
83576
88025
14753
67917
56238
75040
54457
63656
70114
64196
90054
80107
51342
97066
98733
66126
67868
62857
43849
38711
18837
43506
71848
69147
97144
69146
66931
87348
56454
10214
34410
69915
49753
81010
42382
10979
37781
89342
7352
19634
18967
30261
67174
16860
98026
58299
86934
47325
66424
23794
31979
21907
62205
65545
56749
33846
312
41250
79309
45301
40795
92318
59589
69006
43073
59208
77374
57098
61087
61691
97579
42227
48019
37680
38099
46770
20665
52456
89676
5097
15069
36242
31715
48234
35498
28921
54936
64850
16321
23277
24229
44006
31301
63309
72479
86472
76531
32782
31894
57558
45104
80683
89303
24415
71386
33417
57936
15779
94048
1476
78483
32998
15181
38076
53268
74992
79328
34710
31981
35812
95991
9744
30177
59
26122
29221
57532
4060
51668
2745
57529
49787
58187
67266
88446
10475
40817
7539
9090
73889
11171
44390
5871
30247
3310
86052
19522
79065
63970
72500
24176
44383
2911
39007
66914
29736
43436
58236
44160
28927
32294
35613
53868
38989
36245
3284
47941
45834
19899
95811
50957
3777
62501
17055
5988
18912
54532
47168
23731
62361
38613
11848
65284
72184
16764
63149
63598
44768
86032
17317
77743
74980
63887
16045
57939
44927
67730
28534
55217
86065
84668
43212
31220
44663
54028
39332
82134
84934
69681
57154
2504
62499
74973
82212
37519
56578
54098
94991
87081
75929
15578
74612
6286
4383
96819
55774
72689
33671
11206
48154
60100
94259
99992
11715
75419
78423
75098
26346
68265
81036
70043
73471
6184
53965
92382
83198
79124
36209
50246
23096
92662
68133
31245
25789
70463
85509
87956
13219
61866
47191
83541
90294
52260
44709
91540
47100
41895
88949
5044
41764
59138
47814
6726
73418
2740
32489
28187
17865
97943
26586
24091
5790
67738
99577
58031
55316
92967
23625
71512
20338
83939
7237
44194
57757
44467
64026
75283
8267
67580
7653
2302
89637
67267
489
97620
50520
26227
11917
55034
56345
63612
85776
73173
49522
18969
41578
39426
34254
3946
60864
28386
1916
88640
95043
1074
46275
74583
15046
31641
57475
50237
10202
66907
17443
13937
33833
95403
37789
93351
18763
43453
69698
34664
44743
98809
31659
13973
60682
54251
22173
16684
65277
71927
3992
90916
21670
96137
7708
11475
34526
88107
9305
68719
84938
69137
6738
45136
7224
79342
80204
48244
46424
73225
81497
96957
93204
28841
76795
68437
23118
7021
89239
35601
54581
83129
31064
20084
28898
96203
79869
12362
77141
15692
42432
56021
19816
33282
40420
99780
33420
98273
17722
8063
29096
71809
87760
91744
62827
39595
75607
38683
61642
93422
7823
38398
78170
62254
72305
48275
60620
96220
10328
69634
98816
62784
4717
79539
57255
87570
24910
4754
29209
37385
64667
4075
22511
85195
43677
341
51487
71683
22642
43307
95666
86480
98873
50261
62755
78938
9526
12325
81142
11391
46851
90846
97298
21068
11924
88591
73180
3815
74469
2108
4370
17929
3426
88989
18849
8521
53267
36672
42980
81491
67713
53802
28249
65144
62281
45051
87329
40607
92125
27536
14932
30809
89105
68193
73823
47090
57993
85482
20187
86852
13948
21319
61579
4389
5348
8953
23186
83712
42181
81957
51438
51937
98808
83420
80021
47210
31188
89493
70826
92099
79319
98646
84220
10894
74294
48465
52028
32248
51647
33035
78553
51820
78279
34648
18265
95521
67829
88962
94934
56884
49802
39849
44850
87952
5899
12324
99961
33833
10284
45157
87218
48041
33019
53499
33441
15874
73126
43409
68892
91938
99146
116
55016
85828
81338
39313
6703
39202
9416
50237
99872
33576
22707
2894
60580
38533
78157
60038
15000
70971
17927
66289
27884
92917
92443
43108
51542
25112
1462
20453
39284
23250
44192
27273
91293
64751
79657
22776
45122
63851
50290
10189
29062
81186
58261
90393
49046
5410
80178
92296
70951
40642
16024
2587
40492
95660
70444
95220
64785
60437
29720
37617
6999
32782
90451
48623
83883
68883
40105
40367
87045
50017
32519
94230
26458
92740
517
61103
25759
76397
47152
11659
44955
3715
43731
50665
51623
91921
42273
34288
11044
29373
87842
24184
91417
43673
12056
81001
31848
71954
37004
6844
8940
36774
25690
99357
19890
14227
4470
1106
69744
43466
55257
64309
53030
21570
556
24925
78480
64520
78063
42363
51909
66356
68007
87328
98639
45720
46722
38556
79527
12657
65800
83937
92460
17344
41504
16742
40608
20690
50748
82760
12095
83867
14786
46954
25373
94690
40823
60765
26235
91574
98570
64378
62502
13758
10331
50028
30124
39181
62374
47308
3579
6836
57232
83716
28632
69522
95373
93524
80793
17511
12299
691
70912
22214
87550
31789
27700
82024
11881
39083
58109
9150
40038
39889
64764
13470
97010
98592
23109
87070
22744
66908
62266
22047
38872
82407
16645
75329
98996
84428
6929
75988
71511
64408
78246
4654
74178
55107
84927
37273
38260
90285
67433
41604
13398
97443
34683
21945
33216
57696
4877
46671
6347
65200
3510
61974
64468
51920
66342
24527
14410
40689
11132
12350
42164
45948
18853
25080
47714
9487
16306
91350
18766
5126
55156
64684
34222
22580
36631
19443
52794
62448
27864
40354
93620
81741
53444
98748
8889
32642
31791
43842
86178
27176
83758
31881
85207
22498
75409
26950
35089
83286
40193
68134
14794
74105
43921
32539
16196
57642
33540
10032
43410
7028
36859
58461
27559
42231
81977
93110
43449
27712
44789
6270
24369
54805
7611
67417
85971
4877
40256
73502
14084
3708
39327
15563
89948
82764
79349
8564
2634
6022
71349
66739
47454
21168
49737
48643
34967
82033
96007
840
64266
34800
32267
84325
27307
28571
26262
82961
90619
28291
29827
11812
43695
39748
81282
17195
88056
39298
35187
74619
26932
4718
59424
12738
96849
61577
68407
22808
26873
53312
76963
97845
66399
50293
934
17981
73348
92638
95605
88022
49317
45286
83856
54298
37029
48978
62940
70056
78835
19710
74847
76788
43768
64838
88760
53343
74559
58241
7064
17825
92257
88423
15169
5987
20076
63827
51097
41001
87023
72803
13290
35308
56997
64636
83610
37734
91515
45835
95683
12134
60191
14470
11150
67748
74760
14993
97104
42159
62844
30397
14177
19105
50818
32459
1108
61460
43653
37806
79736
72909
55969
68845
64107
43607
845
92424
3958
34283
23269
64690
65545
94155
77234
10941
28115
51086
73944
14548
6461
96149
14429
6433
46372
76316
37425
99343
66354
76365
62302
13737
94520
36654
5869
9665
8650
54970
68914
19054
70007
19917
93366
46316
46659
39353
48863
6247
80835
5878
5822
98674
72916
63095
94068
95217
85112
14679
41826
46136
65038
12017
77900
18026
64237
74607
58888
91011
6172
33435
32745
8465
45681
31345
91107
82653
60741
78357
9178
77928
42929
15105
28748
47984
76135
21623
63159
63250
58094
52853
47336
70889
19451
47334
28417
61876
67593
90260
2950
59638
95190
16284
60293
49623
77817
96666
87167
5096
20675
23011
58359
81252
97489
70546
58198
4433
53899
17274
47321
10406
16029
32762
26680
10471
40783
57070
38387
42539
9250
20962
91675
81951
28394
4961
986
26563
37603
3596
14816
94610
54737
64359
10123
4319
73720
50701
66194
26266
9012
61955
32558
89874
16022
76138
51269
82069
64924
52430
9813
69491
17868
70940
71514
38945
45197
8528
84732
68953
35777
90476
86424
71838
63971
93220
34184
19005
65433
93430
11538
78543
14070
22264
77098
55611
45871
34762
8581
6424
77879
29642
6043
59248
45978
59014
41432
91169
33170
45003
25759
53917
51529
27677
70747
88913
60204
46816
77060
87810
91465
86898
24458
6099
52133
3899
35457
19395
51195
63645
266
72852
90836
84678
23257
38758
928
73764
23432
20930
29007
77016
58647
2835
67855
36259
72798
37742
55458
57853
43282
84786
70651
42660
87471
45866
73492
39409
81832
59312
89007
77223
13768
87884
55784
34053
40452
35673
59411
63515
12799
91688
20951
39929
93657
82239
4262
80674
39893
7161
30104
82495
91430
35889
75203
36112
19701
88921
55641
8510
94770
30276
49534
26604
74676
16644
96197
32588
22446
89773
33190
15534
24721
70233
78173
86034
6136
48741
37698
33311
6772
93048
36065
28908
21396
42595
29462
94491
24720
94468
75559
78086
90226
95173
90013
23345
74466
89601
27327
33727
34093
55047
16525
51809
55217
82391
28791
74057
28872
98057
91896
43900
63118
88109
46066
66566
43760
59532
37991
35880
60083
40974
58161
54636
3326
94517
83903
69817
77094
67463
9804
14114
60340
22921
66557
34168
51028
13286
34007
87296
92989
58063
27515
49952
78392
40988
5216
85202
58639
51600
26347
24955
3091
78299
98700
41941
14729
31066
34904
37992
17331
91577
11071
71544
51959
16024
1866
51384
46638
93963
25363
49916
90027
51355
33408
24748
67301
15178
43101
99924
47459
25236
58357
43256
85412
66032
28621
47653
58408
13078
53565
20227
14430
90587
12715
38119
9834
39576
32102
95492
28498
96073
54461
22817
31622
38321
89754
99078
59754
97114
41054
7856
41506
53626
88089
92548
44057
29169
8198
40384
28749
47119
33281
75629
22810
21651
11174
83121
29505
52365
38503
58465
95317
65765
74986
93875
15907
25941
79485
69585
13339
87729
7095
7305
72575
43367
99020
83778
73927
18241
9804
72074
47054
69384
74424
84906
18204
18850
31618
65691
67921
79004
38305
16209
49323
47394
2606
35189
55028
42635
20638
84625
46636
61427
24284
1157
12974
46016
30721
4406
94817
35845
62547
23814
80189
28452
53143
799
37176
59822
84277
58984
70445
58119
30855
47386
98055
28197
39869
18220
78575
97079
81584
62027
64112
92163
57696
62790
34115
76487
78285
73221
5532
16672
69295
93049
53232
90217
76658
56046
50209
6875
52177
42366
67240
80883
93037
10623
38078
43858
11691
30524
63527
64702
68136
53538
36444
26821
65625
69873
70803
76353
8195
6226
17868
10423
37907
24359
26842
59642
12156
99645
90061
48077
33899
14143
984
69
11112
69125
67460
52204
69611
1321
23760
29218
42585
8474
56067
80414
71290
17033
34928
2227
48823
39201
44997
81741
66613
65268
37808
75643
55017
25232
46381
12838
5175
37744
22064
80383
58091
91918
58156
49560
84627
61367
58783
68200
63671
65815
78970
58450
4182
30996
87696
24447
82910
24854
18778
29383
76296
47395
89860
6447
86989
60457
99256
38413
2793
44917
45925
66503
23883
53440
97419
8057
28917
42473
63910
24501
93079
12798
27253
68420
71106
46356
61254
48971
94540
19350
96063
26185
80575
10873
52939
67132
55453
48494
17120
45476
5333
35889
81673
61567
11099
75167
68981
55603
97095
98756
97787
90891
22860
88306
45223
43992
76723
174
18726
87929
85395
14500
42986
7190
86447
19514
65562
70341
95469
25122
62778
60847
58223
22089
88242
5133
30799
65581
17725
23980
28923
32940
60400
95023
85739
3703
47077
5492
75675
72741
67428
82319
81993
73796
59181
15058
67309
86538
29284
52014
1840
51466
80153
69427
93738
31234
18163
96179
29308
36784
25208
59717
8038
7909
50459
66790
51751
90226
52707
33081
41519
45279
10484
57007
24770
93979
45405
9986
48299
23757
88029
77467
82330
46088
38194
78675
28028
38622
21599
97335
69685
1195
83130
1220
78493
85330
42063
20466
44244
32998
16980
12718
81699
71102
31499
80703
17329
41515
94733
425
29438
3206
50457
57072
24416
3554
37273
61364
36727
95393
21645
69691
40495
77603
43062
429
53650
11161
13697
86553
89383
95127
27021
76564
22155
63719
19515
40001
6602
81914
12690
58444
90266
22106
13548
42289
43189
12348
76513
47354
74897
46513
51758
70597
35581
32027
84257
65444
24666
64700
94627
43933
1363
63017
94850
96050
52443
47454
28922
155
39522
12876
6240
88591
15923
16749
80171
13058
77389
95736
49023
6216
42844
82192
62583
63800
13971
22263
88526
92971
81449
38175
61739
79716
4909
50945
1670
58698
40486
61479
45051
81808
52492
26755
23722
30453
35549
47011
59625
98375
50237
80924
77927
80771
76141
44451
39965
63639
96198
28187
98611
7273
13074
25160
39307
6000
55112
39426
86574
26528
9730
88005
48242
57155
84540
42277
43525
98371
65772
75071
13113
53636
60152
9387
35020
29710
52600
50766
61522
22408
6153
40459
71041
88928
71627
47065
65561
49607
81976
74736
54190
12825
51330
4957
21971
13018
92455
51093
64645
54844
2995
18535
98545
52925
52627
44681
81987
1005
5201
72852
29836
82574
49361
45676
92367
91860
51975
15511
62184
66028
97714
85872
10393
26008
47801
11859
6611
49688
87713
13464
45981
55685
84296
32349
43908
56310
42113
84955
92352
34534
82796
47003
27838
59597
24209
6401
89871
70314
45657
51014
36012
62818
59561
46308
15076
93506
49948
60075
80900
10209
9980
54321
80226
8737
97117
26757
19975
43028
27638
72932
65174
77242
53245
94277
32572
5961
63933
37647
76726
6662
65431
74026
85562
76143
15474
85907
32163
91099
32544
61929
89052
67449
6063
59396
52968
75413
59464
19717
74284
50489
93031
47080
68538
9296
21624
84823
20347
2021
64394
27288
35031
34699
43923
13927
70564
60534
5344
29374
62089
50374
66807
33104
46510
21475
92587
67957
30722
260
65243
21567
82696
48362
86408
53772
91136
19241
3440
46644
95661
99143
93548
36578
88008
80125
15522
94144
39168
11675
8616
86763
20587
4359
24470
99461
56750
71077
95206
20329
88901
48755
81867
37817
93040
49291
98731
67923
7291
55564
49403
2146
44232
36818
17525
60945
59130
47457
10744
84282
34496
22529
65661
72413
52765
60323
14993
86188
74032
48418
51412
81891
1413
58661
80300
89717
20919
72929
87046
25569
99136
25371
8843
81827
11678
46666
77595
89127
18532
54939
30057
26489
22394
70606
31091
88504
40658
14526
3420
4072
44489
42302
40807
72807
33717
32319
68306
83767
55857
64846
557
64922
45058
38650
59157
67644
53477
63123
14546
53418
52824
1422
64777
32608
67714
3973
31647
71648
29727
41307
77739
87295
23979
17277
13589
41529
1290
58852
39793
84549
85010
48631
31251
12067
45174
16014
43086
93393
63409
71953
13133
96477
53003
81247
82956
19093
50026
94890
21428
89626
50711
56831
31473
59155
10764
23235
93650
60382
13304
10009
90877
18241
25327
83809
69260
56895
31312
40122
51880
11238
5972
14504
8416
96548
93072
61905
91270
29050
75047
6657
29126
48329
93136
26349
46724
49321
3999
17204
83665
48569
98066
35106
55818
95824
75162
58830
66413
44754
48612
23427
36440
80670
58115
46140
46752
74660
10396
97129
14730
44884
74542
11726
49770
34385
21340
93290
5014
75493
26104
24692
75622
82670
30029
9474
75083
68854
25289
73540
18985
87264
85157
83117
47986
39966
7763
52305
59616
76576
9475
66282
19694
37127
73010
73973
44820
17047
96879
21049
35069
89163
87307
29576
45094
18210
40445
253
97750
53975
22063
34693
60532
90734
93352
17915
51978
34666
12598
49580
55604
20380
52984
49177
20101
51030
6374
63994
72310
51166
6974
22015
90283
4030
15948
89074
89317
600
94997
20280
19805
71766
4448
81207
90275
3743
6496
59377
58996
43014
60930
13551
94449
4349
23408
29081
76066
65831
40160
5857
23462
41322
48381
82943
41109
74051
96368
75383
45237
52564
53194
81079
71253
7160
62384
85980
27914
82327
65347
88565
28867
43957
96586
22495
13803
94917
4639
96559
10298
42716
92500
42414
89336
7040
72032
10270
84560
34014
56201
58747
67724
16346
65807
84893
55475
65953
85363
18266
87644
74331
23522
63688
73517
98461
96835
46112
99668
56698
39832
32446
35105
74394
87444
77349
35839
58210
61082
22719
84974
7987
61261
35426
5982
74287
33945
97583
4681
69237
46813
4628
78605
86766
77364
11248
16708
38784
10559
17366
47970
99072
68976
6123
77099
59844
47701
74154
39599
87958
6208
96551
79076
96645
25231
62513
40125
89590
6172
27856
38572
43928
49763
13965
6289
57876
62059
79089
52510
71075
67699
47494
2473
48473
79195
22106
47084
80672
50380
11713
34077
26656
63365
58106
48773
50713
63427
39530
66912
92755
55500
40197
86256
36749
53592
73835
53213
61266
50204
3886
95245
55113
1780
7762
63708
33483
53004
81934
60472
35344
73100
47759
32892
62434
25150
63579
90951
21395
41245
60402
90904
39147
45372
3057
66089
71481
31248
10833
9605
96490
20410
36780
26278
44536
88981
90879
27087
81146
76472
57899
15459
24089
35817
73526
45153
75682
76511
73262
4061
13271
84914
63150
70459
43040
55393
72633
74058
29664
23903
93346
30523
13602
28346
87214
99581
4210
69482
17138
24727
95272
96275
85846
7265
77215
47479
41691
20831
85315
76635
65848
20762
48777
21524
53728
67261
84697
97934
13792
81033
78342
42425
76356
97718
42398
78640
24921
62374
91868
19943
7629
14695
74907
3952
84275
65542
15845
70410
1858
51658
45514
47207
47197
93844
2444
77593
56526
81489
12151
96376
36459
42329
66542
33586
32250
87783
17248
52048
30929
81717
94874
71776
51254
53844
33014
69060
92517
46085
56081
85751
92976
71255
37881
99415
95392
59005
28485
45268
39002
45259
26720
83155
71037
77773
37981
91199
54760
45060
10414
80653
57656
71710
18671
66090
87855
87249
57213
81283
20752
13012
61925
7440
94247
92537
61239
1919
38630
1867
7192
3289
99465
79680
3479
46866
42939
571
96151
68466
45138
64609
44587
82107
72629
26645
61185
70775
36094
88530
17909
76032
49914
20517
27174
4811
65676
95301
55205
38514
210
34544
72105
5596
43456
81251
9920
15531
86153
82069
16448
33377
6044
8848
95676
70832
60330
85582
57138
17917
86501
29356
4000
3600
76132
74413
36887
33467
63460
18382
81160
37572
90825
60097
35867
44817
6914
37288
88511
1487
37674
98032
98108
90719
99434
17928
58467
13790
56731
23004
59271
34159
8458
72786
55045
12615
59797
73120
8766
93012
61361
65512
42661
62251
73614
30194
62260
79629
18898
1508
77689
69877
5570
30944
75758
65376
64992
41178
51590
16058
43853
69013
34755
95169
83983
90137
70053
27992
13486
12082
97757
64138
65177
35880
12287
50457
5446
57943
42582
38882
58262
69707
76625
85103
34262
82745
56315
86841
84322
42172
70889
10711
9700
88299
4172
3879
44762
70868
81926
10488
30998
85879
29625
15954
31294
33793
61467
52066
67316
22052
45254
22310
20944
11823
13835
95346
94378
45487
99143
33116
22036
57570
14798
51466
17283
23251
42852
60118
32206
90583
72043
27098
71598
84579
66934
96446
12934
86696
507
17788
40157
9804
40839
77996
44742
5990
61452
64241
35233
66070
52374
8543
28954
66047
90843
7751
22670
79489
8432
21312
28046
68279
86968
3060
34429
40618
16567
60484
59540
24048
36069
95961
53412
4197
98399
11016
10107
12612
69687
71425
45535
52546
68971
50197
24088
7239
75891
44289
36715
40938
30772
19995
91616
69127
26130
66455
90021
17088
38850
44471
62091
50094
38845
3021
58894
89762
55376
50606
71379
81244
97904
78486
76713
39910
44363
99025
20498
81839
10362
88653
1211
43680
93491
6970
51303
43676
49851
94554
98186
83032
32793
65963
16977
42900
14213
50958
79295
86198
48127
48499
56497
50338
63996
14723
74467
97464
82874
50506
29932
81578
29845
97791
92388
15831
48947
49393
35399
79881
7418
99919
54097
77320
70113
82516
84840
14585
13923
79246
18458
4470
59376
86729
49979
79787
6717
59133
56592
48490
3964
71921
62282
364
59591
14410
55178
5125
2806
41940
8067
93443
1840
1899
2494
43170
39966
77382
37174
63214
50746
12961
56995
75991
79142
32966
64500
90794
2810
9496
82677
93138
59029
11739
36529
60842
35732
22339
15760
41693
1249
67223
77409
78140
11139
5185
45492
20444
77043
6326
63294
87785
6990
58077
29791
22507
838
88957
57376
54900
60596
84167
19125
98338
71656
30333
19203
54807
51009
57149
41243
55859
38712
56719
23108
96363
7958
14695
2167
39400
80261
67510
79524
60286
9508
88340
56146
84615
78005
84610
37539
45052
70256
39903
79701
72687
41274
51721
92581
80808
29105
32110
59375
29242
15422
17294
18192
62337
88525
88334
96332
6811
18584
1692
53483
93536
65855
38522
84511
38143
50804
1673
35649
13814
95987
24276
77753
55533
99183
5845
99451
30192
92680
88584
94574
