86784
46493
36582
76396
7811
83782
53554
29984
70649
46920
72459
17646
17440
41462
43130
2206
28090
75330
31531
50872
57197
6190
44597
54477
53434
4099
60193
67288
29943
58811
39833
60345
49067
96632
75918
78209
64550
87704
92677
22893
73915
75424
75392
14569
30426
2613
20901
27509
32846
31849
28077
9093
61936
90547
46827
61282
87462
65239
34966
91822
62268
81093
60149
43332
7549
95198
68487
73566
33934
79728
23692
23697
65991
78114
7219
37907
95535
52395
1184
68061
91059
45534
86041
55115
54722
31583
25134
51840
9288
19449
1027
27494
98949
18184
48188
35283
64778
529
86084
51879
37487
60626
87705
96626
75955
29460
7383
89746
35537
4477
10815
10586
40924
62018
64356
14575
65687
18713
67539
21868
61332
4044
43644
96165
92294
43082
11073
93544
36804
47127
61946
63743
75549
26052
60930
15762
58387
47065
60161
4714
74166
42959
98903
75121
60542
54266
3554
5140
79139
62596
75148
6794
99708
4117
9013
90606
81811
55757
50072
46088
10690
12980
59644
12875
41100
26824
20505
62263
15002
42102
3365
83902
25136
15717
61947
94020
86988
6795
13094
64831
9402
92035
47343
77054
42167
21238
63745
33286
70368
50966
82709
24376
94869
25322
41663
38030
51248
59907
91732
29284
64412
59982
50487
52339
63540
57410
43998
36024
7962
92889
4133
22996
36304
21659
62671
89996
6134
3317
73301
35281
800
84745
27181
95834
67731
59231
5271
43085
29405
11769
58150
29277
38318
51205
35402
32780
52247
71403
76950
48018
77277
66502
83763
74006
74841
93840
33760
98713
9519
77429
24836
54994
11273
3433
79570
83059
53648
92886
52664
82507
74311
1614
20324
19685
675
81503
90642
12238
70795
74052
44919
54420
94120
28920
31171
28201
53544
71269
41591
3015
28918
70843
19939
73358
60270
42460
55258
97096
11679
55667
59221
96877
74081
58757
33824
16546
3984
6753
64581
8477
46469
81553
41587
76163
98607
46578
18922
98259
10675
54719
92838
6395
71517
7977
42598
70728
79394
34820
8664
10267
2676
98331
47107
85558
61825
99876
44976
44727
37736
68941
52053
27355
6104
11989
80575
25540
32999
58104
77788
11861
33708
69699
40227
31482
20763
26373
98944
132
63098
23910
27872
57554
3652
57905
84021
45771
98041
42285
24038
88648
13983
40554
34967
71087
46426
91574
53488
84153
6628
48879
97900
61685
31113
9106
58656
74182
61121
66707
15878
49639
18922
86054
80550
28463
82306
75481
76608
99760
78238
47908
94264
1657
75882
91897
67166
71931
57822
12566
71801
25928
88121
65754
33199
98039
14716
63027
18931
18213
27557
36533
42284
31893
20071
88199
65566
3800
53410
77912
19832
39304
65445
54223
11225
12110
65372
21312
69279
91267
19479
62682
21838
88628
19578
15645
95033
5982
16250
71817
17263
70073
17755
75121
45605
11825
54979
93678
97661
50224
58873
45105
71824
56439
68064
3184
1533
71755
57226
24674
69710
27756
58651
20645
74659
90432
76283
4284
99997
28879
79895
64439
489
72647
29045
48618
25478
98016
42738
83008
83349
92410
51675
6632
90365
75170
57092
40781
70072
35412
57895
47907
19134
60058
54236
41469
70668
45970
13777
9788
72336
90893
87111
38338
65299
70068
74442
7941
6371
70342
47402
37214
46236
75708
32410
74881
23763
53037
43141
96327
66623
99309
66952
7719
71268
94864
35311
73284
95613
92813
42224
94496
581
509
10302
39022
69539
36739
5131
78884
32816
87621
58142
9167
8965
24632
24300
23873
97957
1915
33078
48741
4645
3418
54271
64531
18900
2322
22089
82143
47659
68372
24619
35276
97810
34755
31472
68606
68459
57623
32206
16845
7167
15204
33698
19061
26468
91860
2693
55563
7080
9489
22573
9034
4861
59743
36291
47274
45249
40422
81948
57426
10312
13613
51350
28581
85320
55393
71473
90296
93857
87158
85671
39043
13607
16197
63625
5206
73966
33875
8312
60867
36720
79954
70141
36953
25597
44608
62341
12145
30592
79341
9661
57921
52906
10811
69414
26541
45342
40414
86132
29118
27352
44962
89033
76075
21146
13580
59241
68148
37205
62649
20665
68173
3216
62818
27225
73847
50616
82305
3835
36874
43397
53133
4448
56751
67748
13538
40814
31467
29862
11004
38383
54133
32900
73825
56712
15432
20045
30430
97844
68211
41103
91274
78717
86574
78493
27975
13303
78856
80067
94630
86233
50843
3075
25834
56760
25089
4010
96229
88322
41504
54837
93951
4564
53120
14266
65302
21497
13406
37236
51967
76511
65433
46030
2793
78071
3881
79979
83586
63369
77551
97168
58132
58450
31528
5231
17607
15547
16603
85457
26794
86775
36466
52414
43052
24024
59813
908
82181
3055
2737
54338
16658
70110
31144
35336
16764
50012
12066
62413
72954
55044
84978
36117
9005
17626
87731
58781
45321
79708
74337
92203
60692
41728
61988
41239
16071
81008
88070
93424
34097
71902
30278
908
45499
84422
36549
66736
75238
17055
71134
42040
28656
8061
86419
60324
22998
58758
76450
16384
8692
88270
67254
79150
58055
13650
23034
20177
6931
64430
33064
66329
46240
89019
26880
68518
31167
42409
9172
65882
95659
63060
84064
55392
56619
47014
12695
56339
61204
12393
22872
47565
88970
34759
54879
38317
53095
78528
93976
12835
35349
27239
66831
34171
34037
6329
74595
3843
20066
36667
35481
3931
8591
28912
8300
17752
46637
67316
56834
25525
72617
70711
90361
25271
42258
62041
79713
32443
33976
86846
17891
22911
77232
21775
15295
40394
69044
10125
36916
16920
83175
96786
49623
97157
13302
75590
14790
32565
59994
51835
97847
54942
46234
89093
86282
87828
74542
66905
34909
56143
38494
89793
7966
87514
81448
3898
29659
91290
1761
76298
53621
52057
98035
88289
80915
39630
34532
54571
98035
67819
92599
70606
69659
85987
36268
57831
19694
28789
60418
34171
63514
68314
43869
96541
38126
55783
96547
76635
6568
51071
93888
32037
67852
46873
72361
44732
56625
61705
46173
60082
17334
30541
51688
98531
20786
80470
87841
98383
9353
47729
25299
13236
98362
84817
23289
18884
17525
36539
194
55432
18986
58126
87381
84049
81309
13741
5838
96790
79861
68746
14373
92463
89044
30288
89808
52621
66336
66221
52159
29779
12768
61626
56837
58741
98947
9705
47510
59532
21561
85706
5868
72916
12197
24410
17540
65826
25322
45832
99205
36388
13699
23909
89312
1495
77327
2376
3315
8863
14409
82011
67560
45095
85429
60837
96187
11797
14487
43061
84024
24233
92285
44519
37666
1490
77821
5078
32081
53325
47481
94623
83283
92283
5822
60206
34643
73533
35917
21992
18966
91471
39536
83764
31938
7134
32174
74726
5657
98151
42074
43752
8579
26606
42502
72231
33323
86519
76597
49368
85056
83333
57517
55654
9755
26221
33867
2042
54656
51446
30129
28997
14205
76335
6619
82796
6447
17708
84943
81872
70916
46783
11026
87032
16156
31279
45623
74878
48041
11800
86354
90900
53109
71071
43467
78577
65666
71375
64238
36155
75468
10933
28127
58066
90955
97684
80268
98167
94229
60838
89018
82776
43104
78288
15137
24217
76997
77153
32980
95839
19232
93863
53464
33692
44820
34254
79798
77907
96843
9589
58667
55559
74875
55182
56092
16004
17701
68946
33703
88233
1366
1311
4981
78769
48208
13680
67372
22749
22915
86135
89473
22591
68565
55737
298
44902
97793
30854
54866
26561
4091
41843
63429
38417
31633
16854
71691
60623
74126
59645
92114
14551
54616
20684
11587
84496
21881
32849
4343
59289
64186
68358
58563
2418
44779
98722
66990
61508
3424
68732
23043
46318
86678
95645
97250
81677
41651
43808
34160
63271
96746
33673
42863
1332
34078
30656
28137
44713
11518
40873
29574
5762
87663
82049
29245
39724
36519
37270
80262
34540
84821
32739
94414
11887
3871
41991
3620
2351
53603
75809
43632
71039
78047
43594
12867
41716
66412
3759
5066
68303
1892
65738
57500
39499
67236
20700
14131
6079
47949
11753
5623
56433
69701
47215
49141
90264
122
18436
69103
46380
2278
54028
95310
87212
50254
55508
47410
5259
63813
14126
97546
82968
8046
63913
45310
44456
88223
73132
11401
95394
38720
68111
73797
73095
82
5013
71167
57212
19372
59850
6057
63254
46881
72469
82766
84097
55326
11707
21536
19277
70703
15696
62029
90773
11873
55450
90928
1933
35042
76260
90564
10055
28613
48091
25107
48290
53313
70281
57517
16337
62873
18923
84980
4579
23414
13137
50676
32211
32273
5650
3824
4238
78189
94026
64728
44381
11232
87057
4374
25198
94706
8056
43847
24899
52063
28131
15527
12727
81655
93054
14245
62568
36132
10717
45750
72038
52971
21236
16805
83862
8939
47567
34504
17603
60707
55535
31277
24130
65584
41058
61620
14432
36180
7805
63286
65802
89938
1529
67715
61688
83318
81256
77034
13656
57618
14258
29553
72947
94914
98704
54116
83774
43825
7780
25130
15230
62197
10483
75635
35800
88757
33953
64525
41109
74730
18311
67094
49743
87683
13042
36556
43035
39235
4635
34784
53363
89286
81823
69577
43454
23265
3195
13205
3294
37766
67014
70714
74069
89991
89611
2859
92885
16210
1121
32326
99875
46746
20809
33482
37607
83414
291
88870
6323
81283
86924
12460
9965
77925
37976
18756
91899
68106
99977
53917
70826
30255
11722
83422
81467
39996
89098
42075
17643
92395
56
17443
59037
359
44663
83766
84934
71438
87582
24660
93236
79064
28047
56913
62812
20210
35345
5444
29951
76419
86573
15390
36536
83856
18146
89656
34820
64186
49189
67782
46799
12485
67032
69192
11255
12884
69765
7518
52575
59376
21144
36443
7378
21672
1975
29139
84178
20338
51102
24270
40252
86991
1147
48126
22586
65836
34243
97773
75141
2084
79375
53232
3188
548
77847
89112
71909
60551
83592
87943
49895
95295
40421
55391
72546
85301
82744
54230
23652
55016
76659
5862
46312
12177
89160
49889
54821
70727
15745
31073
98256
70910
97116
95805
72047
94923
58215
48664
79548
29506
67444
98228
88817
53856
72537
35556
55894
30437
95175
73983
98885
31033
24164
38096
71734
82799
19175
61737
29036
91047
58192
78584
83579
54317
49601
88914
79732
82622
2013
82188
58478
44523
20988
52841
1235
8823
62824
45038
95940
17594
11991
40849
92394
1128
99173
47983
16154
12460
91533
71676
27876
92461
1347
29365
82265
15187
98097
35090
89654
44706
37293
46008
50737
42757
95860
27915
52799
64583
81349
75104
95455
36282
24700
34672
54727
5146
55529
38856
55113
79723
61580
9246
54081
22655
31472
24606
55646
39733
34401
54658
18890
16091
16491
32672
61144
45076
87697
52925
52777
43220
61734
58143
84603
34280
28171
82400
48271
34898
79942
35359
89333
95122
39419
80433
65302
24641
19498
76885
93182
7543
45412
996
73892
54444
38059
84039
71735
39739
53574
71459
42054
45059
68797
18031
48972
78375
77079
37062
13783
9845
29838
32792
68884
84132
38796
46363
39736
118
40708
23583
78797
92925
38735
89630
21335
43642
26881
61394
1986
32832
2343
7873
80970
79223
80256
16756
15270
99069
27125
43365
77554
90951
97142
23446
81208
24165
33331
73119
12507
59043
50451
96511
51199
90315
5717
82964
27128
2536
27873
98053
3821
74566
61321
68444
78825
38741
13601
13329
79902
32141
9752
27970
79414
74539
10866
43647
83223
95641
63780
92641
42866
53835
86636
76635
32713
38278
25386
7080
34330
48411
25662
7108
87949
3281
50463
64759
39574
62017
52565
68012
13446
95131
77173
25439
28789
22437
214
79541
29988
5316
87220
2054
33906
36275
97441
48661
33853
34864
3939
5952
89107
63862
77454
57202
1332
32613
49246
73494
83781
478
33232
13543
9908
42442
31838
81698
94179
88475
58134
28189
45555
5450
89847
74065
32143
9726
14055
73426
26417
86158
60787
27711
40181
18366
88323
34261
1400
7302
52793
32894
5004
27313
31623
67911
77275
40896
7978
56687
89877
99502
87398
50106
94169
3471
61823
87558
83388
73233
93906
92853
59608
26053
60846
99273
69972
60567
16050
73135
81388
49336
88004
61169
49597
36029
90795
30479
72847
56608
72170
41000
61503
16420
45242
93458
22568
32887
68451
87497
99310
81072
79990
5540
26439
38391
29865
14787
31941
14308
87568
75205
61604
7327
53524
91478
81901
76326
4147
88837
45285
11374
90453
86195
68789
13249
1350
95239
20886
98342
65140
65023
96632
55806
47047
71137
7760
50345
50583
97968
35964
14569
24815
44954
95348
65407
85117
67182
56495
99922
1746
25355
90607
66734
18236
65427
85418
21736
32765
84926
58422
65568
61544
50507
14320
84095
60056
87249
1160
60864
54509
78260
58157
59723
49508
79796
58993
84284
12177
82623
75832
74498
92860
97990
96675
46724
69333
49644
94227
63198
12021
81467
32348
25481
25715
90321
3400
37080
72415
78776
58308
56702
98302
69812
31435
56526
33795
44277
40365
71002
56006
18764
38588
60445
13412
73625
1619
19124
9683
63171
34052
40230
64896
12865
93180
86821
41191
74934
62068
2445
21966
8826
58103
96233
33887
69938
74987
48725
9696
99426
42110
15453
68272
26233
55150
2884
11392
53898
91701
15394
48427
38491
56400
86725
6932
41686
52362
41048
2235
63293
59785
75649
11995
20314
71925
68259
46819
58516
8256
52868
91727
126
5367
2761
96770
34058
23012
4734
55426
98843
78524
78290
848
48536
53900
10462
65923
82332
30139
41318
11040
9482
4763
79192
91960
97245
64690
29298
72030
47678
67360
45024
9251
11151
91820
59715
40432
56740
83759
15053
93887
44913
99324
46280
66903
91006
47627
57526
48578
7896
3777
37363
98636
38497
36926
91991
8730
23975
88002
52344
10533
52562
73308
89293
86610
76759
40785
95309
13391
27018
56326
96533
10124
91888
98506
47400
30675
31954
42434
40369
76805
28654
77842
87972
13171
53223
62373
23138
37430
47804
74522
55995
58091
26838
22795
98990
78254
43547
50074
75340
16530
61568
55611
79355
40795
43900
12120
17334
10008
35991
95877
85810
53696
14849
24001
65851
99176
27007
62373
12124
51966
55904
60908
57630
67557
53869
57823
74216
73677
84031
97308
54628
85390
99563
83586
72162
55745
55832
2780
6806
59771
19282
36903
95741
79015
70998
75586
89149
42335
74605
63985
57098
89639
73814
24558
92484
37638
2652
79917
37502
88161
59015
70538
63418
94614
76046
54833
28591
88402
86666
97513
64141
41647
9285
47198
11415
28974
72721
38857
61711
74412
79798
48735
51343
91908
25443
85395
24083
90050
37510
73992
13141
72383
78806
2839
464
87806
70061
49274
72806
9473
1588
41459
41725
14857
59990
10523
25028
54696
38742
28203
23635
76389
64893
39264
51568
2763
98283
86863
2318
34734
94447
44101
39184
60667
88753
70937
45708
31227
81933
13809
60458
49284
70362
21806
75755
58812
72008
22837
78535
24843
63529
52634
25038
74459
98662
60523
99696
77839
57554
91030
63833
43581
78555
42488
53940
1609
51740
26723
97872
45728
74608
54668
16896
14350
79874
91214
57179
2236
70048
72286
73284
70569
3341
89740
99429
99652
33589
93394
96596
34787
94491
73020
12760
28580
26191
75925
49732
96541
22299
76458
80705
24161
58620
98780
10795
21778
6446
77832
10514
31390
1600
45387
36064
43832
39271
12820
20026
60435
28719
51914
45664
30749
23563
91190
94702
75638
4557
90895
35749
2123
52274
63936
25092
30803
88277
80472
39631
24134
55171
60206
12914
41237
42062
86735
14207
10730
77339
5478
8531
9757
20055
89414
11862
64719
84902
11351
67425
2951
61596
50522
82618
24423
35268
46619
1563
51658
23485
77042
81394
21308
9957
81622
35585
47478
53774
52191
72388
21716
58285
27510
63314
6837
25617
24475
38045
72431
6352
86611
46548
40460
13277
73996
27016
95365
68182
43022
63276
59481
82682
36959
74485
62857
30456
94739
80161
55988
22562
31951
5908
53322
20768
72024
83453
62703
63457
99581
58487
48015
9101
76798
779
15608
61078
2327
58003
38776
86124
9548
6681
47924
26799
58835
85886
866
61599
76473
33655
96899
26192
65202
72018
10400
92506
86433
17846
56576
8108
90399
51464
23588
87392
56204
20266
45728
99690
61199
14334
566
76042
1164
73480
62159
89057
12065
50897
20697
75552
76956
69320
81496
65851
61149
50307
79754
221
70211
40995
90716
23509
13174
74581
42914
29934
42673
83541
36727
56797
44490
28909
23217
85747
81631
72156
33215
32018
24606
70322
71331
55197
87793
33366
40102
29544
44324
26794
99004
56590
36532
53863
65173
67073
37462
55490
58397
37403
51489
17712
19217
17427
538
16902
82526
77068
32058
59032
57848
83176
28766
15715
20755
79226
91562
93959
64546
69465
86138
70604
40362
18832
99719
80581
89122
90354
44147
47122
24041
59627
68721
4415
27427
35089
4499
12906
97585
70617
76306
51490
98477
85223
25076
35467
47423
67005
18045
92414
799
60340
15444
50700
91400
38761
12112
51875
64916
25326
35968
89258
77145
79809
47476
44422
46368
11130
31563
831
26911
40350
71993
86237
14194
21073
53237
41900
5818
37608
96157
56670
95249
86204
29798
63439
40041
84475
72035
55396
90497
32664
48049
52845
99619
73155
27390
6377
70973
38867
34484
9161
83098
95967
32837
95277
42652
71820
99380
46378
28088
30529
61662
51565
42093
79222
34787
49241
83586
88107
35893
5484
67228
4821
43644
5120
51674
72275
93379
63117
13357
21598
21986
49899
49974
98751
87657
39509
47614
65787
8518
57194
48844
77033
13428
5837
31527
17765
18656
36429
45736
97917
85016
10654
44314
47464
73395
57478
17841
94422
19255
95764
58532
20801
90539
4650
22057
67139
48697
10971
66444
60515
607
80175
66027
62119
39923
10532
84593
76525
22289
8783
99405
89140
7330
64288
1358
30165
38058
68740
41726
93743
72622
54595
68247
76320
24289
56265
77318
13839
4042
96482
25147
99494
42739
27358
12362
20766
94256
28725
7073
84946
93545
16612
13894
62837
74022
29269
16557
17344
279
31165
74963
18756
4637
2142
96794
40381
82968
333
21313
58215
17454
22510
51454
18186
39413
62971
89915
77617
41341
40164
58955
74169
18717
58704
60679
21733
27256
31361
74922
68462
30636
60918
80325
69687
29975
80362
56831
69150
54182
16697
31917
82798
52315
61443
39114
41138
82714
26665
51731
86373
784
50069
46722
46757
25761
29814
72484
64869
30188
46536
43897
34817
19101
71282
47144
71725
11792
10985
66364
42566
81084
8242
28256
52490
86628
71909
44818
12035
16789
57581
48454
94366
98364
65547
80282
83994
44520
51610
97457
44796
62615
62446
89007
41952
39008
52214
31952
33673
36892
34400
58309
92665
19857
46875
20108
10589
3068
14968
34442
49440
45883
46602
50952
92384
27701
34284
50824
45149
38727
85506
22978
74381
75147
19383
91487
1356
76422
28869
40369
73457
61295
34548
5805
60188
5271
70425
32454
51980
19162
38944
47463
66285
76800
7685
41709
71438
53231
87323
26143
35120
64177
32719
43627
65339
45630
88903
22302
9675
61094
97540
87039
59847
29661
65863
95656
92370
27811
86736
77794
91386
74255
21889
41501
33294
84791
24545
47625
83021
27135
58588
15955
16889
80443
96104
31487
32747
37475
1122
32607
93568
95506
4087
45869
57520
97819
35423
46443
3615
89961
63267
69012
92429
44048
66335
73278
89800
81173
69250
90639
20769
9207
41203
20089
55868
21465
47438
3444
29377
13070
42380
20726
72879
71039
34369
94673
912
81979
87134
96777
91816
53916
72950
65552
40807
40850
71806
10656
96606
38958
10638
47061
91150
88109
73380
13957
94587
86975
38248
88924
64256
18291
34281
97336
87709
47649
30822
33758
26123
7283
88297
18103
70383
1169
58254
58250
78285
10567
37602
79191
40020
69270
45575
92013
38263
87316
91923
67849
59292
11040
1623
41805
83757
32774
17693
25272
12972
53355
86443
98919
95140
1270
38341
30344
37690
54587
69743
38422
66339
48133
12527
5174
39566
23072
70993
19885
39426
54208
33540
3516
62274
31313
46626
93017
4205
78716
83533
77675
33091
14546
83156
15681
10816
88568
61685
94928
43981
90351
70012
3720
23180
44255
60426
98865
43345
9088
76881
80711
24049
70341
1883
15375
52466
55525
92747
58005
90657
97319
8507
85220
38755
6089
54756
62401
11587
10381
55484
25124
99466
32513
15898
1075
10573
97770
34293
77597
78016
20684
30986
76208
61417
26615
636
49144
63663
43154
98838
52181
1680
45405
4940
1687
34770
83206
48960
29337
18577
14378
88800
8343
27063
53765
71468
39117
43082
61208
20917
65549
33600
48118
833
75516
55405
85035
50571
59562
94653
2569
46568
32301
82173
45201
26500
60505
35379
82202
10251
62686
49870
34785
74883
45757
7255
5998
30103
68488
12519
70206
24910
51638
21139
63282
85690
70463
42691
7252
50637
60122
99552
17825
3876
23825
73131
88887
86120
13149
37962
1084
45482
44836
17981
10184
74763
1995
16655
11793
36542
825
4008
84113
74213
20299
14239
6166
33015
66893
30605
53349
61380
66363
48413
76460
73775
10677
16639
29027
46170
95000
571
36446
44864
39455
94499
42450
26779
6741
9634
81921
18022
95637
74416
50692
97692
93216
48999
47572
34047
33754
52944
10932
65109
354
61559
10591
59629
43692
79677
5514
90015
87517
48779
63765
85714
72802
27108
56915
91063
51950
11892
10131
80786
51246
24293
78251
40568
25706
54992
84384
52916
88250
85552
65525
79204
5090
65138
84301
46593
9580
40456
60286
82172
42465
51773
41268
56995
65411
54596
40159
16194
20842
2377
32315
66631
79993
99465
79034
21118
32284
30173
9200
16667
55104
94320
64794
31702
18191
20402
69163
99535
5991
40742
53973
38771
18806
78710
75441
50264
12565
57894
11723
8226
79805
96454
73644
42120
40330
98720
60293
37776
99595
28594
16278
42583
10946
93910
75032
55437
41054
57852
74861
97245
40627
53529
37602
8650
98003
6072
24573
24244
69867
27343
38857
5530
54908
95405
61979
95002
341
33168
48257
21300
42986
59347
79974
6284
53746
89828
47812
95406
65410
1459
71718
77452
18210
16710
44473
30147
95625
74473
47599
81084
18427
96803
85199
66702
83899
90021
98428
83424
90861
89787
10720
35436
54221
196
85845
14432
24678
60159
46193
34686
13584
30459
19275
5570
57161
12913
66030
12996
430
94573
43801
50835
67831
63174
38960
71842
5645
65103
41347
90463
10152
93830
63480
71710
7305
426
52471
87380
36784
9962
81107
15327
85211
65817
33936
86947
39420
33565
51669
97807
78934
2438
34032
42334
56980
21820
71264
49466
74118
37937
82083
47803
32633
11893
73500
45548
88145
71336
53120
42671
7013
45195
72702
63351
84951
76016
80905
19186
89967
72783
92547
22410
54612
49562
103
80289
58118
36456
57651
82202
77114
48622
15920
82967
1875
70188
49696
84636
18810
96771
64611
90354
78713
68356
7398
57768
89369
9412
21545
87988
42326
72779
94730
69559
19900
38540
85811
41471
64257
43183
98909
43782
12223
37194
90304
17463
62251
97134
59384
2257
67255
62110
14133
63748
29248
48378
18015
52760
11157
78617
52324
1164
99173
46261
1760
99484
41059
29888
19656
82781
43321
3445
86835
74562
230
3433
48261
6720
58486
44673
34233
44622
22716
90717
36906
60134
4558
55633
59614
62121
88061
53204
48240
86303
44336
86833
8440
83932
28540
59931
80953
80990
61218
94910
36615
8466
6725
18864
28979
29046
88326
54023
87413
26969
56574
29668
66389
543
67767
60492
42997
78625
32679
55384
16063
8369
35434
38146
42278
75995
98332
97120
26011
13414
87984
63853
78607
7642
68431
41570
34656
67324
8656
164
98242
74453
61456
10231
49803
99473
11215
60529
12986
24834
25191
33193
48293
83653
95081
109
16030
26716
694
25779
86626
86746
70966
1000
53214
59230
76793
81316
85310
7031
29320
60638
97331
17222
28647
41275
47135
71936
33481
87618
18944
86002
68848
16523
25304
30015
35551
46678
47893
92197
7166
33689
30529
4926
78506
27921
46920
34562
31702
184
23521
43338
22018
83191
99100
59471
21974
93779
6406
97617
92411
29220
11836
58068
17334
67011
49001
99012
14722
62465
56573
36537
79433
28980
45101
19765
23230
57836
64129
75883
21658
98116
58079
53594
37042
94101
16561
19030
53521
18276
38772
7880
43255
11323
82592
30571
85006
14548
39151
42423
39940
72690
38476
88796
47402
44522
62906
18724
57736
1567
42046
94555
90426
83020
55658
46186
36971
87097
96422
6334
6765
37040
701
29896
34578
11914
14433
48189
29003
51171
99580
44318
39642
77484
1525
66866
71029
18783
14267
79086
15290
9516
83121
15031
44585
60370
24246
58431
18083
85674
96208
57579
96125
1917
47060
84437
23873
70710
56372
41773
12353
29810
26917
71162
30072
79540
99340
86175
7583
49717
36133
12120
59401
29881
46896
44771
14876
72796
91768
47196
65069
6123
34529
58209
22998
26895
38446
44564
99990
45763
94316
38015
55301
85831
21918
20177
69874
97870
56645
68006
99132
92434
26220
20806
74633
21128
93998
91812
78566
8205
11044
12198
80892
24767
68911
85988
907
20904
1182
62441
90694
31733
77949
5911
87754
96134
12506
71271
38716
93150
42197
85485
49118
27993
35203
47546
17230
7741
56831
75580
80892
96265
10894
77440
78885
11339
26637
62648
28081
44430
47225
6103
64453
10576
94267
12664
37125
64817
95758
17087
72970
77287
2126
72695
64444
43279
20543
70043
76172
12254
76887
99824
86705
49525
88041
74511
35517
86675
46799
39585
12794
82692
22835
82595
95335
11063
80538
20168
17289
58990
38766
98526
94608
87406
89862
73352
75943
16598
91188
3499
24855
95949
36042
18789
80249
63956
79754
31191
5398
44666
60905
77667
95197
58990
6463
5648
9567
53551
51214
5386
36587
40320
51277
85671
40545
58519
38224
36260
87893
45172
44725
16398
99555
73967
89069
1981
29737
31434
95525
63803
46021
63942
17392
26498
54603
66513
49875
45955
60611
52636
62380
35778
74238
93899
864
96895
74515
93318
64576
48432
89562
31181
28119
21801
19459
91912
39186
88414
49108
42460
9357
23935
6622
20281
10102
81442
98811
22064
15648
78815
51302
86818
59335
57940
10390
72980
63386
12425
64792
16191
48970
98638
95784
91459
11021
63968
2669
91324
82127
8618
73646
35404
12983
32552
90293
52280
17969
40103
87934
21903
14525
81673
37339
44293
76179
19268
69864
73726
36112
27978
7974
24357
79938
82403
49590
7516
11597
45910
1747
87598
74999
28839
18316
85056
98870
86714
82109
78695
97716
36565
22026
35859
15228
92548
74071
19400
36772
70134
8839
54765
51542
33669
22383
70397
73277
15411
55733
53915
89640
88751
88074
36771
91902
77463
82658
90524
47551
66264
36044
5513
40595
58737
16050
54495
8849
71189
64751
85200
73102
19214
27815
27013
84704
18527
1992
94731
89293
6594
72507
28613
37493
44593
41287
31103
20697
48352
69218
47714
17702
16902
40469
11747
96610
92509
18507
7255
62066
53823
17493
47521
79621
16496
27517
66283
99521
83931
58213
54899
10472
43413
36348
30844
91078
12253
34684
67174
46522
82629
85027
92248
56895
65930
77035
14266
79125
99966
4840
99071
72081
25095
85470
44319
17694
22145
94845
65346
68526
46174
87610
21144
66657
98446
81195
8262
6032
88281
91134
10076
9175
76425
40246
8705
42141
79781
60036
91215
71553
40760
10718
89020
28642
71025
52286
61101
5067
21283
44346
41487
64346
35372
43835
37984
49580
66418
1340
15143
33831
713
55073
9988
98178
21810
42449
92066
65013
88830
67250
19081
96185
27536
41984
30832
79675
96320
80457
20592
73698
75579
91624
32564
61018
47016
21019
97357
64221
24421
96452
43617
34078
32816
84057
87811
87121
37187
91848
44670
93722
35734
85866
35626
86992
8168
59074
10178
18446
71768
25203
92236
28950
67917
31323
34103
70594
73526
72208
16131
33033
37036
60086
31386
50314
29587
54522
83869
40279
12639
88493
7129
61537
58356
80704
63640
24572
47461
50681
78387
39759
49758
25808
24997
93499
85757
65288
6651
91461
24923
55597
88712
36994
19241
30246
40565
56574
72213
38039
28501
42153
48524
22199
75703
1342
81753
81288
31637
5872
21196
36600
9993
5108
6102
44051
81759
34374
97584
17059
56869
59257
42075
70533
43998
44126
93282
21801
14903
65583
24603
10022
43025
30105
23469
74423
35389
39236
59212
22038
84293
77953
7743
23348
62375
40367
68227
2226
82557
78473
17096
80190
74423
73007
953
15662
30283
56592
54265
66226
8130
95121
78697
77977
26099
86396
55622
88419
65005
99688
87759
17662
59022
73825
8388
23552
40977
42452
87913
13503
49412
74746
27786
38448
57079
93054
60410
22362
51664
63500
95124
69686
39740
43191
53602
56678
57888
47783
27899
49455
56110
37022
41894
77204
35922
61382
18045
77168
15692
20409
80270
11887
23512
28491
78907
97802
58889
65144
99073
61278
48756
61350
74901
11144
40136
52182
97290
99359
69500
9101
37296
49645
5793
63993
14518
84107
19286
43459
88208
54713
44699
43568
25491
10999
4125
33266
41821
63266
95759
79825
79410
5902
83738
80178
30050
40573
21323
54786
5638
24889
83051
77122
44681
97460
54124
35630
92419
16825
25182
5579
42175
78670
96642
26029
22399
27849
76214
42210
19510
7404
52111
59903
35507
71134
67813
44645
59869
35431
20616
54191
62266
66376
80528
18394
14058
28181
13714
1233
71664
68144
2478
82132
80624
41380
65797
32677
35571
49914
6952
35088
51048
16379
83276
50484
88006
72418
42074
57169
75084
24541
71779
69680
93833
33984
79760
90057
66775
59046
78519
42454
93089
54118
59945
19282
92294
42990
85577
56108
26966
52734
83767
92046
36537
64163
33451
86149
97231
30926
53597
97772
67730
33744
96352
52985
82615
48245
20943
1124
12628
61691
71935
61296
13915
7245
8565
21719
36772
93184
84081
49686
83017
28105
53991
97682
73355
76856
49390
93413
45363
11894
15762
33385
95122
35447
75236
82624
41705
38523
9329
2013
26725
61031
25071
10803
86882
90074
58964
81689
30512
82031
54337
27734
26227
60911
38748
33582
78276
96240
76955
21257
73141
59949
31100
72796
87026
3587
5874
47223
65731
93734
21305
57386
1358
22526
63498
821
22681
94945
5131
91850
41421
63662
52126
92929
87638
195
32089
68472
88199
29660
53397
23301
45626
4073
82016
49305
79477
36010
70510
76019
76904
96457
97452
98174
65651
45749
20405
17512
78149
13206
59485
71232
19390
27314
22955
45290
31094
80763
74371
4131
97687
33746
80609
86284
72485
55772
2274
83605
75583
16863
12060
5511
46589
25658
31694
53133
60088
11743
60114
52544
76809
90573
90575
44206
84457
64846
89324
135
71096
86185
27230
17027
7834
69989
46946
6419
73691
44188
28934
72482
31091
99223
33633
75048
28549
24555
34851
30668
93281
91408
11655
74962
55177
86554
15910
81608
99953
40086
3621
91401
60672
96931
41038
24909
60979
74026
46364
15821
16096
46299
71535
59638
17879
7621
89312
96938
18661
89938
23215
27341
8338
20253
61752
16498
43307
67185
93636
78531
72474
21951
75771
14759
21905
81787
87478
30867
72293
31380
42355
38576
30007
52174
79971
97732
28558
93502
67773
68064
26304
73793
67061
86661
29584
85113
76103
81332
83665
21957
53005
76017
18600
55868
15569
88787
95535
88870
72028
25067
10742
68791
51212
13230
12996
43561
23940
90656
73468
48949
63389
6975
37627
75565
47834
70089
67933
62777
27258
36587
6271
12172
43815
55912
58431
11554
86251
8770
84159
61688
24130
82183
29737
99176
66314
28571
28172
5632
25815
65406
57157
67678
94883
18010
57785
61194
55138
60076
6622
50448
3604
92684
20154
59832
20852
94074
26819
87332
3565
82087
49093
25862
36461
157
14466
49467
3633
93132
42515
3015
72383
87699
76173
84430
24051
42535
28703
72780
81713
73442
47480
50003
23065
82667
15781
51615
30969
19453
44120
74455
62428
41751
15300
48065
65536
32769
56901
43970
70022
17973
59676
58162
57986
87057
96344
27032
5682
10168
25808
68807
70795
94207
70253
78676
13454
47739
63685
50675
55290
82468
86402
77965
61915
74246
29985
14688
28577
96229
4085
19667
70955
80362
40012
21045
95842
84142
22442
46865
74018
22401
46641
32975
26867
82168
32354
13418
61046
3537
75005
90825
50267
31140
35301
97565
37711
74568
14783
2838
16434
7966
13976
78786
41062
55454
84262
30499
24292
70941
25319
29292
7593
70808
45734
17368
33518
13503
54620
14503
94997
30848
27410
93013
27519
43695
41797
79480
94778
50160
20675
18231
29816
93761
17265
24258
95867
92390
53519
99602
46636
25906
97907
47901
65195
73166
26770
52341
63616
70090
9117
33759
72688
81662
81864
15115
85355
17979
2342
99413
82082
19346
74608
58134
20887
61664
72292
50695
73612
25686
20138
21620
20605
71265
1394
16953
65610
56762
64665
41692
82124
73420
43915
63686
33609
73180
50306
91327
77187
55706
67148
96357
14698
5828
81675
44969
72626
80753
58645
83654
65599
31041
87644
87422
10365
77854
89320
36691
40396
47022
19520
8191
24888
50872
30024
9553
21478
80817
56069
4869
13387
16098
60827
4798
21623
29560
33463
48482
47086
90183
29256
39826
20247
32796
57928
72517
6382
42942
74681
87808
12180
99551
96843
71572
870
99429
88698
35091
58539
22927
8724
50288
20166
31654
49655
88723
93804
95587
22905
43990
77071
64023
52130
70112
1081
6746
85683
2843
56885
4883
36586
33235
78695
41281
81405
15245
25083
10660
97508
94689
53498
24395
6259
10838
79066
9659
6725
55769
23277
8184
99892
81210
6585
6387
94213
41859
53032
18256
10945
21013
3669
45235
91933
54624
42471
2183
35611
81695
18363
96938
7593
24718
28953
71960
2631
76394
25353
97715
91015
26019
22398
3084
47853
34432
91056
51408
43958
67503
37128
53842
48053
49543
42068
23921
86519
45212
26138
7046
20552
89310
43497
44332
86863
55951
33387
66636
17108
78335
25144
419
38818
77158
88900
21363
1096
63293
15511
79043
10617
25209
9981
55348
69075
56421
87156
72929
85757
71962
675
8753
48873
98014
73611
32125
12729
99575
38069
67864
94525
63082
46026
92768
85435
13461
98
15872
85000
42309
85108
84767
27634
73076
2476
82185
7168
81186
15066
39415
52113
8559
1159
28797
27617
94451
60419
97265
37962
54298
53114
49235
72743
97055
40997
2941
52052
78436
67388
50280
13329
46283
55625
30520
67365
57237
61496
41573
41823
65236
75946
69096
52984
21326
18985
26718
63701
24081
56758
49084
71496
5293
59262
31471
68309
15955
38475
6286
11954
22120
70838
50783
39208
73669
16186
33186
58007
31759
39909
81438
69462
91694
31080
88102
75415
46124
34413
40296
95848
46603
49671
59762
52470
93283
28005
94273
85676
67096
353
57863
85434
46612
88661
28408
83345
25798
10061
52561
30090
17718
49591
49414
54022
13155
30839
28903
69360
47100
25591
38318
54559
36407
18844
41543
37336
59121
57428
45308
60976
65251
84235
85244
52398
89917
55836
55880
81327
40417
80644
506
16131
45151
13651
32754
32085
56297
82204
34558
95913
1010
81420
62341
79357
88103
21943
48752
45618
74858
61805
20885
96644
6951
4524
1634
6260
71670
50319
67906
71687
13804
49860
78511
59719
99581
47100
13397
79751
79762
22523
90687
42436
65282
60079
13728
2439
87217
68829
97375
71559
66658
93271
11072
46956
81946
85129
97483
78350
42579
93939
44956
8700
9881
72689
58470
97880
33189
4022
71236
17695
94451
68376
4958
87943
69762
53284
11444
85825
49479
59154
45930
1597
91502
35475
63664
10765
61359
92775
87021
50786
46697
44395
56936
95826
45341
93295
73618
85596
66090
36838
53491
12578
608
68790
28751
86324
75843
57840
80661
75854
76222
57881
93892
66903
5729
78375
47194
9738
13817
43687
80443
9042
20107
3835
72122
76591
56109
42690
16199
73461
50368
5711
72149
14739
21901
86395
9991
36305
42939
5749
44822
27538
80266
34200
4929
32569
71024
81366
45618
55560
67470
43728
45609
15684
53390
85831
76935
31636
59931
36109
16377
49512
26108
63573
71295
43191
92782
95497
37208
30880
62333
70809
30284
97202
42367
3761
84182
74695
17646
68484
22731
2635
28896
32709
62699
72859
6853
97044
10019
82280
33020
81109
75037
97722
21937
13308
55205
55953
20823
77285
18552
15495
14718
11744
10891
88626
70865
52553
62101
92229
12400
28309
56634
42582
4517
29449
33782
40538
4004
79173
74466
83885
82819
18078
63365
20654
31220
4073
49850
53222
55164
99250
64602
38281
62417
79244
61350
81941
28372
31396
50580
55767
67496
11342
60275
29518
7823
66561
87228
57991
65216
14654
47991
56551
34822
53227
23495
46087
51000
30591
45299
31289
31824
6198
73426
9033
14347
74019
19730
17919
25180
46533
20101
43937
54157
84914
51913
50902
1811
73137
35155
8421
66796
58052
3959
60347
97272
44130
21462
97803
11057
60898
38820
51055
70409
64659
21332
4973
92959
70633
93347
81366
97949
39089
32830
82152
91696
49094
97201
61874
12773
47164
42062
15767
91197
16730
63061
55020
43693
6661
84870
50332
49364
95991
20512
59180
35097
33358
55861
12280
24865
74112
35404
88955
22410
93324
33202
67054
2983
61068
3071
63272
62937
28680
15681
2915
84390
24516
57735
2367
85880
10969
40043
31520
12244
25216
30716
7475
45142
54378
41639
69134
29670
58702
87042
61716
42169
66458
7030
78872
18342
6058
63110
45017
39874
93463
74432
67596
89915
93574
8990
24152
66606
15201
70361
74458
17286
99107
94540
41288
33298
4973
26720
42643
21793
8566
20953
49125
17052
16479
99996
14058
76640
91172
56635
73196
99222
47470
35199
66870
57393
13989
66929
49850
26436
2723
39493
19118
73661
77828
22499
592
37410
889
47315
5386
72134
87804
83108
56082
3912
98686
4666
34760
72937
34844
31954
7906
93480
27344
30547
19301
56635
96964
29074
36297
6604
77217
84865
77823
65198
33541
92054
75599
56282
13171
16532
67865
17322
14309
21592
56093
56977
78460
6882
93303
39798
81112
10622
48450
12107
32483
44366
17597
69998
61959
56982
62698
42363
41152
61571
52307
58156
93804
13497
42376
22350
69183
18807
72195
81633
77396
78953
36269
9708
61821
17034
69721
73274
27707
92244
43886
65941
14121
11558
75298
24925
91347
70672
95649
41445
68612
54622
30957
88107
20637
72959
2047
87698
30625
90225
92652
91774
12109
53418
34180
76203
25861
44357
86195
25257
40617
12968
12682
17496
63271
68846
98392
17309
23339
6741
29521
5822
25009
74342
3057
20576
18042
94365
98106
45114
43196
51700
99352
57173
33652
60112
37350
19650
85208
88807
85482
26040
37191
6413
95035
53705
88385
69626
43811
42336
96083
72537
31455
36698
83050
7535
4163
76318
4137
64038
73786
76953
45014
29942
94187
94074
24718
26543
54488
38439
21881
26917
84352
40539
53816
81816
65220
71837
91867
49950
967
3581
66511
62128
45358
48205
20180
13422
45767
12121
46317
54128
56613
42821
79377
33162
93545
29602
86718
2554
22301
17421
4013
31569
41979
65412
14848
73788
74730
26086
52664
74895
43816
25797
11172
21165
80387
49866
92147
44533
25153
82598
97514
10572
30175
40337
881
25252
99638
65985
11208
91974
31226
18856
49720
34817
68733
16457
88004
92942
90033
85465
42301
70655
7850
29615
1813
37060
45857
70471
24523
28730
52245
8441
8069
74481
71435
57552
348
93080
67671
44874
27793
62247
50259
51083
14429
75560
68172
5950
88166
97186
61116
68713
96046
18788
1137
44524
48486
96299
3341
34358
94815
59824
42183
42020
89633
31569
6094
65751
43220
95898
14446
68049
75996
75760
76363
93227
5122
73914
86730
6486
87789
11052
50063
92396
82927
87121
58529
49170
31867
34356
28714
28173
34421
16619
55707
72157
89282
80545
93004
67419
57598
55039
20928
52810
19021
84694
79207
15869
18025
90443
11069
73957
73818
55007
43247
77781
67
55514
64510
51828
35801
85460
60573
52734
2927
54079
74453
11768
15660
29556
32295
4718
68446
58425
58001
94698
46888
80268
72362
8691
56055
10191
89479
24320
60274
68080
3424
21847
82224
12883
50029
96295
5539
90366
9545
1854
65906
43041
3929
88200
57092
60640
49734
88549
66968
76446
26309
30309
74290
87271
77944
85858
528
13467
88366
2202
98298
42354
7333
76136
66456
30832
76208
75262
4317
22215
19379
22497
30593
31107
98827
34689
86317
22230
53835
86228
75216
7105
33761
42030
91342
12987
68663
31070
28023
71425
1717
52360
60086
34426
6851
7962
57536
75846
59340
52750
61036
70403
3391
54715
97634
33851
30479
19096
40844
40621
3802
66223
29513
28758
87111
44633
10944
26940
54248
54939
1650
44759
97535
84861
18408
35900
41053
83939
64843
81735
29926
75786
1811
7941
87408
18336
7191
28
25705
20928
37091
59479
68472
99625
73576
87793
72156
64731
69037
95037
94354
59341
89219
72592
49970
22989
16374
8268
73720
21397
72703
60649
20416
15270
38038
86018
57002
63076
66533
54266
638
14830
14872
12777
43241
2328
57873
59303
64357
69383
54168
40755
23126
12200
53935
66368
75697
99597
67
74941
61623
43877
84094
90687
99583
59607
5626
8270
96754
30811
22928
15657
45808
67765
62830
62262
90704
33935
12199
22570
60772
85681
73605
64497
31067
12896
75769
43003
90592
99696
76019
26724
52031
20871
77677
7485
4776
21168
60737
85084
52044
15864
34363
26525
75396
9961
88682
17395
77649
53729
57200
13328
9727
55022
14168
55404
45986
4584
8871
30325
66882
35147
96971
51732
43699
48111
23728
92536
88093
13766
59409
83969
60859
6641
67340
6154
27743
68607
76078
50644
13746
35267
60174
39884
94488
43761
43382
44984
51122
38774
20603
93539
63421
177
5165
80642
7896
8337
31626
12642
23972
92012
77326
92657
64740
52312
78021
83877
62723
58954
47904
15372
55764
1546
75110
90482
32917
21263
83330
2249
87885
55996
17562
52216
23732
73462
38528
52610
7506
23553
52481
5169
99871
10742
46170
61919
67722
16515
18571
36993
92149
56415
18084
89904
97149
87976
45243
91958
96536
12571
28608
54322
79415
55215
2280
85607
61643
53871
59781
83943
78052
89650
66135
1847
1076
31865
99323
42880
27249
86916
12385
11826
8922
56881
84412
93364
70289
74994
40787
72204
94631
18474
53332
85031
84053
39076
33256
8358
32934
40879
50338
20966
88562
16986
23313
94602
13189
328
81300
7815
60383
55440
3565
96780
67444
87220
40718
42156
88851
64828
59184
59465
12356
57359
60355
18718
42571
86253
82976
5609
59977
32299
92538
13875
62465
87915
2962
90877
98616
65624
50186
61674
78197
5307
22449
62179
91721
51165
64637
94571
99048
95194
74999
20031
64821
94590
5072
71337
37084
83295
82898
85666
9688
83030
82065
74785
98453
20283
26624
45573
27216
41596
45695
55322
90202
83193
47410
53995
71195
10911
75662
88869
54611
64448
70572
61700
54236
26380
75904
3133
72652
79790
15491
43014
26359
32068
48844
54885
433
29628
22589
47892
64592
77192
81049
73166
33168
31038
95284
85177
67920
20463
50563
16656
35289
24482
1843
79403
57503
65644
51253
51181
8928
90445
76886
55242
46730
90538
71629
76851
5561
82883
45198
19392
10782
51057
53308
87896
55515
1086
59003
17344
42282
27392
25442
24318
39998
37907
90223
33896
53345
84242
62197
50926
96252
16722
4817
6657
24661
63387
1082
80702
55955
16196
42039
97755
18589
22346
75626
91501
26112
46925
92106
69012
59247
93639
91630
66115
37957
68393
18821
36143
47174
40851
66243
35700
94499
84560
40694
31359
34268
15756
96663
12347
19424
44243
98299
955
40304
76456
26089
75169
45794
83294
71270
34313
62210
82838
90796
68981
59890
67990
56601
48405
48081
79682
90340
25234
96378
19898
42506
11928
35491
74896
935
40030
19302
17316
25248
26195
74205
59678
24124
1799
54374
52711
91251
95539
76422
37764
89439
48966
85578
99504
66767
27500
45448
84020
5083
75805
35364
34630
15505
52288
50831
23932
64173
82650
13289
37195
23976
29239
6727
88640
52424
96596
54832
62746
52309
26054
14625
18626
36235
88458
51344
3017
44971
15594
74158
604
17228
86665
45254
72358
75471
53355
84386
33059
71792
13156
48684
18908
33528
73116
16050
54339
55503
10139
47459
11884
49231
72566
44950
18919
64180
99638
86601
1238
7152
40450
59303
31407
75163
84457
55299
46351
48007
13806
41377
82585
71121
41104
33940
13162
63092
20724
27970
11642
87543
19665
84963
20626
69191
11416
95624
74820
26527
48702
21273
28875
60035
79560
31255
69216
10925
62034
6144
2710
98526
924
2544
56115
70198
23121
66469
74667
46943
82357
29403
18106
67683
66346
51989
67518
87423
49631
20061
99311
10223
80790
40515
84476
68424
82800
74946
94947
95172
48088
13920
10317
16504
26440
49972
58276
17666
46876
15137
54641
16158
58065
99585
72726
70136
32665
83837
79493
26459
83647
49688
97275
66792
42161
8428
10077
70563
95439
63980
38893
45063
96590
75272
92361
81369
81769
64143
2592
20089
83204
89839
61234
72949
350
86328
87651
1625
39444
91358
79963
27649
4684
23517
87069
20719
68484
39063
38594
79607
37783
43417
20049
94135
23401
84060
35582
78884
56208
23366
27676
76864
73375
80209
56704
20136
4399
47140
92532
15530
13772
74109
52852
69875
25306
56400
17544
29862
19427
54665
54558
43849
15998
84813
96548
82394
29980
58174
4607
2943
67378
23486
45195
16058
68159
52491
6160
40411
35001
68105
6429
47951
47672
10749
2755
35159
70878
82133
60721
35955
79361
38373
22599
11293
60631
53452
65241
10291
6973
96277
5090
56908
23684
67257
83458
49739
22168
46370
48598
30737
1134
51403
42355
55885
5642
99331
29150
34031
26794
4432
67210
89146
89907
10640
12911
71223
10774
66074
68612
60070
8542
20739
99098
54832
48056
57661
1140
97528
68927
79002
33958
19247
63460
58574
77481
93671
10359
44018
94840
48863
65076
88165
60810
9789
46700
65517
92588
65531
42287
93499
85434
31960
73875
9004
85658
58702
70212
42636
72726
93155
22280
18198
17076
6457
40429
77142
25171
91553
59026
42639
28580
36973
94031
56568
48675
38754
28001
63361
66768
27980
59894
53747
46990
98667
68497
40086
2744
80972
43707
98348
82459
95731
71111
95514
1300
38035
14591
41095
70790
39808
85168
84189
36407
31547
21871
48845
87017
14285
54822
67055
112
74991
80512
50054
51509
56486
89100
78530
57926
55820
15153
47519
73655
49417
2287
19307
37113
32705
4813
56485
60277
74982
32837
67297
47142
53294
41512
30920
60496
31712
99247
18300
71745
24360
16927
66681
71458
29290
6424
95542
49657
92051
20122
81707
68159
15114
86101
80525
37721
94534
20459
1013
17909
88057
61796
75806
17539
23690
63918
3053
84429
66209
75215
24715
45109
18331
1769
9614
26345
36445
4360
36374
49925
80261
80267
53235
12230
15963
49676
42115
2470
47655
97838
8601
36953
51069
46882
93561
87971
1523
39926
56832
73524
60147
8315
1473
69409
72715
9937
3178
97439
77122
55217
81477
10238
96101
92534
87418
59873
22144
87721
1042
53462
51592
71432
80790
77494
244
8339
76310
46810
21036
61427
63621
13303
57146
24518
76578
32440
44829
90507
17073
9880
82301
27686
84744
78040
92408
37841
62566
29763
84091
39232
37693
14587
8204
74575
64880
8223
68420
21866
11864
79932
89850
52920
48865
49005
2619
16037
32433
39344
47605
62507
82024
36582
81298
45437
70914
89287
3779
49135
81338
48672
19474
68837
3305
54698
18425
60438
7948
20808
10448
72220
55619
28925
35649
77019
75830
44455
87225
9772
60114
83004
15223
3814
52209
22367
1382
62055
13848
20511
38119
62436
87865
90509
83176
50571
9241
5911
41297
48689
14092
53638
75997
41245
52444
67120
47237
26543
69929
91131
76952
12879
19114
69295
45735
36622
56306
64471
2044
88507
2893
96916
51723
63748
96361
12541
91041
85222
41714
62390
73881
47188
24726
90028
58990
19328
68519
17035
97066
50697
99646
21789
2460
44577
7901
66687
15336
40633
78957
42209
5881
16811
75654
65625
40242
51652
32781
74661
10274
56588
41879
3323
33461
13811
85740
63919
94439
67642
58599
20225
92723
49595
65338
5087
82218
61430
56302
14462
51391
95514
47207
4913
82367
49068
89798
21188
15071
77526
553
4888
69005
70351
78669
16506
40488
9667
23252
41922
80972
74879
61473
64901
24357
86523
95583
13976
23141
52516
14242
86114
75216
32837
31013
29148
44596
88113
8434
79879
30231
19696
46785
95082
83465
31876
37944
25991
74904
8790
69744
78265
19937
77346
12600
49612
59300
68540
49522
7769
7857
44413
60412
27709
40095
21070
65065
95829
31612
68111
61006
40855
90878
18853
17945
97616
4311
72030
37083
3990
13063
50178
35270
97033
29259
89912
52241
53739
67220
61169
63224
37048
21107
8790
23648
18724
55408
72617
35641
38512
71001
61242
15869
12457
99735
78217
81429
64829
80573
32050
72250
23322
23578
64538
8920
61765
21037
69492
67119
93108
5048
6033
81907
62249
66542
65346
77076
26091
53158
85803
19576
13474
94385
9861
79331
90767
66920
61456
38489
42278
91806
9012
42042
23049
9172
55954
25484
76130
6732
5740
45815
86204
19862
70669
87145
13310
55366
18166
90233
60582
58854
27142
8393
53534
14919
165
20837
5214
23091
37102
35753
70174
32446
62231
52863
181
74747
43806
76836
84531
683
26034
31212
36311
76944
52250
11804
95726
81599
38374
41398
62889
57620
28432
31730
82041
92287
77678
93799
98186
14237
2488
66217
54969
48034
31216
49740
16467
74161
28786
88518
56620
31086
94970
39507
22361
54858
13485
99026
3050
9438
31141
55181
41095
26291
9660
67798
39526
8766
57076
17164
22631
83433
92544
88957
32780
70796
96307
16293
11128
50523
80803
93877
71746
51193
11801
8975
25846
82058
7000
47054
59464
25222
47112
27362
86902
29929
16734
2200
88762
34663
19114
30617
73672
48701
95164
69129
53898
61826
1811
29071
79606
71549
71108
51381
18120
90672
2371
13413
48193
76978
11793
32691
37980
68795
31011
82554
26889
53496
1386
55550
34376
51998
5668
65233
19971
37019
55199
36689
40904
14248
70885
48334
43810
25723
93609
48809
77459
25432
76300
76408
31504
25895
78283
6151
72217
31362
43593
15320
87123
92293
48597
97803
51684
85800
99992
53176
5579
63496
85021
34585
51513
48513
50205
32389
35536
46232
59334
95895
40694
2068
9479
60973
35157
66157
69082
28044
11123
81789
91855
13185
76457
81332
80785
42083
62787
28231
6968
52852
31411
32104
45482
81893
561
88816
13678
53785
5971
77465
18447
5730
41861
15369
95593
63784
83078
74472
2707
28712
52799
26706
97993
99577
79392
1704
7636
12650
25656
17505
344
62150
76400
99807
84379
46554
66597
24092
61357
37165
99329
40354
18936
33806
90357
56793
35525
3020
68757
7740
84200
93342
35728
46213
7434
89475
4106
54823
70929
39523
17656
11514
35374
81749
80023
13200
45314
96570
10441
90374
28334
68166
83373
52855
94741
83807
88665
99658
15920
56093
10807
85420
16687
36722
25466
34456
72103
15939
58300
64595
36892
80084
13813
99892
81260
48258
15450
88416
50421
64586
9167
17620
54244
56679
96906
49275
39611
7513
11974
71648
58334
11104
17216
24445
34427
85543
76978
79345
89107
69342
92778
34897
10601
65440
81542
8917
19014
53908
7726
32723
37127
70798
71245
97897
64644
20213
68622
58515
92157
22400
9743
96733
37411
17241
20260
28243
35040
68579
8779
14420
29124
23832
58376
98500
87213
90123
80797
46720
22642
32301
57031
60333
85132
42891
83447
70857
29345
23508
87499
44675
10415
88760
3753
42663
24370
97963
32695
83025
13106
63465
1786
60803
71147
92852
97930
19410
8890
12089
68110
57690
7617
32593
76153
97073
13784
65379
2432
92217
28849
18118
60918
55631
21125
2629
69735
3265
64927
48667
25549
73597
47653
413
28210
6724
79775
73783
66051
55837
18310
94158
71469
31654
97290
27045
344
97509
4255
2076
98236
8828
37989
92978
89731
21403
42163
35659
35613
37263
46048
62540
45434
2649
70893
26307
35976
95354
17778
19748
36777
11178
25412
72110
34479
9672
54687
21453
56663
1867
41174
53624
58784
62038
28372
53850
18470
73066
32526
54318
97920
40022
903
22659
67922
53482
90847
87359
48719
31977
19449
65952
37134
27389
1544
31517
552
40836
50485
19084
76780
19879
79055
20860
11711
32236
6256
50242
13203
80641
28040
69682
51043
57337
51721
7811
92328
66900
29806
8629
72251
32182
84776
21550
17640
64473
1318
96767
80843
37566
43552
32774
3849
5375
60896
99469
56270
13568
89358
80271
18302
76932
90167
35739
36538
48508
88953
31857
37970
28826
51278
75753
45537
9508
81554
26739
1545
24260
81042
41401
13164
14619
50483
5248
69892
92374
63452
51534
49024
44313
62498
90149
59099
343
40526
23565
23514
5924
41164
43984
16418
92226
82643
27999
69204
67639
2924
11858
52774
62176
44864
79821
20991
93886
11363
24766
5615
20047
27383
39202
14089
85656
28767
24583
17790
9182
75809
82380
23542
44052
79350
64389
3341
73262
11825
88123
43977
32051
49193
23600
38964
6834
69253
63968
81690
25612
91683
16291
20735
53775
28550
86191
7166
3298
52122
15194
93594
11164
50180
74589
69347
92112
11978
97203
71880
65411
63324
87201
68403
55389
81438
96625
13189
18557
22484
26774
74702
91751
82377
78932
14857
27769
36059
85047
71410
1244
79142
7265
52517
33590
70763
12162
48148
72508
49053
62495
23717
96996
64617
26261
48390
93112
33983
50775
25390
6663
80705
79636
75441
43989
3302
46068
58847
83795
13356
30368
96153
40170
39640
6273
57585
25072
64395
52544
95006
21309
5955
38221
65337
19255
57322
31004
66039
20169
31360
28041
1538
67442
69824
44092
61846
5658
2961
95527
6774
31455
2283
83309
3944
73390
18884
30045
8820
97934
37334
14139
26356
70581
92655
21248
34808
41598
82389
96152
25689
52530
13204
4169
34263
66435
38565
66451
15698
75608
28956
47859
98465
55522
84782
27457
69363
69294
16221
80698
47328
18515
38946
14840
33546
43851
93654
49276
19029
95518
79229
55598
24672
7865
96335
12987
28640
4926
73700
1214
3896
45045
96572
45465
54262
26592
29448
57890
17101
65837
71544
20315
98058
70852
89410
30137
81973
97056
65996
23590
7046
78395
22390
22050
23297
22017
99495
39717
39312
34503
48338
46623
87196
1844
58916
39968
11336
93373
13837
74163
39242
15279
27209
70181
82342
86501
40330
61700
86568
19802
62596
10946
3006
95128
6773
74489
1168
6511
83246
77928
30077
3009
24962
45243
43507
78650
42474
58538
90570
78300
31634
77560
20734
89913
77924
9979
83560
80442
1263
19867
29368
85884
53523
62643
87760
10490
4972
78645
12736
7141
3481
73738
59385
64913
95304
5847
84048
57641
18815
78459
48402
36547
10153
70389
84062
47213
3260
37026
46116
18535
99139
4036
600
42090
60013
94494
91058
33894
53041
4347
16613
91017
16571
33647
19130
43195
91320
4789
2312
49895
56186
98904
12050
52948
43528
24941
78590
23282
55429
5341
65901
9295
52668
96961
63612
35593
19141
69510
48854
63934
28502
12368
33043
95
45289
1370
19474
35523
29222
28827
46702
82359
60077
51748
85248
53268
40002
58278
87217
49225
96981
61233
77593
43575
81516
69528
32633
59484
73808
90544
51089
67238
73137
19894
44319
457
80023
14672
25078
22892
62982
28235
27863
94014
24493
95140
66286
35142
15723
54659
10411
99608
26462
7778
68027
91267
44937
5099
17762
53255
15393
61055
90936
64260
71541
33619
7005
96205
8056
2260
2778
73499
1709
44075
16982
21407
23149
62460
22097
46063
18999
2144
78306
88597
14867
2758
96855
33414
63264
70220
74254
98894
25016
24637
69498
78231
48873
70624
40974
94497
4075
6194
14485
34605
80350
9599
44318
95010
75791
43837
50228
68346
36857
15909
69131
86893
25448
27759
81046
38808
30457
27530
36662
10729
23998
47285
2189
98633
28958
28284
63121
58566
70008
20850
49851
41820
1255
82279
35263
37056
82081
52838
24182
71945
33914
35342
93048
48059
23686
69835
41253
61169
30108
22480
8866
59974
47862
44595
2369
18624
3348
90118
55832
50586
96480
13517
95316
7213
22380
82081
40199
71258
55704
26432
41340
60886
8111
84110
11915
8979
1201
59340
76392
44999
15884
97683
9174
71322
39107
46157
2937
55249
11505
19473
80905
91634
8742
23833
10274
53492
57808
39713
26585
73509
5461
55902
1641
67351
24797
83929
20586
66184
99692
4455
24995
50284
91757
80134
27223
3353
39882
71030
52379
5039
98263
42865
19207
46594
31983
94729
81291
95621
15895
1020
77113
58517
97054
71478
17376
3999
24070
26436
72953
35311
700
69520
45882
3926
33410
59486
60072
32055
74414
7522
15497
31758
74956
75515
3991
27165
37087
12432
64337
65653
98116
14854
40107
6525
98231
5115
11462
19106
86191
27778
59867
73052
28228
53979
44848
20536
18225
64686
92237
45191
75988
1668
71976
33506
75507
514
15356
11928
66393
67043
84216
23126
62941
4689
38164
722
72099
49248
69983
87508
15708
11527
53715
7202
14857
28220
76618
34438
91197
26090
4874
85566
65696
79889
58364
16543
2159
81819
75802
78119
26561
22679
23558
20542
27365
33107
66167
71880
76775
36986
92718
77290
47761
76200
90408
80150
9646
838
78348
70229
88490
32167
79844
54191
24789
82238
28008
64826
62406
12633
55989
35997
65212
77374
68989
3456
33472
97184
51320
35442
80486
87454
79705
34038
52978
5560
68955
33163
55192
26447
9210
55351
13276
42744
83870
95055
69751
11581
34289
34502
44603
99505
65234
73039
47374
63373
14178
32944
50770
49451
15132
86789
30181
36094
83074
8142
51972
83660
1042
22359
69994
30442
72471
56770
87447
45906
62044
74386
86380
42435
33691
58582
88562
53
52212
51665
48410
69880
1817
26338
63679
69896
82950
72597
88423
50255
