28169
66348
53530
62750
93570
58515
11120
31691
19673
64651
15486
75216
94166
78608
79910
30785
24244
22009
28468
49505
86341
31498
15195
48624
8556
70678
36093
19858
39944
42260
36196
78103
29904
79357
14126
76524
24089
97696
44325
6813
13013
15266
61548
63461
78646
13557
14229
42516
79376
42484
71215
66043
20189
80024
57757
87543
32794
29626
21698
55800
88590
95846
52632
2541
38154
41304
92641
35278
16332
67477
30740
20710
25502
92265
61433
24058
85659
81752
29808
18458
99090
20547
75306
55524
96163
6970
40667
21615
88806
47320
53576
1850
6091
58527
54171
1553
25691
84177
30677
67897
40286
36680
57955
42554
17846
21618
41577
81798
52873
2573
90170
27785
22012
44987
61258
59951
4986
82946
41275
63180
89172
67491
31219
38572
49346
60596
31247
49336
55528
73020
90385
25441
1811
31915
5780
1357
12931
89684
77472
54683
33987
42344
94905
23412
56115
34383
26898
87920
87719
45477
79967
22882
82952
34032
11176
90594
1912
49721
23705
10197
93939
86734
28502
50362
13681
36147
52844
75507
22727
5345
11747
85838
54445
23548
27407
91695
46459
99444
41926
93309
34221
97784
50636
69350
15110
5073
12425
12911
29264
90915
77437
25339
37569
4635
81482
25591
53145
48628
66383
83520
41096
90477
84181
10546
38189
7295
57761
47919
62520
9053
9994
53800
64209
90797
43621
30186
53554
46173
42972
54312
90479
43363
47198
10688
61846
45622
3504
61677
3825
867
26496
17833
91465
87724
53850
58749
37828
9091
60819
86694
94095
18207
3651
27557
34615
32121
53904
33956
78448
48198
16517
21504
93433
39600
16353
98775
99831
78515
35692
80143
65885
1265
19141
12513
9581
80243
14966
78208
68569
20573
9545
7082
64898
16013
99508
24202
20738
29168
12591
15495
8324
91616
39398
40492
57361
94365
95498
80981
44262
86887
75394
67603
70656
86741
59808
39548
32090
12406
72142
7602
32973
62658
79782
78158
40278
88411
4513
68393
83446
6405
52711
62215
37523
33599
89509
51360
67995
32158
74493
69932
10856
52229
45847
9738
78015
68418
87830
69870
1939
20583
60293
88517
43815
32068
34063
64838
67088
48126
98798
14198
30296
44206
36668
1720
77727
92472
49125
14767
72764
8006
542
31441
24802
46337
13070
96043
78205
86188
75018
13899
95964
15837
38431
25486
41544
59160
14952
90374
42258
79337
18688
52071
46348
20734
46929
54318
57997
56863
60523
2798
70456
50699
44272
56729
88630
36368
5036
4424
60063
88166
21282
45063
36600
60329
80929
70464
9847
10066
31893
77346
13538
37009
41818
81070
82421
28264
38380
88477
99970
90311
53754
3409
22706
80991
73624
49463
20458
35589
29011
23862
50985
69958
97280
66359
60365
79297
24430
88048
51222
67430
46906
76271
57986
4329
75936
73695
35063
92546
74031
59418
47776
25988
99094
90988
43599
84983
17626
4031
22656
85045
87401
22344
55998
91646
8649
29069
84926
15801
77642
26898
77001
39111
97178
70815
43576
75877
84407
93391
11000
13758
51327
34296
7724
93354
27875
8626
78386
64360
5274
84165
22782
9843
95538
52851
52226
65284
5377
10879
67535
71971
23257
57433
41045
10891
36634
5224
68550
17146
84578
98994
54361
65233
66527
523
95531
49390
47173
71223
9375
39908
41467
25502
28582
42836
47024
90155
47866
9418
47339
11552
45700
74806
46272
81146
73406
76197
81694
90237
49298
27771
62725
5628
91105
75407
82261
26087
3999
41764
55585
25585
69180
15552
8995
2012
87966
6571
97385
87427
49385
37637
33229
75300
18273
46691
23618
22537
37543
97256
6826
41906
4222
84893
80100
32544
50673
4013
84099
21248
16622
78463
52858
530
28298
46608
76756
3797
61160
93452
77024
78129
73109
30505
65513
81664
25130
35072
21955
27257
73044
39497
13473
88219
69776
22931
60964
3635
41328
68797
25838
68586
90682
27475
99669
64942
10192
68552
81203
44155
17962
57004
24377
68774
34207
94346
97028
44838
1859
24833
89480
91935
10954
88317
30536
41324
43307
42545
57256
73257
33535
62707
78266
36186
33449
39285
24084
4763
11504
44475
46723
76132
45287
48510
99321
75097
29133
15996
48193
16108
16688
99129
76020
83855
41901
55446
4579
82842
92658
25196
44308
68245
80677
25381
17579
44707
18941
84952
41693
29931
718
9535
66666
74820
77922
66646
47587
96252
95459
8178
54918
94725
96885
48348
92427
59612
24128
20521
39830
53144
45419
5815
74957
89836
49700
37798
99044
66648
94012
66064
89716
63794
5615
15846
35882
9005
77953
3433
63675
87139
16100
32610
36181
7301
39286
40095
18385
88091
24200
91178
93317
51833
6553
54855
50230
13537
70848
67465
23146
46799
10537
71090
76667
29766
93622
90726
62152
31412
66311
66699
37478
50532
15413
62783
8659
95648
10295
8373
98571
57952
35976
237
87091
42195
92160
18447
81139
34441
30046
9732
85089
2044
95975
91025
60472
4089
79336
95377
80072
7342
70296
35342
32102
7185
17913
26364
24804
58666
11773
85554
19932
56734
95780
74246
59237
66842
42564
47811
16104
43192
98594
92201
429
29777
82748
79554
94958
98559
68329
80573
90989
61902
25112
38280
98241
7774
33461
85390
37836
68087
87338
4491
44616
14346
59490
33448
30079
32
96808
90552
43130
94562
38223
40686
79473
93795
28811
70616
82785
60302
50140
44668
41884
14695
40427
35373
66907
86337
52236
30666
22894
20028
96451
25171
56723
71000
59460
1481
9061
96730
3090
18369
59500
45050
43465
79333
46994
84199
60568
27912
2422
66904
58373
68483
79354
34991
86356
87440
11414
71884
33475
48546
94287
29580
57836
31519
15650
60475
7022
60956
474
41853
84933
53139
63394
46613
92085
72163
10709
40304
57926
15332
6960
40497
96329
87110
7944
66106
46361
11909
24216
78003
91421
30859
60659
42970
15402
54626
39608
81352
74821
67828
98916
49084
12485
76577
14913
91174
51063
17020
3995
29330
78043
82979
76851
71662
82572
40473
90893
70266
38621
43905
44740
79564
34783
95577
94494
60060
4319
98833
28442
67219
22828
80838
65349
41643
29558
38272
51723
65986
88754
80932
99403
6337
74042
8694
15556
64163
74609
91631
6155
77285
71620
66615
51135
3881
74476
97792
54003
90758
5009
25055
67562
48623
75272
47847
62082
82622
2140
83779
6823
55997
93547
35055
10855
28049
81351
87892
46278
71268
65341
58430
61192
53709
66322
63452
37611
74398
52169
51444
37592
38122
17410
89792
52942
93873
2876
74537
19294
21865
89947
77310
66454
40714
49637
53041
82997
49815
68198
78894
2557
36548
57619
80185
44806
90248
65387
39491
37454
3424
634
26888
7055
925
37623
75977
82761
41580
25197
17313
56703
23232
70263
79078
10014
90910
50117
5213
85591
90917
21019
45626
87245
11800
26040
28531
23274
27913
90740
99296
51756
19139
28674
39090
8765
15476
22133
41133
35520
30293
69215
73027
71367
95832
55892
19118
77538
56045
87310
81577
62353
17617
24842
25003
90747
42963
9679
89794
55287
4324
37231
92136
36391
8955
83141
64484
69
4322
52510
28448
31158
36224
62485
94787
17115
18212
27031
7530
31750
37067
76645
81703
70377
12782
31415
22486
44938
67755
22877
22328
18482
84013
67489
97230
63909
13499
39304
64820
86253
78683
7832
93271
45935
57121
33492
55540
46335
33816
61026
39311
33230
98987
43309
96973
35617
77712
36774
48686
19998
15889
98853
36330
54784
79961
39086
94631
76361
71544
51951
21428
82839
96819
35685
59814
43023
71531
62911
52204
77974
43176
76058
39376
79327
38017
93387
77933
86398
36907
97499
71560
5979
51836
67724
34156
10978
57243
20314
25190
27512
97317
47421
60121
53864
30846
79947
44223
42395
44211
76666
41214
95205
96296
68931
290
32284
1059
62242
24828
19332
25971
23706
87639
39174
38398
65462
34738
98111
11558
34505
17919
88948
92408
47447
6648
73604
32881
25389
4089
18998
90572
89898
65565
34704
16364
70561
58296
18665
28931
31031
32430
90423
17053
92487
45327
27682
77420
46437
13232
76922
78928
45792
42919
54371
75587
99328
59811
84398
13406
31758
92677
60356
19979
88947
96927
56539
90953
60985
33127
14219
51957
55054
58039
7770
25531
72678
38181
54483
34841
92320
55578
65878
5804
38817
78866
62505
8858
1437
33519
8747
37211
68340
19481
85161
70788
2616
18294
72970
29137
69357
2338
37
41999
76586
9195
402
37891
2780
11884
18078
28410
24553
79236
75256
97519
88945
24306
85480
14386
73425
16496
92096
95067
70690
50088
19402
60715
58622
87127
39616
65978
64290
57661
89691
84131
31311
54558
52227
4488
31147
81465
44966
99747
96836
52482
41796
79979
62901
39869
13830
32927
52577
46201
32590
25682
81500
96007
69962
41523
80264
59158
56483
18455
49309
95885
23890
19237
75714
21796
46705
20798
91096
7487
41583
30824
91191
77991
95069
54165
73423
34279
30854
91380
272
38784
41532
820
64581
41929
2925
19985
68283
7143
96757
7004
81344
57157
7180
77323
4295
69584
94880
38970
5575
15186
85373
30332
94019
27817
57129
14818
80709
30339
12524
95495
3779
31352
90797
75157
84739
32131
3000
86936
21051
98398
14650
57438
6929
99706
75695
43367
89633
77432
55891
35150
12285
10951
6261
62580
8462
73466
70090
12869
67993
92965
49469
15337
18973
63924
41892
79178
44409
27016
90478
57885
27370
21999
46424
23183
59794
87391
41535
84973
97813
27854
40847
90768
47292
3377
38074
13571
14044
1967
60773
45586
45681
53538
47324
77681
12163
55465
27398
33414
20779
16908
15539
39956
59247
21934
4913
67781
25225
31912
33598
8787
88326
73672
9176
62290
85578
39909
11312
34206
29904
10685
15038
94237
93135
61709
30925
85745
39065
54188
97687
69245
41437
91524
95627
12272
91980
61678
87370
69586
63928
27722
67890
64234
76760
30360
99282
32234
7369
82646
66812
51481
39791
69878
56472
54875
16441
826
43221
45854
39234
175
87322
50915
78739
15748
13819
45254
4101
47557
58567
35788
19013
45368
61438
94281
31025
18931
51680
81355
52222
65144
59809
7751
89820
65903
83832
31102
27473
98110
98967
54155
38722
60391
12149
60716
80817
77438
7430
4426
6527
99877
30860
89574
51666
15655
75687
44194
79410
68461
97255
93034
66190
72032
3139
20829
47996
28508
12834
72796
573
65740
33143
24845
31710
25064
20650
30668
23195
59784
88688
91247
16958
64612
1276
82965
59941
39530
39983
8522
35842
3738
25420
76953
54971
32321
97062
84719
16370
53232
29530
93159
39840
83865
85913
41976
35770
94694
43294
88311
62453
16502
35518
50218
81733
40148
38397
64555
22465
5141
68060
30421
55203
23374
13616
26862
62859
70128
52943
42128
57795
9793
93316
46197
36605
83704
67842
91135
78937
12085
10612
67234
59555
57114
14387
33135
8345
62826
8017
74813
29033
96029
54610
22838
69369
63037
38618
97627
72129
1792
83425
83157
9906
47458
88003
51705
55770
88926
43413
43639
76767
1353
85618
29824
43593
67787
9747
42193
94461
38362
97660
96288
85187
10261
50387
96770
22505
52923
16460
81782
48352
23109
21056
13874
11812
98982
73468
95144
79610
38878
13046
71540
4722
84661
19674
72997
37643
91290
32706
17669
38677
99352
81764
31367
52722
99634
82821
89356
21654
89275
54987
72658
4270
77556
38001
18362
48829
99779
97939
11508
62208
55628
76937
67977
15251
71343
17041
27909
63405
77117
85349
51615
91175
61496
67467
82118
47834
21703
71499
84585
31877
18387
55163
59715
58638
63681
25015
72418
15584
74827
47340
7603
92306
9213
1171
94571
13736
28521
75707
26292
91603
39784
59007
29778
8116
18478
15670
28753
9791
30120
56458
50189
90458
85589
72160
79646
82819
39838
22454
87198
60689
53395
6219
68311
83123
90212
47415
85102
28181
22233
20539
62662
67394
5518
49812
1427
95011
53806
93641
73692
59940
24970
86756
18092
98360
62134
25214
12245
24115
69985
28786
18977
96949
4336
35603
21398
5191
84310
86649
96357
76125
19921
10839
37616
68956
14307
26440
59158
66389
9547
31816
35196
62063
43296
41983
30105
47107
71659
36440
84894
16833
48574
59248
41568
49744
15540
31625
82531
93330
54181
29310
25957
85061
52742
74801
64293
71910
46812
51616
95662
34705
70139
32279
57540
11427
42335
75678
27177
55616
25350
16531
56396
70097
48264
82003
86734
99877
8436
50129
77075
49464
35944
4873
32066
99377
70060
52974
39577
63268
4748
66495
72368
26233
19440
50617
52519
3172
55642
28166
3887
77043
60476
12115
54706
59750
34163
39039
79969
13656
33124
79343
93048
84989
14001
23262
69135
87972
17271
83090
94816
97691
32487
34474
48687
44433
98400
72851
8443
33174
60166
44954
73792
48287
18433
85531
14151
82534
48052
60920
44267
87567
80311
11238
25320
58981
8564
20289
56353
71106
27835
42944
45870
83149
94018
27747
53953
64094
1373
20457
95859
78237
14326
29950
65424
91273
91561
38033
84764
45172
42782
98979
13728
94635
39299
60955
85557
55956
57925
86807
33196
33456
85804
89374
2551
59840
72881
40592
56440
83619
71164
50462
93604
54045
59870
87894
31026
93364
29607
81751
70054
50324
86661
419
2581
61746
25595
35858
70709
94062
15289
27171
9315
38161
51614
16910
32112
10390
11110
47284
87656
44581
36497
14456
58752
92698
74611
1607
67708
4965
96721
22386
38778
15562
52606
37341
82142
68776
36338
18063
62651
19991
3876
39786
5307
78026
43908
81716
61995
10485
3864
84852
18438
44008
28080
14553
84189
43288
23528
31156
34975
14367
20794
92550
83371
74746
91741
25843
94959
89360
24414
31190
53659
19859
88473
55886
87815
25823
980
12502
20286
61727
69528
96819
21126
28399
73581
38
51021
8412
78993
49729
51986
25319
9685
41110
1452
30664
10004
49995
95131
75503
18609
51402
70345
67750
90796
36885
75389
90931
12704
17527
51900
34106
37148
69077
16252
13182
18364
97443
84966
91144
4771
50482
72935
28192
94391
11560
89395
68056
63802
59528
42167
14633
62464
73744
37882
53748
82930
97250
91503
7787
68573
96826
17753
86920
96759
77694
39899
36730
92432
77523
56635
41473
41841
37260
78642
39279
73685
39902
42612
38030
87584
21455
22902
14144
80927
18988
28224
18818
28350
31225
55633
45130
39744
17828
22505
1199
81502
45203
11928
21575
55967
73915
4032
78603
25296
91954
26153
2871
14625
92508
69793
21102
62492
80002
39533
92987
83938
12130
48625
85522
17380
52511
52312
99892
30011
28888
8929
6929
30884
74231
41222
2888
52700
24224
29770
67434
37651
38313
49118
41341
74672
58088
79280
41500
13153
68583
62192
64252
14173
88821
79552
93705
48345
21431
72824
60943
26211
17980
97203
21780
51230
5966
82746
15106
63898
24419
24267
32547
73103
98739
99846
20837
14262
59493
44787
94685
45540
50210
31283
12231
48068
36971
52897
1195
37744
32229
36773
90172
82956
78482
38005
2875
73631
76092
80680
78520
31822
93099
43545
95544
92919
374
76724
97682
59911
39766
96096
44371
84056
6165
4233
91297
73707
48038
63240
54877
59774
89742
31570
73441
26922
36479
97946
6281
45563
40838
96068
11311
87565
32698
47591
51790
55295
88629
24125
62152
26967
84384
52618
79939
44018
87718
39431
19246
23878
58218
88586
26785
98518
29845
2868
72514
57104
15975
7862
12388
30695
4271
22433
41546
81065
64086
27913
81194
18108
24597
1332
48492
60185
32199
34757
61585
72549
67032
22688
8817
456
79197
89433
20573
43948
76446
11966
16035
2996
34798
23325
77231
82614
48411
18611
44622
29975
76353
59187
38638
38145
55321
25839
7714
50307
89870
32613
27746
43109
83824
79945
30158
88551
35137
70155
10291
18837
96973
9573
69478
93193
87479
70020
78638
88381
60815
94960
62430
56235
17279
43865
74688
55811
18885
2016
30285
33864
4186
70719
2840
65607
91217
34390
91339
29269
9371
86003
82248
84068
90631
60189
80626
80034
93416
13917
6565
4239
70638
426
49855
74200
98998
11695
1346
76309
6013
22267
47954
19931
68688
30117
20120
84734
13695
82522
33449
80359
77199
10533
25537
89326
75151
99193
73193
78453
46467
50910
35672
12096
78396
48534
70293
66484
9736
63146
75514
54539
54597
86262
36404
49169
4529
46349
61191
93887
55198
80042
29294
86418
48385
99605
9281
2182
26441
77039
10319
91668
80780
72186
85482
33573
12445
75047
82019
60402
91706
49501
74666
60122
69922
65603
78807
48991
77540
37738
92391
4605
33778
32218
60190
87912
32245
15799
10443
84449
29306
97776
93641
18388
89001
81765
33857
99409
44566
85490
10061
77669
57776
33340
90232
60597
43223
11734
48449
35479
38572
87568
70686
97004
2880
92189
124
88830
10542
16704
24581
79634
50244
32115
32219
63209
54812
71539
50752
56313
83210
34347
90680
15523
41582
155
15078
86641
45001
13060
1299
9550
49100
58451
9934
76673
80939
31048
8845
95848
47441
34435
96337
29421
54029
22922
59624
79463
57995
17656
50699
18480
60445
94117
1352
53918
53719
83054
12218
64513
18555
64481
71316
5528
99305
95176
2205
61616
33016
66799
97716
67065
11042
6451
67477
19495
75065
14313
26548
64322
39095
16169
166
1834
76436
88757
97952
6732
53137
56841
97751
65113
13681
80481
75686
46537
25863
23265
83117
26603
78985
30501
91926
15911
97380
26534
89940
70739
16170
9670
88740
86350
22151
7320
74453
37532
90450
2511
35556
86463
8254
28833
19488
2030
71535
42647
39149
1365
22217
5204
48452
77576
4708
74943
28983
90021
47773
67183
94801
59781
20390
403
52220
32607
66206
73691
7837
890
18459
16646
81978
61996
40579
29865
763
29843
15065
19672
79214
68271
15861
26964
53156
16155
46925
69553
37210
56230
3215
20291
8018
17618
68337
41893
15711
71848
71103
55909
22176
21462
11859
72527
62083
9735
41699
71220
63563
26013
57908
58263
75852
7437
72685
87477
92435
34199
83014
57966
17827
44192
70367
60180
52890
92174
81261
49231
72242
2687
79375
96938
48771
41254
73599
31774
80389
30756
21827
1752
13076
54783
69795
46538
53036
85889
50102
22187
81588
65776
45429
14411
74327
61509
4465
73976
19437
37995
67904
5542
4184
34198
17938
85694
65162
84894
22722
93574
41732
72022
66312
78089
25465
65613
74891
95490
10162
36481
42643
29546
85226
85531
4509
80988
10841
2090
5704
81633
2255
35295
11661
44830
4758
4323
17643
45590
23289
49009
83744
25436
97379
82803
70868
71513
91392
89980
75822
11190
67201
11103
96458
96999
61595
80811
45155
71060
61454
91428
67146
90597
37987
7198
65048
76330
47695
61528
5344
22404
90709
32499
67837
2036
58407
26094
88555
4285
13708
72703
92402
86936
92445
19024
30749
78964
23562
21140
95529
53544
88506
43333
17849
54583
80463
44315
68134
16095
92168
16970
92051
17086
54240
38841
82622
75745
99923
90650
53587
86154
44545
1643
26043
84253
9387
4744
60817
76199
31067
15915
47733
85068
30080
35362
82938
70764
71670
80362
45338
31152
8836
12749
15369
34231
191
51990
35654
67832
48908
41677
82286
435
94819
39219
6155
48312
53487
47451
46282
18099
242
5923
14154
57619
80005
62990
8080
26358
54172
58752
36888
54419
73864
58773
12614
10083
6071
670
28154
29708
15734
21177
20065
73932
32182
17708
62248
50558
75372
65405
89964
58956
93042
8497
44973
77714
69868
30719
897
3754
26533
15632
61476
95834
45688
2070
31853
56214
96298
63558
95260
53779
38228
21555
30960
41705
65854
3657
10709
29283
12167
90978
63834
80935
9089
43656
93921
93756
32602
85448
51247
51389
40181
21199
99107
7897
99062
82948
39043
46244
5629
93665
38418
39870
54954
43472
16831
84990
72735
26078
50934
90107
99587
3454
49145
60054
5186
52253
48970
71271
49842
5021
52095
11266
94000
53808
50424
47430
56329
38067
28492
89314
57525
54692
67807
94916
60221
55874
44529
60191
10397
24704
59792
22649
25125
63301
70925
4303
86233
74979
25740
99973
84632
30929
35733
30477
13754
66951
69063
75378
41363
92246
492
93763
84820
56450
2312
69975
33585
27710
20971
68321
85820
60130
11782
77105
36464
55146
83130
72996
72874
39726
9484
83306
26834
36058
6804
45714
65720
52553
5077
52852
65336
64483
38503
17562
81696
20496
36144
16044
36617
45463
76177
66455
45600
45912
81180
57017
38153
97635
62628
971
89593
97235
94381
90635
76706
54826
25282
35429
22444
17257
1253
40606
2462
9868
37152
61789
96059
10241
6395
40727
18761
80355
43271
85045
72846
40663
18935
53699
65523
31170
35598
20375
31434
59429
2227
93788
24844
99318
55425
77691
11771
71388
2395
80293
28358
93959
15325
63423
20523
58569
94541
52875
72214
81621
46448
72783
70952
80339
62489
47812
8499
37948
31005
70940
49281
73464
2210
82609
50165
37810
75382
41094
52585
27125
68443
26333
84886
3046
78176
84021
27570
94525
18187
59036
28596
32032
20498
94489
70419
19582
71305
70831
32780
5286
68373
91503
81059
63873
71711
81213
68960
6450
76676
1500
53690
15017
98666
79673
40306
88766
64237
30417
97654
65616
81912
44096
90182
62202
20047
7495
6195
80558
75176
15417
32675
39474
36154
32706
70674
43124
96557
59605
65522
1578
18673
6288
35891
87690
10635
35694
88477
61187
92394
87657
27962
10135
7672
72905
68337
14549
11308
9294
19949
61783
68380
3798
30364
55637
71695
67307
10867
8515
26768
64236
90191
8974
25759
97142
84502
78383
97570
68591
16348
85417
43001
83951
50465
57797
38767
10700
21912
11335
69900
29088
30979
83372
263
59769
43290
85411
84633
90845
44874
21957
69869
7447
42746
40786
55859
14946
55880
97609
89524
64497
74002
61284
73471
35161
46993
14990
5122
60732
72032
92482
12117
39667
81114
65249
73296
34935
45153
76975
27164
83436
24699
61611
59815
63274
1207
45865
77073
95913
48974
13582
74692
54600
60164
2760
704
3066
24525
43751
33204
40814
65900
71931
30377
47770
82839
37995
77816
38564
78678
61967
11516
61932
9963
21835
94306
85656
56107
78729
17533
17117
47242
41842
28342
84424
66869
55176
83392
18695
51033
41699
62537
91542
47809
31078
13069
23017
59644
52061
12229
9107
63869
82038
90652
13329
90652
84985
49602
16662
41114
40037
37850
82324
41953
33096
83630
79332
17578
90170
5762
84850
6265
1239
43334
92616
1186
32631
35877
34261
4079
74348
25434
32729
5209
16887
49698
65712
1395
25159
29132
53592
81703
59344
45965
75457
44088
37572
40849
31729
31750
76784
12140
92752
89296
51478
71534
74359
43124
35074
53844
44624
28018
28427
79291
60105
30831
37352
48016
56795
8693
51116
22307
67730
60311
67615
49050
85176
43025
51227
5986
49890
86638
93824
24704
54358
59268
93876
57797
55575
57243
29435
64927
30320
97931
91310
62253
99161
77794
9019
2827
58248
89668
46521
82667
69399
99533
93766
82405
82637
86546
87520
63941
46732
99878
52956
95714
77719
16536
58982
32015
60254
31865
25717
72395
90855
29660
17514
45043
40667
60279
22789
23479
13962
34725
33028
30697
22779
8973
26
8113
37652
74910
14695
1182
6563
64017
63065
59288
61799
66064
87711
49073
60606
50997
63526
71545
83019
84555
83186
34673
61667
36721
92314
72791
66805
72541
65281
10560
7028
52029
94157
7044
610
94488
2277
77522
55290
67251
3467
84932
83386
70288
97236
79182
15308
23313
54112
35280
11663
90522
28603
3211
7046
70549
43791
26224
82973
73678
46851
71508
45396
10910
78611
9792
77514
79942
16717
80036
63334
96913
42150
16171
17924
87996
93432
66762
83131
14898
95673
87507
48039
31727
35192
33126
38232
28230
7222
9062
13879
70878
96350
84969
95119
86071
94786
17193
1599
99594
26260
95289
66459
65647
26398
5265
37978
82552
98751
43082
82720
38235
38307
60933
50216
65101
15389
70085
39917
19977
49091
16957
24821
78095
16230
6436
23547
77514
16781
61669
65367
36650
36717
45459
84716
53040
85735
36794
63855
16136
75710
69073
78703
59408
22227
60939
31172
52663
91743
92332
92024
92225
90156
94361
42957
44455
30001
69256
77738
2395
78632
92727
49189
60905
3757
42776
28494
35353
7253
49226
20790
82512
34984
84739
46651
94262
49277
93705
78033
38899
52369
22112
54414
15603
99236
30909
86514
17641
89424
6873
73008
41679
32806
34114
75742
45355
12583
91499
17141
81645
57852
25220
33829
40276
2642
6980
27897
75601
25813
2306
738
27588
28360
33540
98594
6434
37534
33934
84376
47864
95417
94396
60483
24969
72989
67019
81140
71411
63055
8209
19285
54352
11567
28973
31151
84633
41167
81177
85213
7460
73487
83420
84683
18158
67671
22652
81098
76435
44368
84336
7731
66682
45535
47540
28053
44398
91903
83029
40829
17383
89498
71405
73025
92616
5572
34313
15913
88833
29620
64837
79162
6772
45983
79289
3616
61620
27186
90252
87768
1482
26252
17639
24791
4498
7735
75493
96698
23042
66945
99622
48651
48138
22427
76835
25933
85590
19501
61467
13829
14961
79347
34188
10725
33988
9881
33950
71093
55900
63150
50457
81344
65738
85512
22998
18521
17507
4372
9395
86696
28744
66391
41632
99732
4384
99431
18359
5870
41089
67103
55529
5624
76141
25187
2706
2833
41913
86192
88238
35839
46281
23423
39462
38199
44983
52246
51043
78379
53331
73418
31907
59057
24228
16118
54440
91947
96909
34321
90894
11608
47978
43918
42773
69815
41050
21397
99068
80884
82678
86842
42831
13776
48895
87159
15415
88369
28822
74059
5072
71427
9733
56270
84280
77801
17339
85008
50434
67685
13013
35437
22666
85215
99320
36334
26788
75765
49594
62144
71501
43104
96448
77225
9123
446
26498
89964
89328
93793
49387
7259
8386
83668
64733
30068
25462
65701
43793
18297
67058
86772
29788
49520
9426
2358
23725
72211
11513
5318
7378
21173
51562
78953
29339
86547
58959
67260
7414
80114
32630
31741
50809
84058
22268
46418
83455
81070
99521
62617
31817
18535
43675
76173
90534
56621
28903
78962
48525
47345
98682
55518
93223
68874
80789
44676
12937
42346
65975
70846
87583
9308
66700
14550
46949
12060
89156
98321
12719
59026
56990
28249
21320
76365
11907
10853
18839
35865
75471
95783
51037
44444
30409
53554
23451
22994
58420
68645
5745
20099
60255
84601
10369
5438
94455
83747
19890
69877
42812
94022
52368
19764
66288
45592
44817
85406
51948
34927
48627
69671
71277
88392
76224
78888
35115
91156
2195
45922
39402
99392
67285
658
58250
4959
29472
98125
62969
69398
55749
49496
61929
54147
65288
34311
80956
87051
28297
66704
62362
50463
22686
587
84997
73322
58811
35112
56964
80026
73748
73741
51580
48840
39417
75467
6013
63525
15008
4252
19096
62212
92321
78427
7086
61950
80506
84351
62372
99493
73971
31989
30451
62921
41756
26586
43420
21377
44498
64370
52152
16023
28224
40904
30477
45522
78562
59618
30396
17696
11877
55583
30711
63456
14731
55888
64657
79242
65802
58801
58286
15484
61076
74755
16089
25057
65745
67207
79572
34400
1160
89464
85066
95199
13053
40454
40545
32049
47956
36331
72747
76067
88468
843
99067
84095
32102
66893
45140
14651
97181
87664
87773
34401
77615
29068
87089
41244
14561
80743
61108
69212
27266
5456
11423
38598
10350
25147
77532
23515
89746
92921
10445
71522
88591
97044
87719
19861
38711
14148
21148
58341
46901
73233
80118
64331
22985
7141
96959
33772
39313
90637
38877
32296
99331
16268
6555
87136
87414
64252
95683
42849
24417
20898
46472
36401
75643
64588
24319
91893
50497
73130
48749
52700
82839
29639
56603
66540
5062
41122
68903
4167
72995
26445
90229
87065
53071
56577
84450
52417
64059
24892
44985
762
84772
23896
70462
88869
27164
58665
71815
99796
29833
85107
66827
64085
20999
66918
29746
58841
10056
1751
38573
23776
6268
24956
82495
66467
18060
13123
43704
57758
36703
70703
2434
19928
71584
91633
18612
74192
72567
91839
21572
18246
85651
56979
28857
88643
74889
18019
45439
8965
50486
52056
99284
50187
6240
45869
33087
30874
2427
96710
4224
82314
19304
41642
95106
1872
45688
28863
41549
84520
99502
72929
86713
77086
8994
60702
8925
77433
70625
93969
46308
83046
67666
14393
77057
43996
60340
80341
55193
29425
32963
33758
87199
97305
55513
63681
35486
23637
27281
35895
52815
62496
1510
93315
2922
17681
36762
79784
45817
10093
95379
12805
57863
35053
63264
39821
71640
73032
65082
41383
16434
28669
8773
55711
4057
3455
502
74247
14009
58908
95182
27757
83420
87148
61604
16954
31355
98163
83584
51589
41233
58867
27908
60434
95851
69585
85381
37994
61948
88001
21687
81719
17709
55345
81416
75292
3154
62416
23074
93904
71159
12569
76948
68437
88089
45504
77130
99577
97937
7639
83640
22120
77835
79165
65942
88780
65589
76420
76389
43970
12083
49117
43888
57018
34063
92002
95758
27915
27341
45760
59203
13776
26781
81599
59078
47555
88394
97168
53278
27957
87599
65778
69797
33095
97065
26976
57678
47752
95080
58555
93539
12843
21631
7791
88935
18467
59386
90532
39067
83583
61967
59716
71388
96508
54350
9284
51593
86571
65682
61104
39746
22945
58553
43928
28108
3252
23856
53745
59057
70841
82120
44585
40388
83991
63973
59435
17154
52615
45844
47339
54612
89355
75516
54766
92145
74728
48942
51289
70816
71073
11031
80917
17820
93393
25972
24444
71376
58309
5828
73379
46081
9012
71417
96451
1803
89499
16040
80261
92931
12185
47137
53034
45244
49604
54456
96532
73318
32231
85441
86005
82192
63545
23099
59506
79662
6682
51235
32499
24566
73388
13833
12394
38468
72940
94751
3421
44509
99499
43374
53425
28720
16174
9315
36469
23256
20478
59655
3273
17631
97133
25164
16618
73885
23974
97603
72219
27198
59183
82346
35024
76449
94910
55106
46650
25500
17877
95871
2250
35677
95323
94873
62820
72364
71737
78016
44930
19404
74862
46188
91841
36192
68687
10834
21228
57706
29182
95506
16676
44974
77797
85453
15913
61334
76847
53429
52039
70511
7940
63708
99935
92464
44991
32718
94449
53786
14414
71483
24323
70907
48838
88364
61329
19053
37824
8087
76465
827
32691
72014
8385
43556
76143
7409
1999
25272
80083
3524
94597
3103
4780
52219
8176
84185
73803
92113
85323
38528
55682
4600
17293
15785
91354
33547
1515
15370
61492
37216
94539
19413
72378
51577
29382
75011
87105
82265
61529
16684
67902
59763
69161
37170
17442
10430
45840
65437
4563
8902
81832
29953
79656
76828
75795
69947
79040
12141
67941
61211
28832
53328
52046
52092
53256
59928
55368
37166
51920
85161
89881
34421
15524
35592
6373
94890
31321
28043
2196
45503
25611
7824
80219
23584
67252
45738
93482
10613
1515
41781
36498
15076
28311
29323
66800
60755
28975
87663
52218
33611
3855
60966
18724
98360
15769
82533
32015
89229
58053
95014
20976
5060
28486
62420
40057
77411
315
64454
52550
38714
93615
71337
6405
42953
61422
56469
62627
31327
54692
80033
52879
4221
88307
55027
92302
73656
15120
83696
11034
79709
86523
58449
8727
14576
6106
79094
99956
87149
42257
53749
41338
33167
23647
88299
64469
43790
55448
31443
51387
14435
26075
54516
85405
47912
64911
47604
85386
90490
45919
94155
40122
3040
54798
60786
98590
1894
6105
36474
29794
22754
35144
70745
49915
36951
43025
45856
1491
38967
37257
59080
37550
35236
71431
28234
81368
77551
74999
25005
6605
62754
23544
73818
63364
58777
68467
75276
56601
21514
91864
69060
38005
24613
36823
16056
21949
96695
91927
71595
35252
56905
60886
92536
19854
59493
79038
42344
2706
70872
27552
21699
90602
36819
19600
5539
34538
89964
45565
37220
23291
87521
76939
51447
13507
91804
94607
66454
51859
52306
2822
79538
38477
10598
8722
7399
1071
45163
95827
27090
65312
53542
17790
50073
77462
73841
22108
38408
610
33276
87777
76284
1593
77391
85414
96024
39039
13674
55238
47861
3666
83885
90835
61911
7952
4883
62834
27674
62150
50233
10329
16651
48343
92701
76835
99283
15557
27554
16974
98062
33759
45903
78226
42682
27206
97559
63645
85835
8318
77139
29647
17531
75118
86667
40080
88031
51219
38517
71913
2068
26215
42420
23334
888
98378
75489
41445
54454
64234
55591
7419
38521
19189
22056
58372
16193
19864
38109
74532
33492
78130
99067
63167
35595
50810
56081
80626
62797
34537
83150
99052
84986
86950
48767
37388
28765
72141
77910
69272
21445
89115
75366
91159
79277
4056
35275
95020
61878
705
54631
23055
11734
9776
5446
22185
31338
16939
33539
61421
8647
64774
59011
67022
14990
77782
41695
34016
34206
88532
87872
76079
35492
91817
57251
88118
51213
89596
50236
77373
50396
88661
73782
62450
77334
10861
46328
73666
87770
65045
62340
42772
94543
79743
71129
69923
32566
5452
95768
84246
9855
19219
85859
49310
28247
97707
42177
27787
91294
33429
98719
55147
25015
15785
24144
53664
81112
51964
28629
97469
75649
41035
89848
21277
50058
92582
5778
62208
78997
57084
48205
48738
21507
57726
10595
1850
25859
59827
12901
70764
98916
25880
55896
39435
84171
86993
25369
67087
38592
79889
1057
87758
20259
48610
57764
43483
13916
77297
58548
50552
83600
38937
50242
94872
5039
23306
16932
18486
40043
6390
75218
6284
57379
12952
29835
77329
92477
89569
88148
90385
70418
91328
85824
74634
50338
16205
26092
46337
98441
71859
37089
77567
32074
37720
16572
85196
18471
96138
35082
93510
41139
69863
41901
49342
47838
75081
36860
23887
25520
85452
83174
44028
54353
88637
35447
18500
98020
85633
36147
39205
55764
9888
26303
75658
41447
97228
69407
1074
27471
3666
40314
42783
89567
77851
75641
66647
32155
52543
39183
36923
75816
65863
26579
86562
10562
41309
83496
53585
29964
27762
21725
81849
10882
68012
84816
96365
97899
52138
64270
86750
47883
20022
5750
39637
49268
7334
87547
49324
42684
77582
84744
36425
8905
56005
99773
11224
69545
49682
312
7972
96799
65428
41071
49266
61879
90859
63642
42555
33883
58886
57582
12259
66974
51178
98339
96314
26837
17051
90871
81743
73670
18602
58379
68556
64248
18587
235
48658
20522
63410
15627
72786
11871
74330
93485
78020
46999
914
92607
45288
37306
50996
57858
73111
43725
482
8869
63588
76294
28783
95823
58997
81468
82024
71676
87128
6264
52701
61279
28260
91528
51216
60613
95053
52082
21977
24026
1315
46182
84115
39909
21512
81772
91495
2350
8812
35004
34387
43393
28743
11308
33942
26922
47666
68132
42554
27679
86818
3821
44351
4669
11042
46440
27296
22123
5260
16956
70148
58139
94499
34983
76676
21199
14800
37941
66132
33656
9112
49838
63151
95865
99030
1290
1891
12234
48058
8416
14774
42520
55741
92572
12340
25738
32064
11822
61718
56607
86816
78975
80817
95443
96728
99999
45880
81793
33268
58778
40974
67169
55437
82409
90924
16786
32549
7652
60747
31635
46913
76501
34895
74604
79774
65736
5809
13226
63441
20702
78279
63399
9151
94049
1937
82503
92118
79634
53859
28414
15814
42142
60810
25808
48160
87599
58781
46705
87305
3935
16386
84138
40762
14247
69369
94365
97048
82325
11593
85280
39755
86172
40133
99429
88253
97573
58587
42874
14225
48132
84537
52300
1213
20101
10044
51111
87301
69861
44566
94776
84981
3389
74747
32467
15163
35641
50025
61584
57023
50983
66065
23696
32960
59211
20998
38846
96365
15344
22081
22609
64732
4824
49774
83598
72682
25588
50871
28778
24592
96399
4747
67724
11134
1252
51403
83057
59991
87249
50513
59626
62440
18691
42205
46336
58886
32688
47773
55831
13603
76420
68088
72912
17101
61363
11511
53480
21667
51182
22064
90590
81557
25552
22129
91026
42679
11896
6438
43305
44385
12145
58471
4525
99494
98604
41152
6705
18767
62287
61438
70546
26836
71655
96371
33785
89142
99577
66759
22142
5340
1591
47739
99942
73543
59502
13818
64140
66516
18779
9983
81534
91278
37150
38045
43710
98062
86406
58991
49961
66704
68204
33021
18293
6963
99708
57767
71187
47724
90830
61169
30868
72359
72851
24972
60935
34364
75691
59516
11744
56266
66451
20491
78677
60627
45307
71785
96866
16627
50390
58014
96076
50525
86475
67022
45314
84404
24136
6312
98816
15108
22486
38411
85389
15067
25223
70454
63909
97831
69996
26538
46993
89196
20067
93661
51857
52354
89902
74654
84539
24553
42751
47808
28477
43978
66479
86950
98879
48268
36206
76841
18820
60240
69524
47049
16143
75465
31862
96941
1699
25179
76724
95032
99970
90447
14128
83979
86039
83408
42777
89297
35375
5285
965
50698
79041
99499
87261
32216
91183
96559
26898
38688
47140
6149
87725
15933
66045
8455
88484
63207
56933
11405
65769
32762
11001
66502
3324
80679
1098
98993
35137
53428
62848
9722
37676
48080
65723
79732
1785
663
24821
11951
48280
56606
77892
56887
37541
74524
7996
82505
80566
73910
78288
84658
36717
84549
16184
31365
68013
36325
32623
78041
98058
13885
69684
63229
69721
41926
93840
75033
16358
65977
43031
52130
85957
78746
43079
55033
60352
21595
89902
6754
82607
142
24008
892
19045
45867
19813
56577
38151
58746
26121
52731
46423
96446
21773
73761
70255
46239
28228
14189
65290
30033
55960
32988
19004
31846
49714
78881
54593
73453
56600
10022
92915
82597
98160
768
56693
2050
6179
13933
42924
50298
81437
75085
62574
73261
69905
91739
92722
13807
61753
46662
55303
46356
95483
44624
7329
92534
77672
994
69678
93254
86718
95306
2342
10125
35917
25330
29537
15165
7446
58398
38594
59545
92334
97602
21489
18749
86275
3741
83335
89131
52822
34390
85058
45812
40390
58322
84760
49504
85774
35503
16137
67130
19012
82657
51373
91610
14274
12166
10188
96624
90785
71015
49452
78378
19937
97197
19461
79458
50694
16318
52817
82183
93821
15123
54559
33415
43068
17271
46854
43670
82375
50558
60854
79645
30126
42015
66443
90658
62740
84944
90395
41935
54410
72828
72527
18850
63226
84260
91470
48753
20768
655
80052
51991
17746
91663
82369
21951
55489
69202
57006
13676
2295
83969
5819
64995
34528
63481
72036
18998
99462
5187
10066
18478
75572
69874
22445
53684
75964
53113
48399
73692
47988
47494
64308
25518
48346
25343
43534
67538
91289
29944
51060
52088
97316
5774
17370
94017
50335
54018
29180
74477
16381
15541
55893
66370
49219
98109
78412
85557
86347
17601
88493
15801
77798
66551
74774
11905
55737
73655
84488
11187
21736
25372
27517
19756
51248
85879
71673
55178
56493
2415
84312
25177
24412
32697
95303
34109
98747
52239
4047
78169
6477
55376
59468
60378
66649
94293
61245
1060
42962
13867
58676
54999
38610
62386
65164
68988
8575
75921
70810
67602
48559
5267
60891
50703
47656
13570
14605
43669
55392
47198
16507
70804
66563
19066
13104
63349
79251
97172
51437
90314
66954
29039
55509
58832
20155
45583
81029
41246
60374
61616
20385
39021
2186
26627
12330
64195
8452
36549
6923
43197
99030
12574
15891
32665
20723
58035
28733
95709
919
99561
22026
97320
74084
78135
64497
59027
45703
22950
13869
91876
9208
12968
81524
75887
67904
18674
83079
7848
65237
55991
49861
87273
63841
86978
92859
86236
75617
39727
25430
94695
54025
41735
74553
66418
22949
14071
18250
52885
80666
26316
62438
54786
44138
37676
49781
83692
91862
96180
63736
65651
88415
73674
49311
2893
89029
12670
311
55955
27152
97954
94048
94309
21997
44323
17757
10299
52560
67618
5253
59913
42904
93652
36726
34157
60112
83346
57513
54041
561
17278
90784
62199
39973
67155
54748
70430
52646
30119
68684
49424
83557
97120
21727
60685
81191
70095
54779
63384
88713
44654
8678
12355
90405
15058
94785
19737
52877
10189
54100
45704
26003
36259
20228
78730
9355
31302
91617
37486
81288
19984
83421
63944
49347
74332
65175
43281
40315
8578
95029
70492
63062
76685
33200
38839
90341
64379
92521
80122
43813
10640
93274
46767
65922
64567
64103
59006
32950
29559
83442
96787
46671
48813
26190
62062
77423
13804
67372
30919
2189
25294
18097
36284
68473
31893
90569
30137
7548
36258
20980
77731
60157
66769
63710
50881
80640
85583
17229
63239
55370
60281
54547
68032
68895
78515
25443
3255
14764
31842
8577
36226
69537
17479
47858
9996
61686
28504
5875
45214
43566
68828
3749
96361
83513
89186
44965
47314
43251
26655
14138
60922
57994
94434
91688
56361
37405
75766
38017
10039
50847
28723
98875
55991
20283
32545
62269
49184
85906
26923
51763
68568
11455
6428
97
6783
17276
42808
90323
25110
42782
35865
92595
89931
29306
15781
35348
49378
27947
88968
58315
61281
10604
65620
86782
8984
45119
27601
44180
65931
40688
58786
17804
55037
41044
27830
35530
28571
71403
52231
63916
23746
24324
17939
52699
21838
608
81493
46300
7136
33454
25152
72998
32522
13622
61239
80462
47802
38225
26315
69726
4898
37173
81937
58756
11424
91023
69215
70790
62671
67977
32324
77716
65192
65803
22049
24470
75254
25405
83368
20068
41621
56330
90639
10548
47142
98017
95281
48526
33714
32021
31297
5020
3832
51557
74220
92445
98293
7829
59818
14616
71151
80475
60064
79022
16126
22518
56054
47368
19031
73239
65936
7472
89207
53028
2731
72827
94664
74066
80662
82499
16339
85072
17482
54899
14850
31203
85895
63964
1296
87595
1388
24005
25808
61124
38898
37823
13303
95752
3590
40054
56199
1778
76002
17667
70713
34366
79623
4894
90725
11692
11737
42641
96465
83204
99255
5512
81140
29811
79925
39365
40902
54067
47736
17424
73126
32777
59053
86539
4615
49031
294
33027
34232
8754
3666
12802
46319
3678
68632
68834
34993
6773
28464
45308
8160
42838
78590
702
3361
82650
83724
16603
66121
90546
73378
8221
49860
21709
61061
25046
51426
33974
96521
26099
99583
27577
20180
14097
25389
87174
34417
23146
16415
46702
93038
35560
49428
23754
63155
63194
96063
90716
26878
51524
21231
53197
27807
30864
14976
87637
97133
94435
81181
96505
62852
57803
43951
90222
9180
68724
51015
63771
54695
16826
45348
74909
45990
50360
1346
82437
36488
65919
1087
28604
88449
79074
47435
54726
29795
9390
83147
41828
15867
99703
33994
23475
96554
14094
84125
13651
60158
62703
59601
72674
8653
61974
51252
83558
9358
16081
79388
265
30868
80849
23704
30494
83079
89818
39281
80387
45440
98554
56380
799
22785
68470
75871
8010
23663
36416
93309
37164
55310
9061
15168
4061
3671
35554
58210
25324
38488
7671
53112
83100
83048
96212
9372
47016
23973
96016
19669
39750
24492
99896
10021
24329
67989
58628
7791
2433
18376
32581
37090
34238
69567
65659
14919
51186
98522
57795
5891
51476
15257
20110
1801
72192
78234
9324
8639
47515
55503
38535
53259
85397
69467
21581
89467
5415
91401
67429
21294
53436
16168
5250
26305
42572
94823
44629
7898
94628
44745
36220
70347
52673
28293
19769
69283
8250
58686
22398
68215
62398
79033
85220
11176
67378
28448
91131
97745
48317
95122
24092
70064
81439
11524
15930
7246
50395
81113
87959
81133
80662
77337
33490
91885
93368
43665
60893
5658
39535
89734
81261
91926
67090
68503
31724
92351
20003
40815
15720
26492
78414
7972
32910
86121
54766
83983
82929
3356
84623
32808
47268
26164
974
56317
86408
4670
16220
77038
94558
26435
17697
21257
47870
95153
91614
42749
99456
45219
18987
37469
26168
94160
40159
91603
83519
95662
57069
41502
16716
92384
6219
21769
64321
25891
97294
37481
14146
42577
54578
58195
62880
71152
72246
73848
17620
61851
71780
62175
32231
95114
87277
10333
3085
11264
96019
24339
80851
97745
53344
24835
1806
71502
72820
90096
90322
18031
51036
66994
28580
92059
98621
29715
32871
50487
85329
71401
37746
78697
7752
98512
24611
55655
36655
38243
72269
34625
95278
24695
36589
71560
12715
12885
54427
37753
10445
18897
38651
80778
83387
66795
15602
57744
73346
88962
50134
40011
97973
63792
68639
6415
719
45286
83546
31375
43540
80228
76572
34183
60181
5461
51378
52198
80755
89061
24823
91062
99642
3008
25440
46026
87567
78441
4081
91396
48197
46003
66802
97024
34888
14208
80828
42688
9500
35955
17934
18804
93280
43412
39036
97861
58284
63680
25830
47583
41274
59561
71559
38105
23553
9969
78180
14658
6139
48703
20260
99018
27721
75772
87423
24042
56941
23757
43951
5905
5396
68173
65251
15148
73110
16421
627
32656
77686
70379
58509
76743
80485
81717
69774
14965
95811
26712
97580
3174
26021
6306
97104
29559
59410
2511
72737
20765
17735
40844
20571
63317
61435
19366
62463
60009
2780
46606
30980
52828
70232
28907
25547
12755
20504
9660
22256
28895
83079
6857
22044
41451
12880
64068
38263
90814
67845
45762
61403
51886
96924
40528
64549
76258
58100
1139
68452
84705
97493
80864
33875
98908
79349
16661
79939
32565
38871
19250
2577
88043
74702
42199
29048
99939
85248
61244
65919
46932
26150
14983
67859
99599
39503
17581
9807
58954
21571
57832
81687
10983
99333
33937
38309
25573
55986
28123
65178
38787
10247
50316
53878
62860
14303
31032
69955
53540
9785
65851
76076
43117
70104
98419
96235
52086
53604
38840
49183
3457
63981
32825
76700
90032
59248
3957
88061
89515
6355
1298
83156
19184
48586
24381
17826
53719
11196
70654
94563
56673
1663
49911
61376
79229
47679
84250
14056
9398
96030
23716
16248
67228
88886
15482
19447
58190
38458
48158
98623
53345
96954
80046
41813
47312
4197
67129
4762
92096
30089
1439
7194
22318
31638
73732
6785
43287
13120
75984
92941
7075
3715
82118
59103
79663
29569
72191
99595
32950
7591
24099
43439
56796
71278
57923
57057
51671
46813
39061
57536
11482
27915
20365
47116
30495
18114
12277
1842
93872
38207
74729
74496
91761
92790
66065
791
74798
39987
23452
27230
25661
18075
56437
29522
91376
60273
59813
52667
78841
1652
68997
25722
53754
1637
13405
65919
4232
96967
5054
78615
69723
20895
37465
37795
79957
70875
11418
58980
61196
65711
39652
11890
94518
20314
18282
14955
34768
37191
86823
96232
39595
38800
63067
49867
96211
