18132
62249
2379
73066
97582
19807
4197
38927
35289
57629
3563
29543
3358
11357
36820
30543
51020
90262
83590
47796
1177
6207
54219
24978
8512
24481
35429
391
42889
79416
38200
28217
85766
87494
41541
87968
46873
88916
41336
26225
29299
1477
85975
87784
78039
80569
27643
43026
22141
56763
47291
73172
93011
80935
53315
97756
91390
61468
77028
47490
16382
1049
42916
63930
73327
7896
41110
23000
9292
38180
7493
65472
96686
79256
39179
72170
20146
49461
88414
20527
10040
74239
65737
26994
26375
2229
61048
41070
64431
29675
15340
43959
64262
99685
13263
2639
87924
43987
1314
28937
70890
41604
59730
19058
25933
97384
38698
79968
56529
67878
47841
26458
82368
45046
56052
89154
34970
15164
4366
57147
39286
21281
27363
84251
88102
75344
53052
62318
47832
28906
72109
88612
78969
64679
37507
3416
81653
56682
85049
76222
61017
65311
29673
81161
55098
70547
46335
5718
3598
32816
87721
64344
35671
91060
97547
13153
21024
30733
87728
52681
61568
86131
94234
55070
15580
55425
19514
66121
67465
47122
70619
63832
591
95668
97721
65102
91625
60044
55215
77251
19624
4550
15342
12441
20055
72854
22666
7324
42202
144
12685
92341
80592
28640
87311
79916
78743
99911
14141
49367
96078
26836
41622
24899
10261
74746
77525
12797
93585
64755
74889
90014
37645
74417
5472
16881
42586
63804
19137
33602
11094
9262
54553
40421
51115
39591
26798
77472
78606
7981
32943
72246
59336
90723
53548
38673
113
59781
58114
73868
14520
80574
75567
72122
42591
67718
58531
70133
10307
3675
41943
40359
35578
62426
1720
82574
54005
7130
82459
66576
92261
98054
38005
64828
58297
37781
56290
21720
72805
85224
88643
66700
79711
8575
31653
96363
29827
20504
49948
22937
24023
25701
89647
70909
6984
44456
31468
27684
11091
4238
63932
9807
66208
95782
50289
90203
31400
29917
36284
77387
93367
42487
85948
48308
12524
51595
87569
38789
83678
37243
75022
91728
84153
31471
86412
28217
21862
48045
6363
28155
44968
77431
44147
1425
26531
29890
82825
65512
8055
47598
24798
34782
32970
32262
22513
44086
99619
33974
74229
49372
54706
56836
38589
86895
62126
39213
84723
96240
50519
84893
99944
29126
7097
78601
20678
34507
38610
76461
4065
89174
64106
4285
28651
97061
64993
58922
76295
26471
13608
8308
68950
31268
86373
14086
27533
16266
73465
41651
59560
94325
79710
69578
9911
88441
75754
36536
58710
65839
23601
411
73243
83450
33543
8639
10729
44629
20610
52215
24481
86203
90941
69017
71416
97554
7737
93174
77155
76724
63583
98900
59759
55548
225
89066
15085
41898
4030
91704
70058
43667
8100
78113
40509
75912
87471
34566
41978
33184
94768
41728
84643
38021
67241
18329
39422
1976
57300
41991
24162
37410
33635
62950
81643
38105
15779
12241
38093
75723
55930
3421
73797
35081
95983
19090
51754
14483
22184
89991
37795
28444
95342
78777
97938
66138
35150
8263
24334
67308
7481
64013
686
27400
75306
699
83489
76992
2471
99538
35483
75152
25217
69339
25642
30727
42614
65091
20103
19504
79894
24278
65895
52060
93634
78359
63473
73325
23152
14905
17258
289
87531
85501
63980
33209
29304
48585
58741
36038
51187
54497
91676
63887
93304
33669
47198
49152
65693
75655
49270
87603
62204
54503
69388
49748
18031
6637
94596
35187
18932
23265
9399
6059
3312
51178
87263
15242
21968
16706
28043
65629
97034
73523
58578
3290
33410
91377
7589
4009
7528
89170
58173
81647
8959
44846
16052
34136
63481
4847
42703
58048
9917
13621
97720
7423
77515
62537
17067
68655
40054
8188
59206
62683
80784
39451
82691
66117
92132
99345
84834
69012
55964
3129
75647
88857
2530
72126
8100
35356
46020
11570
95799
25672
52017
89255
23027
10767
33919
42733
75380
3163
99983
4393
26124
18067
79113
96974
92339
37286
97153
48922
67035
5751
92827
80816
50881
66884
90314
11757
3679
93653
7700
52233
59039
15006
22833
54732
84170
27761
83858
64235
95583
67267
6207
47134
6303
49913
3321
19039
25220
19983
7774
10848
31410
72900
39402
60841
33958
21574
79834
73358
49803
39605
62796
8745
60971
37239
70371
37465
84674
78296
76839
48342
35887
56827
38633
23215
70180
75329
30372
24290
81500
87060
46302
59799
12204
32881
78477
25818
6706
60113
19351
95156
57834
87442
98194
29317
41760
95046
11627
10752
41023
14616
51490
47586
93864
20886
92689
25840
10942
17055
55245
18188
98974
39659
68486
22259
15629
54385
55177
90231
34601
55737
2020
18868
92289
79487
96809
29105
83457
97856
77612
90934
88773
43045
83367
49060
31182
31721
1277
20244
78707
97576
22778
1520
55663
90982
98457
34824
38136
97880
56256
31091
48848
20531
4614
37827
18548
27344
13301
47394
87666
97081
8267
3310
50327
68787
2266
11567
83078
37671
74766
4433
58981
37359
82703
69891
45426
59193
88252
11370
66322
60507
15352
5090
51402
11795
84385
45715
47527
73401
60250
84908
31735
42885
91915
24062
49594
69142
2623
70871
94387
80198
22891
70362
35353
56903
24174
29656
95467
85465
5363
35117
12864
91372
51411
8537
35707
91789
41304
23961
70077
12591
93788
59297
86805
93623
91089
54457
6546
91683
59898
47953
42202
26423
61973
62114
83891
28198
66204
72131
40510
93850
64993
77796
66787
97057
29303
89195
77543
53748
7631
62441
92123
85412
9696
57111
96143
83299
11008
91186
62307
29901
40047
76305
81309
14961
85811
20063
47990
53888
60285
80601
89807
27248
53866
61957
65314
17517
69958
909
74291
5053
86507
20727
57637
33102
73544
75010
37353
39807
3485
76159
47665
23816
29442
61161
12738
19110
58374
67299
79528
41127
34453
46541
34467
6958
16979
62946
61791
59492
19174
79313
39842
47483
14096
69814
21407
38528
26713
35445
71911
77533
49963
60658
20479
23592
41527
96143
7788
23339
82741
36771
62347
3152
80360
67700
62077
37513
70496
6865
96960
49370
29465
23854
47929
81924
90881
41692
27884
12878
61047
95364
82350
24401
27151
98016
91794
7041
96754
42647
20576
80660
28322
36915
81924
42960
65434
88097
13538
14965
73812
40900
86439
96387
69765
86422
96506
93801
54755
30460
23474
68076
69382
45732
96769
90577
84492
1598
55438
12967
10071
64756
8896
21652
83377
10823
13846
8090
91824
38120
65428
16933
15188
50576
76952
87860
46284
31709
20555
61089
50297
44681
73011
53231
28235
83944
99108
87951
8007
14942
26455
30287
746
81626
88883
73311
14887
82963
5639
33186
23820
81950
16217
77870
3715
96553
49593
31231
34868
87831
93231
63166
61864
31417
76980
58569
78376
15429
94044
24000
10436
43445
93712
15563
46223
6206
52698
64139
55591
30251
97529
70012
51379
66966
36373
46083
93094
85763
95596
26266
42752
3257
91787
10357
42867
2430
94808
67056
66498
91662
92236
97367
38566
22103
3358
913
56426
83187
1786
57290
96502
79043
67377
99580
36586
44005
69482
11513
79040
74674
53622
18648
96275
73879
19137
37849
5087
46541
32421
89847
70302
77367
33848
521
28881
37240
87269
66804
92096
47886
41272
19025
24824
6351
63603
88342
27027
75134
15518
76900
24726
59722
19547
67373
92595
47459
6551
60543
24303
95098
39645
33074
33726
88725
94053
7785
9322
39019
87753
50504
3571
2594
75447
80627
65456
83330
15107
8255
23187
46869
30516
5368
63627
16222
52351
24365
77347
96340
21041
70267
87720
6297
84453
99413
1959
26171
34357
3149
309
73350
47374
4962
29960
30211
64412
70213
86147
57586
78244
13481
94511
99839
8401
58568
97700
55268
34277
13420
2663
49275
21169
61217
74061
20862
6241
2740
35774
63741
81198
60743
31061
86331
25847
27924
4291
5222
30858
88955
24468
28689
26203
19338
80297
18608
97463
93000
85540
49231
28979
88671
11139
26126
84861
83300
28291
1981
45940
84867
21861
96528
83060
99691
35054
68224
49353
55956
33513
78430
77061
37065
72775
44276
26380
19637
8455
68762
80748
85262
62352
57010
75691
74137
83803
66273
69272
21816
30637
62954
4227
12663
15330
30216
82281
87855
46310
49831
19624
97876
49884
26336
88497
55266
90657
38416
27451
37087
84619
10515
25683
9804
98956
50594
97745
31853
79442
25287
57127
88691
14960
46392
11155
9955
59959
45080
77971
7365
56574
23941
40984
62026
40994
72383
94834
14138
91718
59735
99851
99514
42523
12399
12081
82103
59898
25011
81707
14865
7118
81684
53356
90983
63184
9373
71045
35227
91562
51124
5493
83521
58877
17295
54332
10377
16573
5551
17549
66119
35833
74526
53250
63611
54041
70401
98569
21634
49665
11482
38139
77721
88146
95580
2797
43656
79888
89067
38944
14227
86398
3216
74356
26424
17380
89495
40025
41062
33811
23653
11397
34683
1407
74073
40130
29911
65899
30973
32799
94722
74339
70185
47462
24663
322
61076
54414
41388
81332
61752
21383
98239
7158
3585
37138
85022
38074
66098
29587
57491
46886
72084
5087
76874
28508
93435
38256
9057
43220
52184
83735
77195
44197
90004
38384
31680
64450
94192
17649
62053
77217
98646
6813
44563
61304
68091
51413
46599
36832
62164
49838
6149
82300
39985
21342
19498
56466
32570
1007
8237
59863
15909
17718
98800
20682
16945
2365
4361
78518
79939
28828
90888
50523
13242
38599
59140
9799
45265
41889
36102
39133
9168
12334
15441
32759
70095
96165
86893
34248
21609
35653
21743
93722
14648
45663
42022
8086
36691
6065
46085
92291
5889
44274
12808
99269
5464
68617
90308
774
13591
33528
71600
26195
6972
82390
68618
49821
58723
77499
64007
8928
24955
51380
41691
19744
5734
66870
49697
4078
89614
7119
9192
82379
54879
94424
59994
58116
31908
51526
35657
6427
2626
5024
74296
81958
75371
44363
45060
2257
53056
72129
22126
1406
2118
51617
54630
73325
21923
45599
76340
45878
21685
67900
74726
33139
16912
77232
89265
47291
91154
52356
71078
33897
72229
31484
16436
17307
99888
15697
30227
82230
3994
55645
28948
45767
60188
28815
9250
46020
322
89919
48276
82577
33246
88956
64211
34399
62088
85536
53091
86895
47734
98533
87247
72084
31988
9105
21877
64310
44449
18860
75723
62738
50917
32530
19437
15871
28466
87172
37285
683
84055
43193
12757
57572
16507
40434
63651
19603
79900
2635
82146
54883
89412
41454
66553
63392
55236
40129
91986
45818
72752
24063
78977
968
78327
55525
52911
97353
92029
16866
43618
37157
93206
77841
83306
69970
72673
64132
30507
51604
79551
48182
92322
24892
59599
13442
69334
44112
80424
97906
96765
31435
54770
46096
13032
78459
55361
31608
14539
97801
82031
81774
35117
75510
33908
21868
23112
42336
15909
4340
94654
85348
95014
45124
7065
573
35661
96135
76924
11626
25333
86823
76843
21678
47355
79233
6771
1649
10713
87249
1208
35044
70237
24108
84090
73474
93061
47405
57347
38482
93401
96743
44207
59976
45444
18713
36856
78827
66000
15071
58462
72817
4990
96805
94351
82023
45503
39095
64568
22861
61490
34739
70024
98206
58651
80640
95869
79661
24027
66872
39886
53002
75922
49633
36148
16868
83982
217
53910
24009
73166
13007
78160
6729
93239
70927
76414
5145
22194
87861
96106
56275
40993
32387
36592
19578
73372
19629
65739
35451
30541
36434
67198
63439
77059
48581
93697
48989
56631
28105
44133
42108
79257
84027
30118
57494
10037
34889
74828
10473
6184
53857
73054
47047
96793
96740
37828
68317
31542
36505
50679
98192
29004
48829
62983
43491
28482
91800
12136
41589
45747
55820
54298
78472
13702
19079
58868
5020
97676
37719
52941
84506
32021
99901
95910
2701
75151
23130
26295
56842
18172
37542
15988
43888
5230
55519
40796
2378
4002
77886
65854
95154
56311
6086
14601
1040
79817
94070
93006
71615
57326
72574
3188
7505
44364
84142
51224
41193
86422
43785
45438
50822
17825
536
84152
11327
35111
41724
73906
67017
77655
58843
76664
37814
88694
15451
23717
39832
50902
89517
48201
68004
76401
25121
93717
42961
25475
22487
33702
72319
78818
59670
38220
40916
87003
86997
18326
38273
34313
45238
92189
28708
48820
80083
97801
56487
21508
25360
92899
44645
8769
65328
92344
26221
12457
83780
11078
42367
42412
8926
71270
61203
40328
9892
51127
21881
34204
67807
95491
91930
843
99219
68016
77918
54191
32873
42853
64647
79062
28872
87158
17243
62750
69027
63726
92031
38985
30380
31993
80062
17405
70149
33259
5001
41691
82135
73456
80600
24345
14875
65169
91471
57694
502
82016
38171
59354
13891
64960
56124
92544
33096
89011
10813
27488
84649
67714
16798
94917
74427
27683
37971
85224
29009
92490
30053
60367
77011
70094
91478
88966
91789
10390
72002
86488
49060
92288
89921
6410
11682
13646
30120
96756
24434
12142
20272
15805
94952
28325
10766
96018
82263
7959
85825
57378
85926
68597
33067
43673
46141
2403
37110
42551
41273
65285
78968
44845
51359
99845
40689
41203
49293
74628
67665
53289
35084
86683
56183
86568
35234
65484
79444
931
71844
85290
29517
73311
90888
59841
75455
52909
86040
22468
54557
93952
38947
65746
98325
91088
74733
86691
87089
94697
41223
3604
46586
92880
28697
10765
95062
27764
95068
78124
52210
90061
47684
29584
36699
40179
84346
72515
56293
79357
36552
73700
41487
25557
13070
5777
37278
9045
82001
64590
6757
29504
68179
95860
56966
84223
69054
57337
76819
27286
77049
54839
97805
78979
3325
73756
30510
26930
63298
38830
38434
94112
86034
50328
82255
67562
77759
30678
57141
91120
69936
63769
40272
73260
86294
46071
73371
87369
26141
79954
15055
78914
87103
21219
30154
32089
13010
10019
78794
99792
47074
48758
18648
33287
50265
75828
39521
9171
32186
15797
89471
21463
18797
48665
2999
82561
70484
62161
92956
51811
81596
59373
68977
74125
65456
49315
15531
92580
92776
87897
500
40993
2910
88591
85516
712
3393
42124
31210
53955
75138
49411
87969
33755
29356
8193
57982
28339
55793
3958
97645
33760
4255
45342
60858
81929
81873
69195
92085
59799
16162
53905
65680
78073
89468
56973
4994
9783
70030
2323
3822
61200
67325
3058
45405
67218
72881
71174
45799
11797
51248
57659
47601
3381
92360
26616
42545
96299
89798
62767
52333
21286
64740
7424
83745
12779
7294
56837
75487
37126
32901
89629
76624
49644
27277
4120
33753
68303
26721
14524
95609
67197
96982
2386
67950
9589
85885
43344
1848
4326
42866
88612
88949
46694
2450
121
48844
44205
34537
32105
45189
19212
38121
6144
49493
85324
89463
12200
70967
35879
55551
45655
27734
48029
13991
28913
64903
98324
61857
11322
89043
91152
86683
90972
90963
67179
82864
67922
55252
73265
87841
43823
47993
77114
14142
21486
79744
50053
30590
15991
80157
81293
47407
44938
66370
47210
11623
66827
84192
6631
67097
6858
15975
78204
14851
90701
46633
53160
98499
37341
24605
86956
84842
27530
52608
65990
21033
24956
57206
26697
92712
33943
93645
50165
60790
98729
14914
49721
22298
14804
35389
10210
15719
28915
55128
20221
67567
42122
18749
44849
44815
68142
99373
89362
97255
88174
13884
87300
31661
36573
97338
32397
21687
49885
12941
53396
91958
8810
55866
57628
93955
12032
89346
77591
42289
21865
98729
97225
74338
73735
92018
61018
93558
52122
82757
94199
5566
27215
35475
58439
59566
57190
65297
17637
71632
21630
15487
16510
22486
26975
80653
76488
56903
63683
57875
83452
36091
42818
66878
18098
41154
25656
40043
13368
97150
97269
79436
86127
95249
39970
52935
96067
67792
59243
89118
45956
39191
73581
66377
18085
34167
13213
9439
74129
54058
38354
66676
37349
81991
22256
57468
19117
16369
72786
51822
31839
20650
86291
62596
19694
89188
28793
60862
5900
24408
14687
14534
25056
272
27742
44142
95584
89726
6455
10037
37290
23568
56031
72137
44549
78651
69255
96071
21263
66452
10119
92286
77282
2878
34983
78289
41768
17853
21098
78714
2551
8169
67351
1740
51244
89182
4261
55154
60384
64528
82434
88563
47817
30364
13440
91510
98640
50746
37309
11266
20842
46799
42029
87774
34261
96062
45094
92440
2545
78494
99432
24193
86776
24391
56935
65685
70683
84006
93078
78456
60091
91249
7762
60956
7649
84692
98024
27903
570
54889
34724
26290
16883
82405
33687
65684
56621
67343
36900
73276
51676
83053
7463
94486
20066
21911
54722
87236
3043
65196
9574
80966
35588
24739
66650
16373
34309
56730
59435
86633
49721
43082
11984
27066
75614
78204
29977
17155
25885
11508
94516
69250
61343
74956
66139
55068
71113
3900
83645
55294
20310
47700
41447
15935
90768
19852
31023
92257
36011
45491
477
26646
90334
40003
24503
77375
13470
37366
73031
95695
80665
45714
25515
2254
14316
20159
31160
34489
94210
58010
17356
43303
98697
88194
77711
73543
7954
43919
5157
75877
42789
63938
60147
97643
15519
92279
28939
28644
33545
62104
70901
91676
57014
11660
45852
25507
88153
18028
62515
44944
46816
76597
96354
85890
62193
45721
28913
63810
92351
4080
62767
99300
68201
90957
97887
32396
92015
66187
31008
78766
98802
42310
12024
24525
18023
94341
1116
47685
53432
33621
18974
76133
4471
16402
57716
89907
66496
2974
45825
88115
11242
11156
42274
62723
39625
23190
22775
73822
42531
82754
70635
40000
73196
44931
83650
94440
27073
97316
76607
50649
49886
19007
79119
62075
33116
97364
47285
74528
89067
40981
96659
88320
31399
52702
85458
34885
95610
46562
3790
71715
83438
19520
25888
54015
68749
93076
50537
84496
26679
3722
9144
44483
45759
55982
38265
74040
89571
55359
29115
35050
43205
58082
93691
55564
63819
90034
65106
27119
37360
89428
94200
52608
69092
98761
34131
19790
91335
42077
23136
40521
95581
26525
40541
97894
7759
84038
33808
2783
32254
54199
77368
50231
16484
40424
43822
65723
77737
82676
92535
52036
23359
93522
69737
86330
7866
42370
35735
68658
27023
81762
33211
34071
76840
40736
40095
54983
36002
88106
93640
97716
25475
16961
49120
44139
507
11340
30303
54417
52790
82057
44916
50185
58394
19358
29941
31347
84804
13198
33121
97487
61722
50151
19086
1278
49580
75927
81333
96553
44139
53311
31222
15515
35718
81984
23272
28009
57598
99538
5825
57042
16805
56404
7071
84994
40183
18493
82481
40336
41524
23057
5061
71015
88538
26191
49134
17634
75515
7079
40593
51313
71776
10313
96428
72824
57978
45497
34820
29334
82592
18878
80298
19171
7274
32057
49418
76754
65801
40243
3215
60886
58977
78127
21846
80449
50340
97439
3949
63111
3595
69235
49864
53506
23828
16844
91296
77583
32211
63502
95368
82709
83318
99668
19981
86438
49274
18813
87689
15581
13955
70660
83013
49255
1212
5485
30185
85663
53675
74075
51489
92402
31184
56031
4173
50433
93114
13483
5061
27972
73478
22053
90759
77099
74421
47895
26847
86816
75304
739
76913
51784
1531
91507
48422
75497
9179
69870
22609
33798
83301
14343
58877
59013
92541
76624
25109
89105
60840
13740
66927
10107
73958
34081
79414
95675
4335
92460
27410
4949
77929
41839
72694
12375
19747
87845
3686
45407
39185
53335
45795
75929
71717
41607
17301
62725
20198
43657
24180
3735
27472
2961
18130
94168
38792
4615
20616
30314
62905
23863
9084
65225
87984
77317
75820
11341
8112
4542
44730
93708
4211
6890
56915
78364
52958
9310
50749
69142
15392
54222
26077
96822
7047
20607
97955
96575
75551
73497
87154
88668
24039
37244
31408
27040
67345
52394
44166
22543
75286
9890
45428
30550
39764
68813
86197
46485
38694
90257
41610
99773
42334
69155
26373
90259
2817
36889
22004
42484
64703
73662
6024
57652
48877
52414
21282
3263
45505
12129
4281
26240
8682
16949
1386
57343
23529
2115
82108
28741
60335
30148
19982
28796
49781
34381
72640
70034
26194
59941
36059
6908
54781
3383
83486
61398
11423
3650
73894
89000
54355
20558
13912
36485
96381
48474
74926
1325
88741
65969
62749
82258
51695
41786
4447
50360
79960
51534
12705
31766
814
71941
62187
76281
53004
46793
9127
91975
48209
41068
19408
17344
72188
69206
91512
18497
88742
94166
50422
90531
3932
22649
64331
352
46712
98137
57487
19861
90331
39693
37405
54435
57065
30366
7864
72304
24256
71897
46168
83627
46774
16224
1012
90828
65903
78428
62093
54201
55960
75021
58133
60069
48291
29377
32347
40018
34079
64163
74132
31160
11763
62731
70344
76830
62679
61716
63574
27045
85518
15210
95108
59781
45604
46594
45767
54318
77025
18948
88299
30448
99783
20131
90143
15158
71629
16621
73345
38381
28824
45757
19842
18723
70483
66030
68501
299
29323
56842
81657
20317
90410
40129
16576
41817
1806
33461
83291
80108
38628
64594
48645
24459
97670
97755
1161
80188
15375
63871
34928
98293
80663
10155
99723
95708
79152
27865
55385
92333
539
91462
76341
37498
96615
83809
74688
45068
4839
38558
75494
8904
85135
30635
21104
48429
99211
9786
52357
66170
48988
82013
46365
15725
70384
7088
13476
66021
8060
20144
14088
54825
19449
62730
72319
89633
35993
26830
86775
5762
43524
16001
55771
37608
11251
72242
93727
3931
87688
91428
23721
93396
54824
44106
85532
39833
6519
61426
5186
72324
92750
83832
45589
22082
94171
52891
23562
50199
69461
16780
1178
42366
31673
86626
17614
28398
72838
74219
33447
48313
95795
74269
36744
48846
93832
18987
8352
72926
10047
15603
728
87195
70808
79124
86965
74460
57459
43580
98922
6974
60910
69343
6557
33413
90779
65733
78100
50144
36924
31674
80028
87242
35550
34441
25494
64204
1455
38818
37278
41471
1278
10840
56378
3760
56974
21384
96731
18237
60534
4371
19731
81532
68600
1292
56691
46074
56732
67821
54303
71936
73640
21956
65489
93714
98718
42539
54503
14162
15314
87701
28618
88769
23814
85444
60444
20421
45540
2520
98205
91782
57368
99266
47833
94643
73832
26518
45041
62978
41712
66623
18373
56244
31902
67532
42331
40630
71431
62152
68687
17092
16740
20456
98904
51240
87053
79197
31634
43296
51056
18249
39052
43646
43277
69326
27504
84841
92497
34914
40075
45312
7533
28351
14585
6079
55123
90135
69934
88762
70253
1092
4547
56006
55033
38941
64699
94743
78469
51045
68560
97220
61859
31742
28991
35047
49385
82299
74029
3712
23912
16051
41428
75929
23078
67536
4111
9892
64314
90439
44350
24769
25156
78531
67989
52828
32742
96666
72263
67219
63619
6657
63275
21748
79091
90331
8136
45093
56800
40140
68995
17182
98880
49357
44001
38736
35087
14456
39067
40489
99464
33474
17086
36367
287
41064
57083
12010
26495
11874
77138
7583
19451
6581
16885
77622
70419
96837
24316
4189
52197
4487
69541
48933
34221
90036
57478
79978
24923
64889
80625
51665
61008
28747
10114
53898
45300
18585
488
68404
66966
27162
44398
91071
24513
29541
66372
34445
9240
83007
97647
11922
1230
49198
22441
27931
82756
54188
1078
36619
58560
77944
30053
14399
40390
95975
85280
14579
68118
72472
73520
69886
88993
90148
49775
14489
47881
3764
84555
88957
75765
39469
88404
15849
30637
10726
24835
81859
75288
32378
19142
81206
8080
58105
87468
14297
54495
45657
42634
91281
87320
85481
17319
31532
40820
82566
17802
65070
94983
93447
54782
80874
98302
29555
52160
25702
62776
65555
42629
65472
25342
69697
21002
1135
50048
81567
39865
23170
67278
61605
7764
60325
40559
45842
13634
59139
28898
90531
95411
65733
52143
84066
530
86487
87240
43286
36582
21196
7905
92888
90020
51224
24009
25222
78165
92507
66212
59632
42272
33758
47975
45487
97108
84758
72592
71157
80947
91461
21823
68512
77022
83807
38964
41065
28089
79018
23686
35225
76187
95263
39709
42394
83029
23982
32142
96075
43900
73918
90257
44494
13717
48465
69343
81564
88604
71237
26509
42872
13648
31927
75360
11776
66974
52643
24844
95
87689
50374
28237
35200
16179
58180
99649
23677
57931
85190
28064
88182
11891
12955
5944
73982
91724
49471
71402
65326
6816
22265
85659
49725
2284
78942
14712
8071
93448
89395
4265
16169
64053
30479
82512
77487
83298
60767
66303
35397
90746
44771
21811
53514
84717
90870
58608
7747
1625
41100
18042
66796
7733
47572
49582
5288
86171
31196
5179
97785
6896
23795
36225
56939
85393
4489
96228
53803
67515
43891
68012
45046
19990
58955
23004
53900
10335
29013
67084
84163
2641
88028
53734
6775
49103
89082
26042
92735
50609
91574
45470
76859
17385
41352
56902
58665
80081
74744
47163
80983
18034
7045
96987
44851
86835
68417
40654
44159
13916
18841
48992
21504
61350
76691
255
55189
44098
68560
93555
50980
40098
78769
51284
77360
30920
4821
76589
8071
51753
55200
95596
78008
35677
54168
13890
9282
7462
35177
5789
14503
32282
17480
30111
37951
56654
88885
37179
4009
13089
83417
61772
86172
50755
2895
45202
58108
41024
4575
98922
35944
49261
12485
8104
43248
94030
25841
6708
8548
52129
45223
42366
50376
58155
10374
34399
50468
61180
31270
75214
98743
73473
92506
35067
93739
4135
1654
33067
87427
70247
72778
38833
5810
42482
52011
39494
37285
6042
23187
38212
76544
19962
91647
26404
55335
87011
39479
41746
41554
99460
13546
9514
44516
40182
99127
57618
20245
67553
5896
41396
37834
15982
42809
46454
94214
21899
3543
3959
84187
39508
69091
64072
83833
34916
29173
77060
87591
41047
33149
57198
21231
22811
11461
18694
36114
17075
58611
79943
35805
72167
80203
55744
3668
64460
52368
84461
20811
7819
84523
91793
29300
41521
63012
76018
97778
43123
85293
3217
77836
30331
85215
66149
24189
24499
13083
25555
13576
82669
64883
54092
15496
44844
96641
1859
50790
90803
32085
22057
98980
32424
97452
38855
80918
13701
3931
10007
33264
60347
13867
14720
28026
40131
33855
86540
69473
2434
53681
19879
39847
46615
12538
3126
78490
35909
14352
31570
87330
27256
97545
51584
36244
78614
1246
27118
8452
27203
90539
1452
70423
37168
38035
40068
40502
20834
75201
19607
4382
49563
11849
46710
24117
20647
70604
68314
87127
64452
75962
98624
66510
19374
79666
89060
60896
79111
55013
87033
91778
8640
40505
87203
32139
45351
1002
90513
11715
87693
74858
15866
43610
57201
30728
67379
47093
58382
82767
28714
21955
88447
79013
39266
59565
48491
11316
46411
74508
86832
48390
80029
27093
14832
54281
85425
79503
43570
42610
65212
39941
75991
97789
76137
61783
93243
65875
6162
17483
11491
79268
67675
80225
94313
42196
28299
78980
42144
62962
54919
1724
72806
6179
35661
49344
74694
79742
93290
95976
84455
94480
86424
63009
69557
72607
29432
28410
82602
76460
4264
30428
52824
97042
77120
3190
80469
68619
3407
22773
18084
22001
42125
14995
44412
46849
48765
47655
41975
86780
91490
11514
99097
57544
41178
44602
68347
68564
31418
14471
73235
73944
22952
20650
64962
46106
43343
8614
5625
34701
17795
16262
34473
21108
29137
5654
42118
62501
65858
9902
29591
81096
86700
95273
90172
78014
36629
41524
14908
10719
74341
74114
89931
15964
72262
72283
34100
51491
52347
35733
83881
92448
10138
42171
69892
42976
79495
31817
56536
56465
719
78522
20217
73222
42622
4633
18885
54807
45533
99411
74381
75108
31979
81646
42852
24986
23447
70579
52739
39535
76696
13670
11863
66535
35561
37398
29672
4888
35747
92496
23974
49547
51801
21006
76722
86745
14378
57517
18758
49173
7
84124
57026
52905
85250
10928
85492
99352
26862
26644
31491
1602
16505
89470
6201
93702
13923
59901
80138
23457
40281
67855
24069
27541
1651
58798
61558
60134
75270
37130
1365
38365
38918
19570
45231
29167
46364
68172
82094
85560
50080
62308
5224
51233
38291
30529
27745
28033
6428
53043
60126
91903
62109
61769
25095
26581
83569
45471
55992
31152
43108
25652
70661
57044
40047
32281
79399
46940
81870
36326
4358
90112
54144
84359
8069
40463
667
55827
77765
86652
60489
67485
36759
68309
6019
65251
31362
23277
13928
19652
90189
18652
82553
52111
18569
33660
20341
51478
97374
36884
3436
20033
90449
89074
39107
17023
32079
24305
94243
37784
17368
77658
97373
45949
87562
78311
29566
5825
23561
29987
26315
56289
85704
37901
10810
50974
23511
94459
39180
13996
50986
14010
2794
38659
98689
24372
78651
60306
71097
29675
70272
85747
58894
68481
51757
79993
96011
45114
40548
97639
41456
80409
83919
78202
28959
76808
8249
87750
81123
82579
53385
42943
57885
7251
72668
83406
54380
81448
22111
53731
77208
23424
65254
98217
95004
20116
23244
82485
53293
35826
2311
14008
21163
83829
99399
82324
73476
23920
66987
58827
7103
26538
87807
80275
32395
25314
91990
91686
13317
6484
5696
67830
40768
54004
79689
63998
85268
96375
94254
81139
26341
64050
56028
58809
9359
6170
80167
89746
20267
40970
97220
11153
86721
23810
46979
62285
15178
33356
93324
34641
14656
84859
94645
66448
62884
88460
40221
66678
13164
88079
92584
76825
32071
45278
14328
11246
1262
83211
11972
46936
81705
3545
16791
34268
63739
24737
89512
45232
18380
86069
43634
70961
83185
77408
52815
96788
53369
10476
28502
3444
566
59422
22221
90218
41414
75836
4589
69467
830
29806
89905
50763
85170
86306
67706
23119
92355
45993
74371
59424
69605
73472
61979
32108
24716
17929
75908
3110
37491
93623
28039
72637
7112
80361
71538
75115
26039
79085
3728
51204
75794
13958
291
39150
47610
16328
17760
45935
12204
20864
40966
80738
2187
52049
63133
6532
83461
68473
35783
29803
53605
53906
23302
95765
25429
30228
55146
32670
51214
26135
69812
91372
98430
75959
17293
91077
20692
87344
85340
50176
20970
9897
26536
45049
11568
41421
72714
4349
78065
35892
37453
35525
77828
44800
45733
4480
73810
34531
2314
12425
9470
7454
16111
98584
50358
12389
86883
24916
90517
42110
292
89894
882
15656
64506
98345
27176
71767
51895
6557
66915
95230
56361
62138
72292
62406
59450
14850
50161
93114
93508
14255
2300
62629
98324
75916
11182
90707
3514
87872
33456
82965
91722
7525
93750
92448
23922
40694
97577
64085
77272
92806
90223
25306
19152
80110
27736
96871
10199
48350
56360
55966
10799
56981
79004
59153
11543
47756
94811
59527
77925
45644
6426
17817
6211
71680
80844
58263
44324
53061
58405
28488
95713
2781
25033
2094
81077
25187
27797
73800
42929
23801
94569
57681
3676
68030
56273
31238
84043
52795
55151
89476
32249
30492
78823
65135
89443
188
27655
68976
62627
68921
66416
60758
1670
14502
51589
2397
83372
91423
93167
9228
53692
97911
84906
83224
34146
88814
60336
84006
11622
61343
35712
29870
80585
20341
49835
12603
49182
91965
98907
29359
51811
81558
94303
24227
73115
15973
32631
81675
70794
50053
96505
91064
44748
22044
7902
75992
71826
68457
37261
57720
25242
55002
90465
24905
26186
27226
87289
53024
45192
93190
23996
64472
33369
43328
28102
11666
29940
48477
51220
15004
23714
75674
6280
37616
41045
69612
66425
58931
1026
4052
98395
39134
80988
32560
66854
47545
7630
35023
4709
70115
96981
54077
47134
62446
88984
49660
94553
63592
18277
92276
32558
93940
66729
14625
3248
97047
31915
59562
72400
65262
28773
71154
84911
34780
66976
80135
58179
60226
45260
11928
59909
21671
65657
38180
11573
94007
42196
84205
36331
60904
80801
89356
87867
68279
26418
42430
9508
64177
90497
52379
18389
18734
19280
2695
20316
25975
65274
31041
67181
42312
20245
37626
73547
88977
22791
56896
30422
52438
6594
65080
84529
61367
89438
10473
74958
94665
96433
65333
19129
99843
81901
7587
26814
50517
47606
3415
94647
31027
65374
91812
91830
11663
4864
74392
3820
87108
58805
36373
40596
55823
54934
17663
33726
75832
14990
73713
68283
82927
20923
59946
63362
305
34626
64710
382
71305
47052
32839
71220
69299
98080
39698
20436
45660
58110
1942
6523
27013
78357
95142
57826
84198
38434
15784
8648
70064
39047
76518
74615
45483
67043
56994
42837
38398
51667
34791
62729
94508
8453
58362
94247
67067
55540
39151
98010
79985
52389
77976
36781
24023
18909
5112
67639
29919
43357
98518
2592
26434
37403
77357
43732
62722
83102
81408
6915
38382
82997
15371
54995
80068
38613
54869
66179
28752
80750
76961
89372
90515
73096
64355
83318
38015
5343
10448
84676
50238
28568
91854
58397
11091
40351
23562
8392
67800
96735
65449
5699
87942
70429
50614
88016
65844
88881
80122
76861
17238
92257
10
75150
2022
92668
78970
13577
43648
29648
66287
76926
47560
87817
34899
68337
86534
97191
48929
17414
80113
94938
58431
3655
14698
90333
47596
99508
99487
91916
60207
51464
1456
31171
57231
30052
14574
52116
45953
33147
17791
48420
82524
29370
4735
7460
47433
85745
11424
83015
97365
99937
94674
66148
52872
64004
5533
99562
5040
83220
78027
86842
67095
35769
94819
57830
42292
68627
89456
37157
36989
56032
87840
89071
22010
70634
13448
81595
2004
55568
4037
95251
83596
88208
65437
87696
60072
29326
3012
11928
61736
74019
506
34352
26391
65636
60914
54432
73181
38702
69134
41698
80145
91115
50054
8453
5708
90020
55751
8196
17240
54755
9304
57887
30856
89764
48311
75315
20353
9400
95554
81659
93878
23189
48466
69250
46129
55581
60994
60963
58061
15016
56749
42271
92513
53937
12309
7354
17559
82939
82464
40755
10426
18878
60317
29918
12942
32626
36229
78016
93561
26902
84700
29990
66687
74942
63126
95779
44939
24375
34134
17092
79785
