96171
88358
79089
86518
19069
81978
97289
81088
93726
18110
36827
18787
10059
39630
8062
41774
57122
97236
38721
95121
21309
79474
37840
38739
57277
44814
37493
15666
54652
23451
93882
37528
69540
38144
62093
54998
93150
76135
46493
59648
64738
44804
3809
22916
78125
30559
48728
12008
58993
9409
77099
32256
9574
13815
12078
92489
70494
32006
54405
2789
27862
61899
36195
31923
57833
67021
49582
97034
91039
36194
46335
99890
72514
41082
47621
30975
93777
71404
71240
42059
89869
50716
9515
67502
18576
65445
85452
25404
79678
62440
85733
67036
97620
47921
51572
43777
54845
51043
58680
68519
62500
60256
59538
6475
14787
14486
64139
65735
40634
22665
36692
55145
58491
2361
91911
67758
44801
77488
68813
87968
89185
60618
34906
25322
52505
12481
77746
92116
97894
89653
49359
13600
57073
65300
92570
75007
84777
39915
19350
52976
58668
95209
14429
33942
18718
63212
4450
57397
53724
21035
15286
57993
86603
80959
64518
45028
92234
22063
73217
64738
77606
45654
17911
95433
57099
81619
23292
1058
32888
58637
65324
20335
89931
81249
19337
63496
6460
74026
67872
20406
17862
39851
39722
43499
29183
86940
29326
35580
45193
96046
40484
61853
84609
80029
75412
61463
90837
61553
16860
88776
755
84017
74736
57015
5244
82565
56476
32754
69943
21893
1285
58918
44194
85956
79086
8922
28259
75155
33303
59241
76220
53875
91071
52922
42493
7067
67466
92605
73172
99073
67933
35493
56895
1065
55910
1980
93922
6728
92889
76808
51508
88755
24853
55608
27124
82249
35590
29994
38873
64121
68931
17373
8198
53970
28759
26861
75772
58821
62589
17776
10058
153
41828
3340
57536
9195
2770
74771
52705
75039
18533
43165
15575
96487
85684
56000
41760
76015
89685
37358
61862
13539
64216
23212
32012
13374
21776
71786
31428
73648
51057
61379
95965
41962
82228
12147
92698
24201
39768
98320
68542
80221
52611
29542
11779
96053
46855
87347
62731
68521
30399
7100
205
40996
79224
84714
48561
17260
95085
46245
70039
94062
26858
92619
58704
2987
65010
19340
6512
23449
54556
35461
55292
41367
86200
65816
82398
67698
81392
17540
39671
909
57417
40006
78772
18192
73865
72012
66425
43759
11634
65522
74009
1269
45516
71291
31848
81966
33089
43149
84552
68526
7394
31913
64159
26881
6759
65605
39530
34384
47636
30472
81898
54541
98615
53154
20221
50139
96269
11301
27816
95004
4516
79428
96464
95480
66907
29991
90888
85863
32102
50792
932
34620
61006
72941
46156
19951
57045
38370
19276
20869
51319
26962
83400
51037
48396
27522
31469
81049
89578
32522
61251
76199
85511
63281
39806
80204
75836
71044
47796
92204
6981
40914
99721
53848
72708
30151
43013
72148
59558
56675
89319
87651
56317
58487
89716
70546
57965
67931
13608
52383
19330
92526
27916
99140
51710
2251
93192
57731
16529
96069
29456
62191
99361
41951
50586
14356
54153
38315
11888
15909
9981
98428
49857
65280
84011
35529
5138
71584
44509
35361
16977
18399
88443
66502
76522
31878
84878
72552
66962
26706
74079
37695
45313
28197
56830
39331
89693
55142
95231
29611
9329
14197
99678
44289
38876
12591
41187
85087
58150
39803
50433
26184
68749
83055
69016
84069
42782
91074
34426
12218
85984
94670
69803
54724
8074
82977
61249
370
51188
34881
90187
14269
10922
36345
94606
51942
96189
22469
38442
1034
41780
76694
92572
21892
96609
43458
90909
99039
8334
29547
91239
94390
29013
74442
87191
29451
7151
10552
99725
9760
2180
63769
7761
2261
92097
3781
41393
99998
82760
71668
37125
43648
79489
33574
24979
87625
55758
20076
98093
5737
53341
82870
96056
51824
43318
9946
9896
81254
4340
49629
21960
39233
82769
91138
81781
20454
40825
12877
60650
43359
24193
50866
37718
97397
11248
49022
91689
22954
21211
95393
74350
36150
84879
29399
55058
24029
39911
89650
75843
76681
47646
49638
40243
25928
65918
39728
64028
70820
663
93092
38525
72795
95051
2289
94883
61532
78118
33491
60355
61469
50699
72021
7811
54587
26313
7457
22712
21038
96748
3910
8778
96072
74640
61189
66772
52235
77105
95736
95656
85988
29341
60478
3599
65864
41803
92295
39342
48009
55941
75609
31396
8149
76385
55613
90256
18699
66094
64201
61007
24282
77129
89931
98659
41944
50318
84558
9967
17980
77196
47404
40894
91257
34865
39185
67428
27576
97541
5991
15741
48689
5779
10115
24241
72709
69090
22636
35129
85178
32962
77987
78523
9748
3233
4275
46896
3917
10845
1655
6215
79505
59828
42914
41187
13016
79991
60079
35967
89696
86269
7621
38034
24327
75348
74790
90029
26274
14962
16725
19618
49117
14217
26882
66014
51632
46745
66644
52887
52826
60032
33298
30753
32028
10124
98701
78777
60916
96913
29261
99109
32500
98838
61366
60851
28255
11530
94422
3293
52128
64660
42478
41678
62631
36872
50811
60895
35713
41909
63905
5658
69363
67931
47283
23840
26194
94266
10721
62630
74690
19397
24638
9337
30568
64118
46828
41346
4686
80507
57543
12805
54388
60398
40651
50179
52557
18914
41602
89984
69565
81081
43630
98559
22028
95122
91759
97961
26023
28640
65202
91084
59188
92406
58615
73088
55632
86143
71421
76773
36168
78826
65484
36808
28048
70082
58910
10116
68354
89115
75723
10341
67894
8
82351
12585
95962
95210
61146
11263
35631
28899
68693
51313
2305
50121
72620
60157
70752
29334
75548
34430
255
1147
94329
1067
34121
15669
87644
39061
61787
58712
93161
93780
2017
11015
10617
75579
20145
65030
89256
34599
34654
54951
28540
13751
62874
69568
63152
62293
12364
55230
67389
61107
91689
19059
78244
39537
23570
74026
93210
76795
62218
8795
84400
74862
73523
78746
47358
90075
45476
54826
74956
74116
98792
68559
19965
12388
59701
76289
37784
55371
67432
67037
54260
62887
19194
63733
36511
68670
62561
57543
30699
13592
87462
84299
58134
11769
21246
7333
56468
69708
21223
91547
82203
49083
59873
56065
18027
5562
46918
43856
6456
5092
1991
29589
97909
49982
4261
19653
43967
77175
8393
16302
21443
33457
62816
50857
98829
43353
15959
4716
79982
93329
7886
13052
92744
59856
3868
61823
18074
86143
72224
45423
49891
47332
17503
44299
55700
70171
1726
24071
23127
52928
70397
20004
26390
12234
77550
23675
6921
89873
41202
9330
42528
69584
1007
50033
65897
47558
43023
70414
2846
6806
6999
79012
72366
61070
29666
81282
74662
72676
38682
10240
83484
29116
19635
75917
53400
36327
16868
79396
10623
70054
92642
43004
50622
68236
11515
33310
98159
21889
71212
64978
50891
89282
24704
15890
35372
46790
22213
35648
71422
42396
60716
38131
78722
63760
3677
13997
89341
74412
13077
38088
27651
92635
65469
42574
12284
27369
89736
32488
10033
84422
29896
87150
87862
97769
2094
37149
73747
52177
70332
73671
19728
15527
45545
19877
65820
40351
22768
73447
18938
16926
23189
44587
82217
82485
76662
17708
559
96523
36745
23762
81729
3673
8248
54887
48305
61710
83189
42442
74453
15859
44731
84892
1840
18377
40324
18232
78303
36462
62017
36320
19362
39615
25721
19954
20996
97559
22464
22041
22889
21110
63155
65184
14196
32829
51982
63649
80338
64629
2538
83388
72422
9391
97910
42339
53042
51078
50001
52338
68670
26049
56034
33628
72393
98388
9332
46880
68009
29478
43697
15931
32512
79118
82425
57687
40925
13846
39071
65600
58924
82338
18400
32663
76348
66474
32961
35968
20970
59906
98405
29334
85103
39034
87592
80255
35971
48226
794
90618
96716
45894
36955
77108
96647
91799
69839
11673
32369
26089
66047
46632
27571
1657
23468
79648
62472
90279
5520
28694
65229
25569
25907
66921
77092
97984
35079
15084
35204
97163
13728
4802
39136
32825
40947
1065
23058
39477
5066
30188
65604
1210
33890
79516
97691
41341
97
59866
94561
31658
2583
3883
42893
70919
57936
5293
59249
50421
26930
69929
45472
29620
54906
5502
44890
78790
7085
49341
59765
14860
80382
83188
21194
2700
60859
96898
92729
692
82004
80169
81049
65593
45673
51777
95936
50040
59119
46504
83916
27293
71903
78264
60396
83042
20506
79217
13741
58895
72253
7670
38661
48768
10717
32980
28950
69796
62208
36635
49951
46849
31544
43121
76613
85685
50748
14684
61017
75000
45700
83198
37350
9661
14561
29118
68250
12119
29814
11936
41583
28024
52311
22838
37556
9845
23837
32527
89948
91461
71300
21454
50659
44232
5217
32535
84441
29605
75970
85570
48492
42219
12516
69233
81206
61785
52139
91582
33376
88089
50754
32014
74513
95750
56015
96578
73560
71023
19634
73036
82034
64852
15034
83902
75352
6317
34756
67389
21160
24458
97297
34581
40014
60021
3778
30631
64750
34068
74739
22846
98609
52906
28273
10591
60010
44925
48601
63837
65828
71986
44143
73580
23338
63732
26903
70894
3666
22260
29140
82314
66119
28523
4635
54394
26417
77690
31123
85699
35203
16050
15947
24832
94593
57552
55511
73943
22540
66592
88617
75245
23980
95554
65384
54613
70233
44202
32592
44515
21029
75041
75845
41855
71433
94794
91221
789
95019
81119
86410
5482
33289
44793
95976
37193
37412
73453
66057
73371
68972
83860
32658
62068
95204
23716
45682
33386
73298
42138
24151
13345
88325
48921
81260
66850
9219
78059
96275
68394
40846
40902
83547
48798
19603
28714
7934
46205
31215
69799
81562
34317
69373
81404
25930
92791
544
42170
1344
5135
51370
56999
2945
41804
34631
61118
92093
59990
61353
82035
59113
59773
43632
12564
62363
72197
6326
10475
76481
60831
95636
47617
33279
63028
34901
87453
13539
43002
29877
4393
24231
62537
56309
96533
16834
91911
47550
86581
88651
43487
28175
84613
26539
44401
70628
83565
23389
98147
15973
94368
16229
73876
76201
25278
89899
48785
50949
59514
37619
38657
44310
17173
25273
84571
4902
73257
62350
8471
17437
1314
10058
97826
50792
99398
4397
56267
43295
59862
37270
72602
98325
80044
5918
72064
68833
44292
55538
74634
62116
28248
69644
83727
86326
12707
54349
63657
70674
10887
13817
71264
62874
57161
2286
25186
13960
70074
27810
99599
62515
33841
39801
66352
21562
78996
66112
98503
7216
93814
45097
54498
26884
39418
81411
75689
97355
44053
60341
67607
8237
53490
86646
54182
30153
22319
63532
17731
31749
48228
95712
95104
50518
4388
97818
65736
7112
68187
85375
64077
15210
24632
44227
47965
38586
88581
16620
36211
75784
87281
62149
25386
35658
19182
60283
38797
86588
87894
28760
50569
15665
69417
3929
97860
82138
63857
95310
21606
40594
93734
99022
60277
87524
45390
44789
68768
36217
41276
82875
82513
27938
12249
39761
78501
53150
71008
731
49336
71496
91139
18885
75801
54497
108
9859
24893
67381
20829
8617
56847
86221
13625
34595
6501
4624
10171
52338
50798
97878
91236
97124
15815
39371
27379
38158
92685
83292
16012
93673
42092
12066
50011
47367
61366
29448
46385
32176
1584
72378
73421
32669
81190
84844
70359
40720
45951
74020
37381
32622
60651
22181
87744
33274
12088
91961
80481
93168
15076
82170
56085
77178
99885
74877
87360
87666
14628
8283
33533
11061
72480
42589
32836
14560
29999
51684
6404
53770
77896
22131
70927
64702
49467
24985
53845
23251
82729
52255
62505
17322
9936
39338
83360
1347
64607
84205
62679
83643
81576
21934
65620
21702
8915
80755
15717
38150
63183
90409
40389
91302
73123
81713
21757
84021
20483
11527
6407
94818
23070
67248
85581
91312
25396
79520
76432
54838
7525
77862
93477
73654
98053
89300
72313
1143
84811
76142
37686
14114
67945
94318
53406
72598
87381
42450
18995
79272
83046
43747
30553
59066
25147
2498
31283
50038
84021
40561
8426
83752
4964
76988
37036
84630
34847
8162
17457
90044
31053
57732
90137
57512
41793
41864
86994
15055
63683
68170
74133
64746
5992
83008
92431
40337
16675
38601
87645
57905
57237
98385
39537
28333
35392
78915
41682
61871
27514
90508
64064
91561
7101
78568
20116
85261
26555
48459
82053
70245
47055
40750
38471
6479
43022
29907
6350
2969
62396
4343
43825
25877
65466
39284
70474
2969
29053
62096
93017
83286
49115
18693
31880
61490
54943
93230
75210
17476
73596
14506
49564
90540
53565
72528
24557
89292
88250
53936
87418
51303
7976
41186
86098
37909
41992
10029
98616
92128
10079
81397
80615
58398
18629
60482
78672
79051
64630
50122
69758
16961
29223
76890
13051
82583
2739
59878
86283
23156
5651
40362
45974
62991
53579
16988
2436
901
22529
64369
33184
5941
21961
44648
76031
15579
34044
86679
26906
3655
11463
40400
97846
48921
45632
40335
50149
9564
38835
74467
62981
37628
37722
23190
14695
30149
53643
22011
6666
69434
2315
7475
96774
88206
45504
24828
29380
2978
93957
84119
26730
8540
66390
49140
18549
27872
34059
14108
89567
96685
48226
28379
98528
82903
53461
35336
66544
80989
44426
99698
54858
63207
15113
33001
38733
31197
16488
73638
13724
44966
41954
3959
98949
34972
47239
10315
22559
1128
41581
43062
39852
83552
96452
75042
60926
39066
62983
83251
18230
58347
66957
39605
77511
8320
79743
61860
47481
75608
54053
3416
86122
83356
32218
68843
99823
6972
77758
80360
34584
72328
19177
94961
8145
83527
97852
53197
49476
77240
49428
49452
91804
15170
83160
23353
56805
20314
23250
2555
76559
4721
54203
19495
78257
19415
87086
35494
96683
50256
67358
35679
48067
90449
15331
93088
16145
2584
37584
48430
2422
98117
71296
72327
39751
50552
52783
67312
5192
43752
98629
84288
36915
52637
77677
22792
7511
7947
55716
65245
65373
88044
84204
35908
99462
33593
8064
70552
89713
17957
75266
14107
14201
4150
65712
70199
66586
8000
7286
16432
50676
20991
99324
42440
51976
41328
86592
9998
48415
70413
50239
66340
394
55556
49004
92875
20100
54484
49923
69869
62036
32643
51959
79047
63855
85598
83751
93617
97594
85325
13456
85739
43565
46418
19228
42246
46258
926
24504
78605
91853
27409
17603
27822
63222
11500
22146
76392
94913
38964
47632
80594
52319
53222
60531
29062
38589
71057
66954
36361
22058
74068
86818
18391
18967
68117
38376
25903
45814
31419
63480
15065
97349
13705
3380
90608
74148
17304
26001
40208
18881
77168
5643
91420
5205
49186
4889
57004
35784
89956
68475
25618
56591
88522
43824
60584
13462
42301
59812
94103
79512
16763
25414
18598
395
81836
311
79325
60537
78748
47998
15605
89256
11193
89881
43839
56667
64523
55310
57741
92850
54250
48128
40065
79181
62657
52893
51120
72110
574
35668
78290
59451
98642
74116
24488
31107
88235
57999
34859
17784
22635
9677
96237
15642
50181
69853
67566
13461
94452
23447
22462
62848
66552
81244
85097
83335
18414
60719
76900
9635
4554
26173
14643
27620
80628
61527
97620
33200
82396
60992
44139
22918
52219
14626
39659
63963
74472
97307
86718
87974
32659
37205
59665
48759
45569
57780
34335
39425
85541
13640
95897
60057
62391
68002
43375
65334
14004
12003
9149
32664
82354
31535
36052
28198
4958
49825
72675
50992
74452
14200
54915
81234
67322
33423
35612
38233
47162
26059
42743
88704
58202
39821
7809
47796
16281
57319
89625
19862
95752
62603
32471
23102
82114
69887
89048
92893
39978
80333
35402
92891
31328
48151
12080
41438
29407
66759
88626
9580
51766
95941
9669
13704
37728
42850
24914
51000
42819
25808
22502
26535
95362
6868
38678
27815
98239
35668
92300
60462
25969
30091
92658
65953
96093
2620
35578
15918
89748
70979
97447
38227
98377
52038
46204
24956
44845
5194
74239
13385
38825
13154
46666
64398
32183
43651
13198
20693
32030
83123
65731
55678
91496
8895
18673
76070
77729
83627
468
47813
42990
67269
74384
10897
83016
44595
59761
38561
85332
21322
85469
52076
5536
1696
984
40047
77820
80377
35443
85485
52626
2814
49939
96336
12227
70765
81817
54862
31488
39433
46675
98888
89377
12369
26975
5676
38342
88526
77559
71962
1512
38790
6398
64899
27
12943
93509
90541
9059
26909
67066
99283
12047
53723
24173
6665
58678
89560
19008
46302
70861
71353
87979
33402
37986
6317
11754
10598
61400
40126
34499
79627
42591
81826
56951
97203
19599
15313
43525
79916
22337
21809
83093
9099
66698
65294
75976
79917
62645
98693
12025
56472
63292
37407
82640
30016
5923
9179
74755
93669
87921
51108
34537
74234
40939
79106
43453
26368
69743
46572
90731
31121
62250
71227
78970
61593
61622
64473
31574
59007
96980
44312
84313
75585
35105
45344
9365
69213
6264
33760
82240
13292
16645
47494
78333
55048
52513
26857
60515
40431
46831
43715
13388
608
78897
51005
6012
78722
74056
56354
72524
46211
90406
24597
17938
30430
40049
89439
86671
65110
82903
61760
56404
25407
94665
53127
78866
52636
74293
39805
4125
65218
89924
73083
13596
57532
1164
3163
13583
2888
66899
29804
94877
87518
53793
55104
40090
7185
6240
60320
66769
74670
17779
72383
66708
18465
87376
72619
59677
82648
5723
66368
55999
87487
47297
69814
76942
54665
85998
17627
3336
35184
19723
65756
23774
31316
41463
73052
31619
90207
46721
62087
91088
67658
99487
43456
26194
10520
93103
67991
42961
83232
89063
31958
44541
75624
59258
22810
33879
2028
52810
19007
92057
79614
2405
70485
35971
78088
76798
31182
35939
87533
95592
55289
49248
6701
64273
46761
61667
72263
75033
94734
18403
26937
28333
8165
44364
63651
92164
5515
62763
85065
75638
91469
51992
29463
77236
64379
52255
40927
10984
67034
24557
5053
46122
74489
68853
20796
85819
50460
19676
65010
70530
98868
3751
99878
99745
26383
87006
49138
21427
3147
90845
34595
93124
92294
41527
10589
9069
40978
74280
27868
27818
27204
79317
40117
92410
2507
25090
72571
947
83037
15536
37341
52351
55181
51536
88108
77207
4761
41033
3483
45594
65632
75298
39423
80041
52593
33484
97686
71235
85278
7631
20580
1784
32432
33168
74744
42220
2900
15739
71821
14923
18802
16275
18444
50883
84702
63891
65839
32962
99463
54272
65280
89677
93453
13005
28960
81913
17649
13642
38404
26794
27716
60139
71098
49350
17793
91152
39209
35253
27350
86806
28086
64696
77725
52153
4707
10051
13354
20804
58162
18712
36541
50967
76871
66592
14615
79444
16747
13065
72521
46054
3277
20023
57415
62894
98691
51784
75356
77227
6062
61513
32247
25445
35035
92558
79555
25622
43014
20594
26197
83766
34553
70923
19070
54594
87634
62440
43585
81864
12099
19659
76478
90354
39731
14301
36524
80972
4770
20242
43013
14132
23689
39834
82747
68925
63072
59489
8488
67103
72697
23492
44612
29214
33481
98512
98544
67478
69639
83673
16879
72384
74413
2387
80788
4100
53788
67281
10293
30523
33212
32376
77535
76255
62080
9086
2500
31825
12680
21765
86832
57382
84320
70638
68249
88176
95782
78363
52341
25125
63561
6086
25093
11854
39372
24279
38990
95214
61258
74470
81768
71085
54388
96749
6512
26496
98134
14121
27224
83862
10583
79949
42879
9409
98751
57539
21691
86783
31027
96736
27345
23717
36956
89475
7111
91751
51333
43562
18770
26758
68515
31856
457
33206
76367
17703
31802
58827
31407
40878
36634
74880
70419
5615
98456
84003
83194
62328
16811
56512
10901
85939
24234
58793
43875
43173
55226
55903
69500
13407
4418
40991
88169
65060
31962
76012
26992
42744
79170
92148
70222
75169
57519
65186
23261
75038
40000
17792
71157
7744
36207
12583
8143
21352
11426
98725
7524
22655
49729
14825
63924
75916
17251
13741
67970
14006
74305
43585
32316
24854
13900
71728
84697
28855
10586
1169
34683
49805
42011
34124
15605
29423
46794
20327
68166
11827
32543
89517
91682
78917
73601
10842
81521
88387
95800
82789
87313
14936
57089
53193
49559
81779
39067
83570
77299
56995
79391
12609
38833
60625
70252
46076
51708
81626
5536
25941
4221
88808
8930
10741
60577
20684
18300
90277
56632
11130
41127
39257
85210
88896
85470
64089
96420
24964
74261
63790
20320
58746
73986
87973
9987
23583
73817
13506
70767
18453
9813
29925
43481
1403
1106
44562
43877
47623
8024
95615
73357
25667
7442
40191
86688
11202
83325
45445
98439
48989
604
71864
14660
52879
47464
7890
51123
8649
89636
73972
40210
96146
87086
55722
84093
26527
1746
97782
57426
94507
62233
11900
5139
83667
90558
20617
13481
3729
66753
75809
20134
41586
86229
87812
28099
35158
60052
36476
1736
40644
35858
25797
67466
48999
83918
26457
30190
56073
34757
2391
78156
97323
76641
67695
71534
2622
92463
92205
74904
57249
98542
23456
95938
19575
12643
26086
38529
63172
94218
70838
99140
3396
1319
56073
8025
19048
76058
6053
23407
60782
20496
20072
9335
4923
60726
59470
8708
72120
22089
39518
92081
94823
5673
25559
10337
87264
79660
40691
9506
88428
33678
35861
89835
25405
5638
98804
39396
95848
8692
32100
39781
83968
30711
39677
49047
27088
10043
59466
55222
28885
84783
57585
38840
32534
30613
82842
30631
53473
78514
28765
85226
64963
78949
98796
28962
36003
90004
9051
4400
24507
10594
76616
10196
61012
24093
98794
99952
62718
65876
81594
35210
5929
91622
15992
95825
61154
58230
83868
1463
36429
29082
41754
17821
72508
24914
32913
11564
35721
29525
81680
44255
23798
5735
49509
26334
35998
91688
96388
80390
80791
29830
67280
89540
83175
10258
31593
23168
77984
96624
79410
46710
12826
14216
64221
48671
83467
58585
80822
26542
88101
90733
2473
31831
7116
29608
33712
70186
36818
48314
60349
45949
97809
31156
60161
71655
30437
82775
87862
79081
23268
98984
39279
12999
52858
14655
47418
36500
95397
18879
70639
93356
56522
45248
29369
58202
78930
92072
75581
10810
47428
97368
79083
26841
42592
63490
98848
26008
68213
52377
91797
7952
97600
88416
18984
55183
34019
24709
45094
92320
3517
27527
29937
19529
49899
63185
36883
59630
66779
34219
23328
77491
73160
45414
65985
10334
99319
61749
51362
11035
88141
91675
79353
23417
36747
92991
49105
47089
6279
50268
54995
42919
58856
31061
83344
40906
11517
26246
8910
57589
97947
75157
8140
96376
66706
57447
71603
6288
88874
11951
2235
75794
22079
21570
42071
93640
32854
47270
65310
15986
3323
71241
42487
50254
99129
46637
20896
51890
96597
22433
60091
59349
60743
21995
2262
89037
85525
74529
81525
88564
44782
19446
93854
77380
23680
15378
69537
7105
78487
22299
59202
87862
39763
69967
8228
28567
81604
88116
9780
14661
82309
11398
7471
38897
41266
38927
21649
69112
71559
41270
43707
21420
76502
8174
22368
37523
98596
28142
11148
55080
42593
40321
22642
5472
68867
24052
85136
15527
70462
75853
47905
78505
97346
85883
36127
92876
97616
57512
56530
97082
47898
13930
48826
80029
80151
31161
22421
5379
43391
92956
70061
61889
67401
81468
78305
6260
44511
65178
93870
57442
78970
79580
28154
76223
47456
56610
64126
27820
76886
759
28301
20569
56003
74595
87237
17611
67396
26525
71856
10457
4165
93406
3863
99152
66434
77073
52772
91287
92699
18694
82323
99437
31565
10406
22453
30670
82547
45856
87008
22388
33112
79234
8918
19929
6103
78788
13679
48699
58129
68350
85254
5369
25642
19385
86366
31482
57921
78595
72335
3085
70954
27420
38097
40650
46154
29549
31235
72951
23278
24601
70649
71847
22601
86508
97440
73950
4616
58224
84814
77135
76851
81310
11083
80486
36322
31729
59766
11553
48377
78582
81206
43577
4578
52448
99454
59806
5509
22552
3675
68865
96519
42001
21757
72971
69405
46489
62847
14506
78411
24300
39093
71021
94589
13699
50386
3012
73152
12105
84403
39338
4414
74542
66092
53759
59829
12885
10316
71214
12403
90216
1295
42541
30289
11019
43232
91171
88040
12942
74825
15780
88660
8476
67705
53463
7235
45264
30032
93368
11450
36199
60650
23546
7429
84848
23301
64260
77625
82464
20913
20316
53960
55971
54356
6434
39327
24748
99863
35347
10943
4526
816
25262
79895
37987
91372
20146
12250
82377
30201
95174
32450
83085
62861
38035
78273
7551
61143
25900
95104
76037
97888
58734
47862
71724
8797
23106
41222
25112
16052
31327
24118
39197
9289
62028
82183
83046
46468
90947
85302
73555
33728
97009
96110
35200
98290
82330
52103
98527
48628
25594
42175
94824
83821
7910
30483
58375
82303
22417
59387
87795
20365
86667
89280
56959
37383
54915
48506
35594
11571
88365
57162
30545
62394
64126
86128
47203
10764
67924
74154
90645
95697
51443
11466
25068
47981
36842
77811
10232
63758
83220
89296
24961
71157
86747
25137
72793
15711
66198
81730
46960
8751
66355
6890
31399
67770
7472
41981
54492
74735
26915
78398
17796
32577
8570
52309
13687
946
61117
35593
68676
68989
74223
4410
71493
78080
16819
75165
38062
8485
71530
58421
44255
27051
15035
2442
18425
10902
9836
65065
68845
3279
15629
3480
45360
4313
500
54484
64619
2354
23330
64041
74190
23554
88293
41709
72676
90211
13463
18169
79266
25260
59971
64261
40250
40828
17671
30527
57996
94656
9429
42664
13723
93633
67604
24235
5533
27949
30468
74235
77580
18048
27519
93640
24123
20046
86874
74077
20802
92624
76587
47097
94330
49897
37444
22536
72932
97460
16253
2813
60643
70444
87760
82510
95754
53975
47230
73324
73680
52304
46255
13566
42112
31984
4023
93625
39629
51512
7027
15134
11459
58909
94483
25232
13656
6544
52178
50576
18434
1801
11104
82199
85026
61135
64000
61391
64926
85991
18157
25614
96716
92983
10616
78288
39433
94966
13901
35217
5642
52082
58452
27268
14154
90108
27539
94290
82243
77428
58160
63986
4696
84461
87315
58401
80174
27517
99306
4479
80154
32324
59527
72678
49941
39158
29700
5703
66893
77190
32839
69410
70965
15600
3264
76578
46269
11491
25135
76244
22908
74026
13154
3170
45673
36022
26172
39824
62537
10
51026
27761
96259
59682
68047
12871
25776
70176
88823
69141
86574
39380
90952
13987
70451
68648
5628
43854
95934
73989
81067
59753
6121
74502
53102
27764
92635
6839
57854
62039
506
21225
73339
42011
54429
92373
20456
11397
18239
72874
82708
35792
80144
93269
24788
6022
56358
7084
33323
80570
79058
93335
89451
80325
17293
1947
97301
31484
42480
72772
82781
45258
82786
53775
84137
7279
95980
67025
7384
26900
8521
88840
32959
19626
29753
95132
36174
63615
4629
54288
45522
22812
47164
64939
8339
19677
10540
65118
13630
59469
59373
84754
36125
3006
8711
97039
29281
79746
61363
66667
78530
28170
26159
96973
52829
3960
83147
97853
97852
13122
12097
30090
63316
97382
96674
29047
3688
80580
14634
58211
34666
64285
55285
64147
51778
99782
64300
71070
62151
58153
81656
96117
22762
71704
13207
71278
48274
91822
66859
50508
96769
74660
15791
43276
81174
20429
59814
97165
86572
99151
7180
74077
30080
42398
51150
53021
38672
90743
54837
76752
35038
59062
37053
67557
45075
73172
13060
43134
99009
24064
49021
74717
7809
82297
76132
78442
73723
24741
82509
61475
98052
48977
71797
90945
13570
31334
78682
24674
21962
97796
86726
53913
9610
57118
38662
80238
13059
72433
31450
24339
26798
96354
97413
2980
23424
26035
92899
55482
27112
6594
82010
32812
18101
62559
43658
41762
42548
1767
13758
47192
27382
98529
91396
84876
44625
17653
99321
57540
80093
41508
69277
98142
76447
23784
90918
30262
97346
63081
5233
50701
85825
6936
95283
94332
5825
17548
68845
55158
64955
10294
66814
78322
36119
16963
47538
45021
19060
49007
7576
96411
96293
20704
93010
22006
16725
55302
91622
42021
58667
69132
89809
72346
53000
59291
1466
16456
67533
69228
4900
95374
60698
81736
21150
42309
62738
79966
79989
13250
14266
45311
7049
41448
14431
95802
98940
31053
23191
3055
68423
88199
23647
73426
43047
50579
75396
39295
38868
89378
1374
31444
98706
75713
83062
15631
46497
74531
34441
91844
38703
84173
708
14395
80846
34877
81711
39877
27583
55128
11750
19673
99533
53775
96130
68399
28791
14573
49143
48247
14277
14976
38998
5655
23804
20001
38131
93344
74956
29858
99041
5419
5318
20083
32793
98038
39467
62256
77465
76053
88288
69259
70473
10582
44734
87857
82040
1205
75430
12988
90021
45465
84785
34517
80155
21961
11397
30275
37140
5583
70435
75156
14142
29511
12509
20999
31930
26403
82950
37588
34817
23135
86818
88537
94977
74139
27324
98530
92486
43643
7670
27219
62900
36663
52059
97525
6063
50271
8081
20731
34013
82415
9514
14703
65028
51147
41881
20030
10382
64823
46369
18749
28395
13110
10313
183
20181
44093
85836
87988
75406
40146
40334
77095
20965
72774
80072
82804
73144
50477
43620
88700
84884
43702
23108
95974
14711
8651
61
45868
32406
78407
7009
60447
9531
89646
17114
87192
71975
45390
20978
55325
54069
52432
61519
99211
6014
23035
90684
15334
63513
96549
74499
37435
29274
52023
33207
84813
31739
12156
7917
59652
52665
38053
3818
68559
42101
80348
311
40113
64315
34083
10450
88655
79647
49513
57663
37845
11363
44040
97147
11424
52309
39646
55761
3211
73141
485
64869
35449
19349
51473
67981
93563
22745
97126
38656
53631
53149
64468
37926
62294
70966
99632
35343
90304
21456
41520
62561
39318
32855
19298
19241
90804
15442
43241
19442
97761
46409
55861
40723
82716
18599
49503
92162
63781
91290
22110
55238
71301
82263
32616
2347
59483
4283
69545
10895
60515
3981
64569
64633
11781
88159
63933
50793
51576
52275
26460
52362
56913
44121
87548
96004
41708
82038
1113
78735
34229
6849
79457
32577
63764
31272
76527
72744
8435
35951
25473
25044
28685
48856
52824
89099
53844
38622
32589
92480
41023
50619
75659
93086
39150
42090
29836
79870
66108
54055
77683
47736
71040
81618
45603
58005
736
94450
16090
21219
60818
93942
23534
48643
10416
49175
81731
71100
95800
12121
76133
20658
58461
83024
18920
28241
12141
12511
68378
42659
81248
54460
82530
56449
634
39664
49271
45510
41597
39994
45759
3807
40590
34131
89603
39007
79394
30508
33035
18191
64420
63059
85211
5123
88550
8885
81385
11783
38242
99613
25370
56600
55724
37947
4697
77071
54742
42399
95443
51896
95135
4708
98098
8865
11257
18955
37075
47822
48725
42364
10854
18505
74798
82417
29762
44662
64750
62574
72674
63493
33505
60680
1632
79073
33268
36646
56332
70821
37289
421
99594
70958
35066
23605
92101
10316
71208
39905
61492
36850
32511
54604
32359
18156
94823
63190
89165
20720
28650
45503
71494
41358
74717
14274
50112
25409
3181
29506
26672
20455
14695
95299
70895
94669
11267
5423
2447
25444
47854
30713
37496
32592
65939
69822
51267
11614
38598
46695
27410
83317
90509
53259
40458
60486
12650
92210
8174
55326
81961
80308
70553
79354
71427
69503
74871
97657
53261
61304
27969
81325
74560
20600
10900
74283
9381
71512
39597
34019
46941
26152
40643
71433
98250
23032
23616
34961
638
62234
26717
52538
97022
16958
9754
62657
60050
28157
24887
74230
16588
44786
48369
51211
82738
226
27676
97065
74538
53596
53177
51997
66017
31132
17045
36720
91319
68937
39615
66228
80299
70814
41731
95994
1727
46726
88999
85792
51112
92576
89569
67879
37780
94018
27315
97667
5655
7578
7108
77676
18228
5872
4476
21842
78469
67399
52732
28717
66760
52098
43096
56306
64358
74883
91730
15489
6976
96399
10196
30587
57400
29165
27178
51442
68697
87181
93082
54840
17540
77509
82688
31673
9177
44343
68234
27941
81726
90446
81868
36229
91791
20391
10657
98351
9314
60973
79520
16885
44117
86492
70391
56887
8983
50215
52262
95961
50287
51061
59930
66543
69933
43910
58244
5876
62444
33940
30901
41402
37056
16181
91737
59388
65089
88604
15182
26640
54388
67775
12543
91704
13587
34163
30785
59991
20856
39123
63849
63168
82059
11776
96199
30762
41317
21890
62628
55041
12257
3309
36404
89750
65790
14367
72151
17750
24563
48005
75666
43896
99376
12445
18372
32815
44748
37335
53000
89951
76784
12917
40519
1133
83808
2417
16790
30799
53185
79069
19635
32003
54380
19269
43000
99644
30765
57457
17114
56374
51000
36454
75297
40747
30537
73165
9859
65310
10646
20235
50047
65748
54803
27439
42291
43394
49282
96491
4123
9314
17621
50394
67431
62047
41345
55231
11063
14192
68705
52174
73397
38882
56580
23460
5967
43469
54580
40848
39888
34408
86660
12981
24667
69561
21749
85256
17763
49637
44933
29108
55369
61701
49428
91133
24018
96153
49108
50113
34660
17878
20397
75546
61502
87548
79947
1057
33874
70211
11493
59820
52959
41267
78538
23384
2255
1330
32969
20802
48873
97015
66013
27599
72628
86846
26131
93515
7882
32117
96570
95790
4052
21619
13702
77339
43527
44968
53569
42466
55067
48208
30063
86693
48388
19457
65404
77400
51151
13411
53892
37313
923
31263
21406
48127
48561
59088
30758
74247
48065
30903
38
15050
61050
51658
97184
70578
77894
48172
77658
50219
6688
23128
29543
58334
71155
10295
59310
857
99408
38225
33945
53706
28459
31968
10396
56330
25779
24863
7904
21911
69548
86402
18923
68089
19883
33184
86318
21190
6509
58890
29899
19232
852
29407
80352
6972
28831
44248
45173
55359
87973
67071
87869
88769
878
25053
57100
75571
4526
85968
2582
51708
68063
21243
16256
49503
97274
30615
581
60312
94193
20744
52807
93126
81516
87306
76336
71811
7230
4842
6435
46285
36707
32625
45732
4361
18488
91195
9793
66654
87639
23846
14236
89276
41966
36006
94070
46528
91675
78837
60281
61135
33254
58120
22177
17247
54939
42716
49705
88597
8354
31343
63822
84969
81405
77196
24802
84039
48285
52254
10479
42446
92034
94149
29765
56187
17325
53671
94562
4128
37123
22045
56029
38413
53152
1966
13295
83056
22997
99098
83071
43001
72609
89484
67113
8502
54471
95730
41194
5278
84785
24713
29354
26537
32065
80562
10086
70044
73456
15585
92473
20515
40837
61780
47142
63446
91539
71744
80933
38398
44815
46886
62279
18289
56013
11781
30824
51832
56726
77162
5009
32658
43144
81954
87750
66930
51178
17008
84626
15460
34634
54425
2285
63981
11798
77980
81736
1743
90515
53472
35221
38187
97469
79366
75381
90465
24379
40478
24799
95731
3678
4149
42666
19113
32054
32587
45976
93773
7185
69123
66655
44086
76721
22451
45844
20162
22121
26523
13046
64252
85076
32051
67797
11933
99601
93437
87005
35950
53439
23738
76003
48812
11985
34809
66250
93540
6095
9513
77746
95646
93257
18703
63966
43639
30776
27571
81953
76966
61298
40597
19205
99520
51369
37917
20983
18838
36002
74960
60754
82940
62285
96222
6982
5413
31462
61080
39237
25674
48806
42336
95050
43657
76070
91065
72038
7050
56306
91997
30984
92765
72294
46924
70184
84959
63496
13378
58193
39868
90369
52642
69577
62734
85465
98446
52830
4835
46190
14489
54638
75420
35217
54963
8659
32210
20605
65251
13481
50484
75028
35060
61470
98475
45912
98406
49141
53374
26467
76933
61014
90097
1060
87447
74293
51912
80279
27694
33054
84682
39423
97597
74938
88641
90498
79272
4481
285
15745
14580
80092
49720
41555
78621
88053
68436
82557
37958
2686
89665
68656
25515
94810
80603
39486
12307
88204
81775
19898
31489
98170
66366
11244
81098
39165
59163
31854
48673
8392
38574
84647
79085
68371
74459
23649
94876
66019
8828
10376
15249
29207
30091
92161
30936
99121
89948
42308
91003
77151
73223
39928
96141
84038
18371
27306
42947
75146
84398
84522
85731
97724
73353
66978
99124
99393
8288
88595
56629
11642
13000
89037
16393
30709
76992
35499
78032
48464
16026
37353
61938
45669
71603
89028
45140
91862
86270
67500
89484
49974
9215
1128
55217
19474
89042
63910
68300
19578
17516
80893
17387
53712
52570
18945
79252
51756
87142
6786
13367
19689
35608
86850
17436
74928
5112
12849
67227
6751
16849
42183
67658
25653
77873
87869
96753
36925
78446
91464
60121
49332
69187
4179
24739
94520
68151
52439
21686
47344
75550
65722
31856
47986
62489
9922
82397
81365
95993
94868
68773
92883
14401
41038
61120
51066
21385
1341
869
1232
27903
80251
59520
47169
85384
32840
79905
18375
79492
61380
90001
90708
21839
41479
12320
38494
31587
36861
32250
25223
27995
28641
75960
92648
9363
31253
61074
59130
24011
50299
70322
51425
50250
30740
51748
5366
10239
73138
16105
93231
78883
6715
53067
57229
46778
17629
54475
15617
96089
9960
90134
23419
97441
48845
57494
73457
75465
39281
17220
2153
23290
19021
4700
70179
83507
18694
65193
26502
15117
54020
21215
17958
42105
29841
49319
50158
56806
51087
48501
97135
17855
85302
14325
97861
40688
75498
99012
40162
91944
65557
67227
25082
38266
13830
21222
55435
39263
19653
38867
49766
98262
89457
62886
48254
59115
80536
63081
86092
5877
39859
80641
4125
87224
93692
66780
75257
26955
51565
65318
29744
54261
50102
62650
24130
65841
78393
82486
60363
432
85478
9223
88970
57213
81166
90659
51853
29435
50343
72022
53083
47307
30459
53140
79325
3370
55373
53678
56970
92951
8201
12415
57133
46226
1895
87846
48949
38016
17724
9454
18361
64939
5340
7176
24102
72039
11088
44314
56838
60943
89679
54737
30382
80941
19421
58450
41317
18648
19293
12495
74956
95704
8916
5621
25071
29829
48316
93569
51814
65517
56353
35987
20040
44437
69724
37978
84461
10391
27081
847
96541
20777
17831
20414
31770
43134
78123
84127
14440
56070
7105
56611
13973
21649
72321
20170
17800
27280
97418
7217
31306
22172
56157
97672
57003
54224
18873
75074
3571
96209
98254
62278
391
82095
63840
65922
24979
43011
22650
86463
59930
78200
81708
33743
74583
97574
2723
31555
75150
69817
20260
74105
8533
35792
84708
96787
50329
27394
76007
67619
32974
96475
98099
2210
26614
79555
34864
22272
58349
54112
8862
47637
17391
10930
2291
54486
49606
76060
86736
88355
70580
75203
46079
57150
95962
36174
8683
32374
98659
52877
17819
45633
93200
38903
24556
14856
61024
42411
48138
75676
49115
7032
19659
50662
14779
18680
54857
38460
57720
2647
46778
40208
49487
90097
61166
85826
33390
56761
39684
75638
9118
86775
44200
38816
32685
18761
64237
10236
74008
99850
23107
79866
9745
51919
10165
70550
68595
18126
20194
30566
76031
28570
60598
82860
55121
44777
85989
14475
30980
11670
5123
10455
96895
56770
85251
43941
93051
98262
9930
9953
90769
84067
6350
12191
54149
71018
65232
1513
56361
25112
50035
65655
44271
3337
52153
92956
82064
72718
8857
27997
97682
79209
2334
15420
55064
36052
91167
22259
65964
29665
87670
5501
90850
21948
3840
31662
40041
79309
80272
31202
44723
60218
46064
5203
35262
92745
17685
27076
51902
91587
77693
24186
62249
6036
97864
331
87423
14095
28592
27246
68948
89199
22631
51730
764
22584
13292
35499
44018
24251
34281
52870
38884
83736
65355
71454
15230
49694
90463
61447
98225
18286
66598
59816
57632
3358
73524
96774
31687
35065
5131
64251
201
65507
81871
53669
34164
55291
65734
50330
54547
59161
8206
40922
73200
91190
28666
71805
1219
73963
87883
97803
22876
59858
35111
40650
69033
65641
3160
68562
62052
82133
20451
96829
10461
95394
35780
43226
74175
88872
48931
3648
28481
28266
75381
64383
19339
89209
87857
51475
59299
22901
99116
24370
98003
22099
44020
58852
94393
43001
8870
65587
65771
82246
61901
84984
37540
68560
49208
94516
70544
37733
89078
97216
54800
78227
88240
47420
39370
79107
61571
21956
69040
96607
71480
59361
70187
77685
80226
23387
33955
9075
80660
8204
31790
20338
24828
912
25204
63280
73056
30969
62618
38421
99891
95326
10803
83223
88052
33171
89119
73657
50180
17748
90430
75918
88290
2428
77654
35643
21796
37810
43197
60539
59188
33282
44227
43164
95653
31370
37406
83782
16496
54699
84436
47484
71727
96767
74591
7195
74453
94634
80928
3327
98857
25096
84483
47461
76253
66726
2282
19403
64911
54701
14840
81300
32891
39961
93565
5288
43291
53769
5945
30455
21532
67662
91855
18814
95390
70694
50119
18018
52711
18050
82208
55706
58149
95619
85328
99753
71647
49764
36569
31720
85334
95729
7883
89283
47261
60597
88912
19162
38738
785
26295
4455
12536
96840
59232
71487
93266
79991
13953
22481
69726
31458
38803
55340
59980
93578
7772
75550
19802
74170
50809
91702
83790
60929
71112
95051
93902
16954
86096
83829
66655
80454
50381
43257
70136
96732
65436
69795
99618
99350
7295
98476
31534
22093
50509
93114
21971
44383
75513
40519
45955
12524
40637
76953
13033
91041
48228
44912
15522
99691
55185
99487
50645
19373
45775
43442
29135
88589
94677
42830
1023
86248
49717
19062
5771
31654
7874
61449
38254
20520
99292
79240
43054
82110
60314
56053
88830
2709
10162
75864
3277
397
61959
27963
32168
45033
2768
61589
15251
7776
95873
16260
24095
64880
49113
90099
91177
93266
93735
57275
92943
26824
93945
38342
98224
43859
36386
38734
51806
87426
36295
38660
11938
36100
52327
88109
17869
56670
20453
55239
40471
9881
9651
67305
16054
97586
31452
43272
6651
44405
96974
58134
47532
88580
10787
80612
21722
2032
48843
54761
9440
39947
71927
63547
2007
38900
87172
97113
96887
2545
80929
75
71822
79291
33759
10145
92694
83699
35957
28217
94519
30579
27501
62268
34585
22623
92559
20840
94435
40793
58055
46728
98101
15860
85589
30590
63166
39969
31090
48611
90107
45733
29562
30822
73229
65708
37882
35344
42742
64118
62774
27337
77935
86863
56023
89267
5225
64093
94640
3443
36094
12466
21228
42512
8883
31201
68022
31732
50221
69614
38725
51183
71276
3646
61601
25659
71720
41358
22518
14299
64999
67775
33236
86076
48857
26542
73280
28349
19408
39714
45179
32907
42975
48223
32621
43525
15245
62295
65582
68255
67670
66176
29585
54593
71007
6881
84045
12463
98612
33318
5257
57700
255
49362
57347
47639
28391
73012
25021
25184
4451
31315
36900
40340
93497
49379
38814
88843
13496
20345
38960
61987
97582
4763
60458
3710
1703
2864
98320
5990
83971
94775
87589
88080
24914
52596
59126
37758
55822
66085
15488
54719
41877
2227
8767
39313
59778
21251
94100
71623
3463
40716
21745
63557
77993
12803
53605
78280
30776
75057
74559
95811
97130
455
98176
68259
41267
11912
29314
86612
50018
62500
37599
32541
87931
46630
42975
54311
3436
69379
90913
31387
59983
14258
36997
8968
24603
9211
4308
78628
60327
90600
13997
99786
87644
48280
98413
92930
78550
16178
35930
35390
34103
59895
35148
8480
38760
70960
68153
63609
57229
5607
64987
80364
11875
86161
66495
7825
52056
97672
46093
80854
87815
49047
21199
70176
90543
87087
84577
1551
57936
76247
7475
96351
48865
14976
79133
18859
45616
45430
10592
22316
27415
49234
22709
5695
99159
76716
92468
63524
5812
12462
93411
19714
54957
24964
11577
47049
32022
95856
99438
88975
35604
68986
46945
11996
62132
17860
41509
86401
27560
54907
86281
63363
32895
72617
45091
56630
83040
36904
57400
23204
77251
24049
76586
59245
63148
60658
97919
13384
81188
76414
7754
21031
75158
56223
49304
20568
99587
29798
81176
62440
97699
38147
73672
95011
44953
7248
97593
23958
19665
46023
34686
59670
60184
42517
21526
56473
26168
54662
92084
99361
36847
79423
81223
31481
81771
78282
80587
86072
40740
91532
29291
98531
19638
8147
43600
78191
249
26987
67499
39012
53951
87536
11707
35901
28969
66301
52508
12875
71174
65763
24076
71993
43977
11125
98267
38411
82022
35008
80591
83680
18090
44088
86800
13206
48532
77198
2646
47532
77939
60957
85134
44770
58941
39908
36579
81405
54248
46990
41615
88104
80745
78189
56157
53812
10664
73381
18681
9279
18300
32580
59895
86130
63208
89391
37661
86245
82225
48600
11886
65053
53819
65356
12884
23030
62527
43784
77321
69403
54763
61068
15842
81330
30390
20712
79737
97973
89310
15283
7701
65531
50528
12154
2232
69045
57907
96021
88741
31732
29698
27541
53676
15655
49412
73978
14291
77314
19706
47681
93762
7739
10692
36091
58027
25806
16160
90296
29333
6881
74656
56418
16708
15745
76231
60647
63078
33579
34207
93838
80124
14983
9722
31338
19107
86222
90788
42252
74590
35372
72193
84722
89154
59552
23752
49214
98141
69281
14203
49794
6340
72635
64194
66999
31576
10103
74275
41709
88052
84472
91969
30109
18326
31906
79406
89914
12679
86517
31501
4581
68617
76599
4521
75072
41820
14159
22475
78266
20429
333
28540
32073
90939
13832
22808
21526
59431
61760
65067
19538
45783
7201
48971
83687
47207
34121
29425
90921
14126
2752
67029
88715
29224
62694
85605
26702
14629
22283
18017
27059
89837
9624
87126
79826
29230
15947
6038
60259
17636
69407
12656
23002
15171
82282
14322
87856
9092
45440
41847
82396
2730
11188
13326
61664
15887
40415
74089
61856
95440
59481
1374
85005
26994
46116
60734
46527
6608
68073
38511
38690
61186
90394
43305
53543
50635
84214
21353
62172
27231
44235
29109
72886
57039
22517
44173
50889
45459
84037
78346
92794
68211
10525
25718
30156
71665
79287
95527
31190
83798
3237
85593
54006
28696
65972
55015
62335
87300
82986
67494
36622
11182
4462
39358
70875
68019
20870
74406
11498
61479
26267
25531
54048
58463
43610
32029
97363
60157
17940
19398
88731
31700
35076
29255
6725
75831
46160
10816
25926
73218
81161
35644
35723
99876
82445
39175
19791
93000
17260
54765
68711
45503
92391
5425
69495
98731
91060
56070
24455
25802
87838
45645
45200
47133
49034
37164
8497
78292
1332
23015
21950
8824
69880
510
85751
78549
98796
80899
41495
24962
79402
43446
40931
52527
26636
23327
26882
84713
3504
15143
79884
95148
82299
48531
86747
85638
22618
85053
57790
5892
98819
53905
3341
46139
34906
1986
83798
82421
47855
32871
58998
49783
45157
56565
5379
4779
85294
58553
67046
80334
8657
57938
17446
7223
86062
38057
607
22339
65592
41487
59858
49818
66241
25681
23542
29791
3604
3482
89964
76121
51323
57797
91184
20697
92224
29918
7851
73127
9489
19412
49765
82701
12764
28764
65304
46752
26842
72037
44544
48103
91113
4020
67407
19113
54450
28572
60221
95895
19945
66363
46780
16083
77778
3092
30537
20732
60640
74116
67871
22519
9976
98115
34309
88796
88405
76634
5608
49498
94501
85627
31843
93767
39505
97761
47322
57639
52602
70885
22695
63704
27742
60282
90955
92473
98841
77701
23686
75061
49768
59261
44322
90320
84425
60539
2026
50988
70367
62366
6648
3320
58962
7198
79339
73302
82035
76266
84439
66728
70140
63744
6903
3350
69334
89609
53981
19486
65940
53487
34954
2264
62429
9339
61881
46917
30375
68623
44566
68884
58015
79741
78317
41488
37509
6146
20060
4106
46515
82947
62314
42654
38206
94914
3281
41636
56022
88477
95318
37878
41960
69443
98266
13625
45538
60755
32521
40170
37846
66548
77807
55526
40184
70891
47402
46165
91650
49052
97147
46229
19127
34944
48342
41823
41475
20958
1241
84183
19361
82858
86074
49525
47831
47895
33816
4171
26940
43162
19571
3891
14106
5212
35864
3447
75631
73980
39829
93212
29965
49407
71435
18731
4544
47380
19392
40637
7791
83081
44660
86307
3388
35715
8908
31503
18727
7870
2154
87971
12271
79138
49694
33812
53495
61310
27285
26970
65191
99715
64496
92695
49321
43935
41136
4161
78644
31029
11916
6734
24455
39414
2213
42139
54059
95678
77617
31257
24250
12461
41267
61653
81790
4288
30924
45826
39409
76459
20395
37060
26660
5558
38656
87068
4092
64369
80846
42731
30327
32245
45278
68677
95949
73817
6960
8020
65969
94190
38349
24934
79989
76887
73784
79476
45357
4296
69571
99823
7693
60122
37981
43369
48812
64168
47593
59517
11849
32041
72522
83805
48748
93482
16730
91350
97510
68295
90650
40354
24402
9702
55907
58697
57661
43249
31772
69205
64673
27118
95077
73105
25837
12572
17615
37884
93409
16972
64078
1872
70708
51706
37543
94378
32376
41606
7971
86293
50006
86515
72806
55160
24787
36956
67225
82136
86612
36110
98819
79659
99070
90118
81846
66683
49942
9767
32262
87538
94599
16311
16596
27272
29506
93592
62633
37447
92511
62206
74046
78679
59841
88242
95480
63723
85592
33986
18033
68422
86624
31938
22545
1771
87751
31523
44444
75617
32076
91918
89092
95839
26435
91070
17343
5913
69621
89143
12404
80327
94980
34407
82191
7343
80171
69335
92660
84654
20388
43405
17648
26568
26660
93026
93451
54025
2753
26011
17177
79671
70803
15846
74128
20631
29400
15347
75475
47448
41522
51468
15629
1791
98187
71795
14778
30512
67961
69142
41823
81110
7132
7761
44250
31248
13027
15265
8660
74105
89295
22592
70578
94225
61168
43746
44267
9933
6955
66027
33652
39159
41885
58539
21783
61859
94745
3735
69378
1072
98829
34276
66492
54295
96483
26466
82738
79316
5379
76884
7664
27758
29686
15816
44971
25156
40677
26551
26778
97685
99327
19866
6181
32684
16506
26502
16854
74183
33105
28198
28589
29282
8556
33428
51759
65893
19230
88564
49566
82119
60231
44429
69059
20092
72601
8453
6472
36802
83799
9240
86306
79205
9081
2996
93292
99082
85549
96692
91183
20958
59128
94294
4957
64091
61562
46811
30941
33139
65456
98011
13664
82620
20562
52675
17650
9625
89692
21964
3724
22017
5035
99929
15687
33967
36637
16429
46059
3525
78234
80038
66565
55965
54002
67002
73910
29197
76860
21100
16008
34582
13758
60331
89885
73737
32938
23528
92544
75703
81221
61969
77884
67060
34403
4303
76043
11751
53102
77496
38278
62801
4326
80594
59036
82839
43042
90789
85566
28653
64628
68188
33751
21185
79371
23416
61240
61602
92466
55088
54545
19499
23478
53512
24284
87759
63140
13133
95284
27746
97521
4587
90883
71490
38835
94699
84568
86881
68140
70029
24279
7216
7688
27550
54763
90953
32476
99829
39063
95449
84462
71727
92906
85672
65235
13093
76528
60519
78163
69608
66821
43028
78729
37945
72484
14733
7046
20070
33150
60335
94614
60868
69095
43753
62394
5126
95466
50658
51764
26904
37500
56900
66530
91482
69486
19491
18817
70364
71196
22702
54162
22451
70210
52113
36218
32693
97742
27652
33700
26070
53073
64852
34529
34624
1936
37772
95632
12296
80247
90144
77112
24691
34988
68693
69361
54469
44033
93680
47363
15905
87811
35162
47047
93442
12144
37644
3722
55220
71045
28797
10735
1200
52661
50949
22675
99795
78326
57933
21100
77594
58390
45622
70475
38875
99115
28226
50529
68611
6055
17890
14014
60296
20362
16029
63252
96138
87474
68634
17338
6507
28013
32939
60013
57991
63151
53014
36048
62898
51519
52865
2516
27693
32075
24600
88466
34373
65756
93246
17941
18280
69573
72622
45526
70212
87605
173
97695
3582
93292
80303
89904
41260
38665
3298
128
53488
2658
37530
22587
98865
89965
7610
45418
73847
6459
1564
46801
92131
99845
77885
24529
88361
74462
40232
55918
35947
44104
39101
47595
99923
48578
62878
66384
36012
43007
99478
6318
96061
15762
59558
53305
91076
64549
25902
33876
51243
16233
62708
31019
1898
57576
31668
47065
49337
85270
25796
17258
44879
11814
26530
58459
81020
15961
3068
10910
3967
60849
50364
74457
69701
50659
27150
34605
50143
80107
94543
41333
29214
90618
34005
66373
94670
99434
79797
38097
30764
29330
26005
94255
20965
14292
60622
661
71661
10804
30717
23900
85849
88772
55430
30983
30169
42746
35653
11292
85973
93059
39027
20944
58019
64016
60210
48450
87459
2766
64662
43773
99159
97749
73455
5857
23009
45910
21206
59932
77307
14295
85428
9073
76814
4027
58186
28666
63919
54010
