28591
85761
41090
26203
5054
26771
56842
49468
12515
56200
28724
99107
66545
52994
67200
82416
52147
4949
94906
37317
13570
79058
74656
13637
30352
13296
30304
73960
90433
217
66816
73208
49657
85614
52632
97739
59888
21784
62649
55197
6274
57164
51281
68489
62628
54490
54278
74180
2289
2227
60832
30262
68610
82260
11364
55445
7003
38483
15674
87648
98306
23525
85712
76182
49035
77065
82551
95088
20559
89429
95147
40193
30459
11227
21041
76649
92261
72791
21785
28624
42649
51992
82690
15493
89777
61544
23068
39411
23587
23962
21353
48893
2324
84175
92861
662
4394
76549
69157
62175
6464
93821
32644
78142
36082
35783
12407
50839
94008
98540
17146
7210
96880
45336
31844
87016
75956
25826
93390
47219
39594
41977
42545
50034
91770
84140
88748
23726
18362
19350
72261
69772
69190
64453
9063
71366
27339
10054
33577
56296
53218
31822
23503
2852
63258
12999
76874
93875
45230
16789
25531
12201
49173
47396
27478
83987
91865
15504
12513
60560
61375
94353
17882
89417
9061
54305
44152
67438
53354
81354
14474
52463
99014
67601
43868
79156
47834
38521
25337
19545
68675
13302
20234
63881
66440
25551
38299
31061
85043
40911
80575
42289
67069
23560
56170
37324
81761
18788
20988
8939
6162
95305
90526
65665
50728
95624
84388
58444
22934
50595
31411
51278
5399
25689
19100
62118
51463
65743
95078
63947
14222
39260
64458
91494
52855
15633
5176
15625
7935
53571
81527
12911
75560
26390
42345
72880
98989
87432
94892
65825
45264
13176
29501
72423
71215
88977
91608
66454
502
56951
12026
49194
79053
11308
11271
91969
21970
17023
89608
61971
25698
2289
54988
54543
77488
30566
33135
47251
67064
14181
70168
50983
79245
31276
62651
44695
94094
62355
20192
42219
9624
78394
69659
1445
79573
34162
50554
92663
12722
66053
65437
29182
11534
90436
4287
25823
6574
32811
65524
32924
74157
82386
30539
82354
20209
99795
38802
44242
3257
25714
45368
83611
88114
41230
62829
19697
69193
26627
25542
69372
76378
81082
90429
53119
78695
81966
36118
33010
43973
54971
88956
83519
29904
20612
43049
90102
33503
4513
18340
7789
35858
18884
59877
79192
61608
47110
31860
23489
7917
63443
14576
38852
368
51599
64171
52489
91154
74659
32850
87326
40314
74760
75563
42512
96230
65839
89239
43111
28061
47882
91127
12444
15679
59707
28266
37751
72189
43159
55092
71113
21125
63893
40443
81634
98486
26937
28491
2416
58834
69144
95257
48918
21233
45192
95653
25604
80402
49830
91768
11257
65997
79811
86701
85713
11043
86571
90092
60364
4695
79347
6289
97886
42230
84031
55404
31724
26289
11693
73857
21705
79212
45857
23407
98637
17070
10574
96270
90287
80985
87070
2097
94399
51955
16766
10444
96355
50275
65321
86671
74699
75384
64176
26287
14419
15619
63138
95910
93237
12549
56862
69681
30088
92898
62834
44855
30393
15157
64686
44778
60228
12157
28106
32550
2063
76725
31281
7254
10019
16386
87913
91574
75272
79525
66144
39379
63324
94160
57461
13006
56624
36021
24991
86143
92127
89370
12382
60886
85772
19913
42012
28349
36855
80932
30816
80250
1723
93430
86383
71313
58439
66596
15327
28197
33495
70530
22969
85823
66734
17121
81002
41607
9138
81799
32806
39919
61925
4663
65882
58288
94779
68239
81965
31051
80221
62865
82610
80978
15896
76921
83820
68895
8002
96493
32350
40129
93547
94226
5390
82744
14012
48059
64405
74390
26640
44861
37031
45893
45291
56638
77465
90119
7898
21899
77107
68729
46249
61480
55028
87601
6075
84931
75452
50662
90921
10786
95675
54254
68858
23866
41555
82914
78651
60417
86316
45630
28828
13211
79444
61957
66503
55857
90288
36482
17917
44129
61668
54313
42319
80654
91035
11131
5462
37015
73972
15368
84847
44358
8329
40047
64663
66623
97885
47457
36990
66744
75649
50468
30283
29031
91491
21555
50636
99318
70867
19811
54840
57012
98515
31616
4644
51782
97659
70006
36670
56891
8550
97643
91561
605
91197
98089
93621
38114
382
96314
18010
10082
53641
74124
38577
33188
60006
77556
26831
94513
46006
47342
7039
15786
75604
94274
63163
39316
98376
69283
96455
38225
79816
17874
93034
25611
78987
79359
88585
90186
97964
10991
5890
2757
59383
91129
66434
18581
16019
64682
98083
82692
65900
60936
13606
11077
17243
89524
42697
64605
25429
53480
9061
55582
76109
78176
10342
17845
44103
64566
59368
55769
15290
44005
88106
72612
672
39919
56370
50495
72093
75162
15613
88693
4426
65013
30113
75497
51997
87000
2561
95524
24727
7561
95659
78694
72713
69531
21714
4510
99684
57905
24644
18069
82204
64257
92775
78660
41175
85683
35732
46726
78968
3880
1520
73735
69251
56184
89475
65340
15532
70740
96087
36173
64193
96970
28751
2957
94256
72166
16129
88010
28662
75445
26226
60352
1734
96517
35052
46760
74546
23977
574
73773
48984
53913
94256
63839
14540
69365
12322
97568
26462
41482
50368
31420
23880
23117
4548
15958
72663
36293
40648
91774
6451
98885
67526
38174
76460
25783
87374
74708
87683
54356
99107
2809
66098
97103
40498
13920
30777
92882
16240
29210
76998
27711
2383
22454
87648
66969
98429
9159
88400
23388
66938
78077
2477
36518
83443
3285
9922
30329
26048
61132
61886
49497
74806
32655
28088
44079
79017
96558
88125
94384
23586
73806
67672
74296
35225
68126
32956
66320
54736
31266
23633
42287
49643
96043
57113
53340
83503
48071
15453
14225
50742
83668
59385
6907
60044
21584
28192
2014
3658
30221
73261
56021
84525
11200
4040
72568
21649
31768
58706
97526
96111
35819
13133
45825
3952
52588
6634
90122
44653
32505
14512
83009
31269
17297
2470
96126
62074
69795
79613
11006
81832
93793
26909
32997
515
18036
21098
84354
85964
1097
7411
89040
12463
15752
8984
9720
62428
97189
28853
2580
28256
53647
27983
88015
25376
22086
34233
41352
50482
10699
1475
66325
23191
84335
78624
86787
10201
91597
55219
89212
89597
10067
76374
41282
24196
3227
75750
49975
29028
96889
24206
89503
93918
59277
56974
79261
60316
50968
90151
97658
86057
3819
82246
68325
1932
10202
14987
96468
26691
92464
7318
13032
49464
88156
92365
94671
4930
23754
17675
73474
65211
39596
50216
20847
39385
22326
72929
92401
81644
45162
18564
62651
69363
67336
80699
76468
11035
25511
75858
57275
71828
16993
55430
27020
30962
49960
73420
36699
96733
95446
48924
21821
89589
96803
56824
44103
20935
28624
11708
46126
2276
33280
61060
98061
45188
97766
10004
91012
90262
3736
20520
42813
78210
70371
58521
77099
42942
59385
52265
59051
17545
84454
50571
9996
42375
96353
91442
86859
97946
54365
64404
73623
67833
99838
14458
21364
77648
45640
93959
38811
65971
97939
1762
87198
86304
67612
58754
36520
38128
85109
56022
33635
12058
40125
85102
9204
48901
38282
23113
86689
27143
44322
35644
97202
87646
8392
19995
7349
99402
78324
67975
84891
50214
27548
80916
28961
94849
55246
58646
87017
97277
97920
65800
75142
11139
49854
30360
26423
93217
4354
87346
53706
11842
94242
33223
18722
16648
95971
86938
41459
62344
31532
37736
970
18946
33525
30705
62314
39067
59070
14919
74097
57145
90140
77842
4281
49178
91918
38301
42618
29137
10670
78977
58572
2751
99394
25227
6027
2922
2002
54093
66739
29692
97045
68158
92459
78459
76452
79054
13694
3904
85296
38059
88996
34774
40719
97385
97535
77393
77169
47793
16833
15817
37617
69481
36811
19185
94727
61180
27888
69784
19482
56805
793
71452
19250
9885
78625
32934
86636
93535
42016
50629
33287
75860
10310
28298
49564
85025
74077
98590
17642
20329
12464
7132
66415
55967
34922
56430
41043
44332
15767
77991
765
15513
62696
83034
7753
25274
4210
21974
22546
70295
33397
62111
92521
71864
23226
85129
84839
17549
12598
48819
20511
13431
7660
81950
65964
98135
23758
62569
86442
84336
94211
58954
12641
60603
740
5355
60700
33671
49473
22783
17752
32811
68641
32256
36664
4010
43718
93830
83157
1282
43663
16837
39762
62513
80727
13732
47917
39748
2746
17813
75666
19293
36184
58902
35338
29760
82962
22819
85936
7130
6290
77046
17956
65935
99655
57789
83641
83711
75053
41493
62729
32595
90219
45064
6056
13002
6710
62785
4757
50779
38675
85192
32813
99942
3386
55934
8922
34331
21206
58998
51113
1766
70921
45966
86393
12598
67820
10665
52815
35145
34675
98571
56711
80118
77967
50096
79717
31990
50990
56905
21769
35823
28029
27252
10208
59583
46093
69783
19863
34657
23379
50200
31627
72255
66345
57308
88636
20277
47635
59994
90048
67677
60572
83675
90323
79517
46719
8369
80012
33673
39457
29265
15403
81430
93883
63310
8751
97084
37045
28116
7940
64294
81134
53213
85625
7514
1400
47891
92944
50111
65025
58243
71630
95792
42732
39482
81938
48092
17149
28671
24994
35255
56532
28332
49313
36993
40945
43659
99006
29265
32150
43785
42245
63198
67498
78105
12376
45737
23001
14440
64473
37674
91865
27896
41502
1205
48551
23195
51463
97481
22064
73454
60203
61237
23532
52335
27726
32679
94212
76893
81072
5426
81588
14027
68479
96284
37228
55200
86764
14402
74352
10830
46107
65448
95039
77804
63828
26144
4145
6226
3638
66165
76698
99697
99819
41686
35691
68333
95415
81850
44824
10681
76010
91252
33139
45069
10869
60820
53463
61701
93497
64087
62593
33561
13019
52365
51033
87285
90611
76101
57039
72084
69572
31863
15423
46686
23974
13613
46839
77851
35135
20527
65072
16594
59824
65802
38743
53411
90667
30140
68048
66142
37443
78206
95952
24702
48444
89646
43977
38149
59137
53752
92867
41716
72244
12897
49253
47111
88511
28912
96370
97932
71658
31354
61424
40958
92518
4232
18693
23330
37638
39014
77210
97885
4621
76554
1409
44816
60482
10047
45587
12593
42816
67758
17106
95175
17546
29320
57037
83202
87132
65394
226
86868
89628
88238
98589
47184
89711
55362
27167
39166
83528
50631
30906
67159
48380
25583
9976
61475
52817
21652
98684
69837
28085
58265
56224
71680
7402
89504
46525
15233
31647
48168
16873
40072
72474
50911
28891
38587
42161
74156
77290
10313
77464
52658
84819
79329
77172
48162
87898
93292
69166
38592
29767
12525
26467
93519
9393
84244
98553
1884
67353
56953
99084
21284
46477
43195
57031
82051
72557
39989
92302
81754
51178
36409
56279
82076
38730
81453
32921
34389
37353
85887
91644
78200
48825
58917
18352
21539
68682
25269
79642
77585
59300
21502
93129
78780
1297
62690
60167
96076
7096
92496
7755
11233
85860
83458
51243
13689
84835
3088
54638
70142
92138
76078
82047
6031
96438
88489
11806
89129
55213
39546
30449
61970
36131
65188
45368
31522
45752
46448
86526
97807
22047
8962
64683
84691
93242
61783
45942
44700
7841
45726
67224
19504
66497
55312
24220
94490
43521
48045
80274
99605
58399
39156
13891
35060
22937
19999
94398
748
89480
58105
57329
52799
33767
57085
26228
39590
55953
20588
43519
41082
80552
50122
4571
37503
98930
70358
25686
82157
3774
60164
71920
90684
25733
83897
1107
79243
41643
71139
70143
59981
50052
56018
5827
63889
49235
3190
98088
88301
75470
77046
13991
32839
9341
97802
23259
73215
32802
90550
56849
12123
2546
75812
59484
30960
2817
52669
96613
95723
88380
90595
41567
74714
3280
75086
75576
97657
88008
3777
44588
94204
28819
23624
69172
67286
58756
52081
36091
17636
40979
63236
96625
71033
87329
98464
96377
22087
25848
84147
78301
90151
71601
17621
85953
88581
68592
16770
85365
80619
71433
52082
67428
77224
59334
91959
66729
64060
9664
87986
52577
25571
3626
82930
50235
7131
47502
17803
64236
17652
97039
4655
88448
90644
11245
60651
86987
56355
81991
25601
15197
30874
37307
10781
10323
6979
61513
44022
43722
95436
80182
94403
21007
2414
99212
52471
38834
32661
59358
45754
8473
587
28840
59910
6865
63909
98645
95195
38047
59913
87739
75775
73396
10426
54498
14166
75390
7139
16290
1593
44700
15548
96489
61334
95722
59291
46779
88676
63194
87034
71188
33153
50820
8096
40297
68555
73172
38607
64653
1399
27137
50890
19503
58705
19358
27425
93824
72816
50954
45498
83923
52085
10082
65854
59134
43168
20438
85917
94140
20015
55576
71774
99188
86869
20688
82407
51125
44978
93101
19270
44984
13940
72311
59962
29159
66186
34720
26369
69980
15041
32856
55390
2018
12797
99360
31398
93816
74357
24182
61000
24628
79724
69167
91511
61540
65672
81763
36341
80751
92976
10273
43933
19194
76998
91555
52941
92487
23583
31933
28239
86872
14459
40847
73634
39281
53286
83386
87785
46716
90026
29519
42000
11653
90926
77731
68631
59781
29390
93759
93757
12381
37880
27411
32329
81464
46145
90474
33367
44275
49443
94905
44126
54009
54356
28466
58874
52518
74275
42549
33531
64301
2769
40677
96202
38997
96265
58104
82226
94590
48573
69416
46706
76481
43999
43976
77790
48534
46265
82544
91917
23023
19850
42585
84067
91842
76286
38948
81179
84900
13864
1332
62192
1328
68030
45852
25608
52550
46833
68435
60574
98033
51080
50308
34634
17537
21464
43234
46063
68631
23554
78105
89730
63295
73673
88128
94098
71671
1934
85450
53655
16526
42986
64987
54459
64264
85543
13880
51392
14270
53852
60215
1677
16578
12835
43286
74872
63872
36632
63047
83249
51200
71792
38633
15593
79431
69715
88306
86622
30045
70040
46472
37220
58154
4508
12719
8145
13722
58527
23324
75813
160
12219
49576
45459
92342
85505
10337
84369
44258
89874
81498
18072
63028
70935
34339
64472
31499
6781
57683
80764
34072
97520
52897
21973
93435
90643
42035
73669
87849
88953
18637
67211
85999
6948
91563
39430
80624
33752
51786
97991
78666
53530
2592
83960
96119
47146
32460
24482
98960
75514
54792
88864
21227
55658
53755
28894
17157
33186
2315
9197
52026
63275
98735
26246
60753
7818
13667
74232
80149
62234
77492
14544
13918
24421
75036
90180
79
96095
23464
97788
34680
5855
63892
11069
39131
70490
57240
24627
72939
95581
79547
57627
49393
41511
81702
89674
25833
95970
17748
47261
68777
15708
53157
23006
15233
34630
94738
61840
71773
45928
92410
48184
46792
99102
3451
27016
59819
54612
88829
71048
83155
14297
53928
47011
63217
85859
3797
82668
23930
78719
75810
10635
66383
36178
50975
20007
71863
29682
3910
27057
25864
81626
81064
35435
59012
88302
26433
11956
79520
14123
68045
71570
82080
72842
59573
72570
49278
25361
10946
59614
86410
36309
92274
30868
86859
45969
77287
78590
40388
70396
61309
58523
71665
9033
9620
88874
80561
30400
65547
82679
91037
36053
6094
70467
72086
76034
66150
75092
25373
80230
66287
7926
93916
7833
61991
32908
2818
427
53633
4440
18444
85784
88953
44002
54527
65801
40131
85992
74673
28619
4892
2467
74343
32676
22146
47057
17657
91511
11679
31748
16370
18454
17505
74919
70004
74495
94757
74120
62936
70324
91153
12583
25299
65979
8225
78521
52596
68238
66840
4889
67529
39424
92793
81260
28962
4686
11310
95599
46093
71357
75493
76000
7328
22997
31163
8645
91766
16633
17328
35324
56592
73762
18394
22368
10973
73496
54326
3733
41876
76140
62681
96177
72126
54997
52100
2151
20784
55589
67734
3825
502
62983
51419
99097
66636
9527
3171
87204
47942
17149
60173
5308
65743
6952
2466
42104
86670
43588
9054
81546
78308
57047
21864
46981
72690
21245
27907
26728
25400
45086
73854
97068
52312
10825
79366
93254
30041
3792
52603
11065
95783
55039
87135
20763
29496
57209
74539
88322
54826
70226
97468
85995
17319
35779
40394
80743
52970
35085
85561
59459
82076
42733
28425
64658
15127
67416
91592
80185
34572
34931
57064
3990
36479
79922
60779
46862
12272
96587
48697
25522
25877
48470
22996
11149
68642
94339
59971
65485
3307
89848
95147
25515
95200
2342
42588
86520
67159
97159
84679
14023
49832
23030
24237
73201
34609
76682
83347
62312
68314
77840
59602
60668
98163
33285
9835
60772
17529
22509
17111
74218
24407
83603
48028
54805
64617
24093
21883
74739
7708
83818
57126
419
8242
49899
19440
96381
8993
41916
7997
21535
44379
90910
44440
38036
28328
42162
71203
94275
19599
53395
70121
72050
71540
12081
96336
64980
94235
49958
18186
66262
25995
1782
89002
59202
47117
89512
29363
18862
34868
3323
23756
35780
60534
5383
80176
92591
62968
86770
35843
14175
74665
98731
49534
53561
15557
71686
55339
68894
15065
14132
300
94101
16614
40095
3574
3224
69822
56255
51003
92120
97324
1852
94405
96782
78192
9952
61310
34527
11720
33944
63884
29963
43370
52775
4634
6867
27981
30759
45106
77252
51944
12317
27175
64388
9234
6615
3694
91576
33224
43653
45708
75279
25262
27474
56618
39471
33677
35965
65638
57754
81594
79352
39204
47132
59158
79612
36961
29844
13746
43623
47880
43965
71979
58707
92605
75448
61267
84948
41110
86423
21520
1038
89482
57800
27550
57969
70145
12636
55247
57842
98892
66963
99923
15911
67502
63430
13875
18110
64503
5745
86230
20314
19217
8571
42087
9004
1491
75427
81134
87850
27827
96777
46362
31502
53816
81654
24160
98510
92654
86760
62013
34195
21715
59454
53271
14872
1806
26749
26114
4865
23807
96381
22655
84373
63889
28531
37439
7610
37708
31131
49093
14348
11208
60481
33353
27801
79004
50092
46808
89660
75795
37097
50073
54740
92000
7311
29419
68960
6408
98356
14026
31161
68190
94700
80016
2668
85677
43192
73464
17202
45294
68115
83133
68750
11257
33268
18497
33315
50936
68608
18218
1712
53238
33104
40423
44264
56855
30811
89777
50066
97281
26816
83564
48730
54808
29522
5837
76242
65448
62207
5109
37896
84891
3743
87963
34309
85162
59414
12775
84352
99312
39782
84539
11901
78842
1236
97740
8869
72507
21236
81358
6978
71868
63732
6735
15191
93233
47907
27705
11995
80422
98204
35195
25136
38104
18803
98113
76068
72256
55130
62207
48579
17578
73968
26381
37143
60580
59495
63756
86429
95858
20336
95527
83333
66302
20997
97045
82630
1132
27667
53978
77403
69964
29570
55437
82718
34281
40323
69557
29184
66238
55317
76044
13986
36968
4819
37477
31411
95543
61822
41386
8518
67486
32834
64414
90062
16457
35271
58594
11386
54158
89527
51379
50535
40669
3719
29264
36294
78033
44707
1913
1964
67816
54811
30323
82767
5935
49572
85736
22276
13271
26828
11691
79122
31716
48414
38713
12530
64675
79630
16027
10630
75643
53889
53896
85811
68925
19516
58247
98364
80950
88424
72691
31676
30019
80287
26967
56000
74627
96182
56376
93855
22056
47430
68882
35894
35559
58392
19482
10532
70320
9485
50819
4159
4151
46311
63037
46130
59120
55864
73975
81044
26746
60901
53061
85893
85810
42198
26365
4999
15560
16989
91931
12695
65454
32000
86276
9958
95533
69284
89575
47321
31410
73912
53023
90265
17190
33116
63030
59544
66619
88237
95300
321
44386
95790
37557
51194
1081
48179
2792
80633
2177
56397
3635
30880
96238
10061
85828
33654
92408
43767
46243
98916
61039
15973
61107
23049
85611
3828
76439
66202
9089
24335
45617
79033
76273
89975
18821
67408
8060
80140
22365
62154
5364
32506
41318
30191
27851
87746
36727
65082
68429
69348
84305
25145
25802
30886
35490
9825
29451
52932
3908
4299
8006
25812
19170
88494
39949
13652
29115
51098
51520
67410
11135
27630
31491
76280
18326
98199
3306
14963
75808
9638
3408
90910
98743
68141
20775
35216
18288
77141
57290
37374
86081
84415
38639
79918
72796
8981
3096
9913
90394
77164
60680
5340
45715
11065
62066
19260
64137
25293
90637
55155
89732
60238
25989
36379
86904
16339
22859
10262
77698
18299
74348
20824
47762
37451
41023
61009
17635
76035
82871
38235
34917
2523
70392
55484
1340
17599
327
37048
97409
33636
64986
32183
17094
47110
18255
71662
86487
43103
98905
85389
24124
29606
4916
75429
35323
34594
55770
91027
36282
80202
76782
21933
16194
64250
725
38407
87871
23508
21316
72162
75780
12592
80757
63443
16075
77345
8339
50604
78554
63686
8565
52169
72577
58954
52712
53976
99872
82777
4516
20646
32614
70847
83296
6818
37620
36158
85826
93617
43231
66987
94319
45357
84340
67846
66880
35514
82839
65781
5429
10567
79140
13980
27332
80093
15190
43130
40970
86856
22725
37443
97090
78590
39754
9622
88595
23824
9823
78074
26595
30221
33025
60218
92426
66445
33559
9689
42977
51585
35469
37396
90073
28437
28601
47603
98888
30398
21758
59340
23167
96582
90414
76340
48727
25265
97195
48130
43049
30123
38278
21538
27228
64848
89353
39379
58105
15351
77648
40542
58619
86812
15953
90227
77699
56840
33084
91266
24007
7936
46622
12626
75370
89959
42816
94401
71175
5361
65932
69721
69255
3269
25167
72107
39218
46509
57690
52299
88610
20765
29795
63400
73619
80862
25000
95206
90262
4438
23859
32922
95109
91030
3833
6689
57329
51456
87165
70333
79510
90322
63698
90062
59793
13843
1501
44297
21928
68729
62840
2295
28327
27285
26771
54924
39403
91228
56662
21921
68407
10898
52417
33617
67364
66677
42996
83310
6134
28675
52490
7133
85417
52489
56448
5492
8426
2058
87956
27598
43330
56040
35785
31529
11789
45682
24998
63229
8841
65481
49438
37784
37034
67825
83306
24954
42762
45617
78930
77867
65918
53638
93580
78900
6179
12746
84411
98273
47383
98269
89752
74448
31909
33965
10542
54902
84696
4232
15167
33839
47152
90651
6372
80287
49747
52613
91922
28362
90714
31805
56600
43469
48236
56156
2661
64151
80265
52553
28038
91495
14300
16640
98221
80899
1428
57022
29101
20882
71820
34123
48194
43991
34789
45188
60558
53610
17525
69891
27325
59988
63385
37166
82442
91176
30374
29369
52378
74745
60253
48537
77702
93595
14557
88935
15735
72890
43219
5740
16362
41105
57516
59695
81619
16040
22347
11704
80701
32909
99925
60608
94479
26573
65801
34392
45675
719
49742
38322
62832
49294
83429
7951
41407
25233
42206
73350
50842
89001
42278
39822
83272
24902
64061
84392
20982
22870
48518
25004
85623
40123
82391
84111
68812
68584
20688
40558
53183
94488
87145
27865
52745
60427
50532
90207
3412
3069
96290
21713
18522
48677
9938
3958
63500
70023
89763
50731
96111
21462
4410
82772
33408
96650
12319
65988
15736
16345
71730
4197
5323
16598
62491
77380
61867
72067
415
31164
26537
56851
10478
52541
30779
33281
91290
89785
61945
41927
81378
63275
17922
11164
11852
71428
3131
63884
74065
71731
89655
24245
28721
70352
68947
58876
1128
20230
75736
23146
90969
18907
52547
17863
88774
84349
74113
56401
20002
66858
87732
5497
82653
67388
53779
22010
35487
7471
301
75095
22704
11568
88878
16047
3987
71108
5818
24640
49107
40851
87094
99701
94198
55919
11622
91629
40078
38341
10033
75914
2606
6238
82688
81810
47994
90994
97830
93158
54135
10346
38522
58941
38497
69232
73663
13948
41627
6677
34724
73972
57185
56703
26951
29624
97562
74637
80853
71161
71658
39721
46093
97184
79107
83785
99714
24615
17787
93057
10847
65012
84184
23496
79460
34195
58344
98373
7471
5775
17902
2903
14390
88557
79158
43262
83249
31206
1226
35625
21013
96094
77693
68253
31866
87205
31300
14430
92990
69034
75205
93309
89634
61463
47783
15998
14450
30701
93353
42917
92162
81469
3630
10269
25492
34367
59062
9285
38230
73651
7113
99255
58569
72498
86732
56501
88956
74223
85653
47922
94550
1872
46427
70331
4051
85827
40231
50624
86150
16127
57991
53987
30172
27832
79489
28380
8065
13086
45285
16998
9756
53011
1979
45418
80565
89511
75291
57446
51480
29362
9179
60953
98929
69549
35171
11949
98198
23245
7580
83426
39268
28829
50759
85491
27810
37847
15211
90183
48962
9502
13670
1623
44038
96443
66884
32151
92991
43827
34701
74242
73296
33729
40121
63590
1457
25877
82399
17641
59215
40424
29099
42327
7569
38523
46445
18985
74582
45547
50734
35188
71866
43987
99294
35819
32440
36607
29737
38769
90120
44648
24232
75711
62057
74704
5971
98318
81114
1116
25748
33122
15651
91849
55223
8308
15473
91052
41789
30714
2014
28298
23024
78900
13838
71889
53585
77110
41333
92369
27885
27789
21943
44731
93806
41264
63656
96884
10894
24453
16913
7093
2374
38828
38036
74275
83076
57356
64999
33798
10843
8056
45532
40
47668
85726
35233
20716
77411
76588
37091
88840
64724
25951
87022
35552
42052
9801
8079
63968
63308
24094
83418
18326
86104
37884
1735
2154
58550
3124
2711
8827
97386
38969
40565
53688
95199
39972
34392
92471
46807
54241
22245
85589
9059
9562
27217
66667
43950
21566
69187
42601
52755
62638
79800
87314
47888
97956
70241
82291
63122
36832
26727
24801
51631
70960
19822
78158
53011
36667
79351
50952
12786
35562
32191
73134
35645
21523
27717
96496
64751
16804
55081
99042
34215
5417
87088
50300
19728
7066
4260
44017
25339
33283
68056
63914
67502
88337
26537
77375
69430
84950
24192
92433
44728
3834
28597
14087
48742
96446
53517
67298
76205
25485
79683
46719
63594
85122
95429
70985
98269
85168
93141
84953
4469
68594
30256
53131
67979
95472
99980
94718
30539
49514
64442
70503
49741
64644
2411
17970
39298
64623
58510
29815
91754
13839
28439
10389
6082
94542
55772
23758
51866
11580
30329
35806
64229
75105
7187
33976
40074
1985
73145
72159
70103
90155
40615
98623
82773
44318
57220
62598
45270
98681
80076
90210
56875
91133
58056
73879
28370
30080
36152
62045
49069
2513
58322
11828
65838
87875
69764
14853
32334
44761
75414
84023
79549
68300
13515
61547
99987
29500
2214
12628
14757
57328
6282
55734
3667
53131
39417
42554
98335
60590
53342
95371
59768
10116
24966
32368
71284
12013
52840
38278
20220
13771
18470
52602
81857
20835
38635
2592
37484
44432
7252
37522
99315
68010
46828
39176
64360
38637
18192
74897
33995
96042
41809
35180
43168
69735
94775
39653
47675
83475
58242
30639
1304
82026
83404
74874
25639
19137
46891
87058
98692
36687
36723
8436
6693
10425
7415
27437
65420
4472
84015
94224
61820
97864
14390
65716
90185
15856
18763
7688
32744
32457
56055
1460
91045
37452
58382
29197
73940
24349
89870
74196
34399
78574
27269
94509
29022
69777
2447
90647
95044
78942
91964
36812
55126
7357
76624
14486
23734
51921
26596
81196
66846
7554
91371
72360
81097
18884
61135
7559
31467
98921
24121
32636
49696
17248
95247
72689
65026
74536
73047
90011
85844
72117
76250
96504
83707
32125
34692
51560
64141
83168
46440
21030
86113
51570
67264
24705
16422
90471
13906
33467
15600
45209
27247
13405
81549
2137
53461
18709
54165
40400
72340
9837
5504
91632
65261
5737
43569
83292
71477
86557
90800
7120
59706
97864
83990
72686
67837
58705
65761
65479
66749
83389
31239
33059
87637
1002
92584
62957
73979
97132
31836
93117
43465
88289
11691
19075
72472
45746
79643
19789
18120
27176
18020
99797
3613
90473
48384
50922
59364
56750
12798
4986
56915
79362
93205
25497
24110
54777
84565
15984
14949
28778
69466
84933
30267
37739
13050
91906
37761
95079
23198
45317
57217
37311
79693
90404
90423
83226
69091
70778
62329
72650
75264
562
4024
54333
32349
87759
62846
61052
57018
84438
85943
28292
99187
24473
78829
65726
96337
76769
13771
21757
5884
63319
92579
71156
1102
17263
7179
51825
35299
42001
19809
57818
40973
77125
2960
48419
32867
63611
95179
93801
5657
50900
32022
82605
72459
10960
75460
16336
45172
17525
49850
31976
53883
29912
97810
25148
24844
74124
84957
48258
37957
28292
69440
49842
51911
99910
54431
18151
89804
36879
92663
84178
67864
54653
39972
50490
88807
87516
88099
65012
86566
74672
6578
62458
93278
52252
47796
98603
42123
66637
93904
23040
80460
64135
79033
12454
70675
85258
44201
74749
26683
89215
84774
84140
4185
39301
61382
53950
58506
31506
29711
99197
98252
53960
33271
76521
938
68503
14538
39477
96399
44744
62506
30335
8668
65101
18481
54250
93076
13635
9042
15258
2516
65089
79421
86091
26880
59776
76129
23406
17145
76550
43339
17824
12970
93680
25133
74857
84866
20412
93082
98830
4988
79824
88046
4948
14649
6155
95307
17042
30512
64710
35006
21073
46236
45575
60543
22147
51923
8802
36215
16477
25078
42635
5372
85810
12484
28572
30808
24493
75466
25727
95560
84874
24085
32218
51168
87602
63528
44373
10156
41074
85673
52776
75121
12855
11317
62085
63121
3079
26964
68159
21101
25151
35111
63318
36006
38213
87742
88512
17564
67881
11686
10518
20599
94909
46207
98104
92708
71150
92172
62494
8631
1757
14372
18812
15759
7423
94309
73616
8919
51341
68296
95756
87848
93033
94127
35482
27916
41294
21467
95825
56061
68402
60091
39443
10988
30491
41054
63104
43678
31546
63690
4059
38608
39625
98949
41142
82556
80093
53424
14748
52340
59304
6483
4795
14506
64366
33075
69965
82130
35937
36896
30081
80991
70587
4908
91467
86698
4951
12438
18884
15634
10573
61060
96671
125
43560
56847
33546
23932
45350
60216
87037
3372
23339
8281
46050
58457
81506
70774
79201
78461
54322
19889
22342
69414
60280
9373
98929
64278
68743
98635
84602
62436
65081
69280
99551
53568
10896
28072
11020
50515
12141
34979
26822
44292
3116
23581
96692
55159
46874
22428
14794
69489
2612
21650
37011
27670
57758
29810
97466
35251
59837
56096
27829
35096
90002
49473
90159
20445
46323
30514
97713
25125
39271
62388
63596
8992
25917
74052
37765
66442
47818
42089
27645
25457
49597
4007
63004
30580
45377
17360
59418
65478
73838
19290
39370
75314
87756
63148
76995
24217
3078
26866
64139
68406
47175
10992
54786
66755
63347
68690
54569
52853
31492
642
76110
71905
99584
79763
78069
69218
58995
23386
68900
53523
89967
92957
54731
51158
58588
59491
29454
58295
44701
12235
75760
84203
48033
80121
94750
8914
20354
93771
23797
77307
40766
79498
25905
58087
53008
81147
22419
37
50411
74293
80365
8093
51346
87789
49613
49672
42966
78221
72229
75868
50956
60515
89075
2470
66858
17941
16530
87120
29343
29715
60059
51042
36620
54533
45209
3652
2243
21443
27272
71745
93434
19203
35177
2728
1164
57709
14757
9740
66668
29931
29467
27020
77031
7804
37064
54508
28085
19751
69714
1666
60379
91405
29041
59917
77793
42903
75162
76126
80523
68367
38250
98811
28278
77866
30859
33209
89489
76802
68326
95527
50517
95778
46053
46602
24194
63771
67811
20450
18679
42708
70931
79787
81773
13662
56522
67615
88817
70917
15690
61113
80669
12514
24492
149
69714
45069
46472
50323
19604
52432
36964
12059
61154
86423
13367
74938
12784
41828
19641
5290
16739
88223
99625
83888
4040
58282
18490
64606
68945
43154
31995
99769
94221
11073
68162
35381
84355
97169
2420
48188
48651
79899
68723
59501
8233
67469
4868
80225
33959
84538
16732
5417
11085
47948
66471
27988
12608
2709
94421
93997
38516
96162
29218
33472
67535
95792
88736
49661
62524
87833
63810
75093
93193
96807
32903
96865
48062
47945
12386
62819
85529
89603
33954
87332
4586
52031
59779
73148
76360
46498
68944
90448
9871
20698
96818
66709
82071
88915
31322
7282
13970
9417
90823
83556
56385
64503
88245
93468
68243
18926
96002
42979
6684
257
16766
5917
43054
99197
13582
98411
66934
1302
45725
12330
13941
86781
55712
86202
64217
16078
55172
79129
72632
49221
18167
90317
94665
65584
99663
59008
95135
67776
51003
16037
27618
78009
3044
69498
42347
18025
55615
67078
86556
33237
11634
70593
31258
33519
89600
32851
90377
43524
4467
53492
39714
89361
65189
86227
20499
77526
27115
41267
14995
29955
86527
74671
16160
5199
98088
75261
57399
32071
58728
68496
53808
68643
9346
83576
47827
14580
29989
13573
34170
97818
79290
68041
57829
54354
56838
25275
30196
64269
12060
22551
36197
14555
39522
62114
77674
6374
22622
11596
85926
85116
90430
89774
34404
88708
64001
63123
50003
26673
78244
29459
94434
75284
70637
63259
19668
69611
42574
32680
82240
7448
17814
47281
46889
16461
65818
12613
31828
48547
93851
28905
44875
72138
80340
42884
28013
87483
67
24758
89519
6249
92017
31266
16276
64758
97504
26221
22212
47521
44368
39295
18924
59356
69389
1158
64657
55068
68377
88217
75346
91083
12210
42746
97914
65015
38591
76405
1983
82285
95900
63749
93178
94752
30719
22038
56451
63843
89767
70309
28424
55511
66177
483
22153
99069
63574
19576
14356
65037
84436
19173
74456
49055
34006
41922
90248
74759
39315
38886
28270
40318
44865
71588
55273
6683
63491
87058
94628
41184
75030
74437
3412
58865
1684
94137
27022
44895
11203
96685
97923
28067
58878
6059
8730
10022
15165
76068
67176
26716
6019
45082
1870
24978
3204
36599
92910
46077
68913
40123
54379
23057
74786
38099
58077
45523
3518
54116
71438
71878
49674
62056
43316
25889
12972
12943
59083
74946
57210
66438
50926
5020
31236
77461
98930
38252
64603
97538
16768
62282
80860
77012
70060
78810
41021
14162
69110
76577
81555
11753
87165
14549
22238
17740
94491
34286
64754
51222
18241
72665
24354
45227
66639
26347
94282
72348
10704
84689
83129
85098
15696
19558
60697
63521
47067
45087
18493
93958
39188
2400
50119
25612
92334
78513
42003
14015
64139
54667
8291
5411
74286
98509
79175
85399
93919
68459
47880
94163
53659
67941
77586
67345
91348
73270
13724
32584
86220
34435
10965
31762
82570
37171
49549
2960
58071
86334
40957
85508
60184
84798
15668
53403
85864
57282
74943
93645
83888
75234
70195
6877
57318
86860
31418
93756
84640
8957
82904
44874
46803
48107
44185
39804
50893
31743
36794
25849
13066
81312
54640
24126
76919
96266
95960
90306
65057
85118
30044
73715
18169
83763
53023
88287
57190
82410
57670
65199
74247
4351
37794
78638
28452
38651
79998
75495
37199
23142
66721
17964
53085
32858
39009
12371
74363
67444
76933
97691
97198
37315
44596
71116
35243
78882
37151
54076
50960
36962
10440
53454
15997
56160
38862
50293
8050
45879
43542
79063
39
80526
40567
32429
86530
67058
8482
62630
89560
37662
43725
3850
23075
56950
48218
91964
96860
37076
51176
42937
10710
71577
61398
41022
19703
11557
80655
44134
8051
64386
54423
70704
49446
46011
63344
49567
6958
31530
71593
14971
87043
86062
83908
18388
88884
11355
22691
30247
5472
95916
97486
13370
58413
13907
88195
30593
99592
48081
12250
9283
74521
2690
67188
83670
22178
88303
17440
93734
81525
50887
89705
89973
73935
80711
38591
57821
93173
40182
24961
5713
94409
96526
58052
81409
44617
11252
11587
43996
80420
9193
1955
96560
1082
21081
52257
4045
84239
272
63418
92807
64491
52972
64150
34650
86929
52398
94482
232
1530
54986
99497
79358
54638
69822
98335
55573
8638
18016
13642
85140
28128
2703
93757
31794
95272
95691
86162
64697
20768
27553
55123
7686
48676
65567
31972
25293
78492
4102
49297
41626
89079
84989
23696
73874
32352
26593
90995
45432
11136
10074
33580
96203
32400
40393
46397
27148
9048
97758
11163
45918
6057
22854
49278
55398
70900
69410
39144
75986
40357
65267
97999
34166
87199
58001
11817
8177
30453
95130
52179
18350
28066
71655
64830
77831
17542
24154
93110
63491
60766
60724
9840
46592
59039
98596
96688
67628
6318
88986
36852
56877
60831
61625
96161
44353
58056
7402
50088
22431
97217
58925
83156
27964
35258
80203
62418
84330
70680
53191
51294
76187
72238
15379
79878
78403
29845
88894
27933
42843
18632
52203
77278
18114
84798
13469
42267
23902
36868
85358
57633
29728
18838
25567
24521
25414
19770
9034
16990
50170
63674
14227
89318
62871
95388
29181
5584
63275
22783
26232
69720
66552
62708
26200
77721
54357
74839
18658
55376
84210
71176
32895
94920
92856
66475
32179
48456
42319
83768
29863
39157
24185
10591
60066
39493
94651
72220
29974
33378
90332
46610
11127
88438
94342
79560
20166
18809
62378
58685
62188
51605
67168
11497
56226
32626
96908
63505
63821
12611
72859
7878
35015
79659
87917
35259
1976
86413
98349
51682
33892
40240
23259
55938
96478
17195
1162
92790
46042
62002
68165
10501
59551
19741
5101
80729
45467
15185
92254
39998
55601
53934
78544
72473
90318
90677
77880
74371
74074
85107
76750
70657
57641
8014
48938
83457
46673
8170
58792
28211
13525
33881
34538
69441
95840
44733
22332
45901
12174
53947
4435
74694
27876
25886
90191
40326
91328
57541
26560
23370
29771
54570
32612
93743
2282
25264
47566
97894
29620
1160
99683
87763
19454
46080
18141
90152
47698
95721
13298
17721
7646
65955
63471
75132
56105
26535
83550
11647
50240
53361
9224
1541
10223
66504
30675
51742
70443
74859
69451
69122
69068
35673
39807
97546
84055
82013
25187
99724
99129
61940
62291
54353
56273
71261
47255
92468
51780
37341
19425
9689
55316
14987
40275
43527
59306
60382
12478
35171
22320
50993
78566
42667
24187
60976
20577
39084
32518
70179
67518
17409
25690
55060
85026
58408
2345
23293
13549
59970
26
83635
41083
4135
24510
43785
10023
10052
45185
71971
18378
88371
30524
47480
26689
21364
520
40642
78957
93069
92621
73318
99187
49979
56184
24794
1155
59924
93931
97752
13366
795
90030
74974
83345
30463
15267
74910
54631
25073
30295
745
44122
11456
26548
55347
23233
3570
4532
5987
85702
62561
50256
31450
36998
80655
33559
90013
8475
12680
58202
10784
91063
39315
16612
48945
42726
16276
46758
5982
48246
81185
78736
78181
2739
91807
9596
98998
35659
68792
27653
18470
77200
59611
75733
69811
61564
35569
89787
35951
39022
90967
32059
64875
33106
83613
94752
29441
73727
85370
94637
43326
95610
22409
61137
73066
24761
77988
48920
83573
54753
12315
41214
99232
39088
24177
53246
95269
36919
43796
67113
90437
511
16055
51507
76844
54509
29773
59719
55682
11584
85124
63642
93136
83318
62524
701
97677
78222
1443
64876
78981
70377
47374
55459
83941
85354
51733
17616
23045
8764
5740
87876
84466
14131
68634
12676
27895
32042
66264
96508
38279
59532
26215
67314
17386
25902
29838
31192
1922
43353
56975
52539
82424
48549
74565
5817
93832
54625
6013
10543
26502
72208
75213
38000
24491
41453
10837
24306
64960
77007
71185
40419
57126
13223
62008
18265
3839
90694
29268
77862
66460
8924
45470
34986
52196
68059
15029
34051
33950
51002
75035
74943
82652
85429
47980
48114
34596
22162
63420
50115
76923
3838
25964
5056
35376
2486
12969
25554
49859
68450
67329
37740
2032
70459
93634
42781
34428
7469
63697
16805
72987
69368
8484
7172
91675
34609
96701
22925
22960
66309
10755
91673
125
38269
67198
97816
37020
21180
63471
53571
91146
69926
27146
95437
15058
2939
70577
39480
77460
91649
88078
19843
99378
83488
268
74369
8503
12070
14227
48101
21988
42923
6270
42937
69816
72271
76955
64686
75132
72511
56446
86126
66280
86454
37186
40205
77557
17120
12221
87806
10240
90586
48991
52514
28184
341
5255
77115
48420
63930
19650
16478
1780
90439
58529
38119
15362
89367
60277
55239
43716
37024
40298
53944
38770
9174
75549
69457
14286
73997
44444
16564
86325
92187
64952
60485
82336
9948
95529
44502
21079
49071
3519
97181
20787
87006
36000
2023
1390
5915
57378
31397
9290
37829
31911
16421
54906
30506
67984
40700
61489
15590
79456
73502
44741
61962
14862
55184
8320
36024
38246
38037
73123
331
21341
38533
55478
93555
32334
13852
30928
33694
97750
16526
44288
14034
33801
23128
11958
18742
54158
62770
73681
6705
78206
48096
36454
60330
53524
97864
49865
98478
96658
22558
73692
82544
77200
48474
12465
44171
3169
2411
76253
71043
19780
19109
1979
73162
63587
47830
42041
9470
13068
68183
73123
38287
69674
47582
65803
12223
47231
69424
72434
27682
32608
31507
59478
52804
37421
94305
54231
19914
61547
23960
22663
68144
99584
47695
49550
51794
23147
67651
42807
37414
44125
6544
59899
78246
68888
22779
66728
34316
71234
78508
80301
5047
17734
79097
75493
81098
83399
27101
60157
90067
77570
38759
21732
71784
94399
67727
46478
73421
80083
96515
89220
48627
52662
70016
99276
18458
35484
50940
75729
32791
61874
88064
47951
22673
80726
85075
53373
9637
80019
25458
79127
53194
7736
1084
43014
24143
80724
47753
42703
45344
5233
218
22965
7815
9354
90795
4267
81806
14633
1093
90554
7779
46945
14769
47851
22133
61413
97319
72818
88923
32292
98500
88504
43732
73794
84410
84291
44841
88788
49409
7620
38318
6135
82123
61308
49543
66893
3349
9932
61895
16629
3578
23736
61044
65318
14210
90647
64903
33608
8791
9625
66959
90287
42808
77397
9461
38580
83590
12974
14170
29874
55836
29826
54300
49242
81307
63471
24567
95860
60419
95714
71849
15314
54910
11037
44942
11954
86103
10788
67466
20305
90568
48613
24389
76870
5777
16162
81552
67842
21380
635
90533
74690
11164
96732
93293
61742
24974
49153
40988
14322
66616
46690
9430
66934
43191
12863
80021
57723
99860
1065
68066
26709
33694
35978
11841
12800
70195
72210
70217
85280
81015
3167
98256
4473
80200
10344
10182
71175
13448
11046
536
52987
31193
97440
80309
45939
74247
5169
32141
10965
9374
21496
74484
31016
58045
43708
65894
80974
79842
24634
69285
66402
92197
70540
43934
96778
4705
3032
66890
93849
6605
93970
80624
95844
52872
82127
55880
88638
36563
12391
56346
2899
728
77254
43460
94910
15560
8015
10906
73575
69955
27021
17192
40060
61360
16664
57875
18602
12589
2048
78302
26456
75584
35290
24105
58240
27627
48964
3699
50028
97758
13525
51200
83977
98311
38246
39253
15466
91300
98072
74048
41884
85881
18144
85141
63393
4413
35190
13140
68652
21807
63222
2566
952
90534
37360
96805
56804
86629
15474
21659
19407
59982
57520
63523
89356
20205
73005
45868
9346
15221
54985
67964
47235
59433
80839
88977
55399
7408
44602
18723
63428
49995
37035
23269
95468
91875
19498
99946
14915
57147
71790
10180
2012
61317
874
70887
86383
75632
11663
85452
60409
73663
97560
70290
32879
89781
66998
60927
34720
56972
59128
24933
54215
16934
67414
94239
57546
93818
69274
66682
61906
86320
90156
29905
39303
68808
87257
45328
91206
42484
90527
94138
81378
46021
98296
87142
9557
80163
68864
59524
50657
29495
25412
66430
85992
85442
77609
27161
67044
40593
71446
48123
67812
89768
98816
84838
11619
3034
2160
13058
79974
7035
21970
36761
51506
61261
56989
66300
16712
64662
74682
77764
52991
70195
99475
39474
23740
31590
68665
39927
11375
45866
19858
65231
20909
77543
47645
3560
66918
19713
84035
97282
21987
32811
15100
93486
24894
75833
97403
39640
28221
5267
85111
2017
69484
96357
24023
62117
2422
51443
88634
98748
14880
15690
90624
3036
8098
6802
87224
96827
60803
55551
59526
53234
25679
22439
5392
56381
76440
6030
8710
68094
31879
15484
48589
18242
73149
37617
62406
86844
44362
44303
48959
86413
51593
38293
32885
1541
38070
28172
54116
66082
91821
82073
88014
55511
53729
45139
33219
77769
20341
50927
46483
50451
91770
50456
42989
74601
42726
38778
32915
98041
83949
70845
60669
33485
41087
42926
69894
37997
49086
6009
6070
84578
64409
23699
77421
10325
50986
73556
33225
28534
33513
31394
76565
14553
96971
92808
39758
85722
74555
63205
48786
7201
92434
85857
35975
57409
80534
7323
32134
93306
79661
54365
12482
31294
28860
67441
78521
3697
10720
33389
39893
26441
16968
74409
27551
8821
9485
88657
63394
95258
7791
24150
44087
5912
28302
76703
40498
29964
8898
66910
4552
5999
54679
8477
92892
81115
34472
85910
32261
39981
68150
31554
65596
23462
62118
44265
22631
56043
53237
93816
55422
31021
19256
71377
52471
78211
53140
80156
78194
5459
56406
74524
87587
44943
99825
81148
79927
13212
8786
999
95588
1870
99585
64439
84146
14064
22326
86374
99904
78560
80278
4736
95349
67478
27849
51002
40996
21668
22136
35771
79739
91737
78984
92696
86760
4224
7918
38302
46631
42982
99054
97352
3949
15193
32500
2801
19530
67915
7630
52547
97599
182
79940
83310
9756
48121
19541
55220
62228
13377
41967
52225
19840
16515
74187
89272
70796
80261
98979
6600
72706
39484
90736
74621
63217
86128
26628
73107
18137
50844
13633
18758
60470
50322
50740
50053
42151
13307
34770
47140
61402
33724
3309
93840
23542
85588
67634
63710
87236
74882
97603
38589
44314
15491
22828
65866
27365
77817
18820
33761
48179
37511
77346
20849
11099
99577
11449
36553
74473
24448
56274
24558
36458
49531
95204
10894
34160
3665
31891
76719
32098
78747
22306
20609
74564
19391
94678
43794
70974
22902
86088
82368
31659
10447
67206
82729
42369
44685
44104
6302
76663
24491
42986
24246
16664
56864
30538
75647
35619
36126
90304
61519
9756
95188
26773
25656
92147
68883
53281
96922
65711
95597
72421
3155
68950
52697
14498
44273
91195
57651
76180
69384
73285
29345
68142
81535
30584
1457
16883
80389
56547
35294
4238
54785
14149
82769
31055
59943
99708
50051
39363
73446
69900
83200
19310
158
28616
59528
62600
81711
736
37072
92817
65548
41991
37349
16018
50543
59935
5968
89394
37446
92291
56693
28913
92875
81969
18134
10341
97809
16723
41876
32174
27738
69225
53621
92760
17733
99028
27393
94125
29605
96545
38086
90100
55597
41616
38876
31946
59560
79007
25795
76507
75781
92344
37928
18045
42191
69077
26631
39082
52474
10347
42602
49304
40217
46874
20463
28470
48717
3343
27367
88453
26136
18515
88187
91088
34000
74004
42089
3914
12623
65518
44429
52835
25094
67574
4027
49926
31314
98883
4296
90802
45831
25241
17768
81683
81353
74003
20465
42684
78969
59916
74079
24452
61868
83115
98001
2906
31576
26409
98833
91782
57063
47967
50193
65117
60046
93680
17169
65824
82679
48433
85597
76914
65019
54193
35634
99956
72940
29641
72161
10271
68621
57025
28172
68317
35461
17755
76174
20229
55752
94785
32216
4433
15478
6182
16053
10782
84800
3643
18286
97119
11428
41041
22666
43101
70874
87590
