90787
6309
58310
13160
7569
94172
64045
59659
25906
39840
96222
64685
42672
96729
11612
45521
3185
86798
46945
86082
98237
69411
7644
66598
31910
476
25928
18191
2552
48704
77099
13136
26911
43065
24392
32941
22607
39991
42369
50283
84693
99412
58444
91398
90616
49810
18672
9953
12490
98945
34653
38264
34289
92925
29286
67506
13452
11827
34972
27763
76356
77764
92488
82445
89138
6275
14788
99094
69575
82232
16246
51636
43067
40391
82634
54869
70165
46507
71755
32764
80788
58651
25950
20533
65592
5134
33116
42474
15312
5371
85546
35886
27169
9626
32534
56854
5071
33254
7407
99176
91979
59907
83361
17675
28089
2588
11052
15326
7677
8710
59553
62949
99554
59905
68505
46685
32518
87516
7921
26577
26853
88983
30565
55653
55105
11108
63656
26863
13739
86791
80573
18246
95121
19101
32374
81811
6147
12024
63558
61764
45155
47464
48197
52927
74985
47382
5440
33076
39088
65706
20826
4203
9825
91468
36675
99004
12729
91943
33906
93501
53946
76265
8386
89750
78251
48744
78023
85456
64301
84479
68588
76268
48411
82613
76107
37745
95868
85663
88136
17949
72489
87771
58026
85820
91573
55517
6838
92631
81982
79303
41961
29827
56239
26769
4722
4282
20623
31177
77227
74951
25354
94260
40178
91675
33817
56722
37928
67164
25040
18431
28708
62397
16581
88181
11765
25929
40888
7055
87187
31097
9795
33609
66113
84485
9247
12899
61473
54551
65136
91460
69875
8699
76206
43099
57324
71826
84402
92001
54095
97894
15993
41243
33994
21944
17560
21435
64816
54837
97212
6309
63470
50503
16540
34863
98860
1832
74910
58786
2723
3633
59650
65246
98741
14448
60751
96153
54797
32344
888
21383
78548
9778
22251
82518
75437
32466
58070
99633
92270
15140
68022
40676
90811
17349
46813
42975
8801
65870
96319
31731
14923
22123
41177
43385
1253
91370
73471
18130
50891
67631
7489
48137
93964
63877
82841
81749
56833
32142
50771
97818
55172
13915
30521
1199
27534
59959
27642
43067
8113
26173
41879
91385
64079
81291
30570
6170
53333
64174
81107
76521
17432
52988
8992
95977
77834
49921
96760
88507
87161
15985
38468
83388
66181
12317
32314
51787
71483
45920
16200
17609
30994
18681
3705
94168
34209
18899
37383
32422
46748
78239
79614
59427
23209
16483
4489
4077
70531
61196
77307
97037
330
24511
50171
9498
61541
14542
32877
96508
67702
16550
7769
68939
50392
97412
15995
4182
36471
8200
71462
30911
2155
65025
95541
64259
17779
57000
34160
79863
50698
40553
26231
16110
45417
83228
63726
85368
28729
77842
42117
41509
82130
54795
64035
34023
72981
28356
31407
63124
10627
30413
86714
48522
35800
1337
6348
64558
5032
95567
937
45773
10740
4797
89632
90819
74760
10860
69648
8698
74996
20014
81495
69482
99493
59220
70809
18783
72448
65340
80937
61048
42458
39688
9591
66156
58135
49546
37846
31335
42685
56507
72393
60146
90580
21963
48137
59632
53500
23666
14485
7684
47819
773
96951
94288
36257
14948
65135
90073
50058
47825
91806
53542
8112
11419
3537
87719
78906
80984
15176
36307
95046
113
26690
68553
44222
3447
41671
97976
65081
95923
7026
32570
34609
98715
56024
93531
43196
74465
89945
36279
84489
68101
7074
28802
19929
48459
83549
35105
91352
11111
72662
20341
48182
66901
29706
41848
80935
12549
26606
13440
40083
51091
73209
53024
28794
11221
98671
88590
92200
17133
21868
20159
8945
45950
46921
86542
79081
72572
15757
50716
32034
65020
84499
63922
9187
57034
52436
11938
90178
71514
49265
91019
62782
87126
24832
5050
89627
37366
25104
18957
34458
51277
22810
308
10228
83392
35174
17745
82516
8370
3607
7870
52494
27674
21620
92013
35136
88630
21460
14410
24803
70521
22885
11997
33742
85311
56826
61964
21191
29058
15310
64030
59238
80517
82937
12153
22409
14317
36686
79885
2126
83312
4334
77802
64656
86117
62093
73387
31680
91227
95230
92406
82463
56934
17150
70043
81206
57012
78458
38554
28787
94365
40318
91906
58624
76185
5660
64756
75137
1515
27253
40294
34570
36539
52166
88195
34523
7362
44049
61903
44857
10846
4231
23689
14474
26501
36720
42697
90156
50039
3927
33769
8978
85420
68660
57535
74620
99532
14839
15368
71154
41149
39790
78529
74270
47543
77235
5615
64099
26484
23093
46718
73469
66563
82369
45447
98294
94811
10446
29258
47458
64012
95106
92123
51608
71218
99171
25977
70446
30019
54942
79929
16560
69352
92110
76993
89756
69896
49449
56625
88893
35807
88589
40668
92929
85965
98722
31219
37465
54347
36876
60419
8462
76281
30992
52693
8186
96883
56288
61363
554
92450
13413
15659
31214
90734
60136
19628
23193
84817
48893
43884
79996
84295
82540
99596
48730
59426
13213
52979
8807
11801
58687
56055
92258
73056
92822
49531
6828
24052
77087
44754
2947
73837
19649
57826
46496
23477
79889
27907
76906
63575
95777
64454
12692
12625
48423
10675
75834
5956
98054
93450
69779
27338
42459
56651
83923
27591
12358
17905
66272
45143
79059
68378
75759
22759
66180
16034
46715
37408
64093
4908
90369
45951
57867
74018
37754
96576
27890
60724
7830
74232
32177
25340
14993
85057
18196
19234
81781
32624
84918
1020
70924
93218
34097
97133
27072
38453
6468
86318
85298
6772
96607
34923
35027
11178
31918
86020
72097
93400
5664
8115
61058
20609
14259
79181
40054
14466
11613
85057
49756
12575
78265
62558
16036
25721
74157
4594
5228
75100
73012
73708
8153
86804
6893
40195
52404
17791
20830
51312
22942
47453
55142
36565
39313
26085
32382
54177
23733
24914
17931
30028
34876
6362
73540
81469
28379
5694
88666
41675
87909
68541
92200
83423
68165
43364
75128
25913
26392
66752
68464
5418
98628
31508
77463
8734
953
4710
13928
57916
99235
78451
66546
54182
37033
99139
18409
7291
36933
36759
49837
48988
86304
65631
50292
37004
50633
84360
29943
16912
29650
33491
90166
78069
3880
14624
77769
52657
10093
98121
3172
85314
43795
6475
80037
2963
62134
39135
79549
59357
92023
64744
98905
50922
22513
86692
39789
22485
2426
15301
31516
29805
73368
74170
24486
74135
70781
12870
51277
84467
17504
83538
70054
42775
91961
13854
38521
11192
25625
3410
56405
4776
97988
34963
9332
75161
72972
94386
91525
73279
57611
11102
10812
42483
31133
17209
35314
96691
57847
54024
4666
76519
76552
98692
26530
80767
83562
61422
7522
93305
24933
48704
77924
49470
92417
26846
78223
39468
68773
95690
52562
77326
99505
61079
94186
60679
47924
79990
98736
25133
17515
6892
23746
30994
88823
94693
41388
2431
761
70561
18355
43705
62285
13100
27870
53285
9984
66220
11073
12967
11056
64755
82503
16838
68255
50325
2363
30956
39570
52563
7603
88265
84556
71765
56314
31607
66562
9591
64537
66137
90747
69658
62977
65148
16326
891
85815
45567
89080
31297
51068
61039
94240
51696
48440
38315
74025
94138
51139
7367
97452
55605
29999
55948
27247
73864
94133
66203
59389
35295
66107
62194
77507
31838
26879
54408
18821
67313
13059
46578
30331
48898
1717
48360
77035
75780
1849
69505
53828
43436
91861
91579
30836
36448
79769
9368
25127
65096
35497
80290
65116
86944
15848
1742
59237
21871
32674
87038
10972
6610
88823
89377
67101
20850
94047
25557
28580
41044
72350
82989
50307
43215
88230
44909
45279
68280
30243
15410
7624
94201
12327
15919
2963
83872
30163
26961
94838
97875
7262
39300
53888
70786
73125
80239
53298
58869
99951
8603
71422
50756
10716
90353
85114
80229
98282
59361
98913
38368
19907
12350
33735
54399
50694
63270
21814
49377
59440
20896
25098
40430
94279
11070
71493
24388
21827
61442
59375
29487
17145
72637
34222
95256
63206
50290
70590
79956
78228
47738
40078
75933
68556
30464
36343
32126
44920
19596
89113
89384
90195
3997
68499
54722
70000
2255
62047
82813
75524
77981
7656
7461
5937
5824
83048
87699
13391
72693
83331
12895
5945
78300
37306
47027
70930
42204
71116
65979
95922
89797
78320
88025
22097
26510
82535
65525
57358
22908
58465
66513
53436
61124
15855
43002
95722
46823
64289
42362
22605
3964
25115
99211
9965
42956
63608
76486
62473
16471
80987
39450
83271
27060
38894
344
79932
2293
85178
83306
76116
75080
42785
24260
53855
37914
90619
17362
59641
13111
24267
13425
70579
24685
29373
55419
20003
88238
69342
53242
84581
82323
67096
36701
99596
35261
99433
29224
62090
3895
72671
99653
40215
31896
74834
23257
57697
86437
34909
46834
42609
12915
91419
63740
9174
30378
4058
39411
86512
14405
58431
77170
20091
96789
6134
95658
35061
93189
33203
46606
25870
48121
83018
19243
42219
8496
75047
39125
91447
67976
70827
7805
57511
98944
86116
8543
69128
88152
72904
88471
25544
33557
38702
72947
42717
74946
90505
7780
77013
40528
76961
2702
27548
59197
39440
53823
1284
11955
86902
63676
7668
55879
41689
44823
67471
89378
23868
21853
47199
27388
67547
88332
12510
32356
24640
32865
73217
54908
35013
18927
55938
67425
42983
59372
30088
40681
70340
3685
98229
15781
62673
45266
8555
90374
31418
14180
54524
79708
15350
3355
9838
42777
67077
51572
68551
75507
65194
20992
14906
59689
53535
87600
41165
35005
18970
97035
83846
57663
27482
50210
74130
82571
94221
50715
21650
64681
43074
30633
72483
21842
8869
89725
79144
27634
6717
94358
99574
32105
89406
75475
95900
10315
83979
98985
33837
81223
12108
62097
74923
44069
31623
3192
16017
40168
16158
86842
34941
18836
65765
13161
37144
61353
62367
77383
19011
52269
84852
38867
5889
8135
9809
41375
72475
52167
37948
18144
60564
75908
28178
2368
62857
36606
14462
42894
73380
93410
39576
81940
82238
81163
82456
66568
35278
58341
57846
71452
1651
10988
88256
14065
13689
50900
96471
95976
26572
65282
13158
99001
11510
59255
80351
97724
438
33805
88052
49573
43552
5722
72623
75917
73482
37586
62383
84139
18138
17385
98175
48033
78090
75797
79189
65811
60789
79729
39620
75698
36993
57055
94078
65175
62825
80453
16681
40395
97573
18200
47004
11395
22488
28886
22583
66601
40726
61165
50973
29525
99280
48281
91599
24442
7038
71563
73637
81661
87847
33893
66571
11841
46640
53377
86391
46622
12671
52465
91747
12367
81738
81570
94379
36170
91713
91962
35748
37675
47285
4064
40598
27114
2307
88698
55096
61003
26081
88689
43079
74068
49252
50578
49122
66040
19788
88526
56037
8242
17964
41536
58880
97966
15065
98862
51316
41473
85135
83657
84201
71704
27035
51631
53295
80686
80232
8560
89103
52568
95721
37389
91020
14746
94912
76412
96060
25500
44457
95368
81949
28631
73638
5558
90198
57066
48263
41666
8587
99529
26613
79400
23100
77493
21468
69726
77275
82310
86643
70686
69192
53476
16553
86626
40490
23669
42766
72584
19788
97937
28603
92437
49842
7282
81919
16214
31671
775
11046
52929
27301
25896
81992
27258
45807
73603
46892
65105
26094
53301
63767
13417
92758
55764
24949
11956
8885
60169
2083
57274
40904
891
68438
89560
8761
5574
44011
48228
4248
29643
4812
28527
14229
90209
47292
96804
95064
66089
59391
89997
53501
71647
86121
53012
44559
20940
41762
46279
28352
21497
3826
88853
97698
30622
32591
6709
85029
16216
74495
34149
74606
21496
1004
45616
48176
87064
33124
70473
937
98729
49930
41492
43771
98793
88349
55204
31718
30416
97634
3007
18943
23369
83696
55581
91727
12797
49208
9519
9899
48234
41903
88125
35467
34643
7130
12296
13672
96274
54453
43150
27639
99369
18976
5131
70301
11125
77574
15836
88526
87619
66059
89567
94727
22557
55889
20535
27619
63581
43495
43564
2717
7714
28239
76975
73796
93408
5770
31355
32884
19602
32931
20854
63478
31466
1397
46135
64278
14473
17369
23233
34365
42539
69263
22253
51595
5113
86697
7623
15986
48866
27247
52591
69682
28675
81970
60256
99500
17955
75697
36269
75910
55932
86337
74822
85082
25395
67101
73754
53499
10473
96234
29655
50469
31466
26436
18828
38975
83938
28011
59184
74352
57679
55172
8092
25403
97810
59149
12211
62009
11295
40705
39394
34706
87508
65188
9153
33943
96711
24780
57049
25727
31479
31212
6368
60763
6468
93022
72352
15128
25499
67019
67383
56593
17130
51450
44855
9935
47602
5172
29068
90878
17626
62192
21598
38924
55551
60096
20332
98049
78761
66806
95545
29494
11001
74260
24163
31540
47359
22223
55597
68105
73321
17567
79071
80393
78133
1190
4068
65087
92359
8314
49041
60751
21494
28625
81253
6441
43168
5352
35723
73132
9566
49936
6716
50389
69843
39285
48290
24258
30685
54060
88440
71239
82382
13241
54317
34156
38901
14010
33351
55265
32629
63092
61443
31295
5719
5112
26555
15677
67771
85969
43937
79947
65738
35404
37544
71951
92487
95460
29921
83546
62980
8394
84899
18757
32048
23886
69476
12749
90158
17932
45284
63944
20769
68917
77577
7715
79075
63513
10852
81787
64437
26478
4178
93876
99729
30240
41951
99480
64475
48501
40965
31151
54678
72795
99635
48760
35442
24785
37449
52834
65411
58095
14623
69257
25710
7763
5188
10832
99196
5352
93060
87351
74993
32244
98403
63257
7766
55263
64071
66565
36498
90108
23634
58615
76535
27093
1260
95379
9113
54679
39775
95133
43769
27671
19548
9687
26176
4287
68347
20568
79719
14330
24735
80454
15475
26999
27864
74640
3006
97949
56578
2634
47600
17132
87147
60485
71181
62763
96050
77354
73736
77396
43211
95347
12533
36312
68767
63463
88635
1456
85616
27120
59944
89057
80473
83867
63775
46667
34228
39467
17485
57390
37558
68761
26042
666
11637
49900
81754
40882
78473
50386
47811
50555
60848
80248
27608
43494
41836
69004
55460
376
37031
35404
93315
48787
96727
98666
60250
43875
87100
27679
76583
41415
29605
70857
32915
63225
21203
80130
86627
75740
15766
10366
72398
10465
65011
36065
51945
78454
97095
8122
15934
97388
93157
50144
80187
92323
70299
37192
59335
81460
25043
55456
67695
6746
24885
75691
48831
190
31466
34009
14732
24318
92027
47810
45198
16922
93752
23808
60971
94203
60116
28390
23949
56447
16589
94112
3062
93445
1738
21512
30602
5841
28414
54466
83307
16733
14185
84181
21602
78525
62493
50151
19801
36013
2717
65747
36613
32441
27362
94186
54977
40840
63415
48387
98550
40390
72708
56064
73398
65869
92745
3679
59880
89264
51360
27961
25565
60355
23684
42106
6049
65290
44465
35294
35213
6332
94209
67045
47866
90323
56597
64050
91344
87411
15733
51174
92
81269
49358
41011
97248
66608
94138
57152
65220
55682
63614
4729
81482
68672
33964
79151
13855
62360
41545
97075
69517
76383
68201
7082
67438
33628
71862
23246
23708
48592
73520
75106
11267
24032
83886
48303
68823
66976
38658
22719
96578
39038
36987
63541
96117
12680
57668
28775
57440
89179
97418
44698
49853
50794
63898
77497
69575
10279
11401
88529
93672
8977
58349
11115
75503
92922
50057
86631
33825
63891
6086
56401
68582
10710
25308
6403
36
49552
97520
29239
87529
24553
49975
60967
38753
63313
41529
60931
29352
35305
79505
71534
78521
54091
9233
48278
36453
65815
50434
33198
95168
73276
76968
33737
9717
21119
21764
16757
49209
28266
62996
7346
88253
43636
87797
58574
68029
42601
7144
64030
77909
12982
56434
22747
26068
95219
31806
7606
91464
20333
5117
95225
41305
49295
49486
5116
59058
94156
9688
84737
37433
98348
85588
90509
18784
63025
72007
25987
76852
92996
73357
21438
74259
91521
63890
46122
96442
53788
82425
58720
24124
55182
27712
50204
98703
160
61274
9373
15905
37650
90748
17369
70248
27049
9076
36122
12502
17523
18162
88409
66923
42776
95946
61685
86437
10367
71250
69584
38194
23226
63591
6503
52678
30447
79404
39436
23272
98947
58034
85601
86022
53829
73875
99474
62314
52341
92855
21968
20804
75823
76218
9286
12774
56440
77221
44090
52751
47331
20889
33345
56863
72129
9002
95231
92105
37827
44872
54779
17830
5453
52632
28763
78886
16760
56065
53984
79938
77060
75811
55808
81741
38809
70530
41468
72809
81784
96193
57534
52373
58339
83560
7057
50564
8549
25224
82685
44649
4287
39125
13277
52046
50352
29106
43519
19780
68033
34987
38487
70581
66154
4187
9536
86133
27716
39822
689
55479
61004
23745
57559
27100
17009
78150
53716
88998
85594
73923
13492
60618
72823
14170
57704
44900
81346
2563
5378
31141
77521
26037
92139
24935
70620
99875
90756
97441
69381
84355
23287
33365
58345
13675
30745
57735
12257
39733
55102
22985
37333
47201
66233
54673
71358
16728
79567
15020
4310
58574
58423
59563
22399
11202
31376
25980
67116
45536
24447
20052
89584
64005
77059
67111
4609
25890
31990
42586
14920
2937
22339
24848
50344
12420
77759
77921
40521
29430
33446
75305
35488
34009
242
72060
67709
96150
67066
24951
26160
59188
68293
8754
19832
89079
92841
8081
39978
63849
98149
16122
51450
80791
78679
41089
38537
37554
28698
31038
13068
93878
90144
31904
99636
40871
52488
32571
75871
95351
50333
93597
30587
85636
23626
22847
12242
58270
65565
25335
39095
24038
50903
49610
77451
95346
47533
6718
66187
65902
38879
96717
74202
19068
83059
9237
73799
15228
57005
31373
23419
43654
76300
19698
55297
28308
96388
86848
51506
42173
55923
15100
36348
26972
61538
95694
94766
69199
80027
42956
41538
5915
54754
64081
86120
55341
75121
61132
40555
94683
35571
43797
77475
3209
98269
40506
95382
28744
51812
48664
40363
79353
16223
34565
717
94831
3066
96714
1112
85138
371
80110
95107
55935
34165
23374
11690
19085
35311
60841
39734
84458
93457
90903
63115
60356
97922
57817
6479
72036
57504
95307
84050
85269
13077
14390
25278
25091
29650
84131
99612
73982
61835
14762
6528
72957
68398
85320
86003
99327
53985
75279
11355
72140
88472
82295
90473
56218
86096
23666
46334
90861
30923
13246
30011
73750
92520
64723
49924
79964
79870
63708
89935
35959
2293
59426
19887
47384
56289
87108
17880
16967
84123
85443
38926
45509
41950
24410
21775
70800
24987
71178
57529
91685
60794
22643
6585
24031
60206
94527
84273
2653
89043
4377
19333
24866
43078
75579
40291
68982
62785
90341
61260
98602
52209
74697
63843
59033
49814
63778
18257
38890
79031
68869
87891
83345
36704
60016
18849
76693
83897
55232
94619
18604
25380
63807
68114
65763
87410
31865
35280
98810
45922
98319
27237
17452
31511
44997
20271
70732
66389
26582
88645
74187
23704
69159
50176
93206
96017
47353
57894
9755
29279
32280
9301
45324
51557
35888
9481
35453
80365
47552
17482
68840
70137
97990
18805
85360
84993
21114
90180
44066
8430
11415
70333
88759
97458
98580
70388
16502
82754
27888
85502
94614
19954
10060
53523
52609
42827
65746
69214
41909
66539
44819
48453
16484
86105
57711
24496
60955
50499
95373
26040
20191
30006
61995
97677
71667
95225
89359
75363
91638
58375
73883
97658
61066
96167
70271
69897
35119
67017
39497
61607
33774
60192
66167
40117
99634
82454
45901
30955
39696
99344
94978
66622
57127
15712
23893
13674
95618
39649
19997
68994
88539
20754
73630
79825
13242
61234
78135
70316
98875
68244
72343
41590
94349
29439
69840
62927
62966
51173
40101
63578
63860
18942
59037
80202
19166
66752
84985
58056
99145
24701
33698
47715
39303
11546
59643
77525
36394
30471
2038
69774
11047
28863
55074
84064
61877
60222
24962
66086
33812
61370
75161
13393
96170
34239
85346
37360
16840
50635
63452
78651
33292
73507
94721
70044
16512
80784
16088
38555
38239
69722
22913
53413
47320
86079
84430
10232
36203
34319
15505
69902
52944
93895
79951
22819
62423
56969
37812
96708
19145
11028
81377
86454
12750
66661
26368
50912
21128
5290
76440
37815
30205
12479
91515
27396
658
12327
49981
43027
62674
34312
27616
92219
53166
18915
53194
75909
8702
2638
56344
49147
43366
75824
16716
35854
17044
1113
50401
75459
99813
49851
383
24700
94183
6857
60970
99231
91417
95595
37589
9541
51471
84603
47668
57665
3634
36223
95119
14762
94884
20867
94674
44231
68097
9010
95585
12086
79809
54129
26345
70330
22777
13016
75538
20415
72834
55630
65328
78410
86033
87296
91257
37953
55941
31965
41777
10164
69280
20145
80129
58535
844
77116
95238
42366
94943
93455
24549
62084
44473
43234
10460
12663
91050
68500
98420
35955
76209
49632
57042
4601
17055
15481
40621
36060
39193
78498
29690
10153
5148
81900
97860
66864
87195
47757
6455
96275
62340
22905
81467
83498
40738
42176
27165
62000
53339
72964
27401
56365
99352
99893
8692
30753
62693
49258
86838
97002
32399
74238
91093
63986
62058
69253
71740
5881
52373
64650
20714
94778
42645
43143
99175
73468
43805
76511
96626
64471
86895
18459
84085
33089
70685
59359
4442
66453
60424
77608
54103
4830
28522
25701
82628
9125
80015
98095
27693
56757
42365
7655
5699
68551
91348
2346
3950
66383
39952
24275
42077
78018
20684
69485
77629
71522
25825
26995
81287
8904
47405
6695
15924
79853
71534
65963
69100
62325
91053
72255
91292
96025
42327
32183
72774
21711
63206
66968
65042
84215
72959
45328
483
4484
6197
77423
24644
43014
99627
41477
60033
52400
18582
6170
21617
62187
46464
38788
34577
90902
28073
2536
85997
184
18952
57264
56951
12804
98736
12229
31705
24903
13230
84969
63879
77330
79630
14164
26638
30430
41757
26441
73226
34464
93384
53845
12019
82251
79396
46179
89430
63357
59463
64926
39714
73031
95668
74180
95545
59740
22900
63652
83175
14261
9663
22580
76879
36094
39003
97585
28576
10753
50491
56147
35654
25901
67400
51372
88253
51234
91133
26334
89985
90364
44172
21558
28929
79034
78590
82921
24081
45066
1592
45929
80607
10386
95033
41699
10141
25661
30879
19865
80253
36641
62762
70807
28155
10345
58168
16276
531
44164
44464
9479
23284
61481
99994
66371
96557
17668
98955
63665
36291
59650
93950
97289
99268
89845
59646
47020
75542
33220
66496
36832
82569
9747
62413
1641
89387
56778
48542
63233
40954
97284
8608
40596
51636
88566
72182
84474
41962
3802
55358
12561
6643
48600
76940
11319
97277
2704
78514
4705
53790
64486
96545
7323
85672
16522
81193
23581
22811
28706
76988
98181
74581
48983
86449
45431
75109
95865
15269
67022
33757
54448
39772
59709
84517
79232
98468
26055
95403
76632
37626
93143
58072
90327
35494
28157
88351
4827
46882
52294
42447
90087
76408
81559
19784
15153
8009
63397
17322
98565
62633
7091
25576
99801
96072
67785
12540
93039
71948
87694
62612
38912
82906
44323
62986
36427
42675
35483
72945
43162
42395
70746
68427
29676
88821
20712
23479
55269
53993
38226
63784
13551
87272
3902
16657
15114
64231
67593
65629
65239
99399
34527
94427
3869
33685
81175
87734
88630
69260
69032
57858
51514
97560
14539
63218
14822
50582
67918
14567
21960
61944
79282
9059
89449
86788
27907
11612
78743
87836
84945
3500
95502
66808
17135
31620
80099
4399
76359
40833
12397
62005
51800
85591
14832
39038
88686
30218
65575
16993
11101
1307
54125
46104
13337
87295
3464
59587
26932
92300
1971
90924
22709
3628
40839
18981
6097
37140
41221
3373
57961
55567
35106
67474
32640
61075
2704
89265
57623
40437
89061
6489
88392
1623
68009
97997
19579
44288
28449
19752
15207
72549
32179
38266
72553
95107
65206
24881
37850
29710
16440
9011
36624
86947
58827
91143
46164
94714
86125
43668
1243
52375
19698
4353
29987
29920
10064
53564
93451
29385
15815
72310
81424
48619
27787
10251
74304
5651
94799
71519
46173
12150
62864
41316
46896
95650
5115
58872
82726
42896
31548
27724
95116
27286
68740
67775
20066
84121
56822
73704
59135
8799
97742
43539
46978
81570
61262
30402
59728
74913
6407
81045
1006
1649
73984
41637
59068
48176
55686
65962
93964
87802
53649
46748
54846
4916
96014
53942
38842
91110
9262
22198
90730
67942
72522
2465
14321
93615
88241
40196
60267
66481
92528
40022
45474
91233
33437
64089
21578
34801
90528
59391
75706
47387
79967
88489
55559
72758
74628
55146
91967
17803
36077
26218
53151
578
94736
90246
76178
78133
30248
77461
46374
60646
4832
51910
27660
96844
94235
77093
8492
54697
56478
96956
68195
59255
28987
12790
66458
99552
61531
36799
34532
73325
9542
34215
17139
54294
12082
40741
35000
23673
74470
67480
34581
96806
92618
85385
12353
17366
13965
25644
13911
16955
16882
82981
84635
27411
25240
45000
91339
40278
28325
31512
33373
27759
8526
89105
59387
95496
74342
21538
66935
4445
3488
1329
73324
45683
54210
96803
69300
12961
84648
70995
33216
77964
80786
1055
89751
57361
812
76578
42413
60124
28760
7163
23967
38357
79513
64237
4073
47066
7230
22784
94148
79143
56522
10566
82047
370
81468
95671
94265
81907
71392
56477
44057
94688
31441
90636
8554
25175
66569
31081
21974
62645
12006
69003
72925
59620
64763
191
49522
65680
23792
60805
36242
45562
89815
96440
16226
62598
35469
69803
88357
88431
72744
1679
72311
26875
65155
35153
15944
65705
66019
92064
17240
49478
72613
88588
51435
58943
90375
86122
70858
51536
67983
15060
86390
18011
52188
37229
54857
11349
48007
71714
19211
70810
11861
6412
6829
60832
31356
44915
72870
25577
2671
76236
86696
71667
95304
17698
12414
68970
19602
43827
89541
54333
28496
81777
99267
7693
39596
17385
97512
5057
52384
75392
9632
69655
63835
64793
68337
45653
99345
35156
98040
57373
31777
3121
79738
79839
20100
27185
31433
43625
47823
19869
51606
9786
68421
55264
38286
64244
35933
2095
96434
80623
27435
34570
73495
67274
13837
91002
25238
83708
42612
82553
13232
93033
76525
60914
94978
11280
69579
81757
417
67201
68435
49613
41971
19564
25156
49797
67338
116
12705
50020
3869
67779
1660
74882
44516
98167
69664
87858
98160
19130
49851
58631
95236
54671
6726
66963
88212
46920
78227
21451
34169
50773
91090
96614
72846
81878
42495
94468
1835
8818
492
55083
17947
53088
17767
36589
86876
5186
35911
59781
76818
62322
4472
27168
83144
33941
76545
9977
53636
88876
18510
64573
80614
50857
16383
27437
89981
98206
40268
52257
53318
53425
1043
24553
25570
57420
48512
85775
49650
99536
93496
1273
60210
79754
72577
65674
41327
39614
10257
34024
71078
2240
79986
17336
60219
87969
48431
31013
54898
12422
32510
30304
35246
96117
89386
55361
31268
97641
14460
76108
84859
80900
42693
49903
58178
36132
59434
87336
46957
77230
25036
57091
93774
66727
92306
68480
25484
22018
60118
73427
79555
93363
34122
47109
27767
96098
38341
12120
46582
92604
7757
13672
9322
14243
82338
11053
49015
69157
10885
68797
14967
53578
89187
45902
271
41638
70434
78009
84206
82319
98119
95354
49570
35337
79586
90932
87318
68669
83991
87026
67308
24424
1481
1288
81075
15792
87140
14455
34917
33009
28551
27471
80256
74869
68365
94479
21471
87842
36471
98088
40916
28652
24247
46815
69060
14636
66651
51473
31551
29033
80853
61458
93018
72979
77571
91566
35947
12047
86559
60720
66048
72523
50085
6560
33693
53395
19804
73415
50032
37660
45443
38991
87634
58142
96570
64582
63229
16831
79370
26401
52741
95370
45170
14876
34452
23935
45999
15679
22341
7972
94631
99677
31644
53529
8626
58678
2785
26120
92773
64668
21143
7323
91484
1811
59965
6696
68611
85010
96897
87368
15970
33862
41116
43941
75331
71893
48718
2833
60513
88159
77942
11859
4879
13153
52429
87389
57313
2580
47776
16345
29883
72722
95785
4481
79605
52441
28041
63566
30215
34119
5508
83753
30679
18085
32888
7101
7580
92865
44123
93389
29390
72947
22865
3969
87116
31457
56423
44412
40297
82270
4303
87177
5427
50189
13464
45588
14338
17027
87401
96821
82842
71338
5593
69286
16861
59074
55630
6998
65200
4547
78225
3862
55464
5341
94730
74417
51217
54304
57950
81593
10555
11799
92417
5372
95393
16143
14745
19286
88567
33174
30001
90047
54639
90367
70550
8389
328
93634
31058
83124
79476
92511
94690
15762
18341
93443
32886
59560
92659
19907
16261
73690
63404
40677
53931
84407
57465
90783
544
76011
85448
20727
86229
11986
35483
75593
67630
19816
73965
5895
38678
68124
348
13498
35140
29667
22360
77383
55497
78440
25158
65933
50194
56737
47633
55915
74368
83197
37038
6463
75681
63609
66058
28424
12458
91730
19090
17517
25652
96884
79006
12822
89681
12177
97084
55064
6153
11630
86741
15215
16597
18679
93181
51203
16087
62323
26908
2797
14996
18642
52404
49523
65679
87266
37423
81903
15012
28737
94023
63598
67709
38413
7505
53812
45332
53751
66887
98812
90438
85751
32304
77533
41552
71480
71566
71145
90793
62420
2467
11471
47708
84762
56897
80384
64992
19243
71693
40270
54261
77605
31087
79057
19870
79383
71577
73379
43733
87987
64337
45387
43983
94625
28605
68759
44366
16080
77706
84930
83357
19431
18777
22133
81739
2010
92775
51721
60359
96440
5687
37675
36084
80225
64894
61337
5001
28533
73706
42537
89320
83336
73360
95880
86424
71377
88593
91743
85026
22498
90984
99890
86373
34226
63186
36163
44182
73173
44090
1139
34647
18701
58881
51689
14258
41882
90055
48171
45299
9453
94776
5960
65184
93946
32726
93112
30229
14156
21790
20795
45184
49010
97338
71390
74262
13847
34083
47613
85040
69455
95760
29346
62181
85901
31775
87499
31173
71090
88031
91882
15344
59553
3288
84198
11921
54893
55031
86622
54042
72211
85946
67086
78461
96292
24724
58090
22980
18971
66558
33351
37965
21261
71483
1881
70086
82942
71750
7159
71361
79727
77401
31067
22100
45109
60284
70853
9168
40454
82857
73887
9179
50797
64504
56251
42604
19805
58444
74425
7458
51169
46713
90853
20002
42930
16240
50813
70988
74594
21192
9232
16857
30549
53291
95809
49906
37967
31002
13739
74608
36040
85566
65246
8651
43996
24300
10952
40865
98848
58036
18608
58854
18031
14278
18299
19714
25698
73986
52817
63628
28126
63931
66073
51873
43110
46438
90145
17952
22769
77765
11130
32965
75063
62474
8704
82048
86374
50026
31160
79825
16689
55937
12306
79395
54439
53883
60557
44450
82849
55206
88985
23066
13077
55826
31640
67405
34504
53185
93598
37329
31265
74065
91992
2468
24056
88547
22089
11052
16205
42567
46703
18192
9940
61478
15843
84332
5358
76523
75455
3157
12148
70735
97371
5962
63404
37313
23280
80562
14718
21582
23613
74904
96448
65298
58472
67648
12590
77147
1436
49061
41173
43157
63760
15696
81838
57336
22377
87031
32072
4139
55254
48336
77758
71795
60088
63696
14888
77276
23109
90308
84109
6530
82466
38795
77173
3516
32493
35022
29693
74630
2141
19549
64708
39658
5633
40264
68418
37803
27589
89142
63577
64525
82868
71781
93091
87108
61143
19615
23147
2647
37019
13334
54679
31984
48720
19708
37187
77892
28141
27937
34249
51866
65521
35017
49372
96761
43685
24329
66709
25042
94718
70526
34948
50983
74110
75819
4904
68118
17177
37773
56921
90151
22325
89052
53346
20302
71403
52000
49357
33660
13675
95117
95415
45832
48956
9149
73602
68310
73504
14025
99465
37858
95093
80484
41934
61483
93048
96435
96559
98591
95301
74029
4664
27422
25881
81067
50898
32429
55896
32491
65016
74202
15691
9319
28778
14503
36033
89549
90906
86389
32182
49275
9220
27759
27665
77786
96987
39055
65959
87444
76190
10416
98173
402
21802
87218
70698
82358
23881
71460
38075
73457
77672
31473
78321
46979
35494
39913
1221
45
51592
79691
75275
87700
39817
31052
30388
8501
1519
69670
35693
5599
49433
47456
43717
44497
60500
3702
71276
66001
40301
64325
50167
33510
37377
37813
66464
23379
15151
31939
19947
89105
25071
52298
64067
94023
45373
88238
86946
47081
35949
66884
32879
40394
26114
37473
8322
69471
5498
94526
32035
6897
27297
59685
5681
78878
21094
82458
38526
8813
65258
92841
31319
18637
84692
42696
61570
36809
4962
97672
59936
93481
65979
81278
3890
44808
47999
26568
13719
20014
76095
86878
5267
16330
66409
67479
63468
24461
24796
85781
65070
18501
90938
51694
975
93492
95035
75896
71532
52589
30142
34640
52081
64363
68539
63942
37400
92494
64948
39945
11945
8883
66921
71083
17728
61998
52586
65616
23437
74471
27911
9176
16980
83502
48420
41351
16436
98652
76200
30382
86181
35559
27253
73879
8378
25858
39378
69234
98663
72399
99427
54231
48572
34850
54842
74519
22159
51827
44295
99268
37879
2591
24779
64441
14004
75260
33322
47175
98957
24279
21503
12638
95217
58188
39977
41044
991
4065
18435
11573
96961
40640
41202
12487
89427
90255
62903
30392
50146
37837
97508
45414
52559
71979
1419
27979
77394
31268
68146
45476
699
85883
75811
81084
1652
35632
93856
53145
84003
35230
66036
81635
58892
93460
66852
18060
74642
20109
4868
17761
91806
67439
58086
71883
79768
25597
26477
50722
12114
34361
36447
66543
98277
79514
16345
61244
66195
21061
35517
20635
65515
28235
7815
12816
51178
15679
3933
5723
54431
68914
21380
96422
93159
34669
85199
45287
4919
98154
36531
9362
73016
74896
48918
63743
75405
64777
45061
26675
93072
28449
61285
38478
35130
32189
75745
25328
78497
97398
19970
89768
50299
93489
80381
92923
78433
48028
84101
29677
68495
83910
35586
4240
76936
50204
37914
54374
49079
3004
99851
20180
58864
2616
89562
6149
55956
1864
56262
53271
79892
29964
23382
54791
18124
34589
18193
1556
41009
32847
88172
88818
54501
75142
41757
60174
18887
46929
69423
35769
50280
86759
10030
26323
50071
82140
69762
18389
46591
84576
48953
51226
63718
33717
21949
94507
51126
18060
44869
71078
12121
64731
32070
60938
17789
91068
13546
45026
48631
95236
81593
40459
37507
8158
88884
65988
80170
78724
22433
3121
76668
17497
65055
14636
12253
81350
11451
73129
31868
98416
8444
68035
92542
70226
6873
51560
34234
24605
52235
7551
16765
4008
26237
31985
8237
87701
52255
23995
9739
80225
46745
62830
70642
52071
71101
63361
6588
40467
3605
51124
29827
50206
54268
96897
388
95051
91848
705
42624
65116
75077
14745
17661
69810
35005
37887
96042
5439
74195
18892
66207
55689
91888
95808
57826
52382
88724
91853
70246
7983
526
53665
27854
67210
45127
62195
96368
37656
82680
70057
21972
38991
58940
41188
27
81301
72192
10761
83869
10898
86902
87564
1259
82160
48649
22747
63379
4274
23275
46020
67681
96430
26730
99684
10562
42120
43746
85581
41508
64813
81868
84371
80666
26217
89331
27060
90684
82949
12199
90018
15563
68032
99466
61070
95025
40777
68424
24018
45543
16662
46693
66714
35952
99524
56718
24560
50787
55948
35953
52324
50566
63614
50984
76500
62805
76541
63536
20861
85954
99607
38232
93598
10967
13535
28213
40838
81591
20200
87954
84186
75714
29824
78373
12740
58711
56806
32797
16250
5139
29674
3639
57994
59672
73600
23216
57728
66378
19873
50069
72564
58162
4030
31062
92147
44677
66529
29497
62312
90463
50946
81482
47206
44649
70594
69360
48597
36890
62952
31323
90326
42233
20214
69209
21077
56960
69767
65193
67818
29564
25319
84007
11468
27857
77967
95365
96787
26491
98779
93146
30024
56527
85418
404
76971
64319
12658
49930
44448
83453
63581
64460
98584
81879
76739
8060
79415
27424
62182
95317
90631
26992
72708
18633
60025
34785
67133
94378
14899
80090
27361
5662
5530
29609
74260
40341
14077
46857
30914
49686
40827
20516
41017
1429
43859
63185
43207
47009
48806
11710
62833
38811
45675
86953
21804
65793
48719
58248
47996
20231
99366
25320
98663
41351
62995
72659
981
97584
3343
24427
15655
62810
78394
78515
57617
39737
40987
25516
88532
49007
3797
26300
65308
892
77929
65740
24819
70545
63138
36200
82785
90851
67713
5865
60257
88634
86949
70223
36801
69321
1206
904
95285
280
23247
15982
68920
12252
53158
20236
28256
2025
505
1408
81020
45854
11030
77532
7693
63838
14118
17383
59263
64287
98360
22401
11523
20635
33926
63907
64458
24996
4806
75300
608
60213
55407
10553
28962
80739
76294
47892
46813
23154
37988
43789
17189
30756
44005
32350
43726
78412
19952
77607
33195
65153
13118
25618
5665
37422
68969
14482
24134
54150
8114
98884
90492
28564
58511
66808
34596
59569
62351
46313
58464
21615
32716
35494
62314
72050
64204
27669
41258
44606
95315
87310
2744
93900
69512
83907
95886
48758
86146
3551
62921
72817
16239
34860
84508
83483
67010
46287
5361
64266
8887
36846
83293
56836
93219
41201
31647
54253
52829
15398
80309
346
37794
92319
7578
29956
72042
10902
71328
95800
85701
14704
4518
69932
3121
69983
56950
33804
51068
99874
60862
39282
20240
19623
81992
40980
91487
16881
16376
87895
73964
73460
26786
77250
1012
45885
88838
19597
13399
63919
98793
66136
15079
39752
8017
10392
90924
63330
35933
4588
58961
71413
93438
41422
51342
77914
54773
1957
40211
94346
82123
42230
21614
36388
10119
39291
18170
4878
8399
92268
63556
56979
56127
62234
72250
60683
43135
83803
60243
26872
85892
27871
11637
50860
91173
38977
41383
17032
80824
58169
26515
83488
49129
59918
1175
10394
84118
93801
12201
58997
30890
76100
57989
59174
56916
44993
3732
40349
41955
4216
12826
46982
89504
