31509
19387
31838
39366
37957
21573
33655
10952
51894
78173
4196
30620
42123
23368
49004
72244
53092
70946
12143
30449
88449
62482
55102
68138
37220
17161
35815
66294
13139
9592
32585
37335
61885
91083
12902
78819
27860
22949
8342
19632
98008
1721
65432
21691
34261
60322
82532
34420
68963
90944
29307
18506
41003
89487
54720
18063
6537
67846
95360
92071
16780
46089
51116
27347
32795
81292
68552
22356
33586
55204
64603
23070
3146
60395
74087
33531
51510
25360
32883
59800
50121
85561
25859
55056
7477
43446
35209
88563
72655
63523
45237
74451
25038
10810
71720
12875
5171
61074
16902
74381
55010
93080
75466
13222
71310
52264
33619
46063
61586
61768
50012
33683
57308
99329
63658
49432
48452
85083
31198
47788
5338
42389
31690
30990
94494
56029
68608
13397
25673
23282
96646
86497
51561
98771
7398
78364
80297
35619
52130
63084
6447
12284
89701
91097
9086
12589
75956
67445
71164
80786
17155
28653
86126
81038
88164
77131
82400
63208
93178
70916
54177
78207
68523
84069
55882
93482
84756
50965
27967
58897
32535
67174
41678
18082
44016
99614
4661
42769
98853
51581
14336
49423
45435
12778
5711
12997
76965
36030
18678
71277
44856
35788
1023
64813
79514
4492
85418
24082
80280
72259
32532
65221
82935
41585
96693
84460
33282
19798
72643
42847
27586
70977
93045
93413
44812
36631
51650
29260
3795
4509
91655
11745
19647
95426
69927
3025
59254
52523
56012
50333
11830
80764
46924
64339
56292
57536
66728
97231
1375
17814
14638
97326
50158
61272
12734
68458
45208
5096
68489
80663
99794
20730
81781
63512
89522
27960
92413
23231
64707
69206
60725
76288
79633
50195
78124
10000
43012
15912
62122
7711
27242
944
43961
49967
22157
79764
3008
19280
17635
80082
89993
44026
61988
22601
92740
98150
45047
86212
18853
55082
18693
66913
32425
49422
9775
18620
87862
81199
43770
50588
20224
82864
37864
59994
53767
29048
22691
66794
38814
23213
3859
62088
23655
92010
75727
56960
99737
26655
34256
84601
1027
46342
84096
94335
24427
58653
5490
65131
63695
17925
77003
20754
9165
60534
37437
98119
43838
69789
98677
73389
70717
63315
43019
6557
80261
57563
44566
48657
91384
56791
64770
71083
98588
4551
80985
2180
38431
79968
70110
63285
20508
42533
84890
64859
10614
16997
5293
1131
13249
1584
6598
9586
16768
45815
91758
22503
82792
3967
4030
67600
81604
31778
83921
67438
75154
17794
88467
36934
39690
37290
56057
16652
76159
53860
6699
94510
78046
39600
24508
61530
42516
50664
42618
9965
52780
47085
55777
22266
24149
5836
26474
73939
96897
65107
42240
7158
20202
69355
7699
4503
1232
65681
1829
32774
4734
72372
81442
80797
8586
97261
66669
58473
25274
3766
6646
54450
64196
33865
31240
33416
4206
17462
58878
93900
68213
5760
33077
49240
76937
62292
73148
41804
68020
49511
44104
50294
45691
10892
90852
17053
2941
65103
70854
60650
25913
74672
83677
39028
57997
84095
43142
80038
46521
72240
49854
6479
79937
81307
64626
262
77713
85076
12434
11064
70299
68642
66884
20848
94396
76221
42356
88513
59036
61417
95113
34163
32020
29866
44627
16199
60106
80994
40704
11689
30840
82030
29711
97265
9035
77082
75388
79670
3687
25500
19833
69360
53096
50388
47773
24008
13955
14590
26966
34750
21035
26192
47707
55063
69263
49750
66332
5473
83520
87624
7963
16196
36081
20421
79731
84742
52119
85679
278
64411
19312
23778
25525
24392
56800
45842
1049
91698
93846
88000
2703
22792
25581
59128
23551
96074
27438
83595
32669
88052
51123
98468
98680
61899
82758
22280
32497
1154
60904
63599
45574
20169
45518
39322
14987
67379
46598
13872
54330
45539
13495
94393
18337
40050
88966
64630
85818
67040
79765
89082
9561
38869
56518
85961
51870
78450
4125
14380
1674
27608
81955
9166
96270
17620
9639
23991
93182
8550
25695
76642
23941
61901
36300
18716
79027
19954
75163
11004
52753
78605
84424
185
15572
10103
94013
56749
80688
95981
33113
676
6372
51037
72107
27456
36051
49745
15773
92685
49843
57045
50222
86588
52798
66246
10488
27806
17670
36441
19248
9214
98822
61509
59211
61404
33683
15567
95805
39362
62065
57424
32445
7588
55778
40805
16293
2041
12249
15922
93782
18640
84013
19763
24152
44785
1705
20577
31230
28882
11936
78334
872
73138
75549
88989
38434
41270
2297
55889
20074
96093
46886
91088
77039
2177
50376
14467
39285
2797
82595
27213
50484
22294
96976
60981
65088
98071
66697
76658
58660
88205
70531
61747
87592
84907
46684
76808
55761
12219
61898
38896
95335
31698
87251
87199
59442
4911
23322
25068
54429
86064
90615
7349
99485
21328
29984
46319
66411
40385
49795
2222
84557
17122
97846
38732
46483
37981
43045
98970
72828
26080
1066
42689
35833
44533
37115
85651
67689
6144
47453
33811
51588
10741
37271
20574
62388
90644
52129
16660
44765
72738
57691
7527
2108
79909
31610
60319
76557
56379
33597
30119
2983
55928
56254
92151
76707
27354
49892
35007
84314
95434
2580
40749
27724
81330
66792
40476
77564
14325
74776
30073
87672
18351
86549
30451
6103
52651
55157
3070
54748
38811
97960
25635
27959
17207
92681
59912
96554
37589
2256
95415
74120
61857
6532
66254
20217
43385
46862
62019
16795
2248
85320
78962
33667
14653
32852
18148
34561
93223
84586
64509
75649
11663
13257
90051
78862
71570
26415
46150
63537
4698
29380
61840
11351
37976
88240
57802
82832
51199
