50156
70223
21766
50408
75756
57954
41791
62599
64514
3882
51548
50658
37465
47471
28922
54494
46284
48770
87344
93489
34176
46810
58495
52398
40110
10441
34851
42735
83359
55130
33868
52222
36816
64457
6502
30048
13844
63198
79763
9566
56793
42952
22299
15890
7010
62578
28506
84842
21556
37605
47255
10300
68877
71162
53845
70695
54542
84634
64579
42817
13593
79444
88334
68738
95157
23866
83766
32428
15246
97656
11325
19414
52602
37489
74076
22899
22902
96088
32912
53700
83183
18761
9586
72855
13181
37442
42148
4569
30986
84737
28614
82719
21392
22907
73449
22157
18079
89237
81627
98274
382
70083
39777
62016
64138
45307
45219
48731
95098
49205
77568
42942
66466
25505
27330
6868
57718
85413
97293
14137
63078
36242
29553
76542
22856
91554
21823
65555
15892
49680
90745
95028
62504
77235
46977
61299
23692
40440
74483
17950
43632
84988
39471
46444
41585
12547
55342
26249
3802
5080
13398
13883
46599
39297
2408
17425
17285
36317
12375
98599
46550
60573
61107
1976
22064
49501
39171
57409
69989
2334
66642
48430
48893
59905
36256
83331
75743
58881
97432
38441
5743
29614
42402
88371
86193
94946
82895
19308
21419
24289
49970
62910
90441
94130
47534
76609
63482
35700
99242
20543
78040
76543
78786
19200
68805
26553
3639
52727
23344
54033
71270
98152
17399
38363
14677
97812
85703
24744
61674
73667
70430
44513
76118
37260
46130
16577
31311
7588
23178
66989
91003
60128
63658
95952
30792
73225
60972
90871
27640
95740
26282
83717
71258
87770
91736
28116
15284
17203
49485
70857
41212
6442
78435
63090
23590
9028
66868
48895
59767
67187
21636
80059
40985
67418
29598
69733
23911
93180
33366
38639
4232
37317
58606
84434
36632
33588
80852
29036
53922
47075
45321
54935
62250
885
16700
31047
83846
29147
34420
5120
94701
84931
34157
84850
88616
38974
68121
54834
81637
10285
85512
2006
70122
96967
63074
50316
48358
65064
45617
3319
63491
4985
80188
66536
49240
53305
69614
68565
20283
90469
10134
26776
93204
16937
3751
56967
28364
66275
27199
58731
80452
86128
12804
75167
79202
13941
84906
84999
14886
73420
76466
74058
41403
8745
25069
44910
25386
74600
37278
74927
92392
26101
3197
51483
99215
58456
43671
11085
38506
4315
94771
22820
88393
13081
97551
90207
97301
26820
79177
96951
86717
33395
42043
4121
97487
24039
79645
73982
63011
64952
54222
29289
42097
47520
1677
55677
18435
48356
16673
78936
1860
57275
81241
59088
77144
53116
66926
91145
46373
32968
15428
1456
59823
89745
69135
50519
68546
50950
22515
85164
89064
63228
52867
80696
27482
17114
20747
66098
2067
82209
98249
70173
13153
45078
38262
12709
56404
27918
53987
66257
81465
49557
88606
51589
58816
21370
95732
58104
68440
60411
52240
9836
54877
34952
6626
18223
98568
96982
60859
63629
30277
22979
56852
5104
60098
52417
57518
12501
32739
31042
89140
47788
15218
92830
94524
8556
58035
41251
57261
24976
4822
34969
12027
70482
32134
22416
7053
10243
87774
95689
37824
37668
6363
14655
65252
77476
25709
56784
24036
49206
8935
24075
63843
18989
46230
22456
29890
73719
15086
70238
80542
90868
35167
61365
5238
88786
87558
29577
49578
89223
44321
25863
35422
32841
67003
29959
77950
9261
82565
75446
80317
21498
5957
58623
24758
53961
82120
4118
38611
78236
76883
48545
25387
1016
151
58243
80069
99680
67459
21925
20571
91183
48723
94339
64507
80850
1318
35473
90663
33600
55470
54952
79580
80886
25409
60274
23791
50355
82796
39085
64435
48845
65446
88383
84856
20047
1986
22966
68589
98704
77343
26554
11238
24336
87578
35858
30168
57361
4259
43664
98561
2448
77965
67002
51717
56926
18238
23926
45748
43936
49382
75537
35399
67743
83373
76876
67752
57837
23621
99107
64113
78965
5983
96251
65549
6845
75737
93768
1628
89435
6101
96792
38482
7921
82628
59424
5534
32262
63137
56640
95655
48707
67931
90645
21906
37542
938
42140
70593
81862
9251
93854
85654
99525
93606
59324
69462
86603
20533
13464
75720
89892
67071
70429
44348
75512
68890
15405
94632
1762
29166
28069
94510
62544
96910
68878
92026
95031
81122
67747
17350
70447
73120
17978
62464
96210
9946
15217
94308
77293
37168
82839
59459
91264
84582
96276
21157
7480
39216
67829
86890
24870
70089
37592
1996
65692
74884
112
89472
60835
49785
1174
70428
1564
96673
22892
25778
56561
12893
48559
46874
94711
18736
83576
29838
57635
47342
98927
97583
96230
78220
54574
81222
422
50102
38093
65860
17466
92095
10446
59754
54241
5651
63463
27653
71840
8713
29448
82289
68022
31476
58184
39070
60318
91993
91345
96368
26881
16538
72068
82688
69621
83793
30794
26048
18326
17624
27384
10844
29470
14949
76350
33596
60260
91796
52876
72262
29103
52028
21121
16832
48502
78499
19058
15219
1269
62349
35892
71659
67277
8624
3206
32058
77337
90211
18397
52349
11689
28725
78029
76279
4317
54265
22449
40281
98336
5055
15160
76195
35134
67614
59756
73028
3011
56686
26464
98940
72401
93682
10037
13923
46269
85042
66761
36291
89063
12454
83581
93952
91477
18607
2113
89464
81675
39264
88190
45574
90472
21657
24159
90976
63968
81716
16637
81376
75249
94488
40390
32255
72805
44651
54921
28477
46308
78149
69473
2558
50066
46015
98716
69582
30668
20842
88998
55013
86298
37212
90711
84966
29106
73350
47285
39073
41097
90337
60711
32600
8918
4326
26648
81439
82469
70652
63332
70077
78389
73132
29570
56623
1423
73457
81358
86731
59875
36556
59794
30913
48801
7732
44016
7038
84656
72457
70383
45674
87406
19529
76607
61970
40453
43452
85610
36992
95398
18762
71866
26278
89829
93421
24609
39833
88465
77409
72328
58234
34478
16759
45752
20560
93809
21001
21535
61201
72567
7560
58399
85408
36706
12081
92633
17231
81362
93470
90257
47654
23740
4664
73054
81500
87977
60330
40368
91970
35757
21937
19838
4191
94977
45584
81484
16918
70048
79808
25909
93668
27323
53509
6267
38661
76250
22683
2088
99158
84816
7887
13727
62997
12857
97034
18212
78468
25459
36072
70181
47309
24758
13319
86340
54015
96976
87611
58594
13591
94977
52670
18537
24282
41617
17477
11126
26366
93545
10574
80097
5833
99957
16692
66186
95601
45651
85797
71074
13186
34072
93835
35443
14654
39904
41767
46957
97342
52623
81372
92238
51671
94185
27143
58221
96984
57771
32044
85700
7216
9668
53227
26455
31308
26803
76946
53893
73566
23230
6892
3082
25401
69260
36631
69134
37881
50080
20787
76046
69663
25330
69910
97157
82554
37099
27037
14038
76545
73373
55389
56537
18749
24542
92120
53056
84356
28063
84170
82180
79904
85773
50915
88529
38958
70530
10511
40650
75041
91209
7505
25339
37767
1357
24686
29466
33828
49212
31590
69080
20826
68349
47453
56233
29930
93995
66839
33806
47124
5069
60579
95099
16859
9748
13806
59594
64932
67056
82904
39868
56092
53423
2372
90215
83417
65619
4648
68736
7481
91695
72997
4070
64711
80830
69552
65929
55836
53376
13967
77109
17409
99793
38687
28159
87923
94376
11282
93930
21952
13673
31670
22646
10125
30983
66320
18503
90618
5306
45128
65837
48477
97400
39678
66197
46859
67988
98330
843
67477
74832
87009
50154
10959
26399
21764
95842
4780
9980
69906
62149
84709
23008
66573
99214
38520
31492
13530
70926
12877
48532
96370
32948
27412
39660
39670
37945
97194
15666
24799
31621
61851
1967
26643
87393
76321
61579
39667
59514
83018
99108
67442
73262
600
80843
77825
29271
6657
31515
58117
78801
93111
65399
10121
32042
30018
12190
86095
89253
52745
53102
35010
97770
94416
87346
50120
3662
24444
49961
97875
64698
8049
41429
29718
65563
83612
84636
84341
98341
63308
53119
50901
548
47195
4085
75858
54593
89675
88963
75472
29678
32332
12666
79593
5966
24634
70893
7332
42436
1635
50061
54599
89558
73445
38691
78659
44509
94582
20009
56238
66252
16957
90597
4686
8155
18398
7587
35889
99759
46900
60590
6330
29415
21366
63883
53846
87750
50972
63026
23340
90360
42682
60714
25682
97346
25963
77920
20476
64171
29513
11332
91760
60385
17785
92704
60565
90697
60868
63605
2922
11079
51839
52564
39731
87493
53868
8821
17645
76676
15577
52344
25795
99869
54758
91830
33945
50995
13797
83874
1382
10391
14394
39202
48318
95766
31170
7652
22605
87811
44943
33183
5568
13533
6321
3655
51038
70716
33521
31628
46036
10270
12887
18032
73293
25256
10411
95491
53600
97083
25176
15133
52515
21845
71597
84855
62558
70753
4285
20102
70042
89276
55046
50869
19961
70757
21870
91582
5343
83424
19242
31460
48557
65894
47769
15888
68622
13997
7820
41382
11691
11952
97481
98500
86041
16603
43717
92407
89938
54965
51246
99961
70561
80905
80459
83499
94711
13683
78907
2474
91450
87876
51674
7665
70205
27090
19618
69068
42123
17183
54606
39988
24861
35429
16698
57995
47755
72923
7238
37910
51583
23878
2425
43186
20133
42078
96802
93204
29278
72987
3802
49505
30452
26525
25958
91879
13960
29109
19512
83382
99815
51444
86196
71743
38427
13869
85520
84039
88158
62729
90805
36359
84297
63656
37731
40740
2186
20399
22160
11878
47572
28242
63473
80599
8272
76670
5425
36154
24818
2211
20606
32741
43526
12669
76931
82204
66185
83647
69200
93451
39092
94043
52502
53632
28659
91823
33102
55907
71445
76239
16729
85267
72123
99242
61474
90015
1043
72412
16160
80701
13630
28753
97944
71018
23085
28657
81951
52351
21835
29356
22620
15180
74260
51362
10796
7316
56771
66415
92863
31652
24392
69810
38880
10289
28089
52153
2579
51725
55263
77227
15190
43078
93393
65329
76105
95835
76863
43426
22762
65724
61829
47881
62426
1437
77183
30549
67195
37878
50651
25437
93403
88090
29001
36366
10154
43858
47824
13234
22374
3830
62682
21951
21304
54279
53456
76825
55319
22412
18848
56805
72779
83398
38074
7307
24140
44434
93050
73542
33513
52379
25952
98444
14596
82714
73788
36629
5850
21291
21636
99274
5473
91245
73608
97163
5034
48981
46172
84572
63525
9327
50548
13933
50052
68627
82191
24261
75032
55008
53418
26506
50839
42296
35253
32080
97023
62615
74243
93468
5493
62576
51003
88307
34150
22950
86699
72611
90319
20933
97020
64782
25271
10715
66592
68271
60921
99190
44904
56235
33984
44954
19378
34293
11244
99039
16672
71389
72465
61221
16836
7574
63230
55509
76887
23394
23707
40342
79081
58461
98987
16137
41618
71779
69137
98593
21639
39807
52751
49538
85225
43153
61578
5845
30295
58330
91305
62085
42179
87783
18300
70681
29570
39256
60122
41166
81597
73036
92034
67440
11045
8043
90563
20118
20803
15279
17399
77047
54509
85136
32042
58764
83957
98507
4345
73316
3708
12590
2837
93726
7459
46434
19782
44294
68098
3830
41772
80015
98449
26532
63073
1129
87427
97026
43003
37696
35315
11527
68941
82897
75511
9911
24333
50121
3217
49741
33136
40667
75397
57573
20849
35486
7012
20323
39857
3521
32166
35011
3257
236
58487
60446
4475
3380
81000
9493
97942
83194
91238
21181
62519
10914
10984
74920
3261
91083
88513
60908
44469
37807
23318
61426
97892
45880
83498
43709
44035
11517
97620
58132
44932
77624
65138
23662
68339
49862
74167
441
44984
43034
57887
44711
80441
78366
25508
50198
6685
33895
67785
55514
59755
94099
15347
70026
55632
97826
95032
63203
71167
2190
9551
541
39058
99593
4039
11784
29679
80530
31860
1666
21447
52531
29028
4536
52728
12218
88751
57110
58449
13009
42061
70701
40341
35740
6305
93248
93625
10223
25907
75435
20904
72009
92892
11825
69191
58865
48090
41889
62546
55660
25443
65699
34788
43192
65719
2916
67094
57417
16206
43996
26271
28669
5776
11608
76537
95965
60675
34793
9924
6482
27839
82441
72612
47458
75102
86629
14982
80326
48623
51211
81184
13865
38761
73265
33205
20575
9789
13759
63064
11615
72804
84379
68904
14431
76951
71663
14458
63562
40958
70905
24405
38049
57472
80815
39190
64299
57113
99180
75155
46746
68969
27004
53437
70140
90601
78784
47966
47226
93401
68414
64610
44497
83125
72264
35795
9066
6086
18471
75100
58680
19828
54404
77455
20398
28057
54130
32225
53306
80017
54876
34003
74018
56974
64103
40812
32250
39304
66563
53090
21598
53841
59027
47864
94482
55430
92823
21409
99828
43969
61970
87331
46939
92523
53149
65974
50382
6448
15463
31243
76163
27435
20871
67946
48786
43552
832
65523
38902
72968
97871
94886
63936
11687
17652
45471
50039
79577
6523
75833
97136
73739
6438
69715
66373
14919
30169
71087
50517
22375
16705
13335
13113
17962
59265
97499
19358
9124
33563
71477
99908
27087
52344
87886
12594
35968
49396
38841
42963
18645
39465
31676
51697
67274
1110
42608
7148
54410
58219
6814
14743
26818
62708
21481
2672
51538
2816
42826
14426
65405
25964
90230
12857
42496
23793
84413
10985
23647
37543
52459
24379
94555
74580
91025
68460
54880
5462
32478
87748
86618
74120
95046
62888
77127
39380
7717
51325
33320
67829
24701
80474
34001
96904
39258
90568
97920
46831
55831
74137
49738
20961
83258
20001
67409
61618
45050
12054
88497
89594
48641
51232
21242
85764
92300
94716
87576
97557
82287
7859
29454
44183
5525
65234
74946
4930
6949
19782
17425
92358
34849
42101
97155
45366
37704
84476
39641
97172
17179
94593
16323
65622
13853
90676
69966
20786
10067
21863
24923
16236
90475
46054
85898
69688
22936
87125
81237
7629
35323
32518
1529
12105
67614
49459
91791
99451
49243
53213
88474
56209
42713
53090
32696
84990
83670
29269
16475
56839
88832
83005
51154
23467
7997
40939
30080
18061
96170
30617
33998
70399
75008
19356
67804
35693
41331
96134
978
95939
88981
75067
6837
9979
4696
41933
94134
19623
21552
94998
22852
62711
47446
35025
94881
78376
82313
55286
17362
36650
12430
80400
47536
66443
87001
10109
80540
63909
60036
36193
35280
84673
5788
42503
90832
30023
2459
35094
57791
39812
62735
82699
90925
90230
2522
60121
4526
78134
78035
21561
27654
12226
82249
16080
53025
58886
98440
29116
73567
83686
59412
666
80972
94283
26930
53559
64590
25736
14790
39632
535
45128
66551
79881
43643
38647
81423
19975
95547
9705
97183
13995
6815
6666
91199
9195
73955
41410
90706
83342
96712
62948
18824
1859
21387
56821
4477
20350
55443
88148
10238
2577
80580
41130
39276
10724
24912
88046
36090
20208
12173
10197
23665
67037
41858
69749
40722
15350
7515
59125
41531
74150
86236
16211
14275
28305
3409
93681
38591
60305
6500
81724
68391
83820
79720
50843
49203
78446
41491
41713
3294
25672
19656
86446
9901
18533
30002
3608
99785
85029
79500
40786
13895
45656
44445
15462
19529
82840
25538
51796
32126
66659
70340
26039
80996
33076
51656
41232
41166
25853
1317
68338
31136
86020
56304
28745
32951
33879
48819
55239
11046
87756
74332
27597
84475
3929
26929
73682
95327
60364
72994
66515
34685
61673
7415
92759
49594
67455
87400
82558
30722
43301
79435
34949
1028
24694
3464
67449
47507
165
71177
95254
77037
36703
83885
25946
35225
70876
86140
73642
26761
90753
90740
25697
87167
45462
18401
25201
12044
40511
86764
6359
12243
13081
65898
92512
50509
27506
80693
54545
57445
54149
63033
55512
867
26642
88036
78733
82630
81942
8128
67460
19818
34027
85309
27793
6730
78494
12071
7800
47327
24489
59511
65521
44774
99341
86534
34005
75199
7214
56987
57287
82354
49387
26021
38529
3148
23288
99301
91450
22919
61882
40227
57905
58663
6078
33729
39257
21281
59702
72524
21665
11126
84049
87310
38239
57469
76310
93121
23416
29695
34973
56382
93134
93564
86122
57492
34823
64523
31399
88244
25910
29406
97180
57160
97640
38436
78670
52068
80525
42503
87313
65716
37472
66038
83307
97109
70549
43486
67463
8193
62623
93137
66035
79618
91227
63400
14934
71687
12028
9828
81553
27700
17907
33104
21137
7411
86555
11619
6222
5673
62271
41250
64356
92516
92553
42562
13291
28016
30055
26283
22997
4649
10940
82776
30435
67338
13408
98394
55972
87428
95605
66909
13932
48586
27943
6402
93709
94249
39871
40747
92276
62677
64709
26869
7010
64703
19791
92831
5541
9603
63626
32618
59187
60125
62691
81273
1571
15835
3667
85719
4519
60590
86725
67063
95242
12634
81285
79062
10370
69709
87047
33854
19218
38252
1745
77956
12095
27497
15430
62545
33421
68305
48048
66877
68757
42402
75561
30231
64357
67033
60647
60065
70388
34025
8225
87448
65344
65896
8386
6354
23974
32419
21320
17088
66749
33074
28185
46227
9168
74214
54916
17275
63094
27007
13839
28586
9488
71451
56962
86518
93982
14536
5871
96318
56478
64986
317
2404
86210
92823
43824
87737
44685
38384
182
41014
9962
62539
80848
26278
8232
87323
14939
58049
94102
17
62010
65843
63831
96172
17538
12124
17890
89579
93282
40912
65498
53635
97196
74846
53284
49229
7364
39566
36554
13719
31077
24068
38859
78298
15562
65761
62876
38923
45408
5768
67839
15819
68453
84510
95007
29529
33628
59498
19173
41032
63537
54525
570
47179
18819
93067
90938
46764
39763
29047
75825
13052
69672
47949
24789
15140
7004
25096
98207
54106
45734
40308
12807
49680
50468
62509
88571
51207
60517
41383
43323
48129
72337
89671
59413
97907
78166
76526
44920
48985
93648
566
71287
83651
39827
20981
59260
50317
48184
26655
52326
11725
74690
79528
41408
34981
35372
87174
8703
64889
1809
26933
62744
78202
98103
81524
87804
78625
52728
47180
26194
88119
75375
95985
80943
55089
732
93409
37780
47961
94548
88074
80707
62759
48232
58248
36351
68046
42191
63116
89024
8595
17011
42456
8144
55129
5429
40934
61221
19288
53246
2505
66235
22348
25604
65419
56141
52873
17493
93493
67024
87019
73122
28685
30733
51500
38187
65369
35768
75343
83683
43139
38129
54234
83360
80213
43223
63968
57089
93379
42116
17372
44092
35815
9257
33914
20035
41160
18502
86671
77010
62708
67974
57929
23704
58188
87925
52448
57024
82847
75231
6892
61307
29678
97895
23728
43019
28175
24480
77013
45326
36462
65356
51217
73477
27469
97646
35046
70496
65611
9582
13447
60137
64579
84137
8213
83081
22091
63409
95560
45371
97277
95784
57448
17003
33875
63669
63548
93833
24203
35137
17913
89936
43338
15665
87228
40846
81469
96224
27284
68208
51546
26167
7894
10060
54245
69388
56819
21418
47631
4021
39911
12911
80632
6983
50376
26983
3285
93711
1215
27086
82125
20524
47219
57532
84701
84168
20864
74091
65659
7825
21447
90918
12728
79256
91423
2255
10975
48196
39145
72621
30106
56212
1121
94609
76307
87024
63760
66787
9112
11338
60223
43406
58584
83127
69638
43812
63978
98692
78786
9359
66508
94998
61956
86806
24969
85826
52102
14440
78580
55462
75513
45800
83217
40034
29083
15028
88915
83158
84612
56724
83840
30906
58815
84860
75440
28148
30005
78910
38388
51417
87492
64335
96532
9379
9903
38612
77681
86187
88560
49033
15945
81444
15625
1773
82648
40436
39447
98798
30331
143
76391
72908
2033
60145
47043
41421
15642
34136
10853
46685
33089
16636
37708
15999
47126
45420
30476
2644
52084
77767
63072
17254
46657
47251
8347
25138
55412
10525
26236
23761
31120
25453
36255
42465
78831
8101
64175
42804
91002
10615
57050
76149
12244
47616
31614
2674
81463
83557
90079
66378
42742
72584
44026
81397
9313
99879
14771
94090
31623
92145
13739
2033
64822
55110
2094
86086
62558
20362
99784
90086
85331
9701
98263
95898
24945
65466
7580
65149
52666
90434
57803
75275
20219
73060
24866
22248
63532
74292
93783
33225
38262
81125
40490
71043
50192
25452
49305
44751
24898
38131
24241
23639
16650
61206
386
95264
71580
27101
33292
12083
31236
94103
65654
47369
55303
20559
16061
97395
62055
89518
69257
7492
24550
42541
62395
98011
82658
94580
51811
39344
98015
15412
75727
63546
27586
12670
47485
32123
83417
99678
9073
6250
90456
14391
56770
8026
18942
94972
46254
28459
58422
62728
15054
21133
12953
88891
40773
56045
31153
80690
34706
43358
27481
92738
29220
69989
92960
21808
34477
80128
88044
50608
21359
29779
64570
86488
94291
94225
38084
39871
52793
8132
2748
90040
56234
6842
79925
73701
33193
2988
58497
15482
23848
59563
50132
67376
9430
76105
55559
24962
77750
20706
84249
42151
24619
46341
54256
88748
38095
13602
34781
18573
83331
54386
34717
28944
73601
34366
80508
48031
32749
11757
78229
70816
54378
24237
75156
30770
67464
89885
80988
88774
16379
45556
39236
7000
24360
31634
50140
61832
67704
87490
33773
14010
50319
53672
35742
47462
20694
27565
51732
17948
30260
68835
401
53272
57947
64407
57405
55293
81311
70419
6114
72466
47650
16493
13521
48566
3050
98927
38210
3137
73076
50595
51448
59512
49409
63867
25507
42220
47886
84571
43519
44784
39362
60740
11930
68181
10753
86429
37459
99173
43966
38591
21054
73336
89645
37662
55332
69429
30773
91023
6919
99721
24260
69275
40707
29757
79805
8095
50383
5015
20685
22748
79331
80944
62780
61345
66036
4397
76638
13811
92155
42492
53353
27543
48531
80973
41665
36060
22689
75434
69742
54696
36174
85589
10831
79965
66256
13565
61224
30183
36359
92892
75959
43108
26083
17679
19589
56241
69762
4883
41815
40014
19159
6776
38948
71341
89478
83877
73601
83356
9580
7945
47192
59531
55324
6649
5464
13500
50276
95914
87397
37224
13710
81293
10736
35880
77442
48290
99201
66054
66121
54266
48432
99680
81068
25773
28564
29653
13179
50196
29491
82608
99817
68101
54840
88559
13845
91785
52002
92431
83107
87227
57944
72949
91721
98719
5147
21883
64646
77884
74452
28821
79724
92471
34221
52959
18142
30638
31708
1573
82837
60878
25433
90638
41341
87474
82128
34918
41148
98904
94034
45031
38898
49281
81382
94563
70555
35653
45245
55185
11506
99505
8707
26609
89744
55999
87345
55549
67730
37263
14048
60975
74744
33287
96280
41769
80906
21540
45222
39493
49909
99804
56876
8665
5331
13682
89202
96742
3177
45685
81850
23198
86121
82230
56657
71183
35544
47172
9218
7248
5162
48005
2916
44551
51113
99123
36692
56277
70165
56848
31549
67295
95813
90952
43027
794
16427
98850
55680
88145
12662
55490
36438
44534
94897
41982
73602
88643
64105
16571
74274
88108
7692
53667
87693
46915
90028
87269
41904
99270
81186
26538
72794
8457
99056
8495
59021
13916
68607
72388
92276
84282
90375
52543
28596
13357
7853
9854
69371
41088
61062
18712
46773
5795
5306
86366
32990
17429
38244
10003
71794
26161
11606
37669
2623
85271
85785
71079
8572
41685
7121
6316
35187
67346
2367
79810
15929
74200
24353
64905
5311
49148
72596
19278
14689
12330
21882
38057
35771
96817
72054
76143
3964
43977
13683
55957
73682
63708
76836
57698
49829
81784
59271
32399
38304
78768
7459
89917
73769
47049
22961
95283
50386
20712
45527
22771
44136
1206
19566
95352
95273
57389
42629
34607
22707
10209
82174
4206
75671
76654
63703
31605
35276
86329
23523
4800
92031
31558
18135
77382
18152
42646
33473
80433
98584
25819
90961
762
18191
6586
68092
90944
45099
99386
86037
97733
15226
78319
13276
1797
83760
96894
46259
50196
50324
19853
5419
13779
341
18889
73118
50191
54138
50066
58485
95958
45430
14215
15209
44342
14490
46410
15430
5908
14469
14479
13964
29606
87383
84550
24271
65038
35139
40067
75967
51763
98082
17638
74786
88477
98148
93420
69116
95789
98
81809
53617
72279
56623
46368
94369
97053
81677
73242
1618
35785
66107
25502
67212
44966
1164
95866
62493
52348
90611
19247
60828
13766
37530
698
87979
3570
43282
77444
71542
57492
70053
69160
20793
32551
34151
63388
10525
46593
56523
30654
22978
76722
16114
76988
55577
24057
68158
48256
69320
33827
89733
74774
90289
53377
13152
23804
13196
5828
50659
76485
98864
65048
66567
20713
11121
60474
52515
92397
53635
97016
10714
86538
39516
75395
12237
65469
89432
72659
79217
15338
73750
56600
5467
94094
92960
83192
90808
14752
71752
60905
99161
56418
73357
32237
46156
11050
26365
83845
28902
36103
15828
32404
25724
71955
67299
29809
61424
6100
81324
12520
41064
16398
69929
36430
12507
88585
26861
92862
36005
28442
674
23797
15322
89456
25361
21190
48087
83518
93537
6235
96180
32416
84118
62922
77237
27723
12123
88463
48480
39062
24826
2507
81801
69183
91559
24985
20520
7579
2493
2249
27340
94078
76544
91163
80650
83779
96642
24697
93805
1401
39969
17937
42545
34730
11053
76814
80363
94920
22759
69586
71296
37686
41509
20978
79702
85905
72147
23502
2823
96794
76787
24139
99761
75296
31717
13807
28331
47438
35617
761
17043
93071
74209
22330
4930
40249
65532
42068
31808
23805
1837
25901
99892
41898
88818
80752
46452
44824
49296
51968
40923
92056
90580
31194
55704
74357
48149
91014
67363
83078
2389
37721
64554
32948
49157
10699
78122
10051
61576
64976
43673
97726
19952
94868
86624
73251
54309
23544
31783
21384
40388
52132
33672
90153
27908
16104
87813
49264
58067
90451
79701
37055
18463
8111
9305
12668
2097
66935
44941
18938
67252
63765
88666
24512
3764
81884
31017
62712
57953
8639
47954
80470
78642
58605
67570
5922
40838
6922
36827
74949
5893
49931
75653
12076
28166
18477
54402
33596
56842
69746
38480
11506
9797
50073
24359
6357
76381
43417
32242
90843
75402
84794
68474
9973
85982
56623
22750
90103
39518
41012
11999
84680
18894
55681
56888
48706
33675
66184
96651
89543
68178
44881
76341
10016
59006
90894
10628
82867
89967
1213
45279
73441
38501
40027
79363
15480
91819
56959
36335
98844
593
43226
79381
69997
55442
2473
54033
90517
61877
22996
64501
3536
15854
78375
41411
57400
74116
63914
55188
65165
10638
43870
88245
45117
85686
67351
70065
39925
52159
22897
21609
58564
75427
99184
45345
13704
58229
79320
55540
14328
86598
76581
33863
54797
71683
63464
3803
44782
61659
75071
86908
8567
60989
22992
8118
70084
26112
55554
93256
11647
83805
50839
26321
15172
63863
47242
42566
12206
25339
4321
78437
80576
66306
17039
49124
59762
65235
10409
87459
61557
82341
34914
88032
65637
31267
87654
77513
85482
86376
16047
49835
15531
66185
82856
44905
62288
73330
32859
9353
32785
29672
17785
12105
65121
4494
12166
7567
26961
59139
39037
96157
77154
32425
968
76195
88491
993
97108
86319
53667
85425
34772
40927
61739
38151
42037
73623
86523
8887
63417
73326
9287
41760
10035
71235
23758
25517
80573
65357
65951
53784
15961
33232
12649
94249
7811
23339
97021
76412
20847
44270
97986
95840
74628
46952
91989
49819
81556
34079
91770
66859
43671
95737
40035
21063
87363
40055
11132
87588
714
55970
19153
17972
10992
46109
9469
57481
83304
42650
14608
5688
18794
12968
31163
47768
37554
4522
85307
21961
40184
72355
58784
73873
97192
16366
56857
4993
74558
56554
61278
80407
68704
13842
33274
18173
61751
1034
40787
78702
34282
30645
49623
60857
90617
1668
99876
35582
93492
10409
15795
64213
62454
44777
98242
47726
30081
46480
12702
86547
90167
55263
24458
59945
93938
77760
814
55477
92065
13434
1758
79004
18399
8096
48197
62947
37873
70499
70991
34485
52636
61704
95408
66243
25281
95636
8276
3653
33495
60484
91300
22367
5507
19226
63730
65983
74325
48529
43041
82914
40450
59409
56915
27094
36378
36222
56304
24794
97158
84875
54129
19842
55520
50092
1446
11255
43694
86953
89002
80539
63036
35630
35425
45770
45589
86751
93354
95036
76606
93673
30343
34247
22255
26516
53830
29601
57582
27956
71340
37026
18794
77343
78461
96456
69906
10553
87178
68117
17616
22091
79767
49011
87781
74066
46248
26552
39201
36531
93287
5092
79935
90060
56629
12999
87419
60134
59339
4992
4369
52711
70315
4448
98292
24131
7720
14220
41991
77011
13646
85697
10587
19518
6224
37586
99814
5651
52236
21294
76316
92953
63613
59389
75501
62621
7709
11208
11899
69259
25557
33880
98677
87160
92962
41942
6165
98332
9446
93714
87123
74173
95432
98527
82116
15014
60808
6108
62579
74998
14564
66670
18425
28021
24256
20232
11164
60994
61717
4749
82818
42343
65881
23756
18352
41294
34150
6313
1347
37773
29738
36285
67530
98076
2187
69268
68318
81320
80468
90068
66911
91040
3937
16093
63373
65228
85443
45388
26720
17789
67152
45689
86468
38911
58890
1057
84884
32363
25802
51166
61201
22234
54953
13265
74976
67412
74123
60738
70910
74342
25096
90334
93184
26226
79352
35712
77579
96385
65339
52746
15948
91955
56738
47570
6390
76758
45885
84954
89814
32213
30018
3255
44180
65352
42423
88723
69608
98153
25980
91918
41655
13159
67672
84703
32073
47443
70974
9145
39367
18648
78427
56745
79286
10119
86079
82171
55115
58448
72678
86588
39978
95214
50626
61882
85439
97625
62023
37703
23736
28831
14002
90813
5981
6700
1463
33915
11437
12901
50469
36173
27670
84501
52824
67403
58001
80447
40828
72984
34231
13522
8664
59210
55876
96058
57822
34217
61575
51539
33806
48944
52611
91129
78818
65873
85829
45051
77177
9493
47233
66157
36291
5569
38188
53693
52934
83124
51440
84349
70539
98285
13648
59871
61096
90121
72536
80863
84075
30153
82655
1306
11071
4851
84732
9116
12958
90639
94370
2839
8116
1586
16890
79759
71947
98359
15995
58131
81976
27881
54153
89766
72802
90909
51751
33659
46506
23388
95386
89759
78395
23903
91739
37424
95984
80531
2808
45676
6172
55996
62665
60068
68794
28501
93194
45071
70033
59573
28185
21563
86084
62029
92430
29726
5940
96686
87602
87466
95698
44488
54845
33055
52004
9710
89808
15995
45907
20085
58828
63117
911
86586
3597
33159
96160
62723
47814
66449
65738
38781
71194
39385
92987
10469
27892
65993
1045
31459
6724
22385
79411
46673
1463
2403
47769
7961
17233
88126
48764
13724
39658
10850
89131
22959
58690
58018
69817
56735
15330
44984
50568
31829
69105
29586
99444
26069
31567
17994
33401
45824
11634
90227
16609
71834
18010
49999
66446
96230
13491
75166
56416
88621
10535
96432
53860
71645
67741
32380
25658
50734
94194
70377
64609
3936
70162
29353
93249
5024
70291
11430
31604
88457
49615
95092
39922
85927
2940
41158
36823
78135
29641
22141
50579
80459
39895
49083
52079
84490
35793
42870
48503
2163
10090
35080
56424
3297
5330
79171
25878
23018
49140
75809
9594
60802
28879
99641
25464
12541
21743
71150
38889
40658
71879
13377
52297
20603
18446
66567
26014
54968
88339
36886
83683
7827
96094
23864
14065
84990
24932
34338
17833
