55545
95800
64509
49421
86017
65204
39209
72227
35146
53499
53486
37950
73873
66835
35917
11559
830
56839
11128
28663
63694
79518
37830
28931
98786
70122
4623
1459
91204
98845
19754
87984
49841
63572
93473
58139
3943
58136
20781
24378
95372
36314
77940
32781
888
28571
33499
77631
86049
51246
10921
42936
83617
15125
66299
24591
41062
37959
40029
4189
55381
79668
80107
58413
50428
16639
65157
46031
81715
76554
11144
51371
43950
65936
5551
96947
45762
29771
65637
85010
42769
16054
66213
83168
24788
59020
1520
98007
68900
3023
2154
42656
68132
86181
97138
10343
36111
45501
96188
95437
11418
96463
95757
30459
61221
32290
19250
68020
76899
63143
19166
52900
62371
11938
57470
97973
13115
14472
19162
48672
67696
58404
32170
66240
90757
19284
59666
47074
35901
73393
6364
65336
68942
56780
79441
17101
44868
87891
47187
7380
23951
28082
39482
71993
11083
35127
30121
13945
96682
25102
86796
58925
85856
11051
29712
47072
81290
74182
16543
74306
763
3263
75479
96502
83461
82627
41510
48486
89889
53256
75909
53142
49531
97810
87853
83862
77116
6616
8410
12528
33045
98336
27771
36386
22502
90855
28082
56998
14504
67229
47694
99692
21661
1037
77027
26345
23602
64538
16483
54664
26733
99716
84987
18239
13017
43274
1580
1533
53259
52234
42565
85600
16977
22980
94138
25475
75094
86044
162
56820
35988
43294
39730
24355
15606
58876
48818
24470
7561
33491
56633
60633
86495
42028
63147
93715
55711
41182
80587
25653
3660
912
96509
51851
50224
88124
14365
71988
50405
66832
11094
49103
84577
36270
77152
4683
56123
80274
7769
37921
44382
73620
54718
30621
56969
73795
43943
99062
57952
87858
74973
85471
84307
6511
50648
84598
17128
10638
82809
78778
22823
15236
97888
94202
14275
71727
70827
6089
89952
8659
85260
89837
52005
50879
63014
36022
14816
49166
73892
3180
33936
78986
84534
91777
33235
38795
12489
82149
69548
14940
38433
92472
37776
45055
68757
55259
88302
75559
87591
57856
12633
28770
39359
89695
55539
95738
8996
80010
14007
89105
16502
76024
18627
80714
91946
12766
43360
63367
24099
2428
50352
86764
56362
15891
60595
29890
74665
8308
36150
93944
15241
1844
99513
80740
2086
60475
29594
81703
38156
35100
70499
50287
88753
43583
39533
33942
6031
98330
8816
72519
62939
70974
11752
64737
92199
69742
57925
48372
16944
61226
66415
64584
12293
95113
61044
94108
9205
46597
35312
28940
20755
29840
1304
2221
66185
57189
31523
95250
42454
76345
2965
92464
55878
6033
70313
20414
4588
63661
69850
77686
65502
41569
60878
84793
60429
740
86208
83599
10336
57025
52392
83596
36652
70475
41545
66990
38674
68046
85559
16674
96277
11840
62627
39590
33750
45943
73157
94377
85262
96404
69285
67823
58375
42300
89765
98161
18071
69032
61167
52257
45242
32530
9590
24107
38540
60784
68747
69110
67520
45021
75071
9290
48159
7346
20336
51212
35584
81044
51794
37125
96256
85511
24667
96833
28223
1825
24618
43474
60279
41529
26997
87157
69625
55677
53614
10508
80678
20419
5106
60586
24038
68728
67182
78350
35369
66132
26446
50887
20664
53294
70787
36854
16503
75179
35439
41392
64889
7314
90576
56802
68832
25275
59816
44239
77903
64838
38501
56949
87662
23433
55921
25262
84186
17921
24152
27762
85382
94728
53873
20922
59186
25799
29452
74047
79238
39011
38134
28385
50187
87060
81676
33956
8646
42707
42809
29492
77394
9041
16909
36521
74233
96932
64381
43909
68206
12060
60753
34235
16170
86580
25391
76746
1826
72901
42049
57286
33249
62868
16068
34488
63335
89643
31920
47995
39902
68164
9727
49127
41236
28866
86492
3628
90650
9114
35210
244
52664
911
89966
9003
99082
77692
5306
81178
9659
52745
40182
89646
82365
71648
81517
99480
44162
66586
51249
10765
30971
70835
11084
57998
63658
72508
40069
34210
33573
17423
70891
51454
45738
75708
90017
76391
35577
83394
80998
25967
28403
4186
15328
32667
61357
36173
77860
7685
57777
80198
64452
36637
56113
80802
73845
77002
93992
90724
32508
52687
96975
22437
64181
37768
67609
74537
14464
94675
2220
90764
45320
38764
8541
7931
38289
29841
57382
89407
37854
44772
16998
29363
508
19471
65045
10583
96398
25089
5730
34238
6133
5686
43276
14594
17660
74774
94105
78456
99710
55412
87510
48509
14132
57366
18828
72015
84191
67924
71611
59256
43630
91865
40854
47685
52173
28135
15258
81526
37002
69303
78924
28142
98245
8029
45326
77577
54163
84778
5438
85485
21231
77900
15212
63449
46590
43856
5685
97883
97917
93992
55329
25182
28361
13255
38133
90656
65867
97000
96341
58529
23070
56719
48442
83351
72574
19143
14028
895
86959
58091
49148
24398
79943
16704
45057
25285
37049
33311
60429
70787
3455
17489
37162
91380
61411
12243
57815
93287
5578
71480
33401
2206
52030
82670
2048
34110
83798
91736
49623
14534
97156
55227
88007
30013
794
25941
23465
90788
36762
58887
38054
16330
17209
8275
43021
126
9743
15168
82799
33119
61534
12058
96955
35024
47613
38967
93393
14439
49632
49012
44037
1988
70853
75518
16851
23711
65277
42285
46233
96282
1909
24043
94549
44854
88864
41298
39867
47233
13635
88979
41459
47340
16540
53362
61102
2875
7728
47471
84707
7798
88688
86976
72298
17117
27175
93689
62483
40984
52386
88270
73124
9420
36829
2095
28590
80201
29862
53618
4907
68480
91472
21583
44246
4338
91671
41860
870
3460
5866
93785
10056
37583
65914
87038
53240
63027
91581
17552
83325
13260
927
94298
67006
78428
14535
1144
25413
25384
20385
51831
2254
95455
58861
86681
87179
82197
31395
92116
3256
59150
2336
77114
15478
65429
3794
35475
82950
40204
54397
79078
39555
45822
11079
77431
72316
73488
6886
72682
86829
98167
85700
28069
68666
84259
7628
34900
16871
48792
35348
21670
35671
40317
27270
92949
85087
75629
3021
56963
86533
58539
96632
28351
93818
84595
16366
49575
16178
36268
92047
34632
65308
85305
34659
79233
88514
93487
17377
22245
60543
16128
62238
39070
77143
51381
86032
33807
45944
89371
8797
53074
91691
18613
17381
81025
49719
11727
31369
88112
79666
58066
26326
87126
98661
81171
2162
32909
14299
22503
59650
30255
17573
30865
98645
61472
6925
28955
56529
22795
7957
46851
4856
85669
6156
38636
73782
48525
88172
30038
17002
34037
48339
712
20335
11898
17979
83402
19173
76526
90872
95215
71105
74423
65102
37199
99950
48913
90445
26610
57982
30638
778
15432
38641
52670
82331
1590
77280
40009
39662
10860
23431
50649
27238
60529
65069
29813
19700
69151
70353
95080
41550
38732
30002
2433
10702
26877
59675
37331
53482
55135
60650
58236
43851
38640
70428
57794
69452
48023
51511
96121
56241
45204
32306
80834
2465
58706
66085
42030
14690
79321
62889
42912
41584
60352
56427
98896
91801
96160
52850
88267
90168
80484
85258
55512
13451
72829
39149
36181
69300
5393
28238
80032
19433
92915
27585
75571
52760
25678
5578
45638
4986
67034
32000
93240
88114
81074
32158
47208
3939
20732
44262
68125
57323
91687
57842
52966
28416
82931
19449
45052
63078
14026
23162
82051
29642
51501
49319
59407
89405
79209
79857
16580
55792
35848
43180
19861
90185
3907
91455
12366
94016
55797
99659
15181
84376
10091
74421
31403
47325
95064
26258
57433
58198
71365
15182
30565
33351
90245
8729
32572
64391
92711
86734
34345
78776
45989
10976
56604
20648
73305
84324
66438
15075
21423
29142
14144
40691
3157
50025
86123
725
69838
28846
4562
6233
56487
23775
51147
29942
71297
18953
40861
54055
95629
31700
6652
74150
73845
83697
7183
6372
14679
25151
16755
29730
60237
2681
45880
98350
37703
48607
47529
20350
19963
14272
23241
42658
93042
4289
99289
50889
15907
88972
2294
96531
60285
36856
17663
6062
4894
62897
81876
13040
3393
66660
60409
42415
67796
28650
44698
1408
72295
77198
96202
87018
81248
56540
48100
26694
52204
10535
39410
18582
94128
14967
66955
39263
22686
86862
63606
65700
50946
50422
17293
960
28316
6409
8766
11103
75176
71771
76075
52602
38137
28232
30609
53518
26020
86102
47173
90360
67000
40710
66682
77519
10604
18493
15360
85597
57073
8457
91814
85947
80710
34003
6624
61001
99307
53184
38275
24327
87885
35970
62189
882
95583
89889
2242
26430
64522
1538
98610
87629
68411
32370
38646
70537
10043
82098
75545
22532
80668
54302
59859
94697
25614
84059
98511
85054
71282
42301
44015
72121
80774
66514
22246
64636
22559
15311
32323
19150
72373
28757
10701
32663
12728
11807
18826
38360
47968
31754
27738
63877
50530
69441
85536
66880
98942
52580
86272
2164
90197
78101
19523
522
10904
69888
62488
57611
35196
63588
95926
63858
89674
4129
52220
40045
52691
19520
30137
31472
32096
18617
11399
5398
37767
454
13169
51638
24825
86978
33046
16478
75737
41692
6662
25390
55591
69310
33833
15955
38491
99637
7807
80222
44269
43516
40546
23264
28816
46697
83815
28965
92511
60180
68900
29963
42927
79680
21707
79965
95013
76839
23764
7088
91329
58598
4473
29785
52055
8802
49883
44296
56350
80309
4579
99270
81250
64153
41986
7783
8276
93072
72857
16875
24353
17229
42517
24663
57919
23203
51026
47498
35492
99305
16576
84415
16273
15302
31715
6207
11308
13022
78228
95648
62731
68569
81413
82365
51212
43372
44354
87891
72898
70375
4499
75382
10249
13850
91710
49838
69114
5797
841
28721
88315
80986
55677
39294
41678
70289
48390
27667
49993
93768
71991
39532
21093
32021
41450
56985
35568
32073
76325
30842
42142
96355
97208
94681
97020
24046
29123
99941
86853
93016
64181
48070
13965
25808
65358
81314
48379
28442
98246
52939
49299
12243
60199
27458
61425
20444
65141
84076
81554
52197
31759
8431
43308
96023
67661
61354
35774
35997
95112
34543
52610
41456
37241
33405
96351
26686
74649
55390
77852
60887
24744
73209
93454
87987
43818
15797
49234
11331
43243
42220
8886
85426
9987
43143
65777
48184
16821
58939
59923
1180
49105
3072
23511
99554
92729
93674
33750
4760
88577
78406
68757
57369
60816
60211
39070
81821
48707
2362
55628
83485
47984
90539
91519
60358
89991
96213
82608
86362
85877
59138
42943
75581
34082
35917
96136
80322
49723
60705
16020
23667
39082
23279
66347
34775
57505
90347
15014
72611
89909
67556
88547
58624
13159
68542
43763
63604
57022
55790
1453
46896
64112
21553
61349
13077
25184
98441
64279
34628
54177
89781
87773
25697
84440
88492
83041
34787
35455
35702
49356
77243
70854
32999
57788
38334
74420
23769
34324
67600
46764
34309
19309
36847
66635
85949
35530
67257
65901
78665
10346
43579
57839
91644
79575
77592
37391
64114
33755
57554
9871
63752
28722
97111
44825
6488
1178
92683
49308
7184
49991
590
21813
62190
6579
32714
94857
42234
63218
63644
57582
19616
50820
47932
24170
54088
61572
72810
90835
1524
4157
66263
54677
91382
84733
5933
13234
93483
28193
93244
42883
151
41967
62243
87709
27230
11331
15319
86959
91068
92449
29426
18280
34403
97129
94715
30773
45935
28681
57901
23176
12327
40844
82439
7444
92881
31088
16913
69813
80466
73782
48709
45932
72674
87250
34273
35624
77608
23682
51848
30976
47607
39995
40751
27613
18788
37886
71819
86261
47075
10090
19124
86770
54621
45515
64726
11633
78608
74897
72981
10533
15651
53275
66682
40540
58757
96178
71294
12026
1409
96850
66897
4353
70463
83875
84136
61106
44602
3814
92513
23501
89817
10315
71156
21301
81165
72831
80280
68783
33286
29602
34638
60520
96146
29398
52654
14582
63027
38804
33837
13111
37052
95641
40552
90582
52040
46622
78831
72172
34295
50277
67920
23650
28197
56335
60767
3093
25832
46730
76000
58835
70247
53096
3441
1281
87058
11179
53398
50879
13410
50140
17954
73507
78477
30523
62750
22306
13957
41936
98842
45
67279
30048
64014
69400
18587
10875
70699
53942
17381
35154
7778
4992
94374
20135
30512
91028
61527
97660
50118
8922
19908
3277
30769
47042
76649
6554
32938
37993
83980
57372
43324
43611
81878
92473
61036
43474
28271
75411
20266
33052
47861
88506
22420
57659
52057
3586
95297
76517
56342
57295
48849
13964
55534
59501
77070
45304
68515
6972
65054
10352
8847
18664
48136
6456
78241
25718
15681
39989
89909
75675
53586
55787
72110
22055
44744
39271
37010
22686
29079
10552
66722
82951
87916
55032
28885
24638
89966
22985
71472
73380
70511
57499
83204
91958
36981
27946
31331
61883
76639
73892
96544
2294
20758
64711
7171
29372
19251
4425
99462
32831
16295
28306
22096
15305
57098
24899
48043
78629
58115
68186
85155
73431
64753
60461
14429
63915
28148
18228
57713
21418
99131
46659
64518
68522
97611
74613
81033
86877
55080
82916
13098
67913
69539
80245
1043
76440
52096
1681
37765
44037
47971
39501
27920
77687
33559
94251
68975
63499
9786
79257
72286
36777
232
33975
49498
57689
65699
69815
50483
60494
27420
70781
59824
56896
608
21990
45471
88184
73410
86853
37303
98852
4353
91719
29708
78698
73878
32568
56494
76089
11036
62463
703
891
94940
25892
48655
83976
14515
44658
29910
99636
82211
98584
23245
23751
81587
46313
77481
67949
25924
90563
96789
55268
76849
48301
94186
99123
43457
67961
77230
81051
70605
28777
65383
45829
73032
38029
74202
46682
3952
27083
60293
51538
44464
20664
85493
98116
51023
86530
17348
23772
50329
400
21554
88426
97511
80705
31743
93015
86893
52785
9091
3635
52161
30842
27210
75210
22083
29975
25647
63221
79789
96324
21844
11980
33656
30689
28987
74713
13928
82165
6085
63336
67829
50287
2436
29242
29656
98024
29054
54393
84942
57509
5153
2918
40812
28408
49885
30574
93151
89061
37187
61019
2270
34658
1304
47302
64495
94392
59797
32554
30258
28583
76287
309
5742
91078
88350
54360
67958
96295
75036
82493
31192
33464
49083
55831
19106
44134
69011
27861
79921
74172
72872
66385
27703
4074
53828
54693
20168
12385
86870
88445
2881
56186
27558
40071
76630
57494
14035
62215
62487
83520
54188
74439
50238
40111
6535
15596
58711
17992
3969
58660
36748
59520
78675
84987
84908
9822
21421
71756
29208
98271
71921
92020
35786
81011
84815
33827
30786
24197
22905
7852
57550
13433
12674
54460
88501
96877
96087
62471
89728
36674
38042
81693
97573
34676
35159
79292
4690
70660
76774
95423
14834
5079
18844
55092
8127
81111
28461
90092
47781
38071
55746
76683
23663
47796
11922
50655
86800
48567
27233
79853
54863
10647
43218
26247
82800
91996
46922
4921
29691
59614
7299
82851
29676
48748
82825
22529
83926
26088
72853
23750
54196
41519
5603
17000
69742
74615
18482
22772
68964
53457
6967
57282
55706
77165
4062
36771
86912
84765
18175
60311
8093
84146
77401
10715
15800
12642
20877
28383
55842
21740
49338
48022
94883
71986
5808
9542
48415
89476
46803
53888
15973
86846
44238
49609
51156
50919
39089
96727
43370
89082
66985
9751
18635
55074
76219
83787
13642
69247
60189
93554
26487
18533
72176
32927
28517
34243
45821
81355
25207
97
93003
94981
39782
83650
75834
48616
47953
80521
88512
9958
48226
71064
36350
23520
79481
60308
31038
50967
81783
79108
58827
39517
18153
55320
92684
26789
96815
34439
42238
38457
57192
24816
68717
55177
22556
29154
90127
27137
27014
25591
93822
77652
97499
6843
33232
56789
23003
60043
38869
5188
31027
76152
51564
47365
42093
15946
18017
42348
67093
35969
35719
10101
70120
50775
91342
95824
26651
90690
3073
77401
12805
52245
352
49189
48682
24230
62549
76441
68870
6890
43572
23477
52978
28349
2515
80078
61621
86494
3716
89561
62954
9814
41196
95490
59466
84153
76257
2940
82582
93701
17604
40116
9348
14599
98840
19518
28707
50014
87231
63153
46700
81815
18576
7246
64807
52055
44790
84699
12887
61911
41704
40303
72099
23049
60480
71142
40898
11033
36379
63507
16930
75215
86220
95061
30197
74801
22685
82178
69817
75142
36067
94081
53507
9717
44188
30036
77447
3595
61544
57746
37702
65851
89345
7058
71188
91007
78969
68003
59268
66685
47215
87417
92819
16294
18605
22305
64238
41784
35136
48982
68001
92834
68437
98924
55038
23527
88621
1834
1989
71676
66621
88629
6742
23660
14084
84327
31600
82076
26633
92862
79717
62632
4785
98672
51964
29867
81754
63292
15330
95710
88535
70620
44175
74712
5065
65784
60273
4179
1846
91796
24791
97999
63080
37385
5755
63056
89828
5904
24012
35203
72166
3162
84471
78750
16342
90494
24018
65924
43241
65130
28710
67624
40790
76762
22262
32425
82962
2151
88880
42044
47755
14710
57262
33288
34014
68401
44841
84298
96342
99475
36572
33816
14114
56925
73776
7491
65713
66022
21129
53845
37804
8399
93132
70202
92944
84372
11915
2844
7206
62046
58991
68582
61729
79637
3425
86922
11252
38579
79797
27230
37677
86004
44723
88672
39762
68905
17795
30426
27798
75628
94132
11138
62616
89230
44234
16408
18585
39980
75426
498
12440
30176
4419
94997
33931
49460
83906
28345
59996
57841
42065
38639
76190
14805
88966
28063
30058
58211
14532
16105
75930
21589
30568
40269
63169
11948
27282
58439
61510
48424
64686
95474
21211
37651
77598
39341
34366
13559
48774
49370
23115
2192
78867
69187
56668
90588
77225
82488
50526
32975
49671
99283
3793
30436
77849
91901
29596
72461
79386
59849
96298
33643
76932
74910
26501
83769
63734
89554
76237
73283
73856
29201
99605
68308
1934
25373
42267
3469
42319
40207
51746
53905
76897
28636
74798
88893
90010
32564
18203
5045
85557
93635
53369
57017
11352
28058
40264
7607
35390
27912
75789
18523
613
42113
99054
95137
64662
12705
27984
67306
5805
50090
59594
31116
85668
83272
86021
47492
54336
62390
65202
46920
72471
2426
41544
45751
99197
16843
31577
49329
96266
2099
64912
73699
8553
67855
79338
45274
13279
17555
62158
44665
694
26154
5865
50790
87590
90427
39466
91550
86847
69992
60247
53641
59733
86512
36971
80680
96392
86324
14445
59403
67310
77815
83885
31071
31200
79294
29501
2404
66430
67639
63753
63741
29472
99413
65013
71585
41178
91833
82610
41454
93194
4685
63101
15933
96001
72235
98484
79664
35180
58778
57910
64840
98495
70712
94165
86164
19069
65491
83034
79459
3365
11057
82262
54618
19356
26127
35041
28865
95220
47750
21681
7736
65718
85866
92696
92744
40049
69837
36761
71220
40158
38753
47721
68877
17263
57978
69439
13349
31732
15665
43639
40955
11370
41253
16905
61141
74497
86747
86144
12460
88776
6023
84090
6273
44023
62435
48635
78445
90200
33692
42606
14678
48626
30668
1113
54846
6420
73025
43196
41654
95131
53053
8678
21583
27328
56887
47636
23057
94593
61406
71751
52228
15050
25150
75617
44620
62656
43963
34011
69906
9642
10106
99846
59645
50044
67391
51388
23487
51393
76049
47138
87083
49604
33434
23357
75333
73115
2219
76397
64594
92337
47036
27435
7982
29327
44144
66618
72253
13254
80023
10669
20537
18363
69261
26549
70218
11567
73375
34661
19987
586
93230
26244
36105
1540
91661
28814
35327
63119
42405
60040
71548
6212
14551
61150
85454
39017
10177
72986
81816
8252
29498
92259
55847
28127
10263
17200
37570
86208
65808
64647
43520
76867
64509
28311
52947
47502
50969
42830
40674
27601
50121
88088
93044
48592
44150
65941
58504
64814
98293
84373
56034
44599
94408
562
47040
78667
15742
27658
40938
12738
75861
75032
30152
4032
92704
31790
3469
65495
67715
87281
21201
40883
63579
88657
62621
81894
98779
42212
29952
5969
41745
3518
54942
69035
76423
26894
44231
561
30501
64856
62374
61738
26195
82570
65424
82518
35804
21054
51900
84371
18767
26187
67442
77963
37631
8136
94940
46397
59370
24223
537
9382
39927
98249
43120
39596
48824
89483
418
97575
38767
50093
2744
22444
93965
3315
74075
31031
16950
63482
43331
65653
91616
70640
9447
30668
66265
20912
67219
48807
98248
48857
80280
39041
53036
15531
42781
10701
16578
30525
22355
35552
49154
68829
31366
19388
13736
53093
88495
62969
59344
66678
8134
32690
51738
27028
28021
66698
65486
80158
96424
4377
32537
14152
33121
71287
65525
59127
77800
45283
93734
92856
14079
18064
78209
65149
89715
73613
80359
4885
59726
57679
8047
88455
84842
61278
63618
12139
76672
80921
92992
31365
31998
88838
95616
12799
4215
70298
99796
92833
74421
64961
67051
99824
61801
56043
25328
69888
94179
6260
11887
61271
30845
35693
42104
28832
48593
50316
34300
44264
86923
26029
62836
99641
42458
74691
92353
86225
45920
73056
62223
11102
5736
98332
26002
2200
25911
69445
46258
22491
41947
19428
28803
127
71136
96104
38957
71030
74401
23121
48971
35777
64220
97082
47823
7055
88606
48388
3202
41075
89950
5468
28712
641
23654
65416
84674
91814
47307
50195
50669
79361
68765
90482
5864
69985
70746
90610
31092
6364
89630
39585
94484
10760
21909
66485
24051
47386
54128
77276
39364
82490
22006
24322
58821
51167
87474
91033
13437
51404
38826
60936
14660
30406
73360
39858
11330
42289
96145
57825
14959
10022
79530
38991
54778
73171
2043
54609
86853
74575
13748
70016
48717
95320
17035
90406
65768
40779
76176
74466
80743
69311
76536
73047
70171
20319
62901
63255
67860
78722
58887
30727
84836
64265
45515
11920
99905
18292
17905
50850
79946
63041
58764
59716
1729
42146
93315
156
84183
23322
17444
4407
8485
23092
41528
95190
5558
59807
12306
88278
98914
55434
90465
2490
725
99800
18372
51863
59535
29312
52541
3036
57604
50884
27454
93116
82851
58284
12704
83065
24564
37535
82163
44654
33691
82685
79824
88281
94009
41563
64714
11811
82353
4219
1538
81805
34024
53768
91514
3226
24645
29771
60769
40915
27353
20365
58253
42491
92728
63594
65127
23023
11013
69134
28352
99673
67436
74959
12770
3698
85960
82662
60257
59953
54949
8715
29008
8469
79936
9420
7279
5386
50058
57609
59906
20827
45803
12207
64158
76437
39523
5872
64636
12724
20140
67388
63408
18221
11036
57118
29075
95350
9223
16980
38716
97877
75041
50252
65581
56580
29408
19704
14217
98558
36096
62382
23972
31497
74880
58943
82739
16896
41065
86450
47939
31995
21487
98268
84709
76829
53104
51485
82054
67546
67706
50522
6941
94947
50569
61555
13662
98000
7822
32673
12012
60296
60139
36654
84843
93968
25786
19376
78194
40590
67054
66435
68159
59192
35473
21282
9605
99454
7532
67138
64737
47665
31493
66763
9098
88814
78083
11860
36199
22603
42381
11482
49146
22045
3664
8925
36890
53476
47007
33975
68062
99411
41141
26233
23765
6527
9206
97219
63635
7940
63155
21280
43014
61935
9164
9372
65447
72075
63472
14339
82795
65963
45312
10936
89977
79857
47410
17902
79382
63577
81810
12198
22108
50629
48482
16390
48137
37509
77121
41586
60020
77826
92586
96522
13818
3304
60531
16832
62999
10606
854
52372
12784
26531
5645
81326
5612
36087
27446
13719
13315
49635
22614
40756
83983
40630
23290
49152
36191
77500
37592
90724
88331
53901
74612
79670
39585
51472
7967
34444
45533
69994
86009
9883
26264
28615
18807
92336
65016
37156
92064
44266
96133
28086
82033
25682
63163
82138
39968
97689
47995
86266
50846
60780
74300
74873
22934
38294
42335
1371
6386
27283
59264
37172
20668
34988
75752
69196
71970
71667
64383
40395
21459
82940
12511
88710
62662
71703
69796
1318
15065
83206
98496
9170
32727
41375
85291
88601
63059
93279
70263
60158
44529
37833
12321
52032
16772
44186
53092
96068
32626
10890
60519
76961
80947
74210
88567
83624
8952
93524
17935
94702
16585
89851
91539
92248
73543
11056
72317
27394
64592
14694
45966
38188
70304
77283
89894
1537
60757
90683
56975
20773
45739
87914
42483
78426
35077
4238
40367
62927
41485
82655
88031
21414
67763
49260
7288
2976
16274
54739
8660
8456
23568
46333
32456
57560
82020
28788
1426
54636
92273
42433
66542
44609
83185
38438
85224
64841
64461
7573
29387
49775
75208
22507
59704
58049
3484
18317
99347
55167
76220
39421
46807
57918
81944
68057
64457
85465
27327
51696
97929
45204
8351
6082
15717
4974
34472
60371
49033
96484
59854
31595
37809
94812
32653
42669
34591
54260
92231
46674
61639
19431
7433
37153
55623
63801
80780
57870
52212
37920
51702
12204
5008
28495
20353
76976
22680
14655
98804
54660
55322
72604
17069
51492
67107
70026
12192
54168
64054
16403
27033
1006
74169
54126
23165
10068
45034
83372
66926
71663
44911
24674
34510
507
62474
85615
65307
86016
67243
6985
54905
9773
93759
90088
60077
12179
5543
27502
98437
23905
17923
10129
12757
79031
33005
23751
97692
24425
67171
12141
68005
55410
86748
64500
62025
90738
75899
85160
53682
54342
61729
24894
95707
59075
89373
52890
50483
4398
37183
12058
11328
13722
39850
40099
40640
65791
42791
19590
5802
59412
90550
43726
69939
62442
14368
23400
4397
1860
25704
74639
8010
64982
82335
97588
59038
16441
99127
72199
5058
98568
17935
38788
66549
76890
27341
99580
59165
45116
9835
67807
43659
97802
67080
22179
11836
15754
63294
6868
9436
21478
22771
14584
83238
22212
61289
77469
90470
48291
72241
17378
34239
47412
27709
91775
87208
48147
49362
29873
83121
87936
15964
25318
54627
40286
72091
85185
19910
77288
52220
11531
4124
61419
70659
7863
65354
27876
92323
99279
32983
60342
1616
10464
23277
48231
73227
89599
96029
62233
37661
16918
29823
24704
25663
42992
50934
89093
37206
68892
71314
29526
5212
27073
43759
43527
90681
38975
17147
81897
42225
15837
34325
51589
59126
18613
83409
53814
81438
952
9752
98688
48368
95839
11756
16689
55736
18511
74889
86098
56218
48904
82566
94889
4611
15786
38011
84527
20890
57605
83997
46921
30422
37755
13893
50309
54729
39156
94734
44883
47354
63518
28509
35005
33809
10911
74619
60421
29195
69401
41470
54809
16525
64920
62470
69333
63605
91451
71779
92854
45227
55804
83283
4438
61815
69886
98249
35529
46733
86386
70057
53075
52355
3910
27408
97124
97155
85355
71665
54545
93563
88161
16698
29551
87218
77761
20437
11982
15029
61382
21194
17393
94672
91321
50050
9638
27640
64312
63334
38630
39396
52707
61382
90730
87868
40739
44981
32743
42826
75478
18034
1704
37869
25115
11969
88520
67309
28278
6616
77896
34312
65921
31734
71699
96811
784
51821
68555
45116
39263
65440
30415
35476
2330
20072
34988
84106
25224
6545
81981
93387
3829
34209
7424
23109
84187
50648
8630
72386
12301
25650
94295
45939
13791
5930
61072
30114
95509
61561
83130
79593
81862
60636
90200
25152
75820
46835
51405
42289
28459
26182
3543
297
27644
65698
63084
47879
44502
61313
71407
48694
39223
96712
94383
31351
51380
71433
70653
42968
63515
61417
83975
38177
63969
27420
9430
77069
27181
82796
37280
57461
37279
29177
51083
73992
51711
26426
23999
25591
29502
65282
27143
74700
8523
5405
61924
69435
24116
93273
87181
62961
19574
8386
14694
49641
27396
16198
8124
4126
68016
6743
6395
75610
93017
51182
84941
54988
41937
69293
24431
80504
20137
5245
8209
8329
84379
69238
713
96674
90004
29981
98133
67154
77820
65351
3915
79333
98563
81852
56927
60311
49898
69687
24273
10563
6155
92426
35951
22554
52518
94910
53102
4399
97322
17239
67937
5327
41052
74838
80212
63407
43494
19449
10056
44477
74271
72029
5226
79416
72531
8548
59154
63228
99087
6673
54037
26005
15755
48655
39240
28053
19220
74930
65650
33952
77525
12917
19596
14116
53537
81570
57015
97191
89632
92305
93338
55609
44628
68712
8471
77896
75526
37760
89385
497
7698
82120
67260
11860
55596
46178
65353
47617
98957
75180
41229
54159
30462
52313
97157
76364
44511
31486
5191
9422
77589
11241
11584
44711
1038
10859
18950
99191
80498
21238
41113
58075
62760
16193
18235
11332
50625
20936
76104
77731
77382
62576
41460
38816
86137
47049
54528
54985
25610
72845
89753
60007
71897
78117
79309
37965
47778
81770
24330
43626
19402
73416
65525
34333
93348
91871
14052
71240
85537
85315
61401
64606
88178
81028
82715
84342
11419
99304
1042
577
44053
57267
81695
98008
61056
77705
20598
43022
95908
18122
80409
45636
81218
87132
68402
43356
61276
43047
13516
28550
87293
4409
78766
47542
65766
21801
41558
98902
90422
58649
89870
28919
58197
17749
34414
11267
40318
72857
70542
47822
35079
80751
66341
90891
70222
30548
65443
51163
66082
76156
43879
54784
96138
94604
95870
65007
11606
50310
8121
64740
56192
31010
97417
35023
53022
20311
97914
52013
17384
7385
46825
58706
18784
69116
93315
48609
21058
87254
95708
72222
77226
52707
58985
18394
17853
66210
17498
91054
28501
45597
72631
74051
13612
1702
84566
71086
64420
12860
49111
69561
19312
40237
15036
68700
57699
21269
66344
9963
55827
32293
58898
27817
17065
74527
80646
21370
80840
33694
30008
72822
13784
25170
92582
23609
9838
16264
50794
91799
12602
31337
74392
39117
60716
87385
69402
32402
93763
68191
30310
74381
79732
16773
96280
1184
99955
44373
1553
4738
58113
91971
17644
10955
42515
778
27641
79144
97850
53358
37432
65454
44308
3073
66387
93899
62223
78657
94680
87384
13173
24574
5618
78411
87929
19225
26275
19912
24028
82088
87776
28311
92219
23831
76201
41106
73081
5064
69667
51317
63877
8283
72852
19704
65896
56488
76763
55256
62925
24169
27113
98545
60237
3157
40800
19656
76342
25671
60166
33220
20983
63293
89957
2973
88842
40700
33155
9293
59167
96337
9657
6852
31585
19507
83155
82039
3464
62596
14051
17048
66746
42869
92769
16288
39198
47273
69187
41513
96383
74546
68693
71225
5721
80920
55990
44376
93219
72792
97839
32002
36953
36105
81552
74904
11908
69338
95720
93297
86568
31894
81152
9775
80907
69866
16021
24940
64093
3293
785
45682
80936
79390
97957
28009
69525
65756
86981
66604
86168
72462
87264
84725
82202
93779
42970
37655
15169
80435
8264
46698
42622
94021
8807
2624
92082
40330
85273
3094
16702
43990
52797
81831
65189
85583
87145
12218
36608
75117
41863
79004
97535
38018
45514
4168
60823
73203
67404
18019
57900
68228
16165
50852
96636
16434
94154
68912
65477
3130
23423
8804
34292
17335
13466
99627
76843
37545
80854
37808
84334
42416
3536
21101
21003
63319
22434
89985
259
2830
71450
67937
97369
56464
56246
34661
50838
69380
69854
22147
14295
12926
50173
94937
72756
95269
93630
8739
6701
10800
99839
80429
75859
96745
28244
53507
13616
77011
15067
69220
85172
27592
88088
68244
29981
14075
92461
25232
2338
50013
43703
82781
28604
97275
47175
78297
48593
96964
48059
88627
46751
90984
67993
10455
5506
74171
20007
85025
96674
40249
99210
7443
8539
99012
93242
47362
48202
91657
34398
85930
87825
36449
36105
66529
3528
40563
49616
75401
39937
28406
33574
51583
92277
83125
48695
7985
40207
49995
90173
73997
92277
17709
25602
86388
81647
68903
90963
78861
14198
10078
46749
25558
53754
80853
22632
85141
63311
57420
89708
10252
51957
65666
467
59339
62403
571
22925
99775
22736
62716
76618
13001
8413
5203
37048
93674
97602
77524
53785
81498
4564
14110
9823
4152
51663
1629
5255
1435
35654
32008
50256
84998
86596
3530
75414
74682
33726
51486
7568
83814
74775
75315
78882
75226
96175
67055
3007
28089
88329
65456
41822
94349
42840
31021
87384
73428
57093
31004
23260
15031
18143
48684
70127
57180
47744
94994
73923
32049
43320
55938
82771
92169
74361
79187
3896
24068
4574
44549
89579
33318
84152
28990
87736
9129
33942
10543
59995
81134
68368
45366
60121
85999
29552
3005
10750
81744
32510
92607
89806
79604
37543
9611
61386
35820
457
84449
78594
2634
72894
74137
48849
49108
83202
62755
47865
43028
70018
67913
53116
44651
90595
32752
55476
5542
40652
7870
23568
41417
74290
64309
30539
3815
39262
25277
98282
9780
37436
52896
38514
70130
55235
11311
9028
74535
8956
35170
51926
32240
89168
10173
59631
37550
36019
61326
47647
35423
583
25298
11225
7240
55567
58295
44110
27406
46417
44796
25382
47492
44806
17333
34237
48958
98945
29643
49369
61283
59353
63712
66052
88034
69109
47312
93610
79996
25939
52307
21263
14559
11926
29823
24302
89362
37930
11562
62826
73452
98068
4973
95763
13504
86842
61795
95576
89779
71596
60081
63299
90093
58510
21121
43701
67853
63012
70310
54846
5623
39801
50116
32601
67049
70507
30215
834
52588
98294
56529
34837
33670
18939
26770
49700
16492
78413
35311
99125
43508
43737
70821
2550
26280
5679
98023
49662
12727
48273
50500
71809
52389
85974
51684
60143
57251
15548
88240
92329
18394
13160
36753
72609
88384
20763
92976
58958
27853
74355
95741
75337
34919
32762
54732
93159
56537
4784
90841
59346
34306
52048
16524
26438
78954
85121
63799
32870
51951
31963
32221
16216
49950
49076
24493
41956
97982
27398
47339
60324
98629
73151
68912
86248
96014
6341
6408
85289
23042
93092
13401
14823
62547
24309
90979
69922
19496
7948
86915
30929
58514
44766
12913
58307
43742
68429
92650
66128
76867
56754
49448
81850
54971
47814
5132
10021
15470
46957
43262
71152
71561
17759
53963
70608
30446
36724
70062
5864
51493
7308
92393
98630
4720
65624
57970
72765
98525
92392
57739
86810
24436
46610
137
58341
71792
78492
69238
43318
96907
88582
28818
89585
98737
11511
84885
63488
54007
96354
61007
15372
98148
59412
28112
48056
45517
15165
1411
95610
76415
26361
79125
23830
20309
49818
42772
76024
74026
72020
56946
30606
18760
69189
58281
31424
9599
81598
21464
90349
12785
34226
80779
13059
94730
11962
17498
24058
9580
62850
44392
73966
77801
62676
74571
93656
43882
60831
96683
19048
54444
88867
32163
44000
68394
20796
48197
96944
10741
81545
64250
24489
92961
26968
63495
46848
58745
75983
50443
7042
41971
79065
56389
8846
53661
11244
44882
22836
92727
24179
2964
97992
29754
71485
6958
20866
45110
6177
68267
88693
46425
81707
6879
74538
49227
24136
78149
46936
87543
91882
55080
15490
1060
68312
93213
44494
84546
54613
65805
73053
23423
27116
69713
80204
31513
29109
56950
4774
4686
62278
46432
56387
70351
67897
31146
16450
43667
43190
53195
98430
76103
70013
26836
93456
18852
30962
55446
42337
62361
69317
54433
12073
42183
23260
93160
65673
22732
44096
81248
25985
69046
90305
99750
77199
91161
44487
96544
80678
88988
39350
80603
48679
33326
43837
36468
30494
82870
9883
10867
81371
55176
84238
35570
8875
83315
40409
98363
35794
78231
29041
79567
52584
66772
17925
69379
35277
41053
96392
51620
99850
17803
22973
43131
5574
31087
75581
29964
84801
46847
29159
61080
26800
27666
74437
82595
94806
39367
86646
70256
43900
57982
78398
8488
64781
84010
42727
83225
25968
50814
35409
8987
93378
72613
35453
53774
1359
84494
43666
58367
4205
32164
17674
86601
26997
40795
41053
60184
48927
62758
38728
20617
31514
11494
67097
22190
81637
80829
13209
39054
20908
93249
94742
71080
79874
5483
23596
2071
49303
35983
98992
48529
68598
21606
43033
68842
95070
43624
57483
23286
96539
82613
97953
14572
35424
26130
76374
6790
80131
19857
74672
82564
57814
55048
22346
90640
24605
80196
23453
45308
16817
99543
53930
54728
11984
11180
95750
92447
98622
24219
90947
85249
84732
78616
26423
14780
84003
22822
86730
1043
13821
23881
87233
20385
78561
58809
18690
12758
297
87858
91684
22912
87665
28905
5589
31077
16910
58009
51079
89933
5193
72826
35608
7612
20183
71955
52668
66909
57302
10183
45257
76058
93030
98571
90495
64519
55489
46199
29938
703
15673
63099
95445
84935
44396
42089
24485
39534
21222
64272
81103
68566
17652
69545
37439
60940
16672
18570
37542
88338
16270
4248
16455
35966
46386
31321
23998
26172
15051
27623
14477
63439
22752
9953
17093
41844
88918
90043
95725
44103
64491
91830
77170
75775
30674
33323
83468
40020
23083
39616
64200
49089
59262
24861
43895
43012
27540
91704
96210
6435
18866
43980
64872
30441
93779
1288
52006
93805
32353
14340
25602
20499
63120
51247
40836
15980
62711
62755
31826
64569
91948
37882
51862
52205
53338
39450
26190
81840
37825
89804
89167
74719
42123
78570
55991
30097
9607
35094
35694
83157
90339
12487
33400
90391
57834
81246
99610
7841
90808
72792
38886
5374
81302
98588
75429
75546
23671
65204
85567
95365
57614
1560
13546
38390
40201
95557
77485
97164
66766
78765
16848
93680
29360
63368
23074
22
91726
55401
74854
89154
60904
5003
76251
75816
95199
96266
14535
47628
50440
87822
89119
63623
97389
70241
1270
52971
98177
32354
81759
18398
30589
24978
39552
3874
89595
91116
62165
59893
58798
48434
10974
64052
84636
99170
97671
48826
41178
14951
70098
99335
91138
55020
7938
85020
71987
93163
12070
58146
84901
31140
10625
39946
88776
80841
56978
39855
36792
56406
53157
28823
15775
58686
69333
30553
29863
9504
42972
8409
77338
96473
12184
66031
77656
35666
30812
49605
45492
97114
61232
83263
55372
9839
22982
12916
20195
21462
72475
45787
43484
2538
77477
55297
885
59377
85343
1366
44862
78409
61102
57416
41780
98274
44431
49192
87839
86373
83104
69480
97412
84562
14119
84293
43207
55880
3075
18946
