31083
76698
54233
79232
38631
3256
11636
76031
89219
55279
57811
72574
82381
96852
58547
17933
82628
27987
56437
91584
82660
24539
76894
53552
74009
6116
38265
9774
46517
34649
78903
58052
60988
27749
5975
79242
94460
15710
52160
75682
52763
14057
39307
96913
89224
36520
58941
78778
12307
29191
2642
8664
2681
83839
15638
279
28824
83844
46508
2640
74913
58642
78161
95488
25835
57775
28603
87395
99619
22908
26876
42994
75041
92957
38978
50199
44279
64419
19360
90664
71555
40179
64775
84200
85571
70837
66926
37525
10440
39226
95666
77199
83490
97098
90518
1223
64347
9706
81451
68223
82241
84519
36778
98083
36379
1953
98718
99716
75324
57271
67296
61229
49333
34539
36954
91492
64069
56913
27533
51711
37164
58457
77357
27551
221
72119
21417
59406
38130
55339
60105
48305
98329
31506
57393
80906
73803
52521
72674
27052
66397
32408
69248
78203
3568
36771
86446
65056
45060
61768
65364
94823
15817
45654
16195
56629
51765
9547
94831
28233
35250
61255
53243
37389
60207
90738
82195
78617
45142
5831
22418
47780
89310
21468
37988
35720
58135
13263
50598
54065
45794
13134
57450
84802
71683
28451
99190
47652
73327
36090
80044
60619
1760
69553
644
73192
34215
33179
57909
5188
38272
78448
17938
83040
92705
37397
94193
39206
37069
87363
95176
54027
88517
42487
39760
45444
41694
93909
85676
11233
43182
15514
78306
7082
75679
86173
34471
885
67718
64
666
99009
5709
16537
73702
55667
35756
86040
17355
69066
19319
80116
55799
76769
11665
2614
25165
51552
63870
43713
68487
62527
87477
7229
67800
15609
83509
4159
23626
59912
19951
50774
34854
21795
40577
96757
55955
42001
30338
54680
67413
43080
25049
71316
38902
31367
4872
23072
82275
44428
80934
1690
32013
35667
26059
16791
73872
17515
19076
98027
1360
3606
52998
23281
29182
22654
94271
12024
57787
46351
29736
45162
24596
52052
9910
24601
91339
43378
11504
69256
98774
3547
20059
87796
61505
99312
88561
34206
30286
73814
21393
69430
77725
95315
30383
83588
40966
23589
55628
310
96387
63840
54752
83969
54699
45122
25460
30966
94905
35957
36748
24900
72939
6816
76097
77123
81958
9482
57069
96836
16695
91212
67551
82162
18932
51794
6607
18564
90337
974
35308
23715
61711
86040
37424
25939
7039
37382
16469
79839
13156
81988
25121
41701
40582
26897
81628
12795
82850
27029
24322
92957
68879
84162
13684
50357
29787
79463
57001
86949
40788
55755
80866
57875
36387
40268
83899
55058
37843
34452
69918
68713
63152
1748
76241
48866
28298
70816
49679
98225
21496
25223
33205
84255
18041
88301
85554
77650
33845
61702
51361
13754
78818
81521
93268
51771
67044
91791
85734
89586
33612
13951
53714
23974
23136
13336
28130
60589
76731
49986
56096
47032
12267
27377
29896
25563
985
85343
15326
2365
60422
67940
47772
22712
14384
68469
61508
24910
57812
61462
39668
73577
59917
36509
34135
74764
14202
81477
98903
28987
6494
80939
37969
12323
94433
34601
80065
83432
97460
97613
13500
79210
74610
48373
33981
50483
15042
39817
80439
5983
64312
40852
42857
68936
75579
35680
5007
72622
52481
33550
43157
27679
54103
51055
4679
88104
20445
18178
35203
17336
42158
12267
52432
95917
99677
36011
36136
62430
62778
75074
35761
8900
28052
88222
49417
68486
57817
926
44671
64160
24377
41287
84991
44334
15977
25698
12165
91930
37315
177
60115
63488
96586
71372
85021
79227
35307
48829
7778
82862
22527
96563
39509
13809
91181
71047
37017
44149
74540
88553
99147
58582
32326
36997
31129
25884
15289
26008
31569
85102
90327
49641
43252
93876
75469
77222
58633
84871
13504
48284
89965
96023
88083
79282
8
56568
39077
93155
98300
45066
312
62198
44023
15524
14540
93564
27975
96221
58634
62565
3117
8694
52541
17951
70090
98023
53146
65388
15126
44196
52224
1726
31535
10604
56058
22130
9614
52142
5058
97351
46134
54745
64992
75737
74438
45982
687
8158
17006
26564
48257
88764
95070
73480
9337
36934
44761
5390
40854
54641
16936
43848
13967
97399
15084
27714
40761
75175
14091
11976
17382
40070
5323
57877
44168
36678
71901
80729
43444
98785
13969
61957
16801
46547
49799
80150
19695
76274
74726
61308
58468
68395
77509
96678
45745
14265
26726
21421
20884
13828
1667
97177
12151
70452
7456
35379
33205
77393
31904
70056
49501
19001
39252
84086
70447
28060
55054
64502
81571
29080
38292
49223
62665
16652
19663
94771
38474
97275
29699
59232
6990
83519
41017
10965
2967
85222
1144
38278
63083
8718
70259
62
39279
89241
4764
97513
87278
15213
47637
52795
92249
71211
62343
77152
53192
31241
67243
2753
69631
49070
69158
82320
93643
42218
71635
30704
16492
53392
32696
2403
48909
12208
6585
9458
22446
11733
84683
17651
52963
67864
44161
91130
94549
17951
86691
30590
99078
77910
68477
69702
16274
81864
42452
60272
65041
91706
59474
62846
52056
31236
11362
43806
31168
34893
91928
70069
83902
65538
26375
82151
8273
24498
87862
23365
1659
5385
69453
5971
95782
88999
85321
61205
14856
49277
37071
21941
32449
2915
37693
66388
39873
69113
92188
62283
49639
86200
29874
572
20164
88947
28820
98618
95549
82351
6136
21041
24175
32637
62696
8692
9581
40272
78035
28258
25989
89280
85021
77171
79873
82841
63607
4900
57898
19232
78025
41981
42758
71972
61932
82300
2562
25661
77556
81152
37131
91907
65898
47379
44949
79757
45464
35476
32767
31973
10462
30913
31534
16293
62849
65566
72341
53776
62627
63300
12694
88111
71854
9161
79651
30662
42633
35303
74493
21843
63501
90508
76254
30850
57906
58814
76018
55664
12610
99272
62559
44858
81359
45926
34757
86016
32000
28841
86880
68444
50054
76839
95307
24569
50157
19746
52191
6610
62543
51219
57242
37897
25570
63091
68154
57792
27954
2246
30632
1591
19113
76868
7185
2339
25482
31045
58223
62247
53757
75625
60839
75825
94564
10369
52076
83219
82828
7805
32449
9149
81120
33555
26331
80308
77176
43561
35524
14641
4334
37247
97500
10136
78321
29852
46490
58547
42610
89651
30289
41963
9916
22673
26414
6531
24961
64294
65053
58096
28847
9102
88266
57849
36417
78427
43621
95367
56530
38977
19456
70377
4876
86685
91762
65223
70398
13699
72542
90624
79981
75682
2029
11330
52769
10294
62519
86853
93088
65387
10881
24485
25656
82056
49761
80891
50166
15551
59933
33910
42580
43856
49457
53723
40238
26773
95599
15894
68213
98573
17472
84220
73469
47976
20073
29151
73393
75948
34761
94381
134
66050
47518
52773
52429
69184
1256
99574
44290
69556
93541
61590
80290
37705
23420
5213
65977
58361
22741
3740
73433
88944
59429
23228
76775
32184
93383
92183
84783
89479
34502
7693
26263
13985
14007
94020
9041
39594
71299
65952
99979
16140
73539
40155
87904
642
90308
85441
8849
66719
90857
4010
53710
40446
52240
40021
51246
32103
70669
7773
72351
24506
89682
12090
25527
79355
39856
6743
81513
39258
17303
2956
62771
42205
13785
19672
71667
87021
8205
73788
96602
60666
1488
44278
91961
12044
13062
18969
74520
81287
75261
1189
75622
46169
91090
52233
89514
1412
67469
55410
23159
69507
40968
32237
57503
17178
51725
87297
91711
84446
90621
83074
27415
85726
25964
80180
67549
77069
53866
76829
77095
62317
99677
13924
71878
16794
41322
38924
76275
76272
16882
46375
91393
11673
96441
51673
49266
68311
46722
41450
17158
79850
44501
86695
75534
287
771
17879
82270
38742
69025
65589
65024
99054
63311
67502
23718
99663
19197
53752
77175
82387
67331
92140
98347
57938
33038
20706
28690
67176
47035
57128
65102
25413
61916
94399
20193
40242
61591
79155
5664
39163
64846
15700
54183
80061
22265
87445
10311
82605
99567
73281
94298
12578
26404
58325
791
59392
94220
9821
63361
54722
99966
27567
97978
64387
19796
4062
27092
64873
35854
7548
28648
19951
16278
20016
37824
60686
13374
74512
42702
32391
86693
60282
43200
43759
17913
4373
3883
43831
67479
90559
4388
57399
77806
93266
2926
74999
67937
87640
4109
74874
75850
22791
69177
27303
29084
74460
53134
25237
17666
3376
9984
52594
74083
88985
82572
45936
91942
28992
55146
1709
26962
93434
59103
29277
32494
69381
78606
52246
59656
71361
74958
77016
99409
30760
71767
37879
80133
43051
95542
29702
88840
1291
25857
21314
81420
37361
65476
30776
783
38250
50393
43700
8770
51683
20789
99687
82436
89405
24127
95188
34220
80908
45341
71895
36550
14418
8103
25330
63156
46963
48380
4566
52118
56084
93491
66954
68901
48021
88554
21211
33529
69353
80826
6304
93450
65742
46316
79561
77075
14509
31652
15780
76530
13551
68796
53739
52876
63929
20556
82253
45326
74150
94884
19927
51759
34944
14172
72927
77713
72507
79171
44269
14662
55310
10323
81895
57647
2606
58086
9783
44575
13897
83010
98491
79518
11740
21391
2472
26121
38706
52330
68316
29303
53273
76370
79903
19895
16194
87199
4053
31573
49589
42162
28579
61307
27055
8359
62203
98356
99577
75656
29861
49964
19622
33628
21708
83795
45417
28956
18659
52256
17680
69573
77330
78930
7937
87465
93793
24850
19279
736
12831
84532
17913
17469
41455
55420
23743
80411
73552
42686
53826
24502
94280
87325
58071
49525
91564
18133
77544
33957
67054
2869
81511
17282
48740
95683
11696
79150
27473
8067
91130
95684
98226
73235
31833
11846
81607
56398
38611
70354
58235
97520
79868
7155
5394
31512
23217
98932
21199
51785
56590
98575
34111
63051
17612
21892
81701
95248
8923
84389
31555
20656
94519
7918
13506
70165
38634
21330
25886
30515
44094
94928
63984
17391
23933
31364
26713
23904
37223
46010
75272
82227
94127
47422
72073
53256
71571
74831
42635
34842
98069
53458
33419
28412
71035
63426
75650
57695
64608
740
49896
37136
65076
99257
14179
46846
26103
4397
144
68633
58477
1101
74381
98262
81951
97398
58912
97071
55982
30055
59016
38791
33620
40792
38718
14571
53209
35460
91111
68532
95215
85570
4537
46218
82346
60786
2503
79138
6655
84370
7147
44615
93336
20240
81071
82327
96210
43546
12152
44036
23923
82545
73936
76731
57739
21660
13103
40353
16678
40121
97604
30617
93034
46446
78981
49059
18772
48862
33745
40351
18410
28535
33854
13582
67868
97671
64005
68025
59291
81103
69478
83659
79702
77136
52312
5465
66958
76706
40721
32162
19861
59364
91439
78418
82759
28685
37825
14816
21092
14497
56341
40791
55978
16831
31038
58386
23435
5751
60065
55105
86832
50841
21340
32712
90730
65609
98804
14406
90320
4430
13882
26579
79898
67849
54522
68674
86553
24419
81151
23910
59025
35775
26598
17233
12788
72399
78045
951
55931
76899
63672
81554
59780
20604
59408
64671
34787
43166
78328
51013
69862
70724
97597
94838
85162
56397
63129
46189
59155
80756
89461
32727
50796
13565
44537
91471
45947
57355
41585
3330
42368
69423
30397
65713
46986
24731
80789
45140
64758
2357
95447
66171
54437
33511
8943
88624
31448
39155
51073
81368
26187
22275
97174
44153
42475
68158
5057
39862
90773
14583
87533
60981
63949
73504
9669
74689
71096
3196
4319
9419
61590
95313
45542
72267
59391
89980
73186
18181
58265
12095
50854
88615
54899
44149
14518
96815
95489
37159
91795
42697
81269
3031
38533
31989
49206
99161
57188
46439
92256
51457
11810
44168
19192
66263
90264
39450
76073
98919
76492
82553
92448
7797
58396
85661
60832
68654
45290
92860
44291
78074
80643
60908
34734
44430
68269
72966
29968
8158
92781
54502
535
86383
66771
82287
15663
94249
72066
20940
61655
91052
77152
15792
26465
52506
75766
33759
45030
90546
20292
40678
29508
52029
71493
80037
64342
63521
23290
80077
33742
58707
56213
24515
24273
21001
74436
81764
3887
18702
3960
16516
62429
70830
818
38127
85809
5009
41001
560
3642
32997
92058
9103
33945
77587
66124
59509
52063
57940
67038
85804
5285
61405
22896
46210
18210
57205
4811
34092
70221
93447
45518
12230
35663
91762
74134
70264
49315
61310
56040
20213
781
28874
79838
41853
28661
69473
68653
69314
82271
8778
82255
75304
17416
15262
52145
2598
31070
70933
53243
25833
94300
41817
72343
29367
52097
88604
76960
36304
74924
26662
50824
28977
79190
77990
8582
99795
87308
63753
84955
31984
6760
40937
97471
45925
23595
36733
62637
60051
69273
62478
67784
11520
11536
38313
50024
80443
774
81200
16644
80732
60127
18796
78205
28873
85096
78749
65477
67221
94195
89553
79243
82786
64783
87667
22820
66184
1635
38011
22168
61102
76583
35748
79494
56053
27678
91354
99668
1749
3444
22610
53591
55774
42449
56756
28667
77792
28983
3059
99535
33126
20605
189
95025
4413
21928
6797
22514
45203
24707
61854
99205
27195
89755
91706
13993
55725
1466
38129
16976
76585
35070
82405
65227
92028
1908
95394
8565
40347
64342
12939
38745
54732
45791
14351
65920
96229
45767
17499
411
70796
1472
83913
45097
64157
95659
32534
9733
79690
12055
4049
19376
65852
19319
74254
95862
88504
36223
63707
23712
65181
33147
20394
52149
43178
95276
65773
74509
48829
84000
21440
54964
37877
32812
40768
87128
26681
62505
49146
81039
4529
96425
92542
77511
51346
11924
4209
93995
33112
19747
81538
73647
92203
27416
54388
76665
84292
21944
66714
17388
56937
46663
11778
29010
14708
66622
70760
37765
3762
74443
33899
6106
3847
53317
57692
74794
80750
28201
77746
35518
29982
55286
14715
2199
31561
23171
89325
7064
48830
59160
25211
3792
35726
37999
15587
63528
81227
54728
82404
61925
95852
40259
62188
10714
98254
51742
70735
4141
10869
72907
45749
68964
38992
89516
55722
11564
59962
57518
78745
17990
1308
80191
79922
42190
57231
63470
93320
13546
88864
7870
37496
29611
96621
36262
46403
73123
25804
55080
71292
54403
21738
83436
58301
77455
3888
55864
46580
94305
37794
14606
19707
30903
32898
44130
86853
58554
59377
66294
35220
66124
77973
67284
43560
24685
31830
59752
27954
79401
7395
49752
96102
56001
41554
6176
6479
64597
61796
50190
7132
30763
41702
56599
53208
47647
94804
21076
90968
39080
75096
41021
65709
22370
78384
10816
26393
89948
53774
31133
41662
63456
30745
5825
90610
79771
9776
69853
75727
57065
41327
95555
40135
91806
19850
76093
29876
28947
70166
98153
82381
2699
15815
58389
95669
12352
40532
6451
97486
79311
27415
57561
14443
97501
47568
95032
83587
95012
22121
77558
32512
31135
54644
59914
27287
1326
62641
11796
62643
53989
13740
83030
88394
32631
7747
85459
66353
10523
94980
2275
17899
60728
2901
96176
25660
70995
40270
69648
44605
66289
24416
93887
75400
21323
16505
62904
81938
55022
61535
3887
91864
77771
30106
73807
82802
86786
19023
66091
39301
49445
77126
29251
55125
77164
30733
42389
47063
14357
81717
67965
772
89302
8474
83467
68457
20257
55361
68256
76379
86354
34266
10756
73897
85880
19652
89926
47402
99902
70447
80337
12469
15796
14877
56776
38287
25631
81538
54238
62622
31289
1003
64276
91036
36582
40475
97424
6376
95253
16847
30710
29591
1360
5443
16358
80232
61504
97678
87697
69012
50079
4393
80537
98724
13851
79629
95653
22685
61540
22969
34493
2550
59507
42291
94504
45162
71190
54886
74752
78281
77884
61225
30447
82153
95226
35329
15304
87385
51767
28444
53188
35862
82458
20958
89975
81495
58414
85754
37486
52675
68304
35798
81544
69795
38197
93168
77294
14737
39418
68319
26224
95951
37545
18610
78366
82549
37732
20341
37631
10050
62642
50579
81618
89619
79043
54037
45535
47250
22658
84199
88664
15654
54134
36188
30737
53672
22132
26216
25209
14390
15141
38795
84148
55328
60720
56398
23351
46175
89508
94566
53184
59589
53187
86613
79407
23952
71214
67471
1028
13369
27977
73786
60886
63561
15979
71759
15437
81258
35205
75486
36926
64091
21292
30478
16417
27838
32485
51649
17807
89260
7276
84757
48381
11208
91072
89159
7440
56976
49326
56531
60060
34735
39705
86486
54397
74544
75939
56532
69489
4973
52379
42550
63184
8966
4867
40171
24648
19598
5468
61199
48698
21022
8848
80809
31659
96461
7420
73102
79688
82935
43928
83939
34969
83705
41317
77823
14112
80255
55890
45071
63855
17237
24842
70163
51843
40186
87165
94694
4736
74899
71049
47676
26858
8860
28997
79844
78590
89976
98475
53612
15627
14121
42432
24995
84369
14459
59777
23961
96692
53435
6347
65635
19260
95654
80742
31035
33996
42428
69455
93669
26076
67699
68961
34060
9110
5543
53311
27530
72970
50447
90113
33702
2734
52971
57273
94424
29590
96953
22209
85544
75915
8295
71650
21461
36651
26211
18179
49617
23774
93359
46572
41417
56848
84560
99126
14147
31471
27429
39154
33024
85699
61492
16466
97601
61828
87104
64120
33253
15133
4439
47353
34832
42652
12136
13165
87528
36370
9842
77558
69817
57325
38743
25002
40632
24335
95599
71902
11685
53163
98457
18385
97481
35164
55724
65171
22847
69666
81836
26160
44719
27898
85048
50109
29461
59480
93408
99614
40865
98788
26868
86065
77751
80078
70520
99835
38678
19407
69716
75020
7990
64542
77863
52593
67146
1771
38683
63767
96326
4507
61043
51959
6554
673
37890
48162
49499
28150
44661
88138
53635
79060
4944
16106
50287
89524
64151
52563
23079
39810
41346
99060
87418
7706
19092
68198
32711
5730
83397
87441
81720
14340
36442
8574
30409
1446
58742
98043
66663
9799
20043
41668
36115
25240
41097
15860
7685
93588
67991
58695
35053
57502
5151
10443
16725
40918
30658
96899
69603
22647
37389
40631
43739
38896
8868
84604
66848
76157
84603
35163
89403
7073
13220
67841
7860
21442
63746
4739
77565
38977
84636
81611
63055
59381
31405
17539
9579
33923
33624
45053
26435
47900
18552
7132
87281
59987
83382
92131
8421
79161
80788
6808
11228
70071
29862
12469
38891
79655
63296
39083
46619
57008
6186
25299
41775
63004
7441
84306
8609
39799
71959
66503
50602
13286
23466
77845
71616
83618
90962
49416
16281
2416
57700
94630
302
76766
20404
25491
47995
44028
80935
26400
38115
64948
6886
9810
61969
54759
48846
51499
34361
83238
35877
84471
65820
52458
24583
28788
72202
52304
56734
88030
50562
47092
60976
97399
55797
4553
62098
77712
23881
27443
49659
95383
11738
11873
73331
3709
85754
19370
5898
92833
20984
88867
70757
64062
19519
53210
12563
74863
19413
40114
58429
75323
6052
92027
11420
99488
76598
61805
15813
70144
54393
24097
57023
28930
72866
85708
92053
44647
56365
24569
21511
58603
82339
27906
82683
1139
45684
58571
94769
43065
15716
26971
31380
8496
82434
2711
34668
70678
11219
90429
81168
26838
40206
56250
80248
52951
4192
46536
91025
69765
31631
49928
778
21530
84956
21208
64172
12744
68642
52848
38918
88741
46107
55679
29157
58612
45377
57245
6051
17100
3729
15853
61015
45735
73196
64274
75754
55465
88536
70154
89482
81387
42724
52618
15671
79267
49544
93336
14618
60242
85802
31071
72886
11177
38077
915
16278
2553
7716
78241
1542
77974
53589
64242
24254
67591
95512
63580
6457
96076
72238
1541
67076
59020
43919
8149
39570
71707
41100
1270
99179
6724
25939
38923
80613
81401
9168
6474
65611
55860
79472
12503
63897
42664
6081
96319
94346
19273
21430
77550
23497
43861
70695
18573
75939
2877
56820
75451
31422
40468
40394
12263
483
23475
2783
57704
66742
85671
535
48953
69606
26232
74440
20435
95008
78934
89371
90185
19806
58786
29225
70042
71261
38326
77989
74839
70188
43826
18169
18706
17024
5092
36776
7262
94308
81651
27794
79913
72078
15785
49046
69683
41773
33306
54801
78633
76031
32469
98501
91683
70398
92774
93814
6742
43066
15269
55149
97974
63874
66623
74943
67980
38172
61278
18696
33488
99860
43960
1905
48099
57777
54929
41617
34988
31971
34638
75695
6669
46425
70295
93317
64705
29775
13992
24000
97844
14852
19221
86020
19935
39081
97687
99404
24030
62454
46774
67312
15280
21303
56021
48191
29611
36579
28597
95500
13753
13709
17959
40773
27187
65491
28178
92381
37976
33940
96797
42380
67689
42111
15385
31884
30085
31526
28174
84132
49084
30097
31201
49698
15987
14831
37727
41761
74739
23720
38472
84330
48717
1613
79514
4887
64654
12689
69209
99059
92027
73457
74232
51613
74922
53070
39111
19115
25628
49948
12282
73354
1786
61459
71633
66084
88939
10530
27113
80571
43472
5955
53822
75665
63325
77385
72443
36810
77428
70455
48256
5353
36991
1226
60559
59704
43241
23350
10259
7331
84857
23951
4621
25219
60012
34270
75772
60216
14063
96243
71400
51568
48342
24601
40588
14276
78652
25797
41245
65570
14007
64040
83835
95205
81527
78852
53492
26240
57147
59451
1455
57882
21391
18339
38235
43058
69606
19638
14517
69284
23568
72582
21488
6948
82233
62222
82564
13159
82238
81059
38869
33986
98828
49257
21375
9194
63639
24802
65531
16698
35572
18433
71249
68370
61235
41309
7098
88540
13692
91585
42128
53323
13285
35360
73620
52092
96877
79814
20156
12319
56056
83241
84599
19470
78728
73598
87550
25051
48724
50216
53241
94057
88743
83596
3979
54673
17176
39264
9372
94629
60738
93441
49441
15120
43071
45508
81801
39836
902
17380
48518
59726
76509
92218
2678
47564
98941
70795
52366
64990
11521
65691
22786
36722
1994
76351
10771
889
4243
98064
42325
80560
13067
92252
90076
79481
55572
11958
99139
82087
19255
50669
35160
58169
69794
84635
34439
3549
3296
59572
31362
38966
68947
57470
84362
59160
912
58687
71836
89488
99670
32786
25307
32033
86957
77460
57941
66761
2295
76475
91829
14946
96086
60357
78693
3460
55642
846
47518
87751
67716
77724
46510
78279
74813
1909
68420
58848
47212
4528
25434
97497
62168
85801
7072
46941
74938
62061
19489
58468
18845
78741
47476
95632
71573
39152
21634
21235
84794
13241
4110
36206
56031
34856
27238
37813
54739
98404
88901
82286
63124
45334
27074
43960
30282
42297
35768
1031
56039
28045
82803
20654
93017
57994
56052
91286
69514
45938
86113
60522
26484
60895
59020
50421
58148
69628
19198
59683
50122
91536
82720
2853
86490
50005
75494
99664
78178
74246
96921
28165
57416
90646
52255
57738
82048
16670
52488
12151
60743
46894
63640
87790
607
18181
47564
27105
3367
74716
35051
67159
34997
11676
1930
48553
39923
13616
92540
15431
66868
52757
12181
376
76497
57837
70937
53054
4485
20595
31909
71224
49889
36361
13305
54113
78124
19022
72449
62390
54171
40747
60159
89172
11145
72108
43767
8895
45139
31404
84279
63616
71091
66857
24320
59014
41942
43222
17845
41709
81212
28495
59199
55580
25388
48455
95802
60936
9810
27678
29568
74262
73270
89967
20432
49694
23257
48133
67963
75307
18638
28749
72363
65471
52595
99974
92047
29331
33227
19445
70823
53819
3930
8981
18505
89576
98236
61004
15886
84488
3106
65177
67357
97608
93130
88618
84945
83929
70586
16458
21129
60688
12568
45590
43116
62536
37993
92720
54710
16962
37156
79725
11684
22764
49010
84970
22488
62560
69413
41180
49705
47843
31090
18756
34123
15694
36748
54720
83542
90441
55006
58335
93685
19795
22469
42253
97678
59422
46792
63372
25065
40696
66773
72612
48030
31108
71641
49233
30688
10087
20635
18042
82464
17054
38613
3170
57055
96972
26448
75383
40979
55378
60156
22984
22229
81463
1833
92404
36229
76039
7652
85725
31803
94296
66257
59324
22539
86951
78050
76558
58452
47073
17425
45835
14597
32350
95008
23255
45676
84679
78506
3153
26045
83704
97797
71114
71611
79777
14615
33904
79750
89446
55634
49800
59329
13799
58094
11609
75422
21593
8833
35973
78633
5395
17277
94195
41806
41381
96806
90247
76039
42691
32974
29204
51814
639
36208
29672
44220
852
27269
70309
87492
66911
68614
3823
4590
22920
47294
83137
96235
3167
4139
19706
50322
1409
8370
45462
40078
4025
66076
70167
81124
3235
22160
66370
21700
25516
97678
8454
90987
26677
36837
30262
50354
88598
86578
77176
29272
65696
49655
23286
74151
2395
61715
88562
34693
78990
2435
88087
57273
17468
31477
18666
58455
70859
21476
47391
63114
68673
1557
97128
27581
92679
5869
28488
59847
63343
66317
82726
45392
37362
7883
75165
74052
7026
9518
32144
76243
66142
58181
29723
91459
74484
4933
84421
12851
79200
91774
27345
55980
96995
29240
71283
37862
29775
2575
70208
71188
97582
22760
51070
65453
65987
70127
5338
27448
24872
54831
63737
69267
70646
77101
24646
94048
29412
59265
13450
20173
36710
2161
88698
79678
77206
83756
13482
33465
49072
27680
69727
92942
77496
20185
95107
51393
59638
36247
32241
98262
84577
15242
13679
89719
58458
27949
90044
76036
46383
32252
21983
42552
57888
27955
48671
7668
84030
85764
61585
47819
98479
30164
97996
83370
35119
17364
6521
26209
38896
82839
51717
98033
21218
75188
88216
45012
69261
76314
34752
71748
87963
84490
37543
28137
1715
63702
69220
36899
69760
67925
35597
22768
92784
97119
27978
78970
94968
29867
64356
20864
18549
90595
46780
57760
97997
42592
30616
72862
308
95688
7672
72979
4266
98144
24935
98804
77346
42160
3917
63006
35166
20146
44609
62331
48342
26837
39804
58676
22871
77140
42792
98323
54504
17711
92600
84
94535
29187
78577
59944
76466
65387
62406
87941
26018
96786
98689
38733
91602
21171
61917
26776
41693
65903
3089
58945
27717
63434
62119
58475
86128
17795
81962
47470
60013
41038
98558
35426
45717
30928
5673
24070
53964
82678
23343
68718
43622
6131
32987
20007
45478
90964
28953
53575
8642
58625
12802
57910
68802
29170
18478
56275
83176
98603
90669
3205
70761
26934
74449
40223
83609
1276
81091
16174
44933
29055
2550
14466
59354
19511
96409
78135
90691
83943
17989
47679
4463
56315
86774
27021
9425
52897
26295
70720
86465
77248
28502
3723
42784
69849
86583
44637
60761
6329
42340
20402
42946
50713
48929
61365
36258
38834
80381
26480
2540
37600
46085
81458
86570
85426
87955
11579
29141
12554
22852
66727
36608
42423
70792
6677
1141
60621
39922
65906
29399
87294
86254
23079
51110
76823
15474
95484
7585
32857
87053
4263
9030
10867
8221
21237
53493
13785
28157
12820
86515
90147
5499
40378
66090
89443
67431
9814
5069
73444
11751
3985
14584
8572
91207
47072
78454
35663
29870
37929
82941
58368
80044
45232
91029
2643
57200
64349
96502
14660
12502
86315
6286
40766
82557
10543
25185
78745
21015
65091
31179
97011
66105
48238
30689
27658
8562
38674
89814
39347
75641
18322
96729
64090
72607
12606
2204
5526
51587
14749
76143
56232
96996
96501
12971
90448
58545
71609
86506
13420
56956
93488
20307
2574
83246
30078
22645
1593
48852
34353
89417
70200
98646
87850
71545
90203
82440
56582
27295
16431
7834
51593
52966
31256
91594
89286
81645
33613
93626
73068
2698
19761
61979
46128
44299
74409
88136
53939
85111
64287
57328
49201
90675
66546
7787
36997
54689
1528
23917
72700
78403
27697
83961
69077
8573
81321
21677
6321
98681
88265
48315
74684
26403
61306
51063
33400
87380
73432
93964
37731
6413
91343
31402
45253
56153
10133
46330
20152
38805
14436
16018
28051
60428
27921
56739
62069
18970
90222
58927
66411
27090
56440
35129
44862
65147
23198
49941
14844
96533
65103
10078
37281
37561
1150
78406
35969
3615
31221
95816
33941
55641
77555
60377
92128
27357
14084
26653
79229
52832
8411
88598
72231
28989
87694
41016
1892
82132
46382
6040
42575
11856
66018
50498
41889
24417
29023
17129
37883
33192
13414
48697
69746
35697
26074
53288
35511
54874
66236
49067
74754
5714
64805
29830
84186
27261
15135
71195
98404
50196
99424
516
96294
67817
68
21307
4823
28456
68423
32246
94885
22521
68988
11664
19938
73697
24428
49570
80363
87464
82542
62353
94902
26486
54943
79777
35928
40695
49215
12840
83281
17086
67464
70493
22773
56261
77067
92270
97751
43378
36169
43601
62259
57461
42890
30546
40057
80077
49886
78636
55249
89259
7694
58579
92079
10511
36638
56077
33365
7374
20161
7585
53951
91189
91353
99687
3407
62183
80937
49215
47285
51266
90265
59198
47003
14432
74662
29539
19435
52762
97219
61480
67165
47366
92752
98324
28416
86945
85621
15949
13572
67079
32891
40107
20738
20351
64199
999
4233
43028
60244
45106
62758
92830
17004
75746
95311
45632
87138
68231
83852
65770
58863
28924
10594
64478
11880
37241
88669
56431
54904
71750
68954
30054
37855
70121
63470
76671
88775
69376
57783
15344
15710
66475
29757
58953
9045
83040
81635
50454
33076
65794
95952
67426
89687
26315
77429
54902
10505
14982
97083
22911
65212
68698
47658
88430
43299
80449
81912
16152
94220
93943
25516
15774
37244
31245
94894
78087
41704
44828
97741
78729
3150
93911
36748
89734
32783
1242
22154
11635
79561
33855
14636
6644
48180
73519
88425
97667
98169
52149
69267
95280
99146
3918
10333
22242
72546
69213
32685
28732
43994
36347
25087
9467
89989
67691
13811
36539
48105
95948
7764
78744
91963
54567
20134
20530
16853
43496
95211
51594
63606
72074
17874
62442
46614
42987
15069
49473
28868
66623
38254
11276
49631
91040
74509
23056
64525
56258
39864
17443
32955
86277
45320
91018
32466
65348
55324
94941
43666
22794
64484
41927
71438
67492
62443
20746
21987
10161
34722
51871
71766
9751
49317
12219
57258
3951
43821
1805
75674
9568
52529
40387
45305
61801
92217
57293
57059
46136
72097
96665
14784
51896
3239
13277
75029
56775
35345
85812
59014
12741
29246
69919
75244
78120
14119
80589
41711
60653
22577
72981
11392
68425
690
70112
86262
68829
96925
41860
78435
95464
25484
98250
55441
20662
14153
84401
32415
41622
32409
80364
94194
34826
42661
32998
83354
32951
19462
91078
38018
6492
85837
80205
83059
76256
61325
43388
3622
41764
37030
20371
48292
50519
70606
23220
84476
52744
89693
50470
67327
70070
3349
21910
42076
36164
75692
56663
92371
75368
31992
41386
92792
41378
82262
48281
89479
25034
37431
82845
52670
1122
83624
88543
82075
49771
19900
43579
41746
66323
89720
16993
46155
37259
85403
49109
71671
81015
33639
94455
9837
32543
34160
50749
24837
87587
27552
39900
84079
82827
33573
36741
43473
70715
95480
10763
29596
94438
87947
2243
55434
31610
77102
29221
32790
73337
16317
92175
36503
99240
76842
86057
66874
60768
87906
92675
316
50401
94111
27802
92801
91974
16298
48153
65555
12436
70378
85020
89979
32397
49390
36816
20597
73857
6002
4279
24819
38308
84881
45480
18353
93754
1096
9042
58320
63886
78563
12512
17137
2722
38758
36792
15055
81601
17594
68350
64473
80208
28114
49622
70603
24579
97048
13831
33961
2061
15353
89594
51256
2127
46346
86082
79352
78321
534
26965
3425
75822
933
77336
73080
60617
75722
21338
77263
99806
88617
32279
26583
24244
67011
42716
24962
17454
49599
46090
19833
56128
91351
73107
20791
49983
77276
12706
60480
16433
76807
8343
32482
25764
11134
49040
39366
50139
38623
62083
18515
92898
65643
94599
68544
98114
17522
16179
85459
48944
24855
85886
32378
25024
6207
88966
76869
21880
60700
61452
70174
50271
48976
74684
28615
85684
86017
16778
21743
48730
36792
79704
28816
40785
84405
78772
2312
67072
87570
18654
20401
58542
60722
5095
98079
67025
71206
89461
58006
75517
25148
9252
68390
20062
9701
19399
79140
80385
32001
23691
25126
85196
2474
53212
37690
19278
55705
35744
84739
35537
54040
69442
26194
32748
56485
98314
50909
19189
51552
47047
79390
3604
50482
70414
44555
87986
98490
55772
63853
50960
66901
2039
54815
12372
30472
22899
35237
20447
25901
99345
11846
39354
96952
34242
89000
3758
57989
38281
22151
92594
44576
6238
85137
90815
42065
15502
87201
17888
35714
86752
22070
93349
20334
66131
57743
23895
8679
10307
98277
99878
13124
51274
64997
11933
94246
22563
81608
16183
46789
76361
95889
22187
87035
96414
91011
70467
40909
66953
33020
45067
28402
69206
3762
70436
72545
70273
45577
92728
59291
42957
61518
63752
12018
1039
48914
64225
61141
21576
15302
97965
75097
5999
78896
35109
76709
98284
30504
93796
65690
64193
7601
34583
65725
67300
50391
62769
77219
51559
79873
68251
87256
14360
79347
68360
57867
71715
34436
51143
35641
37174
59638
82962
68213
73117
72663
75523
53905
18412
89491
13413
76268
7387
9108
95048
88152
83979
96311
78351
8230
72263
35308
33476
70225
92166
98058
41196
24643
53484
42156
6548
35656
34992
33580
21386
60173
53273
27131
96969
66452
52001
13434
91948
1784
88923
89304
80931
62647
96049
10568
17411
88512
34502
8605
66104
8570
85499
53285
98134
35279
97581
79872
46445
84276
6875
46300
21787
44054
70085
11023
94875
25410
70096
52207
97819
6608
50694
22801
21419
82477
54778
97628
61649
28388
39785
74729
28890
84201
23964
94234
33131
20322
41546
71860
89781
39378
37306
78522
84647
39138
65959
51303
71998
64398
76796
59240
73367
39114
63710
40947
97540
54831
53609
52968
20349
93190
71762
19587
45614
8368
61228
31227
2127
54224
91239
58298
65713
5845
60690
62585
18483
56391
15969
16280
45908
53165
94666
64759
88227
14521
33513
90419
563
80337
61411
93952
15434
82235
93063
87296
24601
32996
92176
13821
64997
27437
5224
37481
36580
3058
87783
70351
92835
48088
75801
6197
38468
98419
67325
66865
68837
51633
60617
85381
4059
54982
41067
82040
92574
37077
79787
87603
541
49112
10988
44820
36179
43309
83089
92626
9233
49597
53788
97934
26587
4809
54609
36531
40047
68083
22938
49546
43999
25414
28644
4476
33600
43811
82662
47332
85691
10186
2785
1520
56577
97857
82787
61332
95227
32548
3302
97963
11135
84969
2901
41932
64126
3886
74767
61477
73979
33634
24068
32982
17526
55213
78300
79500
1062
31740
89303
28344
58470
48429
32143
12524
15622
70483
72569
33489
6050
79910
70667
89288
38447
75851
12759
92603
84946
21564
38294
55551
1163
19507
76544
50793
55054
43416
94583
79850
85618
9668
10243
59400
99266
65906
37496
21498
61010
86337
87700
62911
26891
50216
93188
82972
34311
59351
86150
14768
35673
29317
96521
37270
24899
5180
8337
28759
1707
84349
10647
88649
79335
54064
75693
24199
60309
2669
93311
18062
77319
43488
94037
84370
98172
6461
35829
8507
91946
54432
68165
29311
44599
39423
79278
18237
70471
83374
42044
54003
61104
54415
94082
72765
28521
43732
31770
91595
32065
54546
16490
2941
36876
30980
96578
32606
70135
217
20034
56794
35101
92123
79673
67932
42290
98205
21640
25129
63068
54592
86436
47539
37922
74370
82555
48283
94397
70051
75246
82950
29195
5205
39740
52250
90082
46432
26431
77750
26593
99408
67439
91020
90626
66716
8933
92027
81036
97715
23163
81677
98693
94116
52430
10921
61925
1898
83621
36086
20198
15218
70188
21710
13559
45675
921
47290
99535
7977
59599
95088
28350
72022
5697
22341
56639
36566
70478
55888
78634
51445
84554
30845
46119
88047
93790
90731
20829
79963
9446
14787
35848
76789
84536
32789
8680
63399
2756
95312
47158
91667
7511
52478
5554
43679
69434
19226
60919
13182
5783
46607
26416
86583
42235
33358
58181
10996
1175
69995
29357
15466
73793
29173
21895
25631
90327
38640
20452
53341
37571
68625
34171
75793
6650
79285
69728
91008
61439
75934
33135
34504
49317
51947
87010
18542
18705
88179
48706
52681
4573
24606
37947
64617
9465
16128
76424
75589
49261
72435
65645
45793
98745
51024
86787
77976
63581
42281
72845
78060
76276
2086
81770
73639
89211
92346
25540
92972
48784
82177
93253
22655
30966
75865
43049
79438
95188
31353
21102
73979
96509
57106
39367
90823
