77252
60372
33380
24014
52916
29386
29598
53362
43812
59282
9176
31482
33198
99492
5865
99819
49247
96163
87212
35795
5407
27813
95675
96542
82751
52626
9702
29960
13117
31109
33552
80333
29623
96079
93511
44859
5226
39835
94
98281
23045
26509
69160
18529
71663
90276
29075
43672
5810
58206
63551
35103
6914
69275
51898
32434
49998
81881
16633
26221
60386
89246
49205
2303
95830
96501
64831
89014
43191
3727
30913
73114
45904
45258
35123
42742
93941
27952
90615
48432
85931
38806
12305
48474
67255
70149
29798
32833
82754
22678
1457
31459
97349
96789
41820
58430
14135
99400
18657
78435
57360
97289
49724
13481
9433
56687
54668
58525
91923
12779
22311
6711
98080
60558
14455
59785
94257
68328
25269
8496
52461
21739
87904
5549
42299
55086
63642
6957
21709
14477
67136
41316
74761
25550
34467
47929
78709
64895
10312
62011
86910
13530
29208
29169
4644
78346
33220
53518
28326
8200
66138
48323
79077
34430
54141
72079
79672
56012
36579
81170
39564
4649
14544
76063
59957
98241
81866
13519
12470
43197
5914
22898
92585
30049
4606
68801
17963
75918
58253
48815
91687
47944
96040
12158
63677
71281
84377
90829
32495
4660
16523
23087
4136
15134
84230
76407
20585
34759
82053
12239
10802
23663
87798
61960
92457
38563
6477
54220
13930
26462
37893
98287
91019
64908
49781
15204
14026
13162
69482
77644
3861
22729
26438
13417
40182
86514
39125
55729
20825
40003
53704
73341
46812
38775
7793
50625
35218
76036
55321
80662
70387
95486
19937
9779
55524
37369
90931
91163
57758
18668
40548
48111
39934
82000
14504
32036
11144
80999
47090
16175
66648
76570
81511
5565
5895
46363
84478
52447
46455
39977
97174
11875
59580
74994
47763
47358
77446
9907
93751
99813
85007
65562
4281
96058
63869
89581
30085
29187
10836
10915
72528
18871
891
24175
83350
59058
39818
41246
24593
53960
41933
27286
86168
21494
81751
41726
26610
73492
71687
64093
70997
78726
25807
51738
42176
95858
31271
64866
24753
30988
50829
45801
92707
15276
99030
68135
94248
6114
62966
64612
91711
92128
55336
53966
15890
79893
83610
48582
50863
52217
5145
27516
93217
72132
24244
15759
27850
3066
5615
88406
89375
68225
70919
5372
29664
77747
78556
9670
14643
49838
81664
112
2364
81865
36763
15766
53946
47810
38072
56463
32320
62674
75984
37171
41359
5793
65617
29501
42765
31702
8042
26123
48965
92295
63542
49346
68443
76783
76354
87023
91785
69885
61885
55112
69434
42057
31099
95089
7074
11681
56038
30107
54873
39042
50049
55654
47091
69859
47514
46855
28349
29866
83340
38021
40757
30786
68430
67582
76454
71940
84956
69350
49087
10578
31904
73935
40303
74467
25244
59780
42304
80472
59446
94479
32045
51661
59776
25371
33729
84203
7684
24531
32717
95515
76777
84265
53829
93717
1348
50739
9175
18614
27869
12368
15913
73392
76188
19913
96719
86427
29937
40882
53126
89609
73790
20559
74608
52920
13089
28372
48652
67968
8385
13380
12049
94348
6996
79259
51943
41445
51178
28551
66018
86602
75546
17585
52475
86428
93160
60506
18605
70198
26671
51328
49001
13594
43536
53440
93751
60550
81143
65973
90666
11717
30375
72766
28446
50561
86242
24862
37808
50390
11094
23197
50778
61827
423
38828
95305
43642
78773
82854
58653
75159
14602
36433
6237
87597
68898
39012
28789
72987
59575
91171
65325
68253
39720
73701
51495
70527
87590
97271
18804
87596
61723
84761
96723
43493
39895
41414
95943
70126
75864
97937
46260
34786
11861
12490
25846
57862
32807
58368
14206
89435
63317
15553
69802
29709
11418
6781
19840
41225
21141
23721
50599
21483
72045
9087
81794
89813
80127
75906
80201
42683
63782
26111
71429
55643
83909
88111
71016
17195
65587
9849
36647
29291
25732
67124
36534
8825
31504
27946
10238
61603
93699
49336
27517
23190
52288
37715
73850
28341
33331
37220
2531
36454
48369
53012
12485
26567
95470
57315
7783
42206
83483
689
11108
38030
64025
37087
90051
2724
66655
45520
82964
32337
30243
77450
36330
34931
55369
74809
82383
62059
66694
3730
17192
6707
24943
48596
94695
57161
75043
59018
61799
79172
79345
35373
3687
43400
67207
97671
46246
30068
32409
24947
32823
43928
73226
96288
91393
81763
35994
84276
58518
7355
77613
49133
48302
84102
41619
62211
92703
50949
31929
73673
27355
82593
7307
13586
51527
98077
15748
7024
43059
34347
77940
87639
51098
90491
96492
52097
45784
50381
52649
54826
66883
96935
51387
30556
25735
70531
53873
75141
31170
95264
87715
37252
43449
86009
66780
92162
12949
21682
58370
1501
11710
42318
2146
41984
9458
81886
31613
70254
73089
74836
61833
79806
5768
45461
83461
65760
50729
13837
59326
80126
76387
32957
13111
59678
69267
7279
82328
3811
85863
14794
69589
76915
63003
72225
39129
59411
54802
48837
6960
39182
3186
93051
58958
33909
31868
45513
479
6720
63814
66761
60236
5778
97175
32608
59110
7771
63199
38952
31923
45496
34352
35849
80754
71637
97821
99047
20268
33554
9710
46389
15545
96963
63261
59335
56780
21265
53424
97349
43997
49470
42451
43003
22577
78662
80273
46221
42567
63712
10319
2024
36481
1572
36357
70164
10061
56903
49050
16710
25807
82594
187
97521
46542
44273
9303
42140
12376
98391
56890
65231
7730
7614
64516
41159
44575
68636
15013
76105
13516
27889
84216
57747
1558
87533
6841
25358
47833
94382
14980
8256
63991
69287
38060
22525
47457
41789
26356
47006
91652
35819
69293
2122
31795
73061
87021
27408
72780
19033
34376
47479
7722
80913
30254
26221
16551
15925
5569
37147
8076
35534
7793
98521
1334
80518
83509
6654
11622
19434
35592
22864
16998
25649
92478
84602
70611
5814
25282
42684
60299
43745
90734
26747
13684
24613
8325
83161
56999
93570
24144
52479
18935
20938
24339
45591
42466
8193
25771
86231
51059
21053
88391
46359
66929
22125
32800
81572
50503
43702
27191
83053
58097
27385
4329
59962
26752
65840
79057
48988
46282
12023
88474
37503
44849
54119
68479
47453
59214
55069
78562
23980
76410
26330
50885
69399
7929
30020
39176
85995
17315
44937
35359
49863
11984
6819
81039
4119
83103
28311
84102
99482
67588
67448
7796
81118
82188
77224
77481
40270
83726
60159
44620
19170
94959
89892
40918
62964
67602
95224
54825
60307
73722
79538
7888
31600
27262
41317
68276
33366
31784
21725
13271
25367
20809
73736
73713
21473
21181
52018
83621
44559
54614
16361
93088
90619
99368
26847
6413
58738
16112
41262
91831
95808
90209
4534
43356
66186
40941
78529
31115
3451
1069
44583
38714
76982
62413
23277
85670
88170
10263
28265
96199
99203
41594
3905
7887
94525
41783
80913
70624
34164
9063
22474
19399
38551
22092
24504
921
67707
25139
27324
15624
21899
23011
22264
1345
74236
6597
71786
97510
65535
74127
99183
18755
65392
6799
19785
47055
96908
98672
38971
6209
31807
56908
75953
9516
41787
49263
32124
6393
55588
16291
26459
32416
61961
99485
80693
11490
19885
58468
39971
21285
35107
17849
78891
4941
65560
26343
55719
74964
66410
19144
46467
88774
36599
84722
8389
45371
37744
9405
52296
35185
9836
10129
85504
80230
65945
93712
73506
70959
43501
77693
70076
35800
28507
62696
99615
29465
24960
3288
70205
70896
89021
65875
45
32065
20096
5933
76012
87175
34075
13674
98973
83125
30614
29650
56209
18670
41375
65168
8322
92989
67008
72294
1145
52402
72105
91921
63599
17818
1068
86133
78289
94170
48424
57765
75612
68039
62749
17233
5096
35332
15167
28812
21122
30489
74821
93432
25169
15565
62880
26193
63001
90784
15369
6547
50110
34568
42067
89864
49376
7430
28192
62354
66245
9251
50288
50481
33653
90348
90355
76626
36383
81831
82592
56181
24888
26609
78782
42489
71523
47254
1503
29414
15468
396
16141
22678
40527
94861
31324
25632
5430
47471
4640
44899
9503
16481
93943
38860
27259
13764
21222
49828
8179
95460
84066
8057
35846
2289
74277
63688
95021
86078
25153
7683
79871
88565
29712
42084
59152
58261
39497
48334
81876
33866
7663
79004
80898
77384
67875
80842
36467
76899
96698
39804
85386
93357
34378
19214
73933
17261
8926
57240
90866
89848
42824
44830
76437
42063
31926
67762
23685
72053
76637
90406
31295
15659
85554
43858
78513
61930
81912
57726
38017
93565
4179
72077
88838
28152
53755
51974
46452
37336
10860
17120
66005
49593
40090
68105
3891
94830
12930
93299
94706
80193
6268
51675
33114
67399
30349
92824
45746
39454
35800
57853
19656
16613
67124
92106
5165
48857
67385
20213
6589
13896
70324
22833
82076
53748
19994
84024
96508
18374
61113
507
51611
78827
69546
58818
70793
36656
56611
2978
9064
42453
24489
78362
97164
66769
78498
53033
66145
8163
73321
57777
15532
40239
51098
42240
21546
76029
4397
72385
18324
51850
45023
30910
76260
21833
48716
20015
79730
21082
46362
79556
91639
57701
65326
1322
72146
37460
64737
82782
37512
92554
69645
56780
15398
12163
55330
80322
69827
47049
26262
23670
7393
26224
504
76688
18866
34543
77093
87701
98902
55195
32788
55250
11970
21058
76428
38881
79965
3009
13269
25179
48325
17058
82731
32090
93167
99990
63471
73578
14922
18795
44025
49099
24484
13642
12040
96421
55239
17744
88345
20297
62428
26694
35638
42528
74735
27007
46149
34547
92914
66349
14210
25845
76956
93761
40295
21105
2602
71997
78567
77547
97637
92728
67034
68662
51844
36301
52146
33938
24392
72448
97837
99199
42021
86159
82563
15394
46625
23664
895
15251
64469
40908
78187
92097
28592
95768
45539
13475
28123
96588
31180
85500
15799
26275
70366
6377
45443
16877
80379
29258
77625
98580
21380
77450
47608
86281
98497
44173
57116
35082
14973
21558
12425
95923
88469
83154
36647
29533
94213
46948
41255
81399
54083
5646
91620
68352
67879
78008
71877
23039
84039
47104
4191
67263
26050
52863
44247
45290
84754
90548
69764
41984
4324
1231
22995
62964
45572
5180
2852
2627
92753
49513
80786
23858
33935
4118
94960
89636
76540
36953
82415
86229
27546
50346
3036
12309
36651
21874
78150
10980
78747
8459
25597
20614
42167
62707
83094
89540
95227
20275
99627
67167
88521
82246
76447
94897
65430
71881
97023
78338
38974
63518
35204
14531
94456
38172
83957
66379
21412
55958
35370
96108
5312
72550
24331
70833
60410
62998
46166
26870
65184
62187
56416
91396
31955
77519
94419
5192
51610
91993
45365
43310
86355
43195
76649
47103
89092
31080
76463
81748
86160
93376
25926
98038
59589
92345
46866
57044
56625
20907
26201
22592
19957
80441
42887
88679
1746
28855
62833
20906
53824
12572
52982
68189
10462
24805
65282
17148
28931
55203
88172
10213
96787
73603
35199
73398
12333
6809
79126
67300
3137
79144
27168
69653
57119
25775
88932
11131
12874
25203
17214
9133
71500
3749
25062
72867
57827
98448
58578
58350
63897
18722
87282
53137
75601
46836
66169
78752
81373
30040
95419
21716
27085
42686
15122
27432
37890
80355
30459
98772
2144
4150
91325
18371
58977
89512
1705
7763
53191
38864
74973
21736
70058
42328
99971
54285
78799
48199
97975
4648
27385
28300
92197
64473
43545
35236
78544
95279
93857
96584
44816
26023
14807
16854
97139
5058
99205
43418
52772
57313
90316
32120
33288
81279
21177
79897
82821
60908
11344
79728
55453
19074
12037
97224
83225
86886
10570
28140
78529
78396
66113
95154
28359
5607
85043
75428
66563
27836
1914
77421
5049
59906
39545
4189
54775
86408
98187
93209
77466
13154
90264
20578
58512
24418
49636
70368
59609
5135
2690
56586
21799
53317
87815
40885
29060
22504
68472
66775
13106
71526
75013
45527
25325
84201
53519
81907
71501
70549
12996
84172
54728
83492
81836
81490
66132
25723
4796
62536
62186
30697
57287
24628
58150
94908
33748
77797
6795
7071
99339
28737
75427
73428
51273
87722
97412
7434
73300
37581
50191
53755
70216
79207
8273
93509
99759
20179
18444
6787
81711
26196
69712
80967
53885
44636
31555
35670
78735
5495
12192
89152
85263
92695
27995
26490
59308
92508
40611
1050
85483
86112
87808
19598
74042
23964
74235
858
62757
84634
71549
6860
61346
9977
46576
84477
86438
38550
90273
17383
90330
2206
13287
60541
10313
59564
8222
53996
95120
79584
7660
14540
24984
11039
57188
71682
40352
28321
47529
78038
29522
97211
83242
85067
28344
64841
93740
57120
32072
16952
66981
46115
46715
52653
55204
14669
6459
18326
94351
77470
74426
35723
87652
21333
98016
30527
6177
26059
90428
21705
22239
75789
58491
55946
71352
85429
31383
66810
39081
22020
98342
5460
36147
35806
37940
91770
83996
78273
67947
3622
99826
54211
34606
7279
55728
26408
52613
6740
90457
70685
13427
93288
32480
33044
97795
38298
41226
26076
31361
3711
49196
36891
16005
1790
55886
73451
26953
67704
5393
91375
86876
77651
172
93585
99184
5634
95026
35961
49229
46098
61776
60780
43176
91570
50034
2302
63567
24000
69477
34357
33979
82252
29655
14108
59368
60012
38011
40160
44928
20668
73128
89931
44275
83823
27297
91994
79363
74934
16367
7037
13468
93868
4331
61099
72897
57884
29624
19680
33953
54927
7820
93556
10153
13590
64975
79064
30387
5456
35261
51919
28123
1208
63110
40551
38738
75663
81844
30260
67020
72769
97356
75559
56180
32214
10189
76944
84256
88472
14742
61453
29599
10300
73988
66317
66222
82735
96089
57733
70346
46014
42264
74478
70815
16898
24333
10618
8927
15590
9194
22385
50287
25718
72043
97036
92059
94598
70171
99373
61514
12252
5584
57849
62668
24571
46385
96979
87536
83885
35639
51575
51633
79500
60849
57935
7184
69389
19426
23157
6206
85417
11750
10374
36944
17961
56370
31071
92885
63502
3768
86327
5539
62555
69290
46169
35853
82271
49590
92508
97233
6882
42799
74336
95213
46444
13676
61800
72786
21772
74634
47118
77489
13900
26765
10439
16754
36527
87683
42325
53732
68163
4521
94435
49262
33737
83368
79264
44516
39197
5239
78555
88406
53124
62948
92567
53730
13554
5868
81515
62281
54422
15655
39705
83774
66946
87618
56200
49851
51482
71108
25153
95726
18456
24434
10243
73009
48122
35886
56995
63415
58921
26585
54243
4162
69894
63353
29901
87602
68019
84022
50989
52280
2076
351
40457
10632
38528
50634
58685
73933
83584
87160
11991
65398
67714
71958
34028
88558
54978
89664
49525
18313
53622
78432
3849
25659
65085
17364
5880
21219
28003
28750
46594
65732
12115
37300
33746
16276
87898
9128
79674
73997
74163
89858
40012
19648
48181
36441
97618
70250
59957
39714
70634
25823
7545
46159
74498
24387
7643
84600
7724
59416
45750
73526
65278
23441
84080
81100
46664
86052
10211
1921
56435
54526
28009
51624
50579
72721
17156
6017
14664
42249
35624
34680
81239
83548
41254
70122
76160
55135
57461
21416
62044
85941
8639
62741
89684
66050
64965
82697
98977
8158
18864
94616
39803
70438
22006
78541
30624
16204
61316
44655
50468
92718
9614
56934
59279
15876
89328
74679
47672
47795
97344
71018
4924
18430
52979
64973
41850
83293
7528
51057
4814
41318
14069
4402
65416
31559
39596
74292
70472
46325
58889
17385
75193
46046
88603
66672
46983
49947
2508
60695
32478
70658
10767
36673
37472
16440
57509
60066
91203
28164
68012
49735
91845
50846
12197
32210
72876
13030
85472
58115
61695
17105
50950
3603
34746
12925
23427
71962
33682
79974
63278
9040
14726
12690
96310
79857
28797
9510
31403
83321
87618
54716
17829
90318
8665
87628
8533
87453
9021
22887
42439
31421
64247
17154
88816
9488
54109
61999
77306
62792
65061
96328
44137
14854
50628
68101
27881
5277
55399
45581
51158
39701
10413
77256
43720
28076
96831
53715
4569
20119
93581
44749
12276
80198
95399
54094
72315
35813
45748
20312
35221
20126
38898
55813
26482
92
78411
56256
668
3531
18801
61328
41053
78939
11574
82094
61863
1636
51114
8951
1412
12739
68945
33917
95002
11618
4288
31801
64154
44853
30356
31803
83686
7201
74416
78338
64061
73207
21649
96710
90180
95102
85135
69074
18834
55119
42226
64464
55064
27706
29934
47869
55851
61477
48797
74107
68495
24533
19224
49733
44226
99045
79026
59069
64387
17587
88240
53954
74333
65210
54825
34045
78772
68474
52022
53050
34026
14452
38741
32467
38350
7121
3072
52200
86178
69923
98021
71243
77575
81475
29666
62392
94727
66040
4224
23042
47263
56441
76680
27241
5223
33002
29574
34183
31743
83107
39289
96681
24312
51183
26675
3483
33181
47567
80372
77180
58908
11870
44189
89649
17780
65488
42835
11797
68604
28211
86675
75246
30286
62168
68140
22875
82606
69899
95869
30505
4443
3005
21452
35589
78993
57091
82464
300
19129
35991
32444
51838
25262
43292
40441
43536
32396
36576
22174
52801
92598
40314
16447
89733
56804
43026
69263
85021
47656
83424
67523
94279
827
42316
33092
59857
69577
24661
98480
25257
92278
60397
4942
74704
53003
48705
39821
79950
4161
9463
35032
479
55497
62672
22775
83818
41333
39692
95685
54130
9511
65837
98986
2053
46676
76116
68820
23761
91220
7368
36663
32215
23112
95797
43070
59992
93576
67536
39244
653
91049
27193
84084
21299
74376
55097
50801
27682
82102
33579
80163
94046
71455
28151
73767
27366
77784
48761
72497
55722
51173
21056
38345
58298
48164
74131
44255
95546
10009
44206
51276
8177
42263
23338
27846
97313
86312
62682
92448
19249
32985
99345
32604
5573
70533
14306
87790
96719
30237
41759
86446
92063
68080
82307
37113
57238
13981
51051
84581
98424
40114
68894
96479
9056
7359
83822
5059
48589
48892
67991
96919
76858
74772
88708
75589
39404
25261
76945
91539
37156
60117
12170
71680
94644
38411
87891
62461
74255
7686
42209
26213
69688
55046
43909
38042
39324
25589
77225
28030
46908
13370
94867
88172
97219
98650
1830
84625
81046
64075
98760
30921
55401
32598
35807
91898
41358
93608
18644
95527
4296
66902
3577
14930
61278
69514
60870
55218
81802
92014
1055
16332
4049
12276
64178
43761
83982
56319
13917
69300
14983
78226
44620
12326
72129
5875
57440
33904
2384
40732
46059
66572
26406
30974
32215
56769
25740
78161
14182
60921
72942
38429
98388
97568
67697
14014
72249
97019
23360
4088
85612
40931
13668
4471
73729
48157
73330
2720
27570
38967
3774
13946
16123
20896
39693
87923
62015
70309
59816
63728
96393
36132
81324
54581
55885
32143
26526
95693
80972
606
97661
46295
28598
55697
73040
64909
68106
93857
84094
60530
78905
41666
27740
7607
84937
40952
55296
60810
45301
32530
18293
13147
11602
30471
63144
42444
90412
72395
2782
31989
50734
29742
11272
90962
56897
13458
52751
40393
35564
1896
75850
67099
25881
66853
34863
1959
98873
26214
26437
40757
63997
85853
50647
5414
70757
10390
22053
96309
15158
78443
8757
84010
70564
15999
21863
23003
56880
44635
99397
46367
96298
96164
77785
42193
65527
99509
2873
72317
75565
88990
16222
26698
75708
38745
77139
23748
72295
6244
25864
79461
94352
35680
37925
57023
76369
51589
18620
34952
97702
36416
88919
62403
62217
30634
21713
23079
39733
34726
42081
7214
31340
77174
19888
26236
22068
23739
87692
74122
81020
27111
15029
93966
63004
59808
19988
21705
2874
56916
3820
28076
89385
18100
4840
78632
65292
55854
94900
10321
78745
45867
90888
77326
40280
33057
77631
99711
6602
3734
11046
42539
57735
52466
33391
65285
49727
76479
94213
40731
89058
20512
72378
72891
32252
63755
82845
63170
60408
14980
71623
19427
7941
81912
53364
95120
90678
89779
19854
14439
85794
84766
43173
27868
89004
62680
81532
34463
15518
29968
81277
73354
51886
53180
11084
36298
15907
74137
91192
15623
30064
49536
38222
58161
52190
4993
87976
8937
91369
58559
57731
22025
93185
73288
62318
29777
51312
79087
63454
17967
46555
39431
38814
85322
78946
27102
46756
69995
74977
8627
97599
3209
12633
18358
64172
26064
85257
86043
69192
22380
6261
18971
6176
568
45865
78279
50468
8445
55223
73673
35738
5929
75548
65945
64526
71374
56673
32920
95847
49172
10748
59949
84533
86749
48823
75322
81127
74226
29608
91578
98361
64495
91584
79865
81066
85351
352
5040
86987
5045
95012
6587
35571
60737
46403
8889
1232
66732
82895
21791
46617
5176
4151
84570
3807
29270
33452
62143
44449
70925
64801
30480
40286
34308
57547
99950
16292
62540
39912
93814
66920
13869
9116
35161
42063
41452
3670
15003
7721
85621
16849
45288
11933
75755
9110
88462
10399
41641
21919
90779
66239
9268
55447
20852
92731
12511
69213
57006
38708
85946
78566
68333
53086
98872
62402
81559
1968
41148
58007
98548
76828
16096
80810
33093
10873
80097
55485
52189
37467
14602
91026
8192
81796
69755
20461
6167
12436
65749
55415
94989
91836
7749
29247
43658
58513
61867
8443
21001
39643
51975
47500
59671
23085
11071
44479
68555
39183
49806
83312
80541
17878
51340
85322
19908
56758
95926
87305
4079
8654
18042
53120
87071
4897
63106
41461
80416
42533
40666
53482
32387
93044
75839
34744
28345
33952
33767
33940
34734
3140
62663
1107
36767
77749
37412
37930
59449
40247
21145
22093
53584
60492
12930
30905
25624
26951
72483
48398
10916
20863
38745
69588
16665
23263
79162
40030
6509
5082
13835
68652
91010
74971
52446
42762
90681
45691
45798
24054
212
60588
8473
11999
49549
50834
10048
95049
30028
20818
26814
85421
31785
58530
3099
25852
61246
80927
95148
90180
4968
59294
28960
24908
54778
58842
70601
50393
47582
48524
61061
41811
98761
68921
59913
70690
71834
75013
25257
25682
61295
74949
26854
21781
33891
73010
19156
66887
23112
44249
84583
52525
76605
78512
60666
94615
79116
82179
22075
53893
40099
73644
89590
23845
29612
72545
22396
16186
85419
98760
50480
46488
74644
4005
5359
58060
64199
54804
15513
13145
74313
1361
11456
21021
58816
90484
26540
52306
70122
64859
40424
74544
4635
87040
37997
58031
33201
99818
28552
69866
86069
39967
69931
55296
77009
73046
83341
22357
94088
18346
7742
37461
64279
49579
11692
51032
17926
99279
37611
1120
65642
91718
33316
63711
67898
12299
28541
10038
89932
40310
83265
44248
652
17966
74283
41038
89784
73948
14804
50451
52315
99290
15543
16255
48292
10027
91166
31777
48098
19620
30251
45254
88254
33992
52836
29110
1685
87281
99067
18493
91057
80042
5145
70151
82051
26618
16519
8773
16511
56250
76249
30124
27955
98472
51671
73308
79941
73652
51433
23806
55881
42423
57823
90439
92348
6788
67002
28857
38687
12599
39963
41065
35635
32106
26373
10747
26030
40326
85841
94857
64856
34134
32079
94851
25413
10614
87987
63600
2446
28011
95683
15890
3022
397
89564
1704
34518
91839
59868
71341
89261
10464
64688
44221
73384
9529
16634
33240
15394
11158
90558
2751
91768
56626
61129
32604
54820
45002
22207
67966
91379
35572
60512
97889
96549
97545
20150
27532
23585
96285
63645
48276
19218
62768
70159
5534
73602
60828
11
49186
2450
49838
6209
30859
35635
92306
38973
45914
7204
49128
74606
93227
74248
39955
46162
54927
40899
93455
19200
93880
75697
25794
52113
91827
12227
86571
43275
28848
9175
66039
24908
48925
20658
79603
50895
39248
4317
59004
3358
74211
14106
7954
85429
66778
21601
7339
87055
57408
35419
96772
91471
82831
65402
77361
84300
81263
93235
92598
10138
22933
62873
93550
47057
17229
99991
73928
93148
20979
50186
49746
37057
69306
44793
11566
5768
3951
14994
30401
89961
57880
33922
98986
42390
97462
49104
31984
60386
71786
52854
83028
65997
7476
50621
1061
81902
10358
27828
69010
68764
17975
86574
42074
3032
98563
86037
67615
60218
53488
84590
34713
12470
83739
18795
33767
74411
11345
35430
97825
24104
7498
65473
10281
93179
17135
18007
99231
35480
69052
97214
25523
15714
52193
71100
79702
98905
1218
8547
45673
50176
30238
74571
92951
56265
69485
82442
76607
68576
22499
9746
36905
81137
91121
42919
97113
96214
65642
35515
90273
22913
54563
66056
14193
14242
21460
32298
43210
58070
90619
85142
35569
79853
11520
96411
30879
2582
17522
78004
86356
31497
88208
40166
76875
13072
19621
65500
97577
59539
58922
67005
85583
47167
20623
91111
52528
48818
26965
30410
91196
75781
42322
93699
86682
55638
2455
6195
55604
97073
398
8220
3436
11195
84413
19480
88077
54523
76584
14005
35644
20518
33651
38801
53037
49061
28580
85486
14418
91620
49063
77842
90446
79993
42571
90077
26632
91823
17802
57224
90075
58607
89702
16279
91818
94698
62318
72218
31217
71461
57792
28134
55766
46786
63080
80138
70367
68487
29287
50929
23613
71405
20143
91892
32933
25286
59114
80281
97408
24268
45339
74764
99032
19235
77340
34936
68499
90858
44038
1409
50204
29763
2607
2369
96380
49052
86414
13278
95624
76889
6394
70117
54644
51328
78512
25381
41829
49793
21459
13546
18052
44896
11278
71508
37551
91872
74421
50195
94985
45870
33706
27522
55730
3335
44091
22749
9937
79975
40040
2400
9133
2703
17218
4541
50331
21074
55823
64153
82578
40732
5226
76548
97498
27776
29128
70708
91043
99964
66037
25149
88978
44011
18557
70863
3062
19623
79399
57419
56825
1208
79611
64739
56178
79006
96899
36045
46743
85367
92688
33284
93807
75533
44180
39356
28678
28863
46796
2720
19609
34858
80129
5673
65361
20948
32644
77117
58702
93749
58902
6337
45816
36515
18442
91452
77530
86008
27426
48554
98379
32194
38774
37466
41537
22503
79059
2501
27114
57202
79039
92875
12085
9759
61307
84396
46443
35230
30658
82559
63132
5703
30190
37459
81107
94939
75002
99903
22475
44691
68065
51560
27163
95528
81093
11983
60524
4510
52332
32276
87276
38029
38149
53579
28091
39501
42408
83001
19747
97629
4252
93483
33381
42256
17138
14771
88589
78166
4014
91905
4391
25410
52550
11098
53419
83293
89474
22327
17012
16550
86915
9724
67055
30979
49985
71507
82479
69737
19117
72676
95869
75013
61301
1524
41548
52997
53862
61880
99659
41573
2059
45268
467
42233
29427
42612
5376
48884
8465
58053
58621
91859
45405
53393
20824
87370
19192
46198
32244
46408
7852
80194
15773
55849
96722
15085
2327
52856
19149
21203
48847
74079
62196
13197
46803
56589
52813
3754
88637
27938
82773
77167
73066
74746
42460
55784
29801
35539
43277
41993
44207
67325
55787
68615
25448
4702
7990
26668
54728
73343
44013
12250
92511
11542
23214
2271
92106
55952
83609
72977
36070
2299
92658
8263
44704
3597
99333
26260
46408
81365
12356
91361
61380
75932
1420
48901
14465
43767
71398
28995
14436
9324
52425
52801
59582
90975
33308
12992
99614
5368
41113
75229
37792
63826
10286
39683
72739
20738
38973
82250
19577
7906
57763
9680
82807
4473
36341
37234
40140
74345
77478
85288
75087
79925
42469
28218
41617
34541
71907
40675
89361
57655
65107
58849
94958
1628
47786
64533
40087
25164
72326
77725
1342
22926
33483
63307
94924
39209
84840
90402
99246
10888
30937
44557
29228
72397
33381
9212
80314
58005
56999
2427
10440
54691
26442
21457
24724
41964
58989
29074
21887
