7859
87440
51669
61524
91763
88268
68580
85683
22894
49529
29945
79590
10858
58175
21296
24143
65314
92821
80437
84486
69127
64276
64367
85944
28528
45351
11466
73452
42783
99518
31264
97665
77042
87970
29412
26771
57186
56739
98026
90300
12604
33261
68342
48887
53658
14552
31968
97663
98493
43935
55616
55351
29992
70728
46811
80931
91580
63362
34218
62131
67756
27309
15972
63935
12412
60147
56296
41198
61819
85813
17065
95889
39578
15200
89845
28940
95400
34174
77700
68789
56843
70792
39258
71701
25693
90233
89720
35435
97281
44958
62278
93168
7552
32778
44981
13301
62597
69286
78420
11176
16401
19301
370
84886
84539
10998
8906
18506
64328
57235
98064
56883
19139
5718
95286
64772
98649
36011
33851
88949
31155
68032
49585
94151
91729
57912
86153
97765
60640
49663
21341
15366
47543
62105
55322
90350
23796
23220
19400
30516
87534
55643
75320
18047
82006
93036
50953
16105
23887
23073
85142
54822
27207
33482
41504
20957
19505
3228
41299
34517
31041
163
38199
971
78819
30099
30390
22623
15736
99260
16132
74895
31758
40412
2960
32731
48506
3342
52550
46632
72117
60224
7711
81312
53520
43138
38150
40118
22134
31482
49927
14535
13245
72757
35830
66524
54983
7128
41080
29164
30107
99317
42674
8639
1083
64440
34637
25517
82051
51777
6499
22948
8861
71020
78281
78376
48035
46060
69432
309
89554
64726
42393
87233
77991
66713
22573
79932
5881
63500
57174
76569
14738
87296
19942
27686
84299
51188
84226
11703
58691
36328
62098
42722
33116
12553
16200
74019
57011
11402
38090
78175
32090
85716
49693
6341
7283
1172
3248
13872
91851
77810
23875
84010
3152
88387
64627
73227
8209
51444
57219
12543
72177
94599
26823
37285
37607
88602
20176
9331
74612
35074
72559
49751
86306
16311
64552
46169
69110
7913
10293
85628
50450
58640
75059
44259
26922
49441
88365
83568
6016
29756
16900
79047
35486
69922
76120
2418
23024
95204
55445
41086
19771
58487
67964
56354
41438
47396
40909
35711
72131
18844
14766
46979
61154
51336
82331
14376
1619
98718
72298
60442
79085
7887
79961
15253
69728
22974
59254
13612
68460
25995
23755
66662
94044
37453
69637
55811
42690
14975
28351
28541
98767
24625
77296
94890
60431
59135
47117
43037
68447
26686
4124
58860
86349
90771
30550
15724
20331
54622
52504
36824
90414
44563
3911
11249
80521
21289
42877
6527
31457
27787
12244
52182
50957
46253
75118
64948
91149
69497
93983
83878
42179
98886
23255
31658
45330
98538
49296
15087
97074
27110
41104
21817
5164
14688
75131
66305
5496
83950
1593
20537
97009
90158
37855
47981
39730
90355
52701
31141
86000
41945
72387
29127
47475
24441
30353
61113
60817
64696
58873
84516
88585
27291
46643
60180
14297
34069
92733
6652
6589
98080
26957
94678
63205
25418
58421
8712
74865
88519
1297
19202
52555
3012
12495
80196
30689
3804
86716
8765
65150
89443
17255
44014
18916
60895
86997
7693
44553
56759
48512
11653
49163
26500
92108
49114
72208
80100
65320
1002
43646
51149
25597
9935
57748
798
54838
36673
72643
17681
96300
8921
53453
93709
13037
1521
13176
56153
43337
36775
27183
35434
97912
63135
65558
9437
25931
58440
68647
12352
9486
21975
42542
70762
41206
8943
97629
35819
48493
89571
47949
62494
24759
43890
44946
44700
73855
26065
1465
83978
63460
57062
46080
54258
8378
65648
57075
1903
68414
55556
95231
73697
72217
42611
14324
94529
91920
69863
52092
49583
94182
85804
32466
57831
53935
75467
24736
14865
42290
64081
19290
18328
55833
62287
61905
63346
3416
25211
53365
52094
81432
31891
10826
62445
10879
97889
19877
58838
63230
83994
70147
38509
3063
91265
57318
69614
57032
82057
95341
79667
1336
38839
9807
78534
32541
30822
70388
5712
82568
83108
20112
70191
49230
6617
16221
86790
68467
16487
980
9454
19413
92621
78535
13002
65842
47142
12926
19737
72759
80975
23148
81477
30887
29510
24429
50168
64964
68878
2046
60270
605
61006
22233
1701
3507
26809
84108
30385
10889
97256
43189
36524
33065
31140
68060
43498
57709
22944
97709
13291
18384
40034
45552
83210
32018
13218
57959
33170
84577
5483
57955
77329
6283
75583
82531
54724
87261
87544
51467
13137
42582
56072
29693
27892
70925
77633
3254
39089
68059
77233
67751
34024
87303
59846
7630
37159
33229
3087
98449
3097
96490
66594
68695
66620
25862
80826
34243
72017
24990
48345
14286
3532
17132
55947
95263
19018
94166
51499
95305
60291
49680
35198
14785
91989
65391
25277
57595
94496
28012
36689
97120
50576
90928
99095
58542
41333
36994
65379
67148
34958
68138
20512
48200
26180
28129
21973
38479
61203
60247
18404
10889
15331
76385
72044
77838
6709
50109
47758
57321
62680
47203
7660
14631
50236
65578
22989
12700
14686
87379
42974
65683
79617
59478
99859
51599
39134
74888
74122
66754
4658
71942
74224
66281
92470
52800
64157
48611
6060
22981
7547
31533
52597
79014
13124
9435
7839
62218
2665
35316
38044
72974
79663
77099
30254
27446
4915
81941
53598
93941
61230
83276
83531
98997
20852
86303
55712
67203
11511
30643
29855
71994
72392
35835
75481
56554
46173
16943
51359
46917
11758
10540
73331
59078
16026
51496
26679
95646
42311
29008
25287
81756
61894
23104
46595
94136
39220
83134
62084
78269
27836
88435
32784
52913
79674
45159
29577
74786
22396
3480
71327
24654
82497
36118
90630
10031
93475
48383
52706
73249
28560
81362
88191
50513
21140
98482
91773
30756
35955
1849
75016
46754
54866
3190
41125
65917
15061
26468
67401
62401
47683
45641
84996
77370
17829
80168
90
81917
8238
80515
23858
13396
22677
13392
76328
40521
3069
58711
79037
53197
19957
65701
33870
64614
24219
67568
41506
56691
20060
1064
21916
95710
21975
82550
66129
87389
2495
72116
58067
52804
32959
56968
96300
63178
15192
51102
87911
65686
64805
93826
65383
99655
19904
40951
17691
16477
10653
1526
58025
12711
10548
38310
62376
85674
2524
30004
2378
84266
11475
4239
60405
52472
20698
14435
14899
38232
42461
5649
19263
66574
26288
87431
65344
35781
82613
1441
81459
85723
18491
94587
45088
85869
95264
91793
60015
57914
66614
81974
81811
44310
1028
81837
24420
95086
92899
47752
66155
17842
77513
52922
77622
63812
28675
91323
68171
60924
94106
59896
6681
76565
90232
83668
99402
12184
34213
48671
30581
71267
52042
23056
5137
80821
95222
2242
56131
62296
71390
77705
23096
31948
44287
99120
12750
82604
59648
89521
31500
59647
99763
35440
20723
98974
82938
6388
56876
54077
82566
70498
23200
80247
98938
46519
16391
99578
73294
98818
60920
89292
65424
1725
25855
5145
73828
6822
58252
81370
28972
13022
31688
74948
61635
36893
81411
16778
34084
24527
8681
41615
25416
83727
69715
50540
65579
1535
71897
67066
52496
11905
19301
13853
70043
49141
70562
37870
87644
74352
26292
49603
78252
43957
88738
28636
84047
96754
15918
46029
93305
73914
33029
87267
45198
25210
42001
71221
80130
25883
93099
93001
71775
93939
73422
35903
66660
2983
68520
64702
35594
77537
15786
58905
26466
57898
82494
92350
41754
24741
72087
78171
27263
98920
66244
65037
32797
88311
93663
52710
2849
42431
94146
19930
69055
72331
13273
18055
18607
42695
64626
80670
62835
62863
68337
3378
82420
66258
27072
60444
60041
10121
24036
8200
43225
64334
4011
63104
96728
74970
20385
86867
4110
59327
9697
34690
95829
83007
39016
45703
54433
16903
89606
64802
98586
68428
39534
38465
9316
67904
1965
22571
62784
92657
93975
2089
81995
35487
90972
49905
65060
97431
57498
76465
1931
32080
95596
50453
7109
43457
72096
66485
11580
42782
7975
18845
6659
77
54469
29274
70712
66281
94216
18014
7042
66003
57237
83665
47801
70351
9694
17492
20004
2274
79855
10450
2750
80294
80712
57798
86802
27271
78949
1859
16870
98973
97913
35940
39572
66151
40250
30065
16018
28448
93493
77130
71155
86177
81762
66419
76711
59763
57970
18204
92541
62351
69733
26828
48873
82643
58936
68394
52225
32899
57947
72647
27361
43226
77825
37291
90894
108
46512
54970
94552
60570
49177
93603
56408
41424
85377
50053
69049
81502
89022
44031
55123
56433
90813
17554
36466
26510
97760
7572
57557
33770
20709
47636
11794
78313
48449
53253
82007
43665
41037
16362
92780
58026
67766
81916
98805
78100
42008
94651
49651
38981
92869
53998
7113
49470
26430
75768
56571
52200
54308
66810
61971
40880
24073
69663
37694
38877
61536
74311
98035
15914
44307
67027
69300
55620
99346
16586
57933
75361
74857
65255
24825
73531
89643
24128
92899
78792
58475
97618
90314
19127
26185
21454
62110
95785
10889
92186
99047
28458
60671
60933
90886
12139
39174
46475
58290
68765
51793
25793
48644
70219
62041
15710
96079
66964
98676
63655
30982
57284
63399
77365
94434
50223
73298
42948
54651
27017
66890
75098
38963
91908
26660
23314
49714
70375
17580
80101
90828
34760
10389
62997
35359
84230
82027
91957
90681
17733
83045
68279
55606
64262
77815
77203
6406
63715
92739
92657
50637
53252
20975
38196
21701
74465
27762
80131
3902
49428
55207
47893
19269
46937
99652
83897
34594
51494
20581
80255
50875
85345
6369
8870
53014
6146
50367
35650
7196
34087
82881
91945
16121
15310
28861
79547
5344
14322
63789
50700
58860
43812
21309
26128
21121
17829
70690
3265
80112
11806
50217
71088
1561
97693
65069
6246
81323
28364
12258
1589
87239
73103
7695
92096
48227
7738
67449
29507
78314
54573
42105
91552
84480
93805
18352
27528
77059
38976
76049
89827
78062
25252
38460
98812
29463
41100
29099
74123
63000
15288
84998
43360
53707
40016
68529
53193
63054
51806
8773
55168
78278
74181
315
37492
16287
63233
36708
50899
61137
4348
8471
88177
95807
17354
44962
53591
42649
11395
96513
33674
30146
59642
6797
97975
71820
41022
76107
90137
766
90092
8453
69638
13271
52783
11798
1532
94765
46966
75647
10979
52302
57456
41591
66175
4264
60134
98367
30709
3172
532
36371
25175
93324
16166
94300
93486
51213
3180
79042
43971
42520
473
73727
2442
43203
72766
1455
26475
66445
97086
12067
77774
29182
42317
65365
71139
68396
52906
76502
68523
78426
9654
96419
29638
10363
12176
24854
31610
29876
74062
78105
53052
28224
68186
74901
29471
81805
36934
97128
66454
23171
60526
68245
32583
15109
90697
78166
58671
96880
40875
2796
29452
29152
48634
82775
34698
47890
54955
70465
25261
88676
30457
27828
65880
86137
77281
76652
15000
60857
74396
23943
69169
86772
86330
10969
27842
42887
64151
20765
68663
36151
76861
9541
78411
50746
9239
55314
77784
91894
99820
19583
12701
45217
25376
56568
90251
46951
7331
39784
7595
47562
80276
83376
51599
15556
11670
31443
51092
35208
50572
50638
21105
89030
61076
2917
26302
18509
77598
25880
66244
34666
80424
97749
10237
61935
80599
95911
80296
35120
36948
12013
70091
4070
90816
63845
88918
15605
94950
76399
4812
79067
74509
75406
48800
87556
43919
54585
33371
38533
55854
42049
92531
30545
96199
25185
19058
99283
71944
76195
46549
83368
7454
94285
38512
43254
10060
44550
79183
67949
14680
16137
37591
58521
72159
93189
55978
50401
31049
66542
75338
62591
27607
74404
85493
55548
13785
91037
47086
93287
42332
87442
68956
48850
89600
67939
12652
54730
65640
13512
5330
84241
48139
31285
93549
34489
45767
99176
83112
95039
49845
41650
88220
8833
93303
78688
31315
58845
41454
60998
78855
94088
13513
55815
4937
86792
59351
24611
71870
53263
34621
41405
37476
35572
54211
72903
10834
84239
91337
10956
82525
23633
71352
82042
39383
90206
48531
30603
97745
3560
92747
41966
59233
62057
16273
96503
88639
25597
32071
29439
21066
44121
47056
71161
83240
19244
50790
14835
23850
82960
97546
66853
91021
65645
55797
9241
10781
20075
3405
88406
40244
10961
93204
88779
23456
32159
81563
6357
72451
61316
1459
589
49940
10013
3492
34705
75811
82379
85878
54061
37273
6223
83021
73606
64829
84293
66834
5827
32308
8763
91083
81432
95968
10444
50381
16880
67689
88829
56456
28278
54457
57106
8801
79232
40672
48558
47197
4985
94840
6374
60216
49450
95907
19969
44694
84868
73393
50063
43825
56428
62782
21122
26577
35619
61368
62765
80889
13617
55518
77271
54942
86510
96035
80636
17267
53421
59570
92641
41247
74181
38092
46193
10544
44508
10445
92281
9993
32210
52332
48221
66455
68232
44065
67765
17441
16268
80769
47399
52638
66082
47492
29474
63328
76176
11048
13716
73358
16038
10990
35337
21231
36392
24034
26720
46274
65017
97305
74444
18347
37894
4563
69732
28328
5292
41183
75559
26657
42406
63838
57744
84094
71224
35775
6513
82354
56433
28810
97999
24341
23808
28056
54074
63504
12855
81663
81383
46801
64180
72492
52844
55583
63793
40457
5368
72071
85994
2750
24492
36436
34727
99571
13274
26046
44261
34548
59352
23929
85285
81485
73025
39182
39440
40117
55721
34727
63397
85735
78650
44931
77249
94122
72048
33993
56554
64275
54029
9530
30808
54561
80153
13279
544
50118
92122
82145
78559
40933
69452
42680
1407
77846
13854
85467
96841
46183
4553
89654
9607
81117
92685
38234
40020
24376
45065
43534
16323
70708
68855
11011
2121
35499
25282
94085
86920
20984
49797
61005
69208
53559
26113
74963
20596
3337
13882
9825
27455
30515
38447
46435
7761
17957
58100
35579
35042
58360
67501
30448
90641
69457
33898
10439
96241
81090
21530
2442
21745
82160
7373
38148
37126
59759
34570
92559
42744
6505
65353
74340
60614
49597
98766
64881
51702
25028
23586
98889
65213
5104
35248
79734
93799
67085
11289
43081
13028
98409
37589
4210
35568
12784
9479
29387
69693
14991
57051
18542
22494
29978
17758
29159
37842
63146
35898
14821
94667
95774
87757
3722
24283
33570
66053
45153
85947
47981
88154
4847
41207
21348
87399
46114
93400
13084
51751
23110
58127
90909
90248
19478
70555
40385
54063
26640
31992
18268
92008
32961
13636
28886
48327
11424
78383
58227
93824
79319
92126
59764
22943
22139
54012
61015
5797
13500
19838
25401
10785
11416
87889
15643
70086
45323
98563
90242
6446
18849
13034
63192
43083
71723
76277
14289
4581
92816
91629
53160
13974
45915
15655
14151
11646
14354
7945
32710
97763
20167
36054
4234
12744
92743
7576
31791
16681
31183
80137
60544
77296
14847
87870
95907
20088
30919
21489
6354
2108
14397
15593
22083
50554
50225
91432
12394
71657
63160
99025
45332
59700
55716
41043
11732
49746
75221
34487
13915
39299
8424
20898
17088
32426
21325
19495
58719
36578
87063
20524
77118
99998
8781
88247
15146
61856
15325
66294
15104
21621
43600
22152
3847
90668
93913
970
80443
22321
35175
5986
36453
28683
99641
79265
34917
46702
75729
1945
51378
80957
3649
88188
40376
47616
58594
80428
52576
31325
35652
38541
70134
78336
87970
68514
42944
93161
70191
34210
62363
41760
49293
86671
64082
2855
94332
98132
9329
46381
30952
73758
66142
69864
90963
53893
47350
13665
51770
25928
80581
55145
9063
64470
47584
51818
93779
16489
95235
8920
69429
74445
96610
22278
82604
26143
71182
43220
82757
87952
45063
25094
66857
21705
89144
7697
36037
61672
63411
3438
54167
6184
85994
40945
81139
38111
44967
35027
19248
72768
97929
96362
42801
61025
43452
57147
65459
62680
11091
99494
10032
95198
62372
70432
91342
59605
53728
5598
28328
45158
32973
37389
10102
65923
31842
30782
62203
16139
65023
80830
23339
78091
26535
43204
24823
73026
48379
1092
49623
7261
54804
61537
77938
4673
35772
59807
21837
48008
82857
18645
71918
98146
86871
96897
58635
88220
36193
74038
85364
70078
78460
51921
67930
77135
87024
9129
88154
15027
36404
33989
44618
39540
39685
82695
22847
36670
64162
92230
5273
64324
10567
99033
39499
30753
60068
31471
37899
75161
60538
33852
20498
54206
10737
1134
93584
58126
49497
95390
28367
19609
70427
19681
81890
74688
93178
43102
28331
93081
45100
16250
34918
94927
18351
91183
69877
58726
26154
64667
89960
8477
94049
64725
64648
14380
1236
47866
20129
49229
66453
53701
51466
60823
75620
96350
48338
73413
20297
26089
81321
29813
61548
8543
79272
71276
43412
71642
2654
25590
21595
71657
312
60748
88875
84836
41227
75854
72855
79833
33985
46224
99256
25316
47486
34930
55299
74846
98350
86022
29411
7404
46350
97334
64440
95929
3219
59198
20747
24670
20858
24597
44972
31901
74189
7785
875
68557
6447
72008
26832
28911
82053
15195
83927
37631
64960
95501
1739
48454
84267
56009
1694
21068
44973
60353
20546
9803
83004
94091
46151
77087
98047
88102
11378
2522
85885
7930
34230
70164
17383
39486
98929
88671
21535
28403
19590
96376
40644
61453
36850
81689
34523
74033
66157
88972
6107
90
72511
33050
11573
83734
20221
50562
38879
93101
83679
35973
42875
19010
38655
98557
87144
15890
20719
78958
74437
22330
61655
84405
93629
93909
78602
59581
33876
60610
69285
78064
72492
46628
44067
81259
1524
91619
98816
58698
5934
83248
89768
32866
75771
11141
12378
53997
54502
5771
11422
28256
70698
72565
57792
74297
78496
44106
2729
79508
82121
62720
99321
37629
41588
44803
79427
27359
25580
22486
91812
21563
89057
8912
2209
24629
61330
70023
75964
21512
40628
32811
91186
23225
65186
41800
84853
47560
66369
41199
66657
90947
56782
62767
56093
13206
15430
48285
7728
24093
5617
35538
17374
6778
11884
49139
85629
38497
67506
61484
29880
89840
34759
11254
73983
59676
57793
11960
30473
44007
35955
63689
59527
92238
36055
37939
73606
42495
66679
14483
25313
20839
22871
12701
69921
6281
99139
67997
24754
10571
82513
37464
4931
41515
68851
34353
185
26127
5627
22151
59280
66777
78027
19932
32688
91609
78552
44496
41000
75068
97274
11307
70345
63811
9395
18074
10913
72366
95577
69169
52883
15799
2402
35951
78192
23196
86571
287
30516
39732
36421
72507
7423
84834
38812
94027
54382
59815
43173
88938
58037
43250
47876
26633
98908
56019
95287
32557
60755
22093
29347
5076
42771
76841
82521
38709
63571
1607
35876
22405
46979
12912
72273
1142
25225
42055
80603
68090
14102
30685
67667
38565
3427
89508
81673
18544
35213
47771
51641
61434
73259
51912
77940
13161
16200
91749
14794
24846
35169
14193
39569
75047
31516
92486
70965
30782
19234
61898
46684
77198
65596
40447
89205
69861
92390
94070
51676
21125
59762
8961
56556
15237
98651
37029
11266
74005
34180
5934
87113
45695
78093
25500
69320
25576
69873
93020
93956
33781
40511
27857
76179
73419
86835
35089
34334
58159
77873
9996
27922
9260
541
28103
76996
50
47385
24615
70014
379
2076
37545
33963
48362
1004
78287
36026
83757
64024
53620
59250
66817
35828
73952
41459
38868
80529
65559
7556
50405
39128
65771
57215
15207
65955
25874
68053
30149
53177
60819
90335
60704
57252
96186
85506
86004
28945
30219
63518
22873
88035
56243
2708
95044
18068
34649
66289
24205
55113
65460
63739
66636
17712
73462
99126
22429
13497
82822
91828
82786
93454
78924
60023
744
40816
20453
42500
42177
74256
3542
78598
14416
36135
83805
58812
31204
12115
23074
3008
38044
80878
69421
75381
84552
4364
20754
94540
96720
40017
61447
37363
73422
72556
72246
90203
36182
29876
96237
47780
45686
2238
73171
20903
38296
95992
5205
68128
84324
68997
15806
21269
27202
77525
28422
73032
32670
75201
23265
10453
58116
62464
26104
40072
11467
11400
26293
53118
88718
41316
73719
69110
63029
45966
31270
81685
22962
16074
52992
434
70535
59295
69746
55812
56933
93203
67682
27718
70352
46081
71433
68260
90110
18330
91870
55046
39998
1781
35662
47990
96821
96084
81479
94958
97699
28437
57555
98883
57285
96337
42403
90088
19027
14677
41793
2273
67529
31322
25159
88293
90883
56163
74157
62766
93410
5618
20285
13505
70443
83496
16675
85812
35407
18520
24833
72449
68965
68454
98783
11942
19762
91233
48447
5301
5515
50585
9775
68255
61714
83327
45175
13624
11420
89753
97010
17511
89587
9822
27705
65837
72311
35156
51931
85871
75583
65379
46697
43777
46557
93845
72205
58449
44896
68749
44507
9517
64499
37058
12544
7027
3010
63958
91031
41459
71517
9111
11675
63522
71157
21361
42422
54942
72356
55117
79639
40249
71561
40843
7266
8452
48496
73015
45506
30521
23248
81771
48026
42245
96334
32449
5785
24720
14080
99635
43563
3082
65708
43793
27372
50612
34253
5438
52375
47240
41495
39752
67709
71815
38578
21090
73393
83997
62115
86528
20576
52882
87721
11821
58527
8335
18498
83532
40764
17323
80366
66506
2326
72754
86539
54460
46089
71409
74079
29659
7297
43040
27637
35480
98032
47628
21502
34045
95962
39648
42680
47842
46605
42703
19053
25129
37327
19425
46258
4855
38672
17656
24784
89167
40030
15773
67072
22412
18038
63212
15790
76762
93208
8089
70592
2610
84564
65693
39984
15985
47905
64993
69813
563
69709
69125
53888
2961
99694
78414
50242
8116
22486
35658
87723
48789
90405
53089
52077
48180
71864
8122
37087
49712
92160
53671
84925
71177
54446
64430
24301
37776
79146
27956
99740
81191
95522
81960
91943
31450
59391
97866
59766
92570
46324
10550
25250
70162
76752
55345
83160
21128
43186
45583
79061
27314
67164
72478
57585
94129
42784
89138
93144
91631
86904
82190
73459
40145
70098
5484
93158
32984
56743
79689
43058
52730
62189
7248
14522
54616
55682
10081
98115
36476
79785
77534
97813
79474
32369
53842
58750
5087
17777
32126
58582
49378
33744
16641
4381
79237
42944
66820
90304
26271
4491
26847
18778
32650
2437
71819
93751
4445
48705
78117
76916
30501
94176
60828
55266
32997
79235
71095
89482
24390
39618
62534
10
13948
48278
36291
54589
47416
30128
40356
6041
7843
82573
18241
7954
11966
50592
49436
43964
46035
41839
26866
16398
95863
74587
19292
99809
46078
89846
52066
91639
89851
62329
11581
72825
56851
89965
1415
8825
69309
41287
94050
18134
64120
19889
31969
84510
87561
11523
12311
36142
9903
7665
69178
6292
18885
14398
61299
2485
51571
40814
17926
25419
48369
20313
16696
31366
34394
12923
98017
37076
82984
94120
51760
83835
72210
39453
46229
68098
56191
66193
31887
38384
93093
91627
9939
11948
76835
28909
2517
1251
8951
90542
21526
76457
6845
10662
2827
19286
73540
13954
68678
53010
92270
39959
20995
57707
13029
90515
8720
64578
58133
29551
44665
21158
11177
57248
36560
94873
73509
57869
90390
98895
55870
60859
57864
67028
62193
72772
22633
12557
18279
39335
39976
44662
11939
9529
42350
54155
73156
64216
14502
14211
5438
76639
96873
57174
67215
93718
95205
58207
20353
8161
4873
70908
53947
16473
72144
76690
37828
81944
52103
7886
29269
48782
8445
53798
80281
71664
65990
52446
9957
74192
52363
89383
3918
35367
46290
68385
75723
16975
96454
40705
23176
80366
40771
74190
34147
6092
87136
17958
52071
25829
26809
82013
45891
52634
26871
91045
9831
28578
35359
62793
56378
57182
96116
81811
43386
16683
81289
33038
54545
49520
57639
8613
26992
886
82679
36778
52747
52312
15565
5075
91152
91088
98994
98303
81446
71633
45356
66999
74654
73139
65228
55055
19832
56840
9683
22923
48917
42221
25954
9022
88084
75485
90973
26862
53868
23487
81658
44628
63237
50336
24492
28767
81427
2075
39079
49624
17232
6389
72847
77344
21332
49989
41442
10133
71699
5520
66302
95604
33076
64083
46064
99032
74794
59961
26458
9920
80657
85453
22624
25775
15174
19241
48240
38541
49827
53388
39755
30283
78838
42027
91540
85700
29085
62334
16884
52222
32800
45883
83400
60880
92810
43712
28584
15678
29669
10889
15188
88447
58802
65858
91581
18976
3554
9239
57101
81921
65300
8903
28020
13436
27659
82646
89872
76839
60875
47969
29144
7535
29361
12109
517
74084
40012
24792
56349
72052
87355
85073
85662
70063
26851
356
53700
19594
26893
96077
5399
69471
4955
29262
99924
6609
37
19068
86741
25869
83797
35571
12512
21868
48730
1865
93033
36085
93101
99840
10981
21311
11198
71349
94956
83220
77625
79830
78410
26321
63131
31441
37218
27563
48363
49511
48799
78091
30807
93695
86905
37786
11244
70230
17216
90167
45457
44373
77992
32101
38753
52571
1810
56290
1027
38009
81970
15186
54568
70972
93570
1627
72480
45893
53251
62472
12921
1525
25002
14289
40821
49604
43951
17458
96134
51952
4750
46839
32649
55443
4791
40185
99933
10317
72088
74498
92414
69952
19301
33133
70050
8155
19361
96553
32559
42414
35308
26684
37495
53884
80329
78756
39698
7567
41867
28217
66039
76101
68667
47918
40054
55911
56201
41750
26900
90459
18636
1251
3715
37391
48951
15689
49085
54390
14907
40194
478
93424
17491
98410
87004
94657
74768
34891
94436
45539
96769
48179
72881
5047
80542
83168
90123
13527
16017
3646
29114
73255
68642
98312
90950
5226
12894
2186
15117
80753
71907
11751
25439
42862
45835
79670
72570
33511
80498
74087
80541
24326
11813
96932
37387
25420
59497
45459
8094
93509
65285
62295
59044
66807
18958
28789
83163
92213
73133
50485
82981
6097
35470
91743
4648
95405
51912
89348
78149
95794
23076
71071
48082
79226
19564
61840
73494
71
21617
64648
15457
36343
10552
61124
40646
67599
3619
89296
27509
67028
8376
47084
77593
14968
41136
14028
55147
61682
82206
43993
33553
3238
45017
95637
19319
59748
93896
25531
5640
9421
81866
96869
59337
25999
7999
91944
33394
11281
71030
51194
80234
79658
12787
42164
43454
86765
93564
44146
96253
25214
57793
80759
93939
30280
28582
621
70432
18951
303
78538
86133
51040
3175
29262
57962
50801
52300
4105
53566
37283
20186
50873
74668
13340
93362
36913
12583
23217
30599
80502
66162
12536
73446
37283
2175
94171
39071
17228
24705
81673
95604
49471
19855
97798
18173
58342
63800
93091
28661
5001
34846
25416
52228
40049
84177
88174
34794
95784
97865
34281
10757
27131
12670
1379
43391
90049
86599
75428
9080
61173
17230
49804
69835
34815
72717
14243
94303
98290
28327
36679
64172
22702
13477
64549
44552
83205
78475
1636
10126
11035
59287
73306
35145
72966
3605
54050
51906
96853
78146
84645
97988
93357
34587
49973
70248
33679
38368
44121
55234
62869
17163
43362
38567
63707
14375
91389
72954
84250
95023
69825
28081
59503
13829
12360
11048
62811
95019
32282
19746
68835
62849
77892
3096
44184
93339
34632
49248
27441
19486
61806
98490
11860
24952
63576
14425
32820
51097
79572
39981
25715
49074
74794
42537
26121
69192
3317
33590
54685
68148
90095
40819
59184
33594
53060
17063
72281
28100
78376
61733
35434
71099
74725
16539
71122
60738
75853
43127
29916
55694
49806
53205
18933
77030
59779
15018
5195
99283
26279
74470
70768
73187
50020
83754
66942
48321
58314
86054
6997
83817
25787
70029
62687
89290
40642
97752
66228
96604
2564
4723
76121
91611
59248
58760
54180
38592
16048
22982
3034
92602
74689
88781
65530
11022
20862
32889
8434
1928
68920
45001
25295
84925
67203
65515
72754
78303
85002
32710
13373
5052
99747
9091
526
96467
50300
39256
90722
46547
17652
21138
47259
13458
27783
30783
91228
36231
66114
90390
34609
4646
21460
57347
57707
74133
84261
30547
74633
64911
2304
65784
7506
26932
39564
96409
56319
87754
60409
36154
99670
75477
94965
30307
50288
65007
10686
67631
62364
65348
83089
21555
99645
57740
20194
30025
34350
80901
72421
31545
78150
89293
72008
1123
16791
42585
19683
66219
62864
36789
5736
3809
12130
65401
8949
64844
30463
99716
23593
5842
15614
73687
96242
43014
28316
19344
804
98319
74460
23074
550
90737
67215
10477
56583
4859
43471
24480
77870
73100
62725
20039
11375
18786
20170
67858
13273
3969
69099
33541
74956
13820
70597
97429
12136
3170
81776
33030
62528
38792
97752
72798
63853
34352
57895
90180
3392
79955
54590
78587
88207
32688
53698
53173
15441
55441
84979
56118
51748
99766
25175
38342
87531
89824
18838
22386
6838
91068
5758
64736
45081
66569
15783
6541
71967
37704
7057
38374
90359
800
46409
47135
42412
94315
50251
38962
3346
49473
77697
94167
58076
81919
35017
38012
2763
76947
82740
63554
5793
17382
95435
2453
88436
95270
8653
68453
85117
15919
22195
69957
26416
89622
15156
85632
63718
9522
40100
30611
63126
13287
96631
18890
7267
29936
73380
35675
61807
74472
80740
98649
81645
94902
57146
46006
4691
30355
83596
34169
14382
22232
72751
28823
46672
34408
90402
66673
56804
48952
2897
90698
40130
37431
84441
31972
24094
25758
12107
26358
35835
94357
33546
21355
77245
89246
88686
43257
83740
57826
35275
4317
4596
48535
18987
82768
62362
15947
60312
76264
55689
64176
3926
34734
47353
41956
85229
4983
70257
93979
74788
71553
78260
97739
76552
70572
28375
32596
89165
34642
25490
70122
71596
84004
48661
97025
7754
5923
54578
94611
10457
69624
74968
32496
71927
50192
55008
1283
21716
25016
25056
49501
7218
12081
97308
27521
9573
59247
46237
29675
54713
27764
40474
48989
57587
90116
17203
19496
54992
33924
39132
2483
85321
66676
91734
81259
13560
36646
53977
744
26804
59163
30318
38455
41977
61081
32282
88265
40163
48394
1556
90263
67288
9267
27959
38384
22917
77295
70578
80578
93249
33640
95325
15360
16206
29042
81767
93270
99421
5028
84042
48390
62513
2931
90464
68317
78812
31533
33807
52984
29670
559
31967
70317
24045
41476
20557
74359
91238
93626
35288
3073
22272
69538
11128
79150
2633
56580
86414
73475
33867
10557
81271
36722
93294
51286
24250
78468
77377
94850
96833
68193
30995
14963
34660
41503
90620
96314
24576
86725
53049
71353
79079
4539
26515
97191
10513
97904
43809
14495
82801
67816
80036
97637
26658
92384
30384
71863
2464
3710
14827
8587
64915
22330
98254
42091
35141
18403
44040
2921
75925
94191
13218
45409
50468
34211
77469
53418
33677
61787
76407
67416
17426
90519
88813
31249
99473
26723
30523
11497
55541
43649
21182
58877
5481
57716
53562
8873
72071
97772
25079
52678
75407
32905
96486
92516
37075
99277
2914
75455
93743
20323
42290
5665
79574
36262
93675
50996
26183
23376
47473
61538
67134
90432
32382
21035
68967
64134
93020
47234
74574
53582
78348
52516
55922
486
78569
47158
99064
24206
42886
47579
24731
8155
64436
82287
68929
86312
64192
48130
70568
26714
90745
85396
19360
47886
51919
65705
90002
34178
49815
11210
24798
96957
3723
99160
63651
96987
75246
21773
25174
84952
85133
64177
20469
3512
18209
42262
35702
64945
74481
67120
21305
34615
18869
6772
9532
39842
32053
56140
37869
16573
10991
46485
27418
73645
44568
34357
1956
97692
6106
52860
14802
76225
76603
98262
97474
6478
29086
75049
33210
38902
28419
59122
33309
41144
37993
60118
65753
28077
94420
1704
23485
45738
95114
37814
13447
93682
69047
59408
58459
42972
1808
2263
78896
33500
59700
90205
50661
62544
31119
97694
26609
19945
52632
80122
19384
18164
55162
18127
54105
21348
72112
37103
90244
87550
47113
86851
38409
31297
73772
75964
78476
37968
469
84369
87028
8221
924
90970
63843
7859
19159
8424
79487
73984
9782
90046
11983
95901
85964
46864
15522
88380
60333
28919
97864
95949
46867
2447
45636
73357
64187
20717
66905
24043
38508
48479
31394
81400
31703
9218
33182
45291
61818
70810
96616
35182
48799
29234
73380
66088
98626
23472
94262
67592
64623
2196
68076
65610
14825
23245
71100
39945
71752
93656
76744
41826
46970
87094
87933
77569
12426
61960
8956
56651
89949
70314
79151
93927
75417
79529
45149
33129
79776
97858
97945
62555
97914
28921
76149
48298
33266
99922
35380
51595
49751
96560
87676
31433
76898
13832
27082
19021
90423
45441
50272
11144
33284
83146
17754
2367
90470
86391
78750
57011
87595
96826
14609
32299
56915
5754
22502
83521
33776
11603
24337
52295
4012
32362
22234
26164
61001
21994
5293
45806
1283
95104
18222
30101
10578
99279
83691
59466
34028
81969
19881
75067
42983
28811
26720
1932
27196
9996
79075
19906
94695
25570
73271
79151
87787
29209
53925
32438
22610
25328
89834
77914
94930
63897
45515
11463
4396
96141
5030
28092
97293
20138
59492
82772
57175
90795
35051
35408
4090
73730
70512
7490
92220
40212
90729
89721
31544
94577
34689
52260
71874
63086
29764
26852
72328
56961
28186
12434
7637
28088
75409
27850
73039
10615
56786
27987
15616
63244
61270
28620
93233
25521
93618
60597
45106
53021
85805
66807
33143
26791
47026
93809
31005
40120
94785
78336
97898
84651
44735
40938
16337
84804
49774
32903
6517
99627
90520
11404
29093
23588
25797
62741
25030
79212
22572
42575
76558
15601
67781
13631
37644
72942
60989
24562
14054
62082
76611
28162
20666
37356
62751
39842
48934
69
36226
25415
19491
49658
53369
87858
61259
62181
57211
47070
63227
75815
3362
21122
22548
44548
81974
97540
75612
42330
30308
27003
84801
23903
92814
91071
56669
31479
25789
61743
26261
11215
76721
35742
67452
33049
23641
37371
70581
36932
91389
20251
65782
72503
97496
94533
90023
68394
38052
13018
56457
70080
44334
66047
71059
73253
33064
40777
94552
91680
40317
69220
61669
38134
40223
76608
69958
55483
45468
86104
79624
26645
36783
24640
87001
15503
20595
57706
26956
1494
19826
11477
5816
1684
53692
22580
22496
49286
60659
26774
47949
53340
63043
45782
79160
90957
53775
42017
90500
46165
37287
51776
26055
75852
62133
24577
31977
31171
40950
2598
76870
64670
56710
50346
23374
7593
15284
26123
57579
76248
89173
87705
12834
88703
2772
79449
90706
70250
47911
36630
24090
26938
74204
18853
39095
36477
32083
10387
68651
97192
9445
9389
77913
20212
11234
8939
1069
89811
47481
84443
72281
48717
81680
41510
71641
65819
73587
40673
85240
92095
5385
86225
99788
13502
2434
19963
50524
86524
36300
66408
43105
50194
65797
41266
97354
2701
24459
74574
12698
18534
35471
12278
54253
57242
57800
23089
36952
47526
97156
32897
9517
72993
56953
27688
58238
81110
5594
18168
12889
60060
95429
73814
3441
22548
92505
93450
43325
47838
64869
26278
80250
89719
66939
57008
56876
3731
54147
64142
23713
28884
36236
21101
97142
41541
31421
63726
25907
44117
90506
26254
66738
21523
62434
26512
6750
66530
12421
29481
77397
82489
98675
25223
95279
32826
46816
90751
31609
59116
81891
87826
95610
58040
13773
51227
2039
55197
87319
97111
17169
16368
22965
92306
37068
18611
84423
65482
38443
42256
64845
57282
89943
63699
81850
98981
66079
74082
27906
1269
1977
90649
32077
29231
23622
48390
12269
11101
31027
16798
62380
80600
98491
70970
83007
75127
40427
79506
57975
11736
63742
72851
63606
6954
9030
62560
40862
87221
36236
62499
57061
43655
61263
2542
96293
52443
49544
92403
58736
67784
66382
76028
57472
28131
78581
79015
72044
67698
39474
21378
81431
97583
71385
65279
44355
82932
37511
95156
89603
77449
98172
4242
62382
96488
31968
44351
55215
62601
30886
95666
89912
79119
85614
45099
20087
59950
13476
96748
19361
61431
61029
35928
31499
31105
71522
67591
81272
66934
74590
85795
4205
85847
59825
76098
14464
76877
79791
79872
60494
96301
90723
85560
84843
14407
54868
54110
45940
7116
2986
84508
60609
56569
55913
88104
36823
11780
16636
69823
58394
29858
16526
55296
97567
31922
20785
63655
8543
9034
5729
62148
2759
72412
79746
16247
46893
51172
35910
35083
31069
84529
85740
55884
81073
64333
60642
57254
10463
24587
58411
45084
77644
59884
72635
28993
55550
1646
21695
11286
35151
19026
76345
32513
93086
25000
47049
37606
20416
95513
84968
78373
40148
41585
7342
25935
96339
24391
82675
58758
62982
70794
96818
34289
86898
15881
96906
51544
87342
44671
86750
80482
26389
34010
84988
93033
61399
9255
2971
74935
69450
80443
79613
17759
94494
77568
39956
20442
32333
75706
69281
6204
72561
28181
14199
52850
44752
49837
49374
70523
37491
5305
17460
89184
52340
22101
47406
86641
15509
58699
92572
87070
43886
2270
55754
89806
90750
52914
56770
4352
77347
97435
85487
90524
3012
31584
17917
8308
74507
50828
5820
46940
28464
5809
36100
4739
80529
73209
11954
99725
4510
15402
77520
6351
24016
53205
21714
87303
22906
68988
23293
20309
96951
17661
57410
65081
97059
46400
35304
39914
51078
76249
17352
30768
99467
14393
43954
87040
34574
51320
91628
74289
10100
58647
94011
69567
87157
10261
17018
36028
69588
87120
45415
11790
39151
90294
26557
94889
99281
96999
17180
69161
80901
57416
30885
79755
43078
80007
94657
87177
79409
69510
5026
89745
71196
94022
4641
34530
99808
49298
30021
16546
33745
3588
85253
72670
4302
12760
325
15550
21620
24587
75421
39556
94637
86767
28696
81602
50726
37358
67863
59797
44062
93016
75605
58049
89305
55436
42662
202
50133
19135
76600
43917
47604
47499
97276
85177
52440
4311
15358
23629
71246
47135
98287
16399
2048
99552
77924
64710
61646
27778
58007
65557
83575
8418
74475
68341
67185
251
81006
48942
73272
6225
92407
6897
13667
81786
34094
45908
26322
45256
29803
54731
70052
46871
65206
92159
76037
39024
17389
95950
16900
55736
28805
70944
47682
71832
68648
12225
11910
68297
11933
41343
98734
59387
78629
32354
94624
30883
88896
33058
95519
62335
28432
31370
91225
14567
4726
53736
29661
94098
17881
36173
49578
30370
99205
19943
3074
26989
12815
27736
52989
1289
20631
65907
92506
88755
99686
27411
21072
7739
58487
29016
16227
71248
73010
47615
65427
17604
37459
37084
42446
58875
48937
48151
67493
91734
64251
55904
31611
65846
83077
22064
59482
75183
98368
75902
35712
39243
18079
93978
33687
69399
24725
47689
44835
50862
32821
21630
54996
43072
94897
76433
28731
95455
2756
11327
68280
36518
61867
64318
47538
59079
85005
27419
88512
25647
67836
79154
32581
60247
44692
73833
41305
22858
40224
4618
18145
5390
11388
86875
83297
31953
88628
26395
86120
34961
88107
88987
81577
32264
7257
62006
72394
47347
69068
39439
30901
55645
17231
84230
56844
76908
11784
31510
64409
41256
17978
55342
87363
45667
49579
32970
32093
2794
57312
60429
22457
51047
68805
55069
27258
78223
58761
29243
81767
67855
91461
56030
93851
16014
93693
46699
72729
61374
61439
33139
12764
46693
86889
43849
49549
5571
95975
87102
57582
68351
62170
58555
95603
67826
53940
36922
49808
89295
51327
86402
75149
25326
78525
42141
40503
37332
21834
24631
14512
21985
54814
48629
26438
70677
91471
53872
20257
61183
51732
26861
43638
58084
78468
56954
29849
60425
63484
35943
70639
59325
57663
95294
33985
49221
36568
86176
3021
85733
50811
48638
75254
74216
49673
49809
91227
66733
84498
86614
34469
85102
31765
84553
57370
66317
51875
17629
30671
55358
65794
45910
14651
14763
55373
23267
86470
93480
34457
45851
54432
47988
57298
35731
99374
64136
31427
79065
13695
80511
16661
55792
5052
19842
35023
32008
23646
89903
16219
76313
41530
88933
55881
83804
38391
64047
36237
32006
44193
73450
64324
98274
33877
97141
95252
50442
88188
89972
41393
99490
36021
72065
4699
61937
27755
39216
65669
7804
69222
26141
94353
97857
15357
51028
5590
87501
48809
86396
19588
45434
59988
63585
22206
37961
32496
50940
68870
26103
9285
27138
31510
33759
63298
66694
23594
16717
25493
41387
75932
57690
69493
23722
9479
38793
97276
68637
70893
52988
76435
85510
44308
91380
12357
46782
3275
6115
65429
59870
15850
35280
33324
49475
98039
80742
46986
35938
17477
60985
41054
48136
47287
84726
81200
30412
63235
68326
69180
58452
71089
60479
19033
97153
13986
91527
7319
73560
98766
84198
71752
57165
50341
67526
25621
21262
86999
22730
95281
43625
63536
69320
83562
54043
26011
12612
28699
75510
91527
32971
5535
86511
59719
38153
39681
10689
51506
4999
23183
60289
93035
57124
524
34655
81596
58191
83396
20021
51547
28638
8826
54767
89231
30063
57950
63640
93291
89560
90650
67293
68888
90316
60235
13215
81842
98445
39085
31931
61513
56713
90991
28078
58535
2387
6534
2599
92305
91838
7678
95501
44615
27704
92394
25865
77093
44545
31836
43890
11724
43718
91217
88755
92475
43038
79140
94491
41270
95617
78562
39809
98537
84768
68829
95186
20102
17989
34042
87929
10890
71176
24646
43113
96189
82922
22725
41706
86360
20050
34475
1117
37185
8066
79107
93870
96338
54613
94604
86549
5113
86679
44548
84361
26648
21665
49917
81154
51755
76303
10220
67433
56041
11552
7040
13534
11396
14858
81647
82630
33259
47383
27692
38671
88847
80512
52629
71329
12643
65284
94761
55842
81788
51972
82007
13126
21240
12799
64561
95282
55387
14853
8351
39339
29940
35546
59472
53120
51326
27082
56044
56529
33410
72163
23365
37146
53754
57235
96491
52191
79504
91615
60318
25334
21893
13437
2078
89804
23982
17838
83199
53173
59385
5851
4377
97140
30893
7595
56635
98722
36559
65631
55935
10367
39361
68971
42073
33586
98597
13809
79081
57983
14015
42650
55984
78788
27128
99956
56735
55791
10975
323
47882
63168
62666
60773
88732
41814
65594
54247
94468
34137
80604
12797
99405
73732
40236
7330
44
41485
83348
77804
10546
39858
46355
1418
9537
30305
94649
92158
91452
83972
79469
98257
35671
20711
35121
62743
18701
94407
64446
89856
26928
35545
31561
14936
81050
12724
3687
4188
20930
16925
63853
32825
79595
23629
2735
90339
59991
22945
24202
97934
44761
11869
45918
52109
1416
76381
94291
54085
60655
67130
78268
76973
66657
45878
94649
42724
9162
54244
51030
86478
43168
16470
47217
63084
81912
16933
18617
87512
93398
72471
40562
23770
9468
95984
15413
44618
37987
42679
5747
31555
40104
65635
79962
28639
71261
54531
26481
23796
24544
82247
87261
5579
84873
35790
54406
96698
80125
67532
96980
39485
84224
74776
46035
42197
77223
65616
93269
67196
28459
90825
59702
14980
47034
98870
63899
57964
7943
55060
79380
85822
22658
6289
66144
10920
4322
21783
15504
56821
55390
36600
49700
28679
86011
11255
57457
26131
8288
79633
53540
96248
68581
73734
38624
23581
83658
72936
32035
6087
91172
42815
99207
8437
39154
20278
42884
26424
34317
32741
25010
60561
54046
21244
65740
35401
64074
61257
36785
73671
84648
66375
98724
28786
48500
82403
44724
42051
98268
74283
28693
17413
62231
55958
91469
51020
91573
80682
80107
71631
63088
4718
62513
25732
27778
93900
47986
38167
77490
52738
73462
70854
41158
82854
58171
15388
51932
66836
16566
94312
48915
20565
80311
56761
58148
56429
89995
5689
31598
27777
6842
81890
5423
67812
22448
58081
87086
23677
73113
8614
3125
99862
78629
8389
76253
24387
14156
63148
32833
74028
72843
23393
33076
825
81964
26616
75343
23482
42948
95310
71715
89872
28917
75109
3980
83131
76532
31900
30022
12673
56581
77417
23417
11512
80162
5526
93520
37168
97467
57974
44104
95776
47159
97218
98084
32395
21560
42645
86173
1615
54237
92960
38774
50698
47073
1226
51661
96969
96224
67464
49645
85326
24314
63989
41729
72285
45904
36974
39204
12099
28908
20397
41908
37316
15389
34975
35780
25375
36351
92964
3024
26496
89433
55587
67372
63299
88128
20007
31573
33887
56921
30779
85929
54359
69372
73405
12402
25208
24084
48705
52317
18031
28418
64389
74729
63083
12161
93996
88763
80170
88869
19194
60719
58115
88029
95467
5672
12623
80343
30736
41576
54196
83938
35815
54492
8943
2735
42645
94607
98014
46513
45987
45279
16264
88355
58867
68172
77770
43689
93565
75436
58014
42478
35978
77275
57321
56556
82220
10096
90018
9131
28344
71019
68570
33056
34465
54379
63117
85303
55954
57372
41827
65324
19368
46221
94338
48978
4778
90719
49908
69590
66534
10298
35505
39998
3113
71354
18665
53579
48026
17862
67376
78590
60499
12993
18950
61911
88861
52665
59106
74136
87496
8413
33530
34248
75588
24652
66610
34323
35006
66184
92766
66607
96922
59402
83062
80057
66954
21583
66741
2718
43528
77583
15886
93654
31254
92302
12812
52298
51535
95276
14563
48022
18793
88599
92440
76265
73738
40416
28714
59466
44324
3595
65756
94005
1679
7392
74561
16643
94689
15262
86818
97544
60460
55823
57134
76981
52820
65431
41951
88733
77003
32998
41061
47285
96043
92109
22289
59317
50000
63437
11520
98171
94992
2698
67746
22639
83959
27007
41030
52608
37635
24492
39108
3693
54009
50762
28006
22816
76610
68926
56532
73461
75781
53580
55546
60217
31394
52227
87641
60270
62088
16758
52487
5578
81332
78795
71011
53118
45032
9228
69977
74612
72931
4379
74606
34610
53922
85603
90505
38428
92531
21545
70814
81366
12401
78082
97656
89158
44097
50941
15619
87896
26056
53889
53939
99387
6439
79537
25076
59273
67700
63180
81487
51204
10742
16786
99989
24507
86044
5311
10091
87916
71067
93052
42386
14851
16931
99787
41874
65089
74556
79712
64771
57624
87266
12272
91448
14322
36090
22945
4968
73554
27536
76672
53722
33970
25135
78034
25836
24011
19068
71330
58816
21715
75503
26777
99428
16865
89550
20076
44477
90924
13096
73103
17359
94481
49131
99176
5354
47795
26435
74558
27477
99613
88208
81103
70480
25603
36002
83105
49449
78567
21716
59632
3325
61303
47746
10598
57832
20371
65800
74025
70859
16972
10424
9935
75257
55112
37911
6540
31710
46146
49013
80396
97356
93871
44744
24156
36388
67387
65604
17314
88285
78578
10553
40397
21428
85946
776
87206
53649
1246
45955
22150
75889
59557
90241
21890
11989
41505
59866
21762
10695
65732
89541
6351
52356
98155
50892
14154
83338
40767
27912
48249
62463
57713
91871
10076
34363
54530
82806
27262
30804
34917
48596
99175
11812
22876
59894
51406
75545
35678
7048
34732
38232
89051
76742
47852
89135
86614
57936
8702
42678
8465
76227
50474
62465
81191
28794
5090
82085
67794
99008
43729
80612
60205
61008
27055
74711
60243
37643
33366
83799
60678
8277
9999
44135
33964
1293
33382
88002
81940
6791
54844
23101
69686
99944
48858
64024
49529
67869
69795
85318
61870
70361
1795
98198
10425
33897
1380
27582
22223
98101
95263
87075
27931
63349
35055
95208
68891
64813
27201
85840
69512
47911
75399
23473
147
65132
41836
31991
72138
7230
53251
48754
44121
17365
51736
10846
35342
54708
94856
27373
13333
81447
13868
21427
92674
69595
19279
43117
37453
18970
27809
47854
13558
98114
4933
69608
60906
67777
59653
69492
76511
26128
62149
65470
60281
15464
10197
25135
23087
12421
81343
48760
1031
22710
86593
63641
97630
48029
1717
31819
85316
20169
32907
69264
54884
57934
6488
49493
59329
49086
88071
86880
70907
3206
42542
66268
51057
89799
29820
56702
49409
79312
95215
8116
64107
91989
30434
60617
42995
98317
9507
45975
2149
3277
32802
26761
92371
47645
7141
56108
56826
90740
74232
52466
55203
32630
34082
19298
62053
16262
31764
66207
23111
13128
60314
69747
97123
42168
28307
9528
57255
86049
25150
55396
96597
91067
3018
43566
17129
40292
41360
14241
50747
37625
50812
46684
72666
92466
2117
38115
88441
29176
97630
96166
60710
61763
3301
52331
86965
47444
1081
30586
63483
87755
20777
486
51766
22694
76296
22483
41098
46103
18844
29352
17510
51457
89493
45203
91653
80111
25947
92851
40241
17041
4160
26566
40930
39284
74964
48431
25315
51228
77943
37763
13782
57536
52202
69937
81038
65058
81087
37836
313
90122
49230
87734
11649
73631
25577
7370
79176
67265
50471
64422
78833
41253
989
82291
86526
67982
32011
98931
80659
37573
8818
22246
33657
31316
52675
76025
33567
30628
39315
50124
48859
30545
54794
80605
80814
88167
77307
60886
67910
83580
8462
32656
4893
63018
345
79459
62430
60966
48845
25835
4328
28322
93357
64664
20075
36347
35481
81906
47279
90720
69000
94023
29363
82848
9204
59379
98323
75630
34447
57227
2500
58228
38932
40166
66617
89457
56984
52488
48391
87121
4288
72812
30661
87431
50092
43693
82157
56585
65424
81233
67904
29832
9667
56403
50534
971
98864
395
46259
99847
61706
72348
44709
57437
94365
75674
37609
29808
43711
38326
11581
9313
30982
2216
58384
1961
53107
75320
82726
17778
2667
11528
35640
82866
1671
27682
73944
773
41121
84473
36242
20199
69519
14622
72333
90635
94988
67682
33297
68922
69969
26947
55587
4971
76227
85397
78924
51995
41574
12014
44504
46666
1008
1645
83129
73138
8440
41320
9740
71364
57772
84049
42387
53057
32386
25221
6145
1873
51783
75569
76885
20036
75891
81569
67486
27203
89021
31238
85949
57234
96810
76322
37031
98948
62145
40403
72137
37051
23450
57723
85126
12346
9205
34312
59356
42441
92808
36676
63301
11621
73008
29403
38425
78497
53063
61636
24945
97341
2166
24335
79014
98049
26786
50601
10008
46902
75203
24591
5067
35105
36466
81548
58251
93533
63712
10032
68816
45236
45475
7536
55132
74649
55819
32596
25314
67333
95475
15522
36001
88973
75188
86948
52205
60380
50867
70359
29359
15634
65082
80979
77058
27545
37347
8978
35678
5983
29329
19103
34771
60213
23417
64253
27755
24771
41278
44081
60370
20261
69627
72205
4273
59750
32312
14105
56757
40632
90111
90080
70415
13581
7817
51348
68340
56470
58994
75679
53509
35509
18955
38248
72713
20672
13454
88350
81653
33781
43755
61700
78638
7476
36833
8345
94150
74686
10313
18019
34210
72520
94284
67127
68540
97180
87477
65991
60804
59884
8801
83784
29377
78451
47187
28959
43862
32778
77380
56104
48543
91844
89016
12163
95418
80647
27403
43259
3171
9928
68714
45652
23544
83105
39838
72849
57691
44241
5602
82111
13078
6672
59382
78625
8920
12621
58541
46552
47133
24679
80449
61871
83693
83844
10343
47873
58427
58801
32412
94823
19917
66263
7966
54658
20603
17942
11767
16097
99120
61505
81236
59760
90638
30805
38485
39069
17710
26871
87389
47688
97828
43209
96648
92038
62689
56361
22524
81138
24019
69895
63704
28689
89095
77568
88362
46112
62447
30012
45757
30428
85438
896
1615
2670
72655
86480
49248
52209
93190
40421
34822
38177
69454
28679
86686
29794
60962
27783
35645
39722
81063
16924
82436
52076
60246
79928
83954
55618
14936
21413
32179
91958
61866
95490
32630
71213
79295
4372
89661
16113
18309
62571
73453
37497
76991
33458
32645
65239
39634
23634
30380
49085
17116
79588
30435
19117
94590
12177
40985
1212
99706
16136
98621
62530
28503
67706
12654
92961
77633
32342
82223
43280
69742
42172
89270
18179
21403
7968
85603
34424
61301
22334
22158
95712
32244
93332
93625
11592
4546
4160
54981
73283
77209
50998
56160
69206
90602
8158
38843
92543
24377
62793
71994
26755
4294
10318
485
92723
6407
59397
64252
78202
30384
91582
21415
39141
11509
96639
37451
16752
55174
16537
64920
97641
32665
63078
54975
5283
38918
79553
36801
90170
1675
77185
53091
25181
37872
9011
95198
9981
52965
10515
1074
66480
30695
53416
82715
19554
45089
21113
39771
27706
76271
88432
6327
7908
36318
31785
21950
84000
14544
36534
73668
68518
24315
26259
59789
57683
66417
47649
15236
66357
18746
18657
90475
74992
52989
54350
99021
44874
90718
18999
30351
44665
72865
80024
41190
89159
92140
66485
89378
68479
43
23410
19975
55447
58253
96594
4316
17689
12108
14666
22332
24592
97066
41952
68106
41931
19734
33381
84834
97329
110
31597
9579
80514
97311
92167
83272
32774
6120
63229
40238
32340
15196
55114
89519
44257
8645
76402
48436
14819
76934
13219
46954
16544
55385
98438
41204
