2243
15667
56187
93567
18891
76616
45856
87823
81993
84011
48266
57849
21826
41089
17074
41735
76573
95632
21704
28480
90477
13338
81257
12087
56479
28680
46134
69502
21501
14690
26999
24
45661
81466
14571
72203
83722
46088
9194
86292
61869
59728
474
54357
15127
18016
76330
33769
82573
47285
48367
50072
47024
28798
43608
78310
16743
67736
59024
4422
56492
89208
31119
98733
50289
41319
96125
71937
23629
57639
24613
50479
15590
20500
96497
40539
16412
79526
39912
58898
39088
26259
25633
23420
50095
5329
73186
70734
44640
25273
36985
90203
6437
83079
67926
87755
82865
37758
83908
13475
45735
23272
73987
81572
66890
32155
39779
11184
40518
90008
34590
56902
76346
57517
52082
35023
66817
56857
48985
81873
61084
12431
2471
50049
88221
23764
98176
2485
2418
24931
67220
54455
23725
15280
21561
41878
48300
22218
74658
93751
92425
92153
51905
92489
96864
60166
67222
54421
94904
35866
64883
31828
78032
70431
84814
25082
26792
42019
9505
12753
50601
42426
51234
90625
41138
24195
37690
46506
53024
96099
72101
18452
97081
52590
53733
34686
71381
31076
13922
54675
32297
35479
61346
27898
53713
3275
31041
77676
85177
1079
87789
24353
44969
9544
98561
78243
95435
38564
50396
95556
36218
56363
55453
8524
61609
77370
33886
32330
59597
68906
36394
72139
41991
49685
6811
41289
84530
37272
60340
55067
58181
86740
46264
80298
89990
65487
28230
33987
2764
4727
33842
61608
56559
85127
11840
16161
21166
79394
24735
27473
17660
31323
55552
27235
41319
66231
19602
22595
73575
80011
22236
98473
43904
34751
54230
5488
56404
11764
26468
15812
98088
71937
6383
37850
18161
601
8994
44058
70011
15689
78110
15831
81398
48989
94395
39231
57501
17666
53979
50733
54052
40742
85836
30748
46237
80732
10939
51094
78311
49563
65839
1451
21556
68422
67433
54077
34550
58535
46774
47192
90693
72852
5678
94207
99823
89075
48044
51073
36573
66938
95914
69707
74845
99279
79961
24119
24369
34830
84474
15074
85908
88521
3484
66106
31044
13737
92946
38870
78513
9555
66960
54817
68448
28006
95490
56846
46268
24609
91241
62703
71418
51137
21107
9760
88167
70888
47990
93630
67600
78905
61225
29686
19469
46688
87710
86712
68236
13007
51488
82345
86710
70594
28549
87160
89247
21444
71664
74984
63439
38891
41190
92652
32232
6974
62730
47314
66644
3351
55479
39862
71885
68323
29530
74199
1000
42021
76394
49158
67231
34619
33637
63322
48281
68569
8616
25025
37528
53842
77386
45457
2462
1141
94325
64477
14205
7219
59651
96451
57082
49886
61553
50049
74397
9101
4738
72840
67000
24125
80083
31145
67633
4402
12662
91532
1038
45307
52333
45184
10268
47987
21189
89805
28540
9923
34797
23364
42347
11588
12497
41080
12716
12611
57527
81190
55220
56030
6677
83343
24305
28330
35149
4358
86520
1495
56903
30597
9770
54859
15849
70298
99938
49547
44661
51359
71549
9689
49567
90151
22471
61302
22090
65940
27550
74440
73086
1542
80709
86135
94887
87086
54471
8402
50701
77664
60294
1519
53292
88871
52127
3823
56432
70162
26492
59647
2478
30252
25014
38619
33473
98346
16612
39021
82880
93693
18372
87059
47801
48711
46693
42175
72620
20778
88399
69559
50950
77884
30959
88733
825
56471
88515
49449
50068
79372
3647
57427
356
81816
91897
53357
99015
3151
33783
54220
46184
88149
57907
63687
51964
11532
32519
51479
64952
60679
45851
255
76877
6172
67689
1030
66113
8280
54025
28191
41867
60653
70558
19818
59787
18311
29724
15859
76100
69724
59636
28535
18294
96289
4701
9671
92892
28537
85761
16710
255
95528
30753
36973
32405
28198
49158
58381
72410
55024
34373
70964
18249
92152
43310
31304
38807
59580
36850
8081
34764
86260
85102
6548
12031
40069
18744
94361
50412
10227
68708
63726
14837
70259
5844
93188
22579
43710
64826
73175
87191
43969
16715
99788
99361
27441
13571
41842
34267
19740
94670
25131
65140
89019
57594
66532
86005
97956
71927
57024
17953
63452
84583
59475
93645
53002
41352
39594
70841
88006
76987
64136
92267
73104
87984
47626
55175
15965
34352
80172
87309
57259
81799
45317
25679
61238
14828
73005
844
34372
80718
6880
36334
3131
83772
59962
19677
54642
59377
13889
61022
45508
85403
15651
68811
22241
91750
4884
3440
96190
18346
17177
86687
13901
25934
98787
70641
62216
57559
94643
97722
20743
48145
6236
67752
82417
66136
20679
90263
4367
83107
65487
74771
29819
3662
24332
13964
81239
85443
92877
33199
12731
92549
82750
75303
49766
96888
58346
94895
62997
54000
16825
26546
69874
9748
31386
29761
32228
28750
40893
76657
96004
52819
48023
35470
26831
68938
27464
41536
11511
19610
45721
95705
28181
28980
50942
40119
81657
19066
14396
86908
61282
1386
17668
81992
61929
59916
98365
18512
29911
60660
55936
50493
90358
12115
77597
36899
35141
30753
98555
61468
70054
68479
51900
19009
55153
17228
9438
68804
4971
92390
41246
4717
70226
35579
55032
20015
1967
62059
19305
42918
79150
83067
74037
53552
86441
89881
73412
54469
36800
25991
41128
28916
52293
49862
6138
39003
32084
80385
33794
42594
98784
98098
92820
58197
37417
63221
51607
98557
99913
57415
70818
46201
53613
3834
66816
34398
17889
58136
47794
61352
34564
29137
53395
37500
46523
96356
51767
6972
39361
12678
44108
44933
98108
65809
58915
45129
3147
43820
23688
18852
51259
72147
94860
74845
17241
80931
35140
77371
49090
68
44010
78113
82998
41587
71041
33128
74443
48587
37175
9815
91933
80624
33763
37153
83939
23575
18157
62748
39805
92501
91661
3513
38313
59555
44331
14789
59221
5867
77702
347
65679
86674
59952
90755
37017
37953
31830
53739
6808
81521
40734
3265
84811
94930
13289
53706
91416
90969
568
40386
79618
67268
99594
77104
15831
89643
93859
60581
54662
57701
20489
42961
30157
65460
81256
6051
45233
494
69269
75163
52615
74825
64528
8717
37071
94978
9954
13492
82944
91625
95878
13008
56222
9645
34788
69021
86376
20960
97208
51762
72654
44326
65330
7251
80928
53984
20406
55155
93442
81615
26211
64650
7036
59687
29265
50095
35917
22290
723
99794
90367
90589
73340
97593
87413
20771
72767
96852
21697
90868
40686
40319
62867
50818
97444
74292
63756
16520
16222
70986
9265
48823
83043
56878
83578
97119
66917
78236
46538
37398
80800
38074
91289
67464
79999
46897
53484
56283
54942
59465
12198
67965
28713
78208
20344
5868
63012
36775
24885
27330
35556
10106
576
26940
38522
55865
77958
32709
3856
49767
54728
94883
18380
13438
83377
81662
99506
55117
82150
7592
42661
94224
76891
92110
79854
83114
61538
38937
23989
9474
69278
15169
55500
35799
55094
75599
19660
8416
14309
62734
88886
73381
42606
61805
77691
98548
47532
57107
56696
71745
29063
51008
69337
58397
32260
74715
24191
93457
82324
4541
48348
4695
11340
30873
45914
76469
41044
41991
29787
36183
4857
98732
44476
65321
48029
25128
95539
6734
21614
8091
33655
71103
68692
34196
1662
58339
61860
3000
92929
32455
72530
33740
92028
20219
76291
43359
99762
45225
67104
85366
27566
41139
77478
37781
46532
3079
4283
11719
89653
71905
64923
84587
80593
11837
93360
46843
53623
70168
20928
57337
9336
63331
65280
16281
71034
24930
61319
76933
47416
69383
61661
60433
22151
84133
98482
85948
45619
4660
67243
62751
24327
19073
534
60597
52684
66543
22655
28647
3945
59150
94556
30675
39209
53558
93795
60888
21466
38688
80091
60673
529
30209
62287
70635
3082
71460
46911
1909
65773
91587
2673
71619
24205
63554
97445
89135
31019
45128
59366
45165
17271
5050
25467
91865
75382
95670
62878
37151
16991
95433
32452
84518
32703
30830
55355
82202
4572
81795
18674
91860
42871
59241
95601
74376
8874
66200
14218
34828
80209
86428
31879
15456
39846
28081
44419
40382
98116
20758
64341
77312
27085
84177
41126
51080
53255
3295
9508
24431
15201
48310
80303
62958
44371
79993
38064
56514
77507
33655
31498
75040
92004
8960
37832
78645
60569
4453
35606
82936
22360
70411
5228
94255
77993
87692
82789
85115
86957
33130
63054
97921
94972
35888
36185
56981
8487
15559
20689
26725
83484
76530
96968
58495
51079
33703
74221
24864
32085
95115
71993
87002
17108
41224
79976
59393
7287
82733
49669
22355
95926
2915
83197
56450
84945
35143
98262
77119
82965
78504
51705
56068
87991
27071
26474
1597
34014
94950
99576
66996
73597
53399
54832
23545
78942
40578
75500
78506
72090
7146
7401
52229
72900
69692
15670
45863
38693
88013
98120
13215
85186
52016
81674
6132
21851
82032
33938
91311
30445
25072
35439
9511
1014
25725
35678
50183
46840
98636
30908
29374
99959
19317
32470
94659
94908
46956
89852
63779
51996
79224
70740
56361
56211
42481
88362
98696
11850
90587
48261
25736
50231
12889
96117
58090
4228
80272
79081
5562
52936
87834
52157
13712
40593
91812
78608
96163
99267
67620
77811
45483
59641
75674
80638
50321
41802
57633
29
29109
46120
96370
79143
28539
83618
48534
28815
11892
35370
65190
5875
89444
63600
53313
61202
69013
63980
13705
42907
41784
50779
4410
47200
54291
14113
872
19657
44875
83757
33844
64389
70223
71322
79274
35291
99198
47409
11098
96511
25527
46092
25586
44449
21307
7414
30708
1983
31169
75726
96281
6170
53622
14922
69346
46054
47150
84215
18934
63514
87884
16191
5341
1288
69097
45220
47607
24263
40869
53320
42778
20267
22855
99343
35591
29910
21138
11708
44072
97256
36871
76920
16360
9458
21553
58706
54286
52521
26481
33696
90104
98101
35622
94147
55280
6697
19800
88361
48237
71981
52994
74923
82153
49815
16986
99351
69082
11224
32254
73160
21968
11314
96924
92145
83114
70279
73373
53753
52469
36365
71024
36159
5026
24670
34543
92575
77922
87596
25200
74797
79936
40242
70730
56894
82076
40741
58178
45159
21952
4361
33617
36957
95584
65440
40147
74715
75219
18621
40655
74337
968
87287
67390
86329
19463
67481
55898
37622
53478
29942
38629
21909
84452
98490
52754
22853
90469
31035
60915
67779
89387
71662
45121
13790
98669
22774
11842
98298
15959
56280
64026
34128
89693
73258
18736
434
67773
56553
83547
55467
50416
33994
41706
33733
30093
57096
30349
54437
62907
85852
73347
11024
76464
65451
71424
68945
80298
29689
77435
7539
22441
52379
45106
81416
7656
60010
57914
76460
47894
308
7462
57252
76917
31788
54867
28928
5743
91393
41359
25568
70799
94476
91300
59474
14691
26788
6052
30969
5004
73740
13394
89641
23583
62187
72459
82095
74012
68092
52207
43534
97672
604
32048
41540
6953
53728
65814
73195
87261
10857
72588
69595
28791
2800
202
93772
79160
35900
41344
94458
33030
16371
52380
70369
84907
98476
75961
32200
2605
1762
28900
91290
77285
19301
44875
61807
22815
95563
88773
59849
34445
98916
70712
36218
30343
45163
26987
60355
77059
66808
2184
87703
67821
91250
33901
14655
20355
9826
87888
70774
20464
68291
45261
35540
93955
90997
16589
17128
48619
1776
61812
64031
42129
83446
30823
66817
2514
31841
3545
70394
69495
91740
73009
85398
71059
44654
74617
2566
10905
95120
50661
24191
38040
18144
24637
62049
47220
54574
41097
20469
85793
12884
40377
94128
89150
12482
84302
88501
5420
83063
72872
93046
52106
7980
46701
88090
75759
90538
27795
75290
10210
8636
47658
34438
18681
42879
40745
28613
85677
12693
8819
41113
19414
32921
26982
65889
57800
75085
47968
97624
16298
69616
41357
12506
46959
81803
15826
61159
17842
25898
80656
74720
55155
99432
29749
66031
21864
93923
84420
74179
66050
42798
22111
93880
12062
91653
49967
26581
16547
27419
90801
27439
72703
67280
6460
81259
22425
63902
54930
26081
14834
9875
88035
67516
32606
26873
48537
67966
74584
73520
25732
88160
7367
3357
25506
15062
86763
28859
27465
16305
26083
16816
92757
19678
85855
50555
46889
17005
9885
54601
8707
58380
13987
68551
78529
81009
32856
92210
19914
77814
18398
1290
29627
3135
47471
9861
92590
37975
91796
71456
13128
95704
6748
7280
6688
98506
96767
83862
71815
50499
10032
24208
73112
23404
22104
83629
15198
90884
42900
13593
43388
48157
70157
98230
79517
45860
61936
87819
31481
55231
11178
32694
59776
78127
29282
21214
28710
50293
627
68388
48939
27761
83428
68695
16934
2437
33733
3014
59565
67864
61000
35376
772
66102
87322
48215
72639
50037
34365
60915
28694
44146
53251
73379
83044
95482
34249
831
69788
52933
15853
70057
91593
17916
63374
51329
27135
87451
95775
20824
24771
79954
98247
77084
45236
9605
48856
44241
57941
5363
5449
36289
60665
884
52243
66923
10249
52188
56548
83895
88596
94620
86820
84905
42932
75400
16546
28692
78297
35378
35865
12005
66612
853
37892
36800
53378
33358
26235
77577
43859
70245
58954
72153
94614
83017
64268
40880
9123
27289
82377
82793
40068
60416
65833
89353
33633
85784
47956
66417
27718
56430
25287
69076
76307
6630
79797
15970
49409
22293
33560
29890
99564
4429
17266
26174
40705
95414
10917
42456
72837
99254
56554
27003
36159
40979
75954
24108
3971
89872
66263
70143
49084
61940
56606
62662
65878
584
26284
49572
10597
9246
2370
90048
58805
32591
24822
4437
60847
86429
84559
96838
81124
37175
75133
61711
89593
58139
40498
13910
50351
20341
9761
38881
77326
48134
57714
84033
37006
2464
4063
39467
93890
76589
19214
6600
51809
27856
59338
56578
25010
1891
62880
36671
86867
29119
44724
75242
49702
79930
24190
39148
17977
16651
3781
2778
22865
2953
18709
46024
89682
53297
42016
44059
11084
3782
53327
68700
21541
73427
10786
71497
78912
83980
25388
9893
44200
93235
43460
13456
10555
87062
90057
8721
36213
21685
40406
46831
66231
16097
87902
51487
52692
35520
86948
73016
25176
86318
32601
51650
35317
29693
57362
35597
24620
9661
8070
58718
62068
78838
65025
8484
40106
76018
88104
33833
16438
36536
58794
55460
36533
15891
98878
50955
50120
4945
77087
99941
26073
29511
75073
76414
31717
81330
92846
60788
76042
43192
10978
60622
50254
81069
47967
96332
14345
99121
55950
4921
58001
28087
47795
8445
88544
38305
99403
16879
22404
58151
80581
53064
65858
31926
50458
84690
11912
53397
32714
71232
31118
59010
11252
87639
56264
45531
39026
12330
76235
59481
71375
69507
34905
23671
65542
61245
63627
57392
78680
27215
5402
44422
81066
85507
69641
45535
50040
24196
48051
91082
38938
78101
35245
96928
61778
47807
80215
72037
88910
59107
30468
53581
29408
76717
72355
60411
97687
16937
63754
31525
45498
30991
58366
43923
93633
92762
22306
89030
68368
36919
23481
61270
58129
14969
92217
87700
78925
61257
44110
55502
2214
37946
46664
41713
58740
77435
5923
23528
48954
25925
62193
78338
53796
70388
870
92306
9632
42451
50975
56112
9654
6640
86255
46685
41893
92014
17352
9027
32283
98329
73698
95131
1552
67125
31084
80520
93504
54639
12332
51905
75235
97397
59988
81837
99243
21281
18756
40742
88217
336
45013
11519
91517
91186
85417
65634
17000
61818
7309
48402
7119
23412
69319
55215
78527
30934
25026
65144
18967
9391
41107
52747
96166
87613
9928
93608
26754
57595
58924
24020
29570
88758
77401
12856
36953
81249
89754
17033
70479
3967
15612
43555
85182
80669
72977
28815
42566
15682
71744
2660
88941
78878
81356
48905
1079
83584
6431
793
92669
30340
27731
543
9325
86601
59870
3808
14590
11233
50967
14552
98991
70305
79465
80700
49179
54680
4275
54943
91194
61917
57209
9584
98871
24577
491
18944
17193
96291
75631
88162
23409
6946
94573
16747
27375
47213
64824
69625
3649
29366
87668
68048
60538
1830
52264
21311
87354
22026
45410
32962
27215
48906
39521
58912
83464
54362
81603
35284
52946
49290
94891
32361
92305
92568
99086
8830
87069
8805
3035
27529
36118
54437
28260
32120
68453
2448
3758
35762
56336
26838
95025
12508
79098
99119
1228
67576
84469
63791
32776
29672
58276
46041
81703
75792
45746
7915
81769
81721
70537
55511
80699
95730
81872
57201
40060
38417
26084
69924
9549
65496
76785
81888
20181
13330
55693
98606
21102
82492
77585
27684
47888
56736
88981
94259
30263
98077
45607
1885
81747
37955
60776
69029
12268
99258
29251
61119
53776
78722
34570
34630
24603
57460
87311
93644
28130
67816
49437
82668
39900
57968
2224
45467
35565
68514
71671
63709
15536
65267
11940
37076
59840
69310
59854
34708
47235
38051
23044
2353
37747
35309
74029
2650
47979
98156
98496
78271
34315
46273
94013
10380
58152
66296
83111
34938
36115
52463
76575
99131
92164
80405
65598
77396
23363
51182
88462
50791
36338
6323
16166
9101
2138
33142
94304
8579
67793
65219
88824
52540
68421
35713
35907
67924
29832
28632
56618
65316
4728
80461
36225
99313
50185
26313
18280
63007
90705
10424
14302
77635
60783
25133
44157
7479
71129
68290
40758
89030
82945
62268
31530
66631
11236
86926
74882
42534
22639
33780
70699
20477
98990
23168
75761
36835
78162
26066
68183
21979
8573
32383
61809
41037
877
44468
97022
26609
32227
94644
95301
65831
39664
42365
48906
9956
16731
31401
58605
94439
37681
26321
5920
17834
85513
73483
52643
23828
83123
13940
21054
71147
25372
10600
48826
73639
51328
5710
48476
1345
39117
19569
65023
33578
42928
60009
32109
26168
32255
48313
53114
99419
48610
62513
55613
75630
98047
86323
26219
87593
87104
22162
498
82611
49954
64631
24751
26805
75965
10078
47948
39594
57035
6909
37017
89586
82711
62692
68294
52134
89476
70527
74971
87462
98263
57561
74293
52237
31041
43835
22237
43174
94957
61778
38405
10520
52035
18767
1026
38813
60054
27335
2689
67152
61680
5275
99048
17253
69688
63826
18794
31506
40605
87842
81029
53931
65698
45933
54396
99276
21190
53288
5196
6607
73359
55799
50862
81597
97042
67124
97576
24449
83809
96015
75472
59160
15249
1935
24510
31941
34823
2391
88268
35905
18207
56547
32461
83183
41689
2225
85735
70382
95232
37693
16718
5127
82840
11749
43230
27718
53444
30443
83477
49862
42545
82137
1323
28933
77762
85630
57840
76503
71128
16663
59360
95286
20158
26345
5701
59158
5423
42378
28809
62039
54788
42751
21749
80884
71966
99328
2603
18712
87340
1144
35453
67184
91802
58377
7273
38011
13750
14860
78674
13918
24832
24790
87515
66741
71021
86166
41186
41252
44248
81658
68950
91819
47590
50993
84311
6072
26420
83820
21321
86262
64127
45502
86836
81571
53584
61859
187
28991
99650
49820
53879
87808
10481
66616
77648
48962
24929
60046
88056
43516
92872
27719
67971
8687
57497
65080
2022
56983
76462
30029
4075
78852
99057
95970
45294
61666
78375
37802
37496
81460
42906
69683
80917
10879
24513
68705
51796
98658
26638
27574
21242
9956
13715
95827
82179
8006
28082
14648
57591
3255
12128
63847
73381
60646
85941
47783
21151
33426
73939
61796
22609
39774
3665
4468
88255
6784
51939
7093
67802
10872
32327
5073
72766
13278
45774
88099
74123
29556
25124
95828
90718
70490
89503
37054
11468
57761
7456
47602
69754
15479
67881
49812
59324
96641
77244
19556
92520
94375
69611
56760
45334
19496
37633
20548
66231
80559
47467
84220
59886
7421
83621
38096
70607
99846
26493
31510
14995
13880
38054
21030
46325
90677
6172
43070
69292
83138
9998
14790
45414
27255
42605
6126
59293
57911
32719
16659
49176
26010
73408
45216
1057
72070
6279
34609
76318
50173
42512
68467
86190
11503
14011
21096
60387
84591
20032
49830
1174
45347
14332
74335
57483
75734
35421
9211
5954
43592
29991
61921
30519
45253
94208
90357
79415
20658
32062
69051
57599
97123
85771
57274
69522
33354
28786
53979
87959
94667
25001
96624
82733
49451
80634
67602
40588
94886
98064
2819
38394
86367
55322
42771
13958
98450
33855
41821
67236
37638
74463
69489
3558
72926
20834
80013
61267
74958
44575
89220
21702
11851
24843
65345
52038
84123
2812
15396
12765
55148
66936
10442
74648
6176
40863
45612
3770
7782
35666
93438
82205
3716
26046
76984
77350
37712
5673
70257
44483
15614
14712
30822
42340
43828
63994
78139
13364
93273
90069
56184
72722
24427
58859
78485
89616
90832
34184
68784
6567
72709
9323
59771
68757
84050
36495
10387
73173
7870
59796
73034
47833
2175
69423
42022
93445
63433
50251
82627
88555
58920
53914
97715
67551
59913
28956
31910
65239
45042
92650
91813
5441
52402
41088
215
82273
24915
55045
23879
6565
83244
40120
82557
80742
94995
97976
94472
66813
89488
42352
83037
76736
10636
83294
99577
31960
38824
3423
29506
40768
99562
75896
94700
13724
49619
3331
10872
32404
96908
79124
80823
61611
47710
26151
50476
92416
59392
26889
87439
34592
27403
60639
40845
9478
87018
94966
57453
37073
15213
45352
5870
3072
5949
23528
45196
33836
27146
74410
85761
12898
40959
69266
87656
85916
66711
25495
97052
72602
86569
27220
78847
77538
62335
26123
21335
63378
23717
4694
52915
43454
11932
28140
11116
46218
13454
49163
88934
79397
27580
92456
65942
23264
1138
35633
58557
95306
11004
57851
31218
92553
74515
85229
49853
96503
24688
57224
42368
37271
9857
40977
72208
30994
42425
91005
6497
69203
64225
36056
44033
2427
5548
21393
57978
76929
7433
74470
91099
89834
93713
26631
89904
40576
5664
85770
13965
98035
91809
45867
34474
1321
87362
63261
86792
49379
82151
18449
21266
75661
99578
96225
41951
51105
81504
14394
3827
86778
8838
25220
39973
14096
64410
85424
82491
12244
21015
91741
28882
34281
14872
89350
21402
10749
67725
71723
92190
45411
71723
71003
34625
80911
39294
2235
94820
14381
11738
24149
74788
702
29391
95808
34400
14383
52987
90184
27480
44248
3577
1690
83697
31471
10871
1583
79285
42374
79109
70610
86583
94567
86025
38031
67988
86378
53744
46009
41749
15377
74303
45176
80401
49121
19783
75886
42671
36381
34071
97221
72265
4800
60171
90903
74349
21751
50883
83864
30717
95801
76174
94212
76886
93060
31269
56289
53261
10420
58100
21232
17813
57058
89395
66454
17758
9816
99219
98113
82263
21581
61363
32441
90676
62273
45266
26853
70795
67382
46143
36663
35704
82825
98477
64373
91872
84940
80994
39845
60498
21121
68559
84
22153
34933
75769
94467
53999
1078
94741
23886
93436
46130
69683
37210
96316
55662
66801
859
35950
68160
92017
16479
50216
34314
42533
96187
19000
69844
68934
53744
83333
58180
60515
98969
59701
51068
70551
48211
49224
8528
36211
58857
5569
3682
97883
18171
33668
30716
52301
21515
91067
12137
82747
84645
48914
7889
15162
37096
70307
62128
4467
66324
20268
56785
6998
5874
61884
93260
19663
59194
28941
72953
32401
11141
38058
18095
63118
42865
54194
94238
44137
38794
63701
60517
49506
82971
99131
65905
84144
34065
19172
10515
97774
65415
30090
78813
88236
64019
66498
86585
33542
79885
95042
30053
68145
12023
41116
143
39633
55662
15464
32168
6025
60748
31169
23016
98154
35926
29830
37887
59212
19689
98848
5619
87450
16700
46658
42235
94055
49842
41964
89975
95231
77022
39147
43913
857
42867
22075
62996
21608
86664
18124
13135
76913
71940
48482
38470
92310
77771
21014
84078
37649
42725
88218
97027
79709
69607
53370
12576
15661
72673
5342
65177
82816
17027
27180
41432
45388
30188
77002
71027
72279
33745
481
74022
66917
58951
71773
76723
99660
75405
88113
79922
12931
33912
95799
65558
39097
89020
35221
39743
81186
5236
52027
76277
62475
87215
84425
75079
21775
26807
26062
59968
28194
37567
1739
89122
37130
3016
47957
27522
34510
57936
19513
48832
17159
99864
29083
21442
76339
20048
70423
55020
96968
66657
26376
43357
79525
27350
53702
52009
78756
77512
54186
74031
67724
44197
82861
21302
17699
83516
34479
63529
49121
58312
74484
34124
73695
84951
76585
55769
51215
7541
52452
2748
30725
85338
73192
43079
52786
93228
54023
9747
43697
21746
37251
27220
5786
95287
85261
42295
78965
77527
85295
23034
15625
96266
85189
35592
16306
77609
46309
70704
58096
68801
66111
77442
53276
18131
95552
65285
81398
67078
61425
41879
15577
15402
8156
61474
50928
56810
45230
14871
24514
6701
32344
32203
11433
22376
88272
85258
38625
21124
29492
12028
75579
53735
79566
11954
87569
47490
60787
30989
42388
65398
39334
82892
18977
20452
75706
63599
54034
75344
11604
98861
2704
61969
84206
30670
62534
3448
56760
55046
91890
81402
22650
80431
15124
90907
72148
72961
98025
98425
96454
50033
47857
59026
94891
81379
66540
64627
81504
64557
4931
36447
22947
13386
72803
26520
38486
89496
86500
87244
28835
1743
76520
19231
93146
59614
35679
37393
61781
42083
40007
39116
99868
9318
11153
94413
64676
79570
17022
87180
9651
93778
36969
3401
67839
43077
91485
9301
74900
94109
95271
23002
38804
78489
71271
8840
66584
94204
55424
65470
68181
18794
47727
30257
88570
64224
70776
7003
26390
15821
23579
69155
21878
17712
28550
8996
22924
86031
3012
93149
96683
72433
64947
77653
61295
1785
52467
69737
75961
47999
96794
85812
42968
7085
65925
27226
48004
78835
74217
3120
9123
17063
44936
84331
72526
700
45343
58499
90414
89150
49755
78980
70944
40840
98059
27954
55768
48546
48913
32278
32641
77434
26739
91177
35554
45917
70926
80059
18237
2066
88714
1249
76753
94100
46792
89
36383
82795
48631
85659
29705
47237
70054
89885
15446
5973
52853
62787
75187
94216
8900
51106
59091
7393
52269
54832
24055
3312
84525
51657
30729
59891
33565
25472
79106
97929
67999
832
50956
79887
42452
72734
55745
22169
81834
76958
84338
20878
65043
92190
76900
62688
82768
32194
10740
231
38284
43805
34811
12346
42662
70264
33197
99817
75847
91011
41660
11609
5905
10390
33241
82557
54168
38018
47866
23949
22730
32184
18551
31590
69289
21269
77551
2814
82970
93290
6759
78082
822
78084
90450
76429
27998
63708
95341
67815
65931
74620
21121
66681
37539
53324
47403
13704
35592
36441
92664
62774
23146
84834
76906
59792
15037
78014
63032
42132
14405
87021
53745
42148
89869
49913
50336
45440
51608
46152
4556
88451
48975
46273
37911
13372
25368
31577
65190
66662
66727
64153
84511
30278
21359
57742
15534
92290
29233
89644
24227
65305
27541
75648
43733
74210
60183
87152
43082
10180
35064
86609
78990
10159
34453
65574
19808
35478
22421
74607
24429
83850
12763
39701
31188
84500
26011
7088
66248
55598
93546
63796
82388
57182
43695
99286
59576
2416
20981
33342
58738
73359
27170
29963
48568
86432
61794
41341
73442
97020
67644
70275
63909
68744
65446
56481
15257
29426
73493
85598
10395
68425
31980
50952
22063
34105
54037
97668
91134
53058
67982
66166
18589
49589
31771
14217
87950
5802
34746
90523
68831
51809
9555
87464
58225
20147
72301
31922
91379
34740
98110
25706
37196
40903
63931
77117
31896
56189
72525
9022
73290
28268
47141
50860
847
27433
57638
94976
21235
92322
39264
7445
17181
37625
71069
61204
76181
16128
82932
56858
75846
80974
95259
62505
46623
37244
69530
43272
85683
47967
46203
20599
53024
6178
18973
99316
13133
13311
97671
78723
58476
87545
30137
34270
94431
31417
60863
69528
59287
71204
68703
41647
39351
44853
99281
23822
71351
19740
83950
11420
13060
79890
86721
63621
60069
99704
67163
29538
55449
48140
59107
63335
52988
52070
64650
7209
9000
36277
24027
91083
38264
26833
72081
17188
4552
11933
5252
63854
41368
36059
40475
71885
30576
9131
42885
78105
8509
3202
60579
99978
26168
27843
57628
23872
59656
81276
41460
89485
49886
512
90199
52575
84127
13276
49488
77965
50655
76600
3574
29340
84007
40717
38757
17327
93209
99485
92522
54826
83723
83283
24984
75041
71343
94712
82617
20066
64979
44399
35582
45435
75172
17550
77335
58857
53869
79353
76510
14590
39134
73148
25805
110
37704
59845
32912
10582
22628
80444
44565
94314
9331
6561
70048
49114
26080
14400
55227
49088
47042
17682
22219
48552
66430
88755
60253
27324
14121
60860
61087
22955
26346
23133
86924
98646
95518
22841
75615
79351
90486
40093
91273
30414
3258
9662
24157
52713
82897
60238
59496
52718
61944
89915
94814
52681
76368
52612
43887
74125
61301
49593
22841
68297
35656
33934
87895
74024
31566
35419
63799
21060
62097
86099
5258
85353
44612
75359
24532
802
19428
30359
84515
6274
40026
33116
57500
44304
71294
60469
68592
2800
7157
33732
92942
93162
96314
46307
49267
2042
59099
88737
27772
98099
76922
93363
4892
56656
27796
34616
66088
4985
16639
6734
68560
41806
59500
76427
28105
88819
83179
409
36517
61080
36910
6128
49315
96644
25510
31249
37763
28894
16778
93565
36402
63351
24022
85168
11683
51927
31215
38270
38303
11522
7460
30664
41715
20359
50001
43258
64616
47205
78557
34980
86384
2010
54788
43955
6972
73866
28111
54091
58507
31048
24958
64996
76540
57860
54311
66398
10628
4529
54968
7459
55419
21458
81337
3831
70449
56736
33293
28126
85854
31962
65943
54346
91223
45930
34874
56255
56253
10384
23224
55206
52815
33133
17340
66794
86879
73390
69555
12274
18882
89971
71252
53691
89121
36571
15425
36626
96909
9678
83205
51211
99248
84391
52797
8705
35326
79483
90164
70154
92681
71434
37511
63349
16340
27553
42631
89923
64159
34282
50044
68896
92002
54001
31174
92124
96437
19
63
7562
83948
22661
20829
5429
6464
9374
93843
41658
81447
37250
83415
15782
60134
76908
8958
7372
55485
84824
76164
56131
36384
64330
59016
94842
20262
25054
47795
26361
99163
84813
72665
37270
36624
31992
78008
28400
81554
95029
5278
50027
19128
75123
3367
86344
3862
5771
73763
66240
76750
31045
50582
6654
64998
71076
83865
69302
29844
22063
51935
42822
74870
75101
93042
55335
96735
58236
30683
32335
28844
44574
68448
62855
66772
38881
17351
13252
34941
88090
63673
60805
52716
19869
29186
66919
10292
47819
72341
68296
41392
97560
93388
25686
84971
58807
49165
49011
95580
97637
14985
48136
27792
21999
66718
30499
7680
24513
91164
28974
4577
55437
21028
20365
51769
33235
34827
10836
42127
78579
21887
25667
64252
25196
29377
66943
10590
18736
66000
53837
97996
82406
51558
38094
92195
11835
62748
65618
96190
70215
65193
34266
75364
49976
73319
9230
60828
78493
1334
19319
48475
91600
47610
82299
35518
55264
92992
60531
12915
31258
46654
44362
22865
71828
96024
91988
50953
76375
25310
26952
61300
87302
65107
65692
65931
73679
58152
40636
73686
50764
29543
3814
40220
84982
68812
16325
41913
49224
48877
9831
48526
63467
18491
83133
49234
95875
36032
75439
39397
59701
80168
24186
67813
6451
72573
2120
45370
10694
7722
87146
52237
53335
22465
9587
950
82618
76024
45204
35537
31287
94317
4783
92850
28854
58731
18843
55504
47878
96229
76116
66909
89163
57663
29115
5782
81090
75820
71505
1045
26321
52881
78412
91684
87056
50216
98483
2188
11310
31073
94332
36235
86306
14852
8576
20484
76047
92306
75447
40464
46066
36969
38677
91315
56363
19077
75200
39370
55174
98467
45709
1472
55493
66593
93526
71199
95884
32450
27803
29027
61032
65901
19282
91338
9309
36245
64908
40808
66890
20148
43269
61047
7675
17552
79335
87820
32075
59583
32604
98469
53524
77383
39374
89182
65973
28862
40734
75874
65086
50544
28765
71199
97179
81695
94569
22034
13915
63685
84007
26946
22172
3380
10138
70153
97588
80255
5502
75660
5950
89970
86084
29739
5728
64091
56586
32180
94709
98348
51861
22354
59227
22584
60974
42787
6907
44891
23350
12648
12529
50039
47335
63541
40343
92408
58025
18376
2130
761
47758
2806
29336
82368
21067
61473
7069
46276
14547
36198
44441
36271
60337
88466
96471
15646
66465
30901
15708
50789
46348
68303
22706
51343
5503
73414
32945
97444
52551
75930
42793
10339
15147
59471
33838
38158
81765
71274
31264
23653
13150
21207
84277
89835
77573
79239
28070
96965
68940
76759
66995
84033
71712
15499
76115
45939
33251
46681
51261
3930
32583
67522
53484
35361
30088
45884
2034
41889
51943
5930
45628
36643
30623
71309
45118
42404
5766
29619
88763
77138
54338
49262
26642
81299
71397
38368
37320
8132
90214
95922
44143
76575
23517
7300
77584
72086
50139
3454
95706
19131
91364
85861
61702
20482
97770
81578
69990
25086
96231
80060
36010
6664
12950
20158
32303
39903
65775
6899
27045
90793
22397
32053
41659
28407
50654
34181
28521
97030
22199
18460
38105
62114
13136
8928
57490
6469
51123
49363
71811
60477
11453
1381
7305
48172
97470
11562
65789
94025
5587
91783
37021
84483
40509
86373
20853
43846
78141
63591
37450
47190
56271
19928
37379
95768
47552
95422
13140
17841
62798
58764
51720
84165
50906
28979
21034
20225
40684
99799
39408
87797
76708
38528
32965
18233
98744
96711
11793
99504
29775
54065
15400
33962
97080
50040
96748
91427
83304
43108
22015
14665
81966
58616
4713
16635
11413
77129
57058
96684
23702
71466
38076
85191
71446
59010
32784
49421
5155
10815
71268
39001
2663
41188
84278
77861
775
99806
96648
90117
91418
74388
33448
29585
87625
39324
2202
94689
80448
99115
84612
81425
71118
52164
8086
89347
78878
84178
89268
31779
32466
21137
11233
63750
62745
20998
38697
76940
73006
27950
18347
38916
46701
46356
16162
72718
52977
46589
47407
36924
94799
90973
18981
4018
96713
74892
34352
16941
9008
85139
48002
74400
23993
78496
64092
75865
16826
98842
13141
28706
15874
14254
70346
71491
80946
67431
73506
41860
21116
30460
22141
3312
17718
92004
72665
72534
55963
82725
49856
32937
5151
18921
93425
24135
20140
93745
49897
4343
64573
71332
43470
53035
34359
65280
21656
16165
97183
44178
12060
34550
90428
480
91958
54242
97770
81731
57331
81887
36504
89394
31673
56732
71903
79097
70099
91837
45407
14537
49564
34309
79863
10248
33767
84941
49729
67145
90697
50064
37704
16471
43812
69225
96838
26827
816
87316
76991
84318
25544
46609
22708
27000
96495
94088
24036
69190
41181
36582
30437
55497
96361
68581
53851
6571
19413
51977
8915
25261
88241
97127
9343
75676
10893
88096
89422
34979
91390
39019
84519
58745
81516
5521
92546
66075
50038
91410
50979
99188
89410
39013
14708
39992
53285
41372
83742
5776
68203
88806
17219
53008
52452
55854
29851
3877
91051
85472
33672
13674
47604
620
43064
59961
49874
32579
10584
37246
84994
83102
36816
19303
73527
21983
16958
44344
14371
49839
