63405
21880
26620
15740
71034
62042
63505
2642
89743
95362
69784
82092
31719
59559
65868
41898
26425
61604
93615
25650
31983
34171
95111
70146
47829
64486
67875
57742
23820
7356
95260
99578
5630
75515
85846
63093
6028
23448
36838
56880
38498
84801
15597
25850
72492
73003
88482
92537
50147
90557
78381
96135
35968
47256
46480
40999
77329
45793
57152
75554
65897
80557
5585
67747
18417
64776
6129
68363
33788
17409
34570
72049
87225
56374
85451
4826
53025
3063
94944
88976
49296
67930
50461
62531
67633
99291
94138
13465
11538
92493
19544
94451
64439
78241
61858
34557
45706
90193
82479
3697
15600
7466
98531
39562
45718
47156
55765
45760
38250
53632
19979
79844
18439
28781
12866
17305
84392
79702
45354
70349
6397
51451
54062
10675
73531
78539
34033
35679
42606
80139
55988
82013
79402
22085
83540
85838
82463
95408
59248
60735
38827
49208
7432
38536
8617
11114
18241
94303
76775
96415
92485
34294
67221
91842
80615
81847
83417
4767
19812
41946
82112
15049
78373
34049
27727
15208
49953
52529
58007
21118
69567
44877
44743
30997
62745
37264
29275
95079
91485
16935
5747
59208
92589
16137
25822
43700
60550
86324
15669
13169
92797
92068
98372
60768
97317
54034
3363
69830
11086
63240
36003
70929
91335
89117
57763
58857
68740
13809
70210
20309
98811
55078
88783
78919
21896
89849
98909
93797
26128
84892
40946
821
81090
90833
42911
45284
91865
77797
31305
84563
84895
47494
4293
52926
19244
84450
60771
59050
97068
27518
25633
33931
99390
32496
11137
71471
3544
97530
11093
3915
53832
42980
91990
68608
87317
14644
77395
89865
79557
98668
5863
21475
15000
85792
53539
54041
20753
8562
40683
23115
68500
60844
58397
16699
27083
44857
40587
24917
63010
58977
62698
51832
42835
57088
42595
18820
18972
35393
10182
21954
71724
12060
95551
55146
43133
81097
86017
29077
86042
159
30014
19841
8898
57294
13497
7098
22053
93685
30898
56843
83851
47777
82304
82145
20948
25379
18302
24183
92890
51661
40476
73283
67826
67017
84342
81117
89298
63989
31009
56007
3404
35807
83777
11198
1176
55864
89977
85340
57873
47256
61466
34790
78550
55631
56796
90489
75856
20611
38474
51628
68274
1771
60727
8802
16188
30087
45167
25550
61339
93433
23081
97475
50955
45412
11512
12184
54972
12831
29409
8148
2162
84726
2150
36091
77926
37662
44257
6901
40874
9107
24685
35479
70218
4304
13821
77297
13774
70633
78704
97939
8700
74856
70588
26684
62842
75491
24519
5569
50289
50838
60885
50615
7309
67203
77820
70717
80929
47842
82611
8808
62599
70182
89545
58220
76357
62223
97810
56356
84939
60357
8315
28671
23833
55607
88959
10439
30014
43920
7410
65967
68027
80882
80826
17080
16485
41106
25374
27200
75817
20816
97463
16808
35659
63506
8195
49856
22951
94460
87064
37265
53944
43309
69205
16934
16726
21369
69492
40216
91834
27999
53916
7989
61789
69830
5651
24492
16095
37657
3313
81560
5380
62076
89327
38311
53945
45961
23071
72837
28820
14764
19221
87882
10904
87415
19138
61596
22615
71843
67649
36738
78611
7524
59722
90887
47389
58823
41029
73031
39999
35466
40953
12954
36245
82648
36418
10329
28949
69152
42016
29361
4111
54354
428
53571
38800
6485
98086
87958
84705
28199
59561
18938
44972
6578
48736
49178
70110
81927
9522
5565
49096
68315
21945
98680
37632
44026
93169
55540
6340
44652
42635
54231
42334
82786
72609
21650
17571
45501
5668
71942
17238
87100
30609
62772
86858
28703
36258
47040
4132
33789
78464
19777
31870
50750
62166
64968
33384
78422
20674
70186
4362
55295
804
93611
64516
70737
19161
56585
54678
89217
27521
27458
43579
92019
70588
9955
16656
19709
27475
87631
13363
88474
9747
36424
14886
26856
85428
2652
61555
72095
31096
79983
44810
1518
74479
5825
30277
69235
14423
31420
92748
64854
83233
44029
51124
63714
82702
13724
23843
25762
20153
2777
28079
83669
11725
87557
57764
73325
77207
53098
90916
89417
96695
54904
40424
26444
62608
64398
51973
14458
11583
29953
29226
35408
1192
16523
17446
19069
13611
1811
73638
11808
24406
42868
66620
70527
98580
77229
92699
92993
19843
60901
45023
25417
87299
95737
62281
43311
52042
48548
39272
14397
58005
28778
62164
56227
2425
94336
38803
12599
99192
61979
58462
75276
53967
14419
40190
32654
48011
45812
66704
42552
5755
78594
1448
51890
43457
46822
59825
57994
92387
68633
50578
77421
48990
17387
27885
16546
76762
39025
62593
84580
16888
91945
74831
5659
1831
19723
33529
1557
33686
4909
26502
52613
66725
70835
13027
39160
23316
9490
26307
61169
87773
15520
22055
8256
58013
63545
54105
33603
17037
17744
38514
97241
48111
73744
63740
33695
20100
58638
3281
59465
59802
77774
6146
51134
44707
58030
36980
56944
38016
3698
4292
97335
2108
8429
89035
43978
74582
34952
17501
78873
80215
37843
42860
28521
1953
77894
80265
50349
84200
67058
54122
53085
99322
28552
75527
24470
64249
37413
40767
65326
44458
77530
1975
21714
32198
1300
99490
57405
65742
64300
381
5943
22907
53740
15857
4841
32595
42940
26651
77016
77656
52105
30696
45670
17978
58674
89722
85568
97389
47342
26504
86724
41045
97597
13089
17652
27037
3977
70832
18768
12488
21560
37340
14291
80159
43889
77799
5900
96008
1161
45430
56470
44887
43881
3663
49206
56671
46782
1118
61554
11905
58108
19539
67977
39045
56496
453
16370
5799
96512
24314
39220
71720
64257
24542
9023
18629
78262
7280
75782
73317
28703
28861
96922
50091
78533
55204
74788
10315
53920
37784
37502
12058
53124
57348
5166
20575
24678
85000
95456
42117
40046
91682
90879
11218
93083
39112
51248
33042
41453
27154
24332
96972
78355
53813
51288
82134
85297
60521
30402
66981
88622
26379
5145
11740
25944
58943
93161
37605
39508
94670
79698
47070
97158
35917
8709
53803
18201
1022
37114
67978
77131
41903
83889
76291
98392
82017
84163
87549
31906
48675
55140
63598
55482
19676
33175
20235
45645
61896
70605
81245
85902
67834
87964
14677
50684
76927
17977
94518
83728
97923
65586
15632
39045
95309
70761
94989
5124
4005
55760
64004
94090
12246
49886
47243
78105
30255
26124
91210
56280
58115
56911
75691
81447
56848
96882
37165
30116
98621
61807
94295
68307
85180
34889
37033
28782
97775
5833
38895
23272
32071
97332
63631
67103
12679
28069
5825
40126
3399
53900
82430
79276
93460
84706
77041
54997
62229
52456
46283
5650
91753
1468
46643
25623
96012
13238
63002
9273
41240
21669
13899
61819
67720
48833
11553
99444
48920
11949
18804
67902
98056
88139
715
31677
18944
38747
11253
76905
52493
14834
75315
53338
47336
85939
2572
19248
97912
54572
98436
86813
14574
77808
26791
45103
3695
73612
44960
70493
41871
16264
30150
13036
5111
58269
35605
81919
38473
45005
16954
84634
83803
16419
65384
38833
69471
77864
54089
81074
89987
1151
91886
17867
59380
29854
39975
41017
67773
18985
87502
72110
11054
61068
39453
94814
91960
14389
47456
35910
91828
95148
96581
76346
17859
5969
74224
57770
85904
12304
24971
96784
30226
20482
41147
69944
8046
6755
21773
31884
81017
53836
46127
1435
21818
39213
64316
7878
31566
9865
78831
48071
66886
21197
86841
16222
27018
36846
78285
25561
30849
66590
34584
31262
20040
8971
96846
89017
29504
92820
21567
13245
77925
35753
37577
24953
6520
43838
8327
6168
10654
58027
16551
91604
79777
43939
21146
56825
44820
90319
62852
74770
39988
91911
90995
81042
53322
29900
85708
88288
57230
34277
73216
69920
57381
2356
8382
70106
68810
19699
27363
4938
87787
57649
64460
71971
86186
98563
11372
9664
20100
46792
38200
18249
3279
90590
51456
50334
20892
52731
99097
76227
74011
14089
39669
12680
42686
44992
51827
53588
34870
7201
74419
38894
48826
43469
30370
68775
9638
37824
7123
12679
85695
6542
74575
87154
62644
40632
65027
55991
81345
8490
84888
89589
46253
89684
4096
92202
92500
57571
80044
55418
34911
59323
22651
73016
59438
5492
41964
98836
17271
77838
19604
13217
12488
56499
85227
51074
81929
96775
801
84976
36349
99310
68142
51242
82343
29754
16679
59162
35338
31279
82381
62400
13384
2198
83295
71389
16876
47802
44175
96990
78019
72354
61362
17123
10756
90315
6257
78443
14577
6114
19901
68190
88693
20283
46176
61911
56909
46673
38862
30539
22276
59034
18777
41018
22295
68581
3684
31281
15159
68979
39983
97946
55692
78704
14162
481
86038
56236
59109
48259
41679
67514
4156
37621
23021
37349
10544
18606
75491
95274
94199
38546
19559
20406
64822
28764
57678
40380
92845
95368
25876
14739
47280
33978
97048
1290
96374
5710
22179
40009
80939
83837
76937
38310
77600
1736
16488
63040
25186
87109
54158
50907
49384
85763
21303
74392
13830
56795
64723
33264
59902
29205
94278
1230
1046
22996
56649
30534
27684
82079
88079
77494
81030
37869
38210
1143
33711
53260
57643
17183
84316
79118
74128
37495
67268
48305
49271
18196
8589
89130
521
72085
12764
91309
47218
77847
84164
17723
65765
20984
89536
79752
4316
2310
1563
83175
38813
47267
57356
44245
29817
71000
57280
68991
85934
83923
8304
19793
56396
33726
64721
42237
49108
55549
38793
35779
52859
42468
40031
61603
89007
85011
52076
35420
49841
88591
22670
20160
45408
81629
65052
79062
15318
45342
47763
17035
19404
97730
3982
85111
37497
87530
76532
59528
63319
84670
11180
25773
41286
99975
46507
9600
57706
42027
13198
97008
44880
79715
69955
26442
53742
99130
11009
21860
33320
3012
7257
12263
26830
99832
44100
53206
39971
81964
94363
44223
22456
93036
8102
44924
93239
20374
20716
2886
25628
97749
53129
72664
92157
44855
31710
70363
32875
82669
44194
42067
16784
84543
11925
58181
33848
94794
70613
17795
32621
61688
35370
98070
51354
89914
28669
68679
57041
21955
3430
57482
15880
31812
52065
84231
59741
23391
64130
50310
18075
66699
11040
37878
70261
85220
26445
25211
5263
65643
18022
13586
41756
87745
34981
38561
55265
41660
36116
53696
66360
41475
21468
94206
24753
48140
39707
30546
71252
77008
24468
16159
59618
62823
80256
99682
50361
73669
33123
48027
34933
8016
27642
31222
29075
14141
77072
18229
99793
80422
12239
32444
69810
43851
84403
95160
67709
80834
91482
69677
23237
66140
19224
31002
51076
98069
60455
67819
28992
73719
46108
56827
68847
70604
22869
9508
18583
37662
1294
22437
22990
18446
77458
78702
61376
84269
20911
52459
45807
15641
22082
29227
58965
66807
20530
16876
27972
29674
23513
44740
61039
398
74524
84334
1314
49396
62107
24720
99883
95482
74660
73029
8860
56965
34690
96491
39048
46302
2259
96331
92651
17894
76632
19233
2087
42615
77445
73479
33352
59961
6296
56226
51145
8254
39878
41320
87984
91995
99857
53421
15092
54243
50966
73993
27615
49761
97090
8839
98862
63249
38149
11692
87061
39548
37407
87586
46719
93615
44502
97249
19124
74903
14346
12281
61427
97595
22271
2462
97406
37493
25466
48720
34709
95982
81895
95685
84507
44949
72311
22806
71605
66428
43335
1379
97201
50928
59003
12643
25635
60339
59881
57069
12426
66423
91346
86268
96273
31160
28172
93410
14001
48183
95578
42860
20883
64719
48669
37550
71892
81430
30627
45291
45890
49394
92958
41634
26915
2517
51760
56600
276
68214
578
86687
3311
96621
70420
42784
31846
41419
72526
19018
46859
95060
7765
94070
12338
24346
12666
92918
62574
47223
15116
22266
3064
26406
48654
62239
73391
42271
97411
86869
28889
96333
60165
1067
30151
11150
93109
34713
40918
99239
64204
61961
22674
69760
71632
10690
45749
9891
68355
26899
88141
25165
31925
47033
51068
74126
6074
88077
54329
83107
60151
92813
72819
53901
83413
11205
2710
27213
10167
65370
73094
38591
22120
57107
98952
64752
974
3204
31489
26558
15196
74584
42229
84138
19075
26490
88369
32956
64135
41824
48325
73076
62640
86837
48233
28200
90807
15713
39296
5311
82753
50648
36026
95464
29288
16156
97843
79960
87060
78959
67705
5662
33736
99513
54315
24965
9817
96306
34140
58918
66618
84172
35575
15718
61202
84480
50589
93075
10863
88980
92521
62903
65428
68262
46485
49975
48366
80856
60245
48586
96740
1272
41473
42937
11500
7050
2897
4528
76411
14228
39457
574
45364
4486
2739
94990
63938
1572
55347
3394
67745
27857
21846
2633
89558
68633
47836
15390
62558
57307
67700
40317
47908
69202
33694
26433
93197
52607
31916
47263
33869
67701
95554
28377
39612
47104
33661
99424
19107
64978
75088
51913
43984
82348
38377
84362
63114
91109
1138
1426
74238
48026
2803
81826
26135
16434
80244
32332
44236
51949
26688
85830
24116
25033
74054
56363
82325
4432
60473
50863
28185
89473
62039
12124
98497
41049
12807
28109
85332
27358
55227
37031
63504
14152
11989
71023
15138
63532
33094
41164
71280
39174
72946
5498
78355
2755
98831
96136
60770
63913
2444
32431
78249
82659
30541
23375
27001
2476
22901
60807
96024
53623
41373
51089
39065
825
88608
12376
82887
52820
65113
21942
76219
92192
26340
68655
90670
9240
64321
56036
13288
1663
48856
53780
17270
5325
61398
16693
92185
1145
78581
77611
39739
93797
67033
81795
79869
45537
7415
7599
30604
56765
5648
5886
99891
38574
15995
73847
88073
4508
54657
5298
83947
82822
13282
15571
32388
37842
6037
30052
49128
84949
57644
45134
97280
55131
12182
74771
89184
78580
99486
52971
84821
34395
54384
91576
95450
47140
91228
31432
11785
18050
7347
48808
42318
59506
97294
47712
34615
85639
41743
47982
5864
49171
47999
72066
97484
89102
61206
44436
68357
61190
25721
93885
64900
10276
24093
25240
11604
98039
2313
71862
45905
19327
61434
86968
34102
38999
58273
75757
99348
10848
26695
99817
44606
36263
35120
87134
83777
79634
88317
56825
74098
81196
7115
16859
9983
19754
63546
45170
5511
40441
73480
52340
69893
28038
17499
98744
9448
67786
39485
95665
31550
82896
36897
60263
12718
94149
48869
66195
57221
3642
93008
93911
58953
66233
71866
15129
68809
60418
43915
1274
30933
61440
62779
1782
64106
7885
14841
60762
98469
53118
35079
94941
48377
24460
23043
46973
59868
83937
49856
19512
57980
69884
5362
19235
62606
41888
42889
60873
63431
89695
3317
38756
56067
40670
10408
40241
68067
38470
71449
26067
17300
49479
35588
98503
90250
58120
80078
69503
73868
9679
48135
9918
57864
32009
76008
28815
71911
56471
40284
32802
30267
32438
76859
22339
23925
68969
26737
58648
77332
50565
39262
51512
35800
33529
73750
42691
82068
81080
87657
38785
97281
83076
6716
80219
58607
74264
5110
68784
95254
16113
75159
32117
71531
34651
17538
93805
58735
85460
34204
71136
93089
39519
91405
53979
26740
42056
50851
57636
55579
42479
79637
31767
30144
79410
62949
31618
99316
62587
99391
20058
74848
21091
92990
41272
347
7073
33454
51828
98548
44084
32556
76732
24815
60264
22825
80657
25709
16648
65261
79678
72835
32417
35417
49269
7789
57359
34725
73000
53307
95399
41159
18913
60521
61535
22805
83679
43405
51389
32226
48781
41162
98555
68900
62817
49441
16820
66551
91790
74375
62318
52314
86598
25265
20740
65718
76175
33963
70030
26303
75968
19657
21679
99828
75417
25205
14363
43200
95389
41095
25347
20099
42541
79763
18654
61930
97825
52507
31510
90650
8421
21637
43661
95565
64783
86664
58474
20211
36729
23648
45539
4505
31551
353
11560
18951
46006
5448
1482
56067
46790
19628
23206
18932
16198
39315
6706
83777
18547
29602
94211
27159
38028
60973
29560
29257
97325
23564
32807
40530
4998
99278
2210
72630
61720
92295
4902
86022
38507
18213
47328
24322
8975
44289
96987
74361
1837
84432
45386
26861
73960
18841
74958
81713
99734
23777
75429
15956
34997
26818
46353
51479
72076
13018
69792
49338
70943
30303
1692
55765
51182
2705
14033
19234
72011
61032
40214
49144
90454
9740
29370
81201
59894
24452
63757
40557
90934
76198
88584
64432
71802
33261
84537
64935
86685
57032
79887
94312
61353
10382
61247
5239
29745
71184
70513
64453
89646
37447
14346
3890
94996
87277
79254
60243
95761
56935
10225
45679
75522
6559
78323
2595
19761
1297
92822
20038
72654
34395
24037
40774
28201
33175
24995
80817
9354
86693
71892
89648
59565
39233
21356
68654
97661
29077
88370
73622
28588
49863
37617
78010
26092
96146
91035
29040
4621
78450
56506
3383
65075
97881
37621
70999
49747
42143
17243
24134
54443
13302
40143
80839
13723
9819
68048
12589
70436
23144
17283
11966
55227
38535
9503
79826
36809
705
13653
34107
28098
22837
92250
23742
41568
34916
47635
2463
55548
32872
85884
71675
21897
62437
20469
7631
93293
32664
76521
59190
45308
66380
23068
64175
28467
33515
85296
17917
79565
15313
27540
97671
51045
63773
73002
83136
41417
69473
95347
49698
25656
40760
70138
86163
83704
28087
57145
79850
51926
78460
70028
97707
72187
41955
87216
81325
12135
92504
63031
84060
74188
46182
81676
76570
41258
1838
48285
545
76034
95667
24714
60292
33626
48882
57288
10643
42124
99856
10513
79197
59979
75275
21324
21904
79315
6226
58197
92
85515
99664
43689
5461
71130
53252
16273
83223
11395
82668
52616
48324
61887
26400
96618
64969
69494
41531
19291
3423
71641
17715
77073
58669
18814
5098
43711
85130
21401
87389
78174
87648
33236
12474
99130
72364
82795
65134
87447
37538
21542
6428
36319
95982
62996
71818
83337
30741
24800
45237
20134
46650
51539
84485
1675
29564
27014
45340
95510
29884
93761
95559
58976
42301
80693
14135
63454
63044
76403
79305
44211
77311
86343
31137
2709
28290
88596
3894
21530
30028
39341
29926
84831
19400
94446
5546
7284
65327
7605
69445
56168
68299
54303
10006
73037
79127
35075
813
75144
51394
64549
89369
41111
7314
97721
60735
71455
5349
31189
47048
16529
96498
11857
50386
59288
77102
94429
69926
53313
64043
3551
39625
37799
69819
44231
94156
77243
44306
2737
43614
44525
59049
24599
75554
81177
76063
86768
8763
28176
31578
12585
75011
34082
45931
70559
13275
29925
44528
93078
56733
91397
7634
81432
46125
82824
67087
47405
20462
2684
27026
30420
65265
88352
59294
34012
26056
32876
38442
50273
48664
49277
99366
37638
29965
43393
85691
58539
82567
32283
67953
12299
35794
2580
14314
58101
18484
78815
36331
17605
10464
11910
16443
88223
26119
6070
76452
65319
70670
77380
80599
81823
39706
33146
74348
52190
66152
18690
69095
46313
14297
55854
60757
70513
89867
80994
20438
99050
85219
79551
43125
28099
79045
52908
92690
78310
73926
57795
18816
80685
43385
26069
79754
69439
37638
37403
6289
45190
84953
53722
23921
57358
76918
70610
77377
2045
67530
80707
22905
39753
89148
6813
82766
19930
79427
47874
26457
99838
55761
47482
56118
71650
44685
37523
46407
65076
82846
89811
97944
87730
7011
3964
95006
22670
68256
31514
13401
25313
6707
61900
1913
47912
98309
9324
84156
41696
21532
78717
30869
6906
75468
11600
16073
63866
10797
72051
46738
530
22312
39831
48582
83542
37708
92700
71666
97372
85373
22971
66720
28690
21580
65615
33176
37595
59937
53377
57347
53447
38261
9231
5578
8270
60444
11097
74525
16073
4671
43815
9296
95342
60008
31002
73727
19942
69686
41038
274
57292
40081
30312
75771
57988
27415
85954
37116
62645
97205
3312
8358
38437
8785
34830
14909
72655
12292
10632
81015
51363
26469
12389
30115
92859
90144
15857
64966
17654
29670
32870
48960
88403
29246
51222
16941
5259
12441
23672
30088
41866
81731
50028
10250
97228
46102
87181
9168
95953
63048
15826
61594
66332
31332
53664
76592
71950
58870
9904
44223
46489
44096
34584
70049
76356
97930
68793
99195
46394
13046
69925
77984
14415
19921
29355
76050
31409
10790
48160
98248
39430
17165
43051
89772
23464
15712
2892
91675
86874
8813
68010
88911
3429
65384
66073
83802
19699
91896
62629
14088
81927
70610
20477
55655
45207
76707
39390
6179
9672
19846
20603
64618
29829
99061
14534
52942
68571
61916
64510
27625
99155
86666
1749
37082
27628
18913
95676
45421
77781
4844
83469
68537
42981
91664
36405
23171
56759
64059
13116
35840
25381
14426
41074
81432
63167
33606
6136
19654
67944
83934
39368
81980
4910
31728
86434
96163
10532
59696
49941
78656
58685
62187
31270
56626
67719
71446
37151
75191
31170
54335
73623
24206
83676
42789
98490
4632
55978
70532
67605
472
68677
29576
36992
30393
86878
45731
56296
31695
22783
82457
32856
94549
7264
66840
13155
44982
75651
6310
89137
23527
54892
36370
79204
59921
65600
65676
62053
15436
63769
54353
77264
27911
95044
5919
23481
43429
29208
76327
11353
25057
5426
8704
92601
64210
2385
67095
6713
33673
77835
51300
57534
18231
48106
32889
32822
42988
89063
44180
15049
91546
32449
21875
23902
15512
53594
88103
85254
16578
56943
14560
55817
80382
96145
27208
46828
85529
52389
33677
50332
28784
70484
66582
42906
38347
6063
9718
48738
32035
43044
84638
99833
59556
629
48973
86610
48558
5115
71555
81278
86134
36375
56947
19278
14921
99664
62423
73702
93232
67054
26173
91711
90510
97170
27262
24409
19303
6800
29967
99868
33371
38762
98737
13961
43376
65706
2948
39938
21230
47195
91224
74642
7331
69285
97891
76698
16839
78723
43471
94169
62873
44131
37835
79767
27528
43481
3841
58927
64431
47168
16360
5943
91896
50446
2384
72237
93857
70003
96986
95359
60123
29070
49642
70871
67407
48044
86709
45538
68219
5566
37556
19995
87098
65078
58683
10936
64994
51229
6051
52176
98791
63476
58531
69704
3677
38469
31678
1657
14426
99749
1141
98880
4890
44360
61053
86530
95516
19073
31339
89241
86442
83061
49356
42079
98678
25499
20754
40886
60703
97810
48264
67505
17811
29502
79430
35651
48622
45729
64960
84034
51585
71410
20825
12119
77134
88797
57205
57253
91216
58103
1259
75828
81719
28220
66586
19129
51345
36422
78003
46852
27588
13356
94643
75845
14711
90069
77492
98715
30353
43703
92762
33403
30457
28977
64520
38841
59260
14081
74613
74198
64269
21090
91545
61095
96519
56166
8033
90269
59982
62156
97282
73622
69780
59262
25866
8768
53687
86442
80754
33605
48743
84443
12079
21111
57094
46835
95368
45658
8744
44839
17954
29096
29497
41527
4375
61509
48574
12041
32230
69760
49555
65472
7875
81090
43252
82878
18287
3638
1751
68243
93090
57717
14262
69537
35845
68396
45707
61838
8444
31949
64117
59013
57760
4079
60119
99625
75339
98883
86590
19703
83180
244
16227
85591
72795
55322
30023
13438
61031
82683
8219
50020
50506
67550
31458
90429
41182
52046
16430
39894
22728
61255
73799
82285
4243
84576
14378
39789
98936
87572
49550
41893
11193
37167
77090
23492
53229
41330
69650
34164
38357
26052
12040
50544
36845
53973
53166
3938
2047
14031
67058
75518
96881
19867
49347
27701
13534
2509
37016
96438
770
58862
38704
30151
49007
26308
33972
78268
98525
55712
20632
15730
97119
80675
42048
60427
27792
62061
5759
79142
26059
64100
13435
42266
81722
9854
86829
83919
53703
2572
50372
46105
7054
11523
78697
13233
32211
61543
42204
9042
40016
68150
11806
20237
79495
75694
97896
77994
92406
9660
87001
93916
8424
22818
54765
55999
58151
16452
18280
97712
56016
87856
3986
37065
11743
64967
22204
95415
36585
35724
58880
93210
32393
15624
60135
72217
75410
26520
23909
73472
73891
19700
31166
72023
57336
88380
58508
11040
13661
9888
45752
39692
54909
4909
97478
79834
42873
56815
60045
25997
61621
71784
65251
97673
27852
34539
92952
12714
72931
78165
61721
84961
95195
60297
48661
67980
87424
11174
37500
41745
22527
86984
38146
29687
49684
26391
94627
13313
71809
26703
94945
76807
51098
81549
34025
95442
85213
25555
18356
89588
46592
18969
15977
11906
25603
80368
34784
27056
1028
61300
10177
24263
28113
83661
94282
96293
3960
87618
43439
15441
25466
26267
66044
45625
54174
2897
68918
93354
75329
70932
69248
47243
7211
53720
78682
40343
88510
73149
49219
43989
51976
49114
71263
72885
81687
8998
52403
10537
83212
73538
72941
73150
25096
99014
40833
45590
10947
48263
41934
57988
88763
97153
28224
32451
91529
10695
66606
82002
83024
66052
1155
44016
99087
58861
98394
56464
81462
48293
67810
41145
48309
23116
10433
64125
42511
20965
90549
89716
11245
17027
51958
50804
76239
95727
26103
5263
80638
26328
88427
77897
44861
22072
3236
13557
93118
18975
14486
78603
51793
7807
14906
47432
34294
69683
77359
46914
82868
92940
12859
61381
57762
82777
97424
28783
2050
34546
70377
29541
58222
61921
70195
15760
37418
238
82089
55096
18841
32646
87927
76027
73548
26631
46688
26505
3413
65994
36443
79199
70426
11854
76376
63583
75364
29981
70305
3336
52247
63901
65531
84919
61116
67157
10540
79258
98490
96793
74038
57132
35972
97877
41345
98963
38283
95634
9463
18226
1620
57832
19337
11722
93573
59072
94223
19572
19096
30947
64173
66612
86610
78469
28689
91099
89805
42952
32568
45659
35410
43535
26448
53735
44418
2272
10776
60647
68051
12724
45828
78933
3800
64318
56477
44951
32697
469
32005
70489
46594
6784
87224
92422
12695
88413
97134
57347
78533
29102
27133
62440
92180
35937
71675
1052
30137
25563
29761
81420
9959
45184
91243
11047
11525
86657
18267
8569
85691
23682
66846
22498
25670
77703
89382
68082
3659
3067
65751
40548
37928
96924
60093
55988
14086
3974
82746
27070
69899
33210
85854
22069
98252
59147
73327
65212
26943
74534
25768
72900
41710
32347
80829
58211
67943
30028
94364
4653
38161
65232
98095
95762
77370
64805
56478
23028
33355
61776
41906
78211
63837
26802
30996
28118
21956
23433
84628
63720
91785
37279
74598
48557
48790
14003
16198
50448
1419
58083
78524
94442
33101
20083
69275
20865
97982
84156
81347
99419
39720
32692
70758
93885
30674
20117
62408
96068
10997
49709
80127
43647
88041
80002
10106
34375
17144
48640
70622
85565
83572
4544
38315
26782
324
18326
96926
57221
34553
1111
28368
64509
17311
71429
5979
41409
28848
4697
13948
83283
62466
88780
29972
43285
69153
68130
81160
55463
65367
87123
37865
41949
71623
73783
39118
22140
45209
50190
87645
37266
31599
68489
76168
88271
35638
8760
24052
78883
22073
24721
79637
90773
32528
44954
27766
53566
71125
31379
65332
64000
85975
41347
50154
94438
66023
65693
83495
38969
20048
33806
7995
2587
19300
19046
81329
81284
90545
13441
5910
31255
58226
39505
63992
89633
37666
99370
6921
47373
19563
32617
3523
13798
68316
60610
53381
90250
43834
44133
46364
64296
75917
99819
67197
70806
9115
5347
8334
71153
62770
42100
21668
90577
88895
99086
84647
53064
3324
14929
77970
43032
65669
39673
55031
83150
59051
81349
351
18143
99906
60451
45935
29885
61781
30393
8038
71061
36441
914
63459
47177
15807
37156
37027
49573
69539
21882
32616
99360
40130
70307
24885
74609
21960
82165
82197
85899
14599
68767
74972
30839
8772
80811
96038
61197
42219
27148
95003
62894
24834
84361
45492
98752
54747
133
56119
55623
69508
99915
52125
24125
83864
73683
36821
174
39512
42099
53602
79858
72916
97221
3679
78919
32707
81169
14339
82731
15219
84439
10624
91027
28090
84795
55109
56619
44555
43821
86019
85483
42532
93523
94444
57905
93827
38262
51703
98625
19513
43942
7648
50870
33591
86027
44973
47043
28485
98889
93708
59947
42930
58863
96215
70713
30373
93852
50010
25949
40273
87118
5003
71236
59912
2696
25879
82259
84134
72095
84286
88127
33646
86018
5781
90443
40915
61444
68073
3519
18540
19304
43939
95682
51658
42215
51783
29108
7846
55360
27894
38635
23827
45085
19764
63336
53235
40477
7876
54868
64358
78756
64175
65820
29725
47483
27843
49030
9868
21253
93336
32079
46365
98784
398
46787
46721
81620
434
58968
26338
5275
6143
33896
87349
61677
24482
30409
66955
23239
98582
89322
60262
74199
94797
85484
93320
54854
55184
3002
4134
94690
87197
46183
27132
59239
1136
44323
94651
86762
57245
61081
55229
21954
41913
88904
24985
72275
99800
26972
77106
73720
61104
98665
11178
77996
85853
76611
80179
76949
65086
77148
22438
52142
35229
36475
17133
35472
63628
52213
52954
636
31819
82667
35611
61287
87302
43136
67461
90659
30010
67093
63277
42821
42296
24419
16662
73592
75906
79413
4644
59262
62003
31807
89743
77502
71611
80638
43859
24783
31880
94862
18180
8351
84352
28162
75359
67584
97515
25571
10652
9424
29325
13128
15904
96995
58225
78447
6958
75631
77505
25013
13309
6868
18226
7416
20293
10406
3068
39238
40435
25912
37607
57825
21533
72967
33633
67858
53199
52960
8684
59270
56099
92143
47989
39593
31406
86021
31934
39454
13687
97125
61502
80633
67524
86635
6078
29913
38349
96409
52740
79365
38801
78336
50028
6498
93735
29511
49362
98798
82381
52475
88813
81372
72572
11667
74901
93868
8061
47455
74373
11398
64340
94765
49436
72659
60186
96215
84829
93689
68874
41644
69590
18865
50897
92793
56093
43270
40968
73332
65590
70828
30525
82373
18130
27898
7949
63826
3730
66629
62415
54981
50313
1947
44298
93948
26879
9305
90438
3276
30066
87145
85920
11891
4918
63772
92247
78393
45661
53760
77475
51906
76594
17726
86501
88531
31871
32083
54841
78206
40815
24520
97385
5323
83662
13776
48059
42885
46604
11965
72651
49631
37920
63104
147
48705
5353
66331
93542
81075
10768
2212
83708
3812
4809
67961
30631
65303
74233
22107
48293
18795
82225
36201
7246
65414
86136
74169
48941
64669
23783
49940
88844
27491
84333
84527
83912
31851
72947
43522
70979
2299
98906
70695
19256
70351
51200
93233
35593
50119
94626
97767
884
65359
63419
95227
85252
7177
88843
40971
57988
34648
17235
98323
38926
35083
26460
47788
86434
58789
41751
99813
2834
76261
82271
45565
32378
34199
34043
87578
5229
51990
11711
71946
4490
21148
8882
50771
33549
88103
31819
65081
1346
43178
70004
81004
3541
89933
61009
17738
72069
86818
21498
92184
95607
45574
46435
47737
38790
47055
10140
86152
93111
57656
30421
29400
2155
48518
43674
53414
41134
99318
40124
31191
68621
49094
21519
6036
21092
70556
24720
69246
30421
43223
39519
50319
72757
11824
27690
77519
11520
2572
810
27151
75373
88001
95942
44678
8380
63586
66581
92422
35179
28617
88706
51290
65224
16672
26248
53406
75489
48525
15292
93371
24023
28887
86250
24606
75025
70137
20760
85011
60141
32866
85831
89891
37873
13861
84343
86535
36000
44324
52490
97160
12968
41941
57601
5589
35703
45198
78530
18688
99950
67186
7291
93654
46222
59096
57089
85528
26735
47540
18833
40602
70128
48420
14743
8728
83048
9529
79213
97840
2299
95808
85531
79040
98152
59692
6717
36221
54591
49314
43906
78285
89648
41569
55792
94210
61918
81451
14181
34515
82867
61813
7609
80088
80653
83335
73535
12193
34742
10928
52234
63860
74417
98089
35916
39490
12208
4324
8250
70117
26595
79153
31211
75960
17835
57772
42175
58067
44044
10855
95517
53601
27649
84144
22484
98944
22505
4094
64899
5268
30015
13373
46132
35912
97767
58388
85794
85762
51972
75471
31388
63842
32295
60430
67394
65559
6082
42601
25900
99070
92891
29022
9354
46424
33788
20377
77990
55814
45383
89087
98598
44163
25286
92246
61549
94335
27264
96852
29601
76276
33320
78115
86535
73831
54256
41614
67818
56764
32603
30795
22075
18486
83887
82821
26899
99786
91465
48900
29555
25150
72619
20699
24332
86948
38512
77710
62651
86957
25217
54878
25324
59340
8224
98419
52639
36008
95808
73637
56456
67997
96568
55334
68656
57199
49165
77967
78554
58572
32556
40646
20096
8125
76089
31817
25659
2089
40289
52346
88545
84871
62028
518
22152
8701
29711
12467
49577
68922
47550
35046
30624
49644
69566
751
33904
34238
69335
26258
44643
50162
55433
37618
93519
92695
96790
99483
92884
89319
97341
88364
79650
84768
18151
9280
84312
66941
73850
26328
75399
84368
99339
69574
79381
12542
84816
12216
82653
68183
50003
18975
18899
56784
28643
29884
94949
73823
52901
74726
85949
5586
64936
5850
97316
43053
21557
9311
27777
3934
93285
36436
39582
76254
94348
20089
93643
28679
15412
34935
48252
55980
59429
68301
1005
21018
15295
91096
35975
20969
42570
10494
45466
19678
48037
3286
56490
5569
35515
47256
20454
83157
62387
48349
77491
45881
99686
9554
79015
2555
6668
9311
96017
12628
16335
45966
74486
48291
5249
12474
62967
38442
1482
42102
42798
92063
44089
45590
49751
5584
123
56862
42412
92119
35722
86886
77192
40053
19069
16486
80461
65710
30205
63716
12480
86496
87927
88023
33778
44417
2605
28022
8666
58549
36904
65794
96542
14217
40072
53357
39121
39151
5915
79078
78774
47926
81772
64643
22082
76548
52883
81065
56864
7315
59435
95738
96846
55654
7232
78619
29348
15527
41127
5505
12245
60318
34760
69816
77102
38575
38358
20688
51803
23185
55807
68548
89001
34279
79038
21768
93030
82429
34894
91278
34724
29824
15833
16437
16605
77818
66063
85423
94705
84808
98354
63246
57226
70074
43182
79946
92128
37159
73318
97745
27353
34699
91817
69835
6952
95358
72932
11529
90102
85105
67281
63242
79038
22439
87565
52266
81714
6830
43655
72167
24156
75418
26963
32560
43295
87580
12735
8493
96539
83524
87549
52838
21614
47216
26495
94513
51928
12079
27745
87962
44632
99894
30432
68849
10610
59646
2537
8107
95506
31961
43628
99318
67049
41007
82926
82494
92310
28633
60286
66804
16097
47033
47903
50177
92896
48340
73700
67975
21436
86189
53883
73904
34510
4928
76608
45014
87715
52151
39218
55278
95231
96300
19458
14449
23710
60540
1735
6537
57397
42276
93327
32180
44630
57627
92208
88920
28562
89100
33149
95364
43993
4846
66644
12862
40766
61601
45524
60942
87030
37351
91883
64294
67454
23517
88141
16268
70428
86389
58850
69766
62462
60818
39702
60065
38463
3038
95668
76126
21160
28907
74316
48154
97299
29380
67441
52216
21834
4144
288
68877
97966
25987
10106
95303
20372
74656
34258
93883
24522
51054
25378
19849
48567
26358
35896
17935
68128
96503
51598
59111
68614
16070
23159
98781
84557
51973
93045
28498
32888
78494
67016
32998
48976
68189
70657
84229
96387
93159
2228
83121
1961
79995
9868
56583
81538
13636
40856
33649
99996
40440
39139
60903
89360
25552
1026
47011
45355
21795
67142
31168
26379
13825
76561
88974
32799
24778
60133
84693
25265
73
28024
5634
98720
30384
58852
18131
33733
82225
90139
61723
18839
13462
21655
38611
28842
52413
80847
43390
24690
90004
21798
70358
97638
94317
79102
28824
59904
79966
59178
91177
37665
10167
28256
21284
66576
15841
30925
40257
94339
57744
8291
31363
82198
51460
15758
81374
31896
46146
44580
67970
74662
44330
72186
39465
64527
47220
11795
38457
47350
4588
48115
67031
46294
12711
90354
45065
76160
60865
11341
64965
2879
24181
94262
32539
28253
21208
41963
12987
71902
82450
94404
60837
65258
24154
59334
63468
88361
80237
84565
9573
68550
95338
1606
70066
9462
42349
58482
48389
10930
73958
47302
74963
62207
79829
17879
96407
68335
2501
60436
15872
94881
8610
95988
22361
78755
45304
29773
27634
98071
20713
90022
49520
71156
64523
88357
99342
93059
96380
2306
21134
62858
13954
11197
92000
91046
55268
71115
64717
51185
95518
4715
14432
40483
77253
26454
12434
60372
54392
34165
59249
22943
382
13293
20237
72195
5826
7029
25087
47651
76744
14216
52630
77293
95179
17238
50078
21432
60372
12181
90031
89830
89561
71604
57744
25097
6543
70768
92390
39970
76526
11872
18653
75748
45696
98667
58801
23223
12485
12730
54265
55065
11110
54791
8017
81279
69459
96852
19971
53945
26075
33593
70225
82227
38760
88917
14466
18199
90389
22821
43879
40816
74317
45459
14376
79050
46402
1702
23279
99893
51334
28759
44689
17128
80425
63204
54356
79299
75887
11133
37538
8780
58797
72123
15689
76283
48224
70192
83436
66353
69675
34938
15977
57507
18507
33842
43943
27445
76888
94369
54780
30721
91162
34481
9497
34038
45701
48577
83987
97885
38515
93107
68879
14487
58813
8127
87273
92163
18102
52939
16480
92220
40931
6674
98305
59326
20826
68064
54991
56489
81303
43072
68588
15678
70581
76
82759
92166
79375
42500
71298
64946
64499
88699
95646
61725
82111
43242
44933
94638
16316
5607
24212
41210
71315
52849
40611
42630
9296
11266
35827
82154
78738
54183
74067
51280
69259
52140
75438
90556
94011
87216
8500
5254
4643
62104
37187
29282
64296
80032
3603
68001
89095
47019
73915
37744
85615
12763
80131
57726
65759
61148
9959
30620
97597
8795
72708
78205
20560
86165
63554
9564
95707
15786
74814
34172
16279
69040
9203
87690
77291
131
32453
91967
69355
56538
92425
54563
61450
5941
99060
4907
9628
36754
72639
71299
30029
15935
39668
806
74712
38794
93751
1834
82021
2517
19252
73209
21251
39685
2881
11577
75133
42457
28687
40269
22875
94807
8275
7989
27320
41634
24395
19441
23740
29512
18799
23843
33781
89592
96022
51185
70679
45328
24834
25418
17421
70773
27753
41792
66234
84220
545
69619
59985
47205
51078
41871
25037
64295
13291
84492
36142
31462
72348
74771
75473
11297
94763
35680
1290
56776
33695
33954
78688
36875
21301
33824
84070
21998
146
40054
94514
40761
28134
72284
86299
83563
58846
34056
40756
31342
18183
58602
27167
66501
20666
43861
83760
41346
74056
82590
78079
9525
45571
88508
80393
40991
79078
57264
26500
87525
15234
7838
