52392
24503
14244
29082
99340
46306
78568
51432
7493
10275
8842
84884
17084
47588
20990
12339
66331
82722
22784
27823
93122
2299
35736
98340
75863
68470
6329
23413
91449
50025
28515
39592
47701
14506
30536
52421
52145
87670
91468
25574
84358
35160
9285
29499
33644
68919
96866
53245
81549
70878
85640
39660
51931
80937
71128
81320
71229
41769
49484
63592
5252
30484
28480
88155
33437
86892
25453
63001
97247
5130
97968
40324
4611
27847
33098
44864
82644
37863
68896
69005
30812
89666
32739
34365
37566
98192
22634
49494
55490
26513
84123
20677
78506
91318
67784
25181
41028
15823
86518
68267
37112
77874
58489
98455
97921
85444
89884
29529
8088
24488
3741
18645
25292
86817
70964
46293
81422
24102
40051
50530
83977
96993
76393
41311
14383
11683
94785
26466
69070
72872
7464
53743
19169
81506
14732
22258
2339
48549
5343
697
80798
69582
76699
21388
64769
72305
53439
60714
19601
92189
83608
10113
73334
90318
27739
17578
32662
13647
11054
41502
7295
93258
52838
1529
20766
45390
92299
85578
63885
42652
7640
6771
32520
9294
95967
93956
28928
71843
74666
48366
83145
35563
43963
64454
4398
63660
98516
24377
96037
77807
88915
7334
34428
92010
68181
71037
69458
13963
28252
40434
94531
59325
72779
66845
91643
28186
83502
96241
80748
97454
43766
73431
10875
16131
12770
74662
5332
94894
79769
69121
74334
12950
24052
50478
44328
35388
19097
40398
14659
53835
83649
80062
95818
20894
58235
26121
44091
53608
14698
90664
87337
47972
61321
92823
4619
3225
72655
35860
34828
39529
87694
32055
53893
15927
75701
30057
96968
27635
59541
10114
36499
62980
48320
67619
91812
55952
28301
38284
12172
11179
31032
40700
83676
42969
29031
76067
7036
41570
52232
48037
47451
81969
57206
17005
86752
36520
56378
70891
15935
22180
47245
49132
91591
58409
30619
81172
9464
56490
65796
65691
24017
54295
42333
90401
73928
68387
24595
20271
69011
86896
2415
32588
60931
44954
7253
92760
84977
30621
98503
32136
74289
60739
19174
5055
8578
69710
72120
58950
35591
27614
77381
86376
19216
23936
24027
66732
71889
92052
11314
34735
90580
63609
19530
12477
20075
73207
54288
81356
87517
69352
99488
4246
79778
7939
16004
40433
89770
74599
32826
93580
88567
4417
85235
22664
28683
46010
14712
13840
62651
5377
31143
18775
53315
91984
75260
52557
28020
42556
15723
31325
88552
38398
27369
55942
62870
79258
99338
63988
95265
5737
64836
59290
64747
77799
10451
74703
70599
95482
12470
48258
74475
67645
46935
94714
91652
19177
40552
14447
94244
47039
45193
8927
72950
5844
72198
93166
16978
60697
34300
89821
16812
70630
58428
59173
52423
20131
26440
57360
75303
96147
4219
46037
49860
78365
2726
83150
4730
17880
50964
55223
66269
89458
39566
41638
11338
67645
25275
86273
21369
11094
32159
91552
1455
22676
11173
65152
18640
85290
75127
96769
8017
68953
59210
70941
12362
84917
98615
49734
90826
10801
84195
57018
23398
70057
45056
41253
64170
92429
55084
21780
18160
36037
58327
17137
12077
12582
98403
98144
47176
28655
12900
24565
391
36096
41094
47151
99906
83672
85582
61525
42424
24424
93529
14892
92512
62298
2368
66674
29048
27576
89053
93434
90233
93466
16743
49572
57868
9168
5081
21048
14805
48647
74066
51903
18254
6364
47669
56670
26543
25595
89360
14864
7272
35890
20761
93983
25905
82967
56373
895
93273
73810
32274
99591
5818
7368
32340
91789
27086
47718
89837
82620
55195
15526
96773
24821
52649
47073
22010
68671
43413
46129
39776
5516
15742
36578
81385
57514
62812
36820
6688
29314
51664
33647
39216
28976
51415
78564
60833
19456
4216
67836
43106
76065
42845
72672
97250
73833
45182
71844
7640
71525
62744
34160
10915
37627
6877
83148
14796
47710
42277
88263
69960
3309
58531
46596
36857
36392
94898
50754
96595
37840
76846
75079
95676
1339
11839
55944
93933
79472
7727
49559
89557
24197
13757
41610
50397
74962
49674
3652
70278
6769
63249
54722
35886
3253
30452
67396
70002
25060
22513
28373
7853
55635
25043
12217
37695
54748
49349
5651
76137
64766
56321
61872
81172
41138
10663
15763
86769
47301
1417
3678
25307
63318
61411
79897
2233
3150
50504
45475
81663
51607
89687
64178
2676
15675
14924
19688
37135
42394
38419
94708
24506
5543
55768
47298
48057
80192
87162
23168
42372
48168
75710
13102
59759
29986
87967
10466
30635
52940
70466
78261
48325
17558
58312
96749
38636
40733
43901
52839
3312
19017
8206
65760
92358
98495
14904
28449
24776
16836
93978
8837
73369
73263
47564
83817
7718
48232
66793
21839
56232
27843
83656
4078
48390
56436
86217
77849
97848
3502
24714
61322
15270
67036
793
68139
38798
81658
23396
25857
3109
50353
77356
85398
33493
99277
35480
24289
83428
91453
22726
43604
47029
79015
12092
50658
87400
36293
68509
47819
5692
95296
17367
68677
78869
68295
96409
71081
39096
79948
55553
20343
47956
32827
36947
22950
30363
52472
53286
23468
86733
70068
4569
35910
725
67595
80643
19462
58317
90558
78280
822
80317
68008
69031
1485
66977
66943
53328
93133
81416
33928
68499
87509
984
79127
1140
99690
40111
84930
55322
73149
31717
91105
30182
121
74925
67365
19969
80332
38458
51730
12015
47184
25823
25722
69151
51412
70126
74071
40772
7819
38913
90116
47230
78897
75479
32408
28945
87830
79991
40577
53272
50760
85648
21657
57106
22177
71169
83496
94810
34666
37844
76917
50708
53002
9061
38634
8739
34000
79328
28899
2840
63609
28200
23570
45925
58910
26356
45203
47568
2173
55637
79815
40803
47778
51250
74127
9856
33873
5172
58151
6353
68787
71614
76220
91101
54843
25395
24876
76887
2356
48539
54552
66385
67561
96001
3784
43438
72048
44084
97787
14644
65748
19149
59337
89856
42205
57392
42520
50996
88606
25227
55703
87243
12315
63739
83899
27214
88181
51854
36403
24991
35572
71044
1194
78034
14095
90286
43800
25851
33211
52697
17669
85346
70798
98052
37852
74867
2223
93100
13351
6994
42460
38825
87629
25388
21334
76689
83332
34697
74573
21946
29141
99006
18532
51837
85643
52447
91905
90422
59927
3345
81011
88328
18116
2269
91424
4253
51442
30272
46474
86475
93009
21503
13278
18258
33371
23800
60889
19554
72878
5492
2454
2330
73668
79673
45496
79467
16465
18908
90705
76507
14681
1299
86861
94405
86860
73833
56990
62941
53215
72426
90244
86673
77032
47070
10489
30796
98998
42067
85238
85908
85514
52594
88678
78579
95446
17812
47781
57394
50128
24430
16948
21249
86674
2055
10716
81012
63026
10058
28123
5128
51513
54806
28144
47395
17603
80627
13984
33368
41010
43040
64611
84586
51278
63240
46254
37128
24765
14067
14397
36695
99931
38968
74781
55629
38198
64687
47187
84569
78697
28612
68077
80129
96051
53033
69987
62499
18483
88355
87272
39005
58755
33732
40531
16551
11598
25977
16485
94686
12718
59129
33014
91932
90470
82558
92449
24387
80825
75312
67368
26265
6950
18236
80197
97100
15457
50468
49647
15702
77230
56081
88741
49660
53884
46019
84250
79281
94652
35081
92829
56536
285
67467
25763
63782
66758
38212
61108
44230
2223
24462
32783
52566
74524
90678
59002
6638
66262
69998
14154
35233
36616
80001
37323
77148
42067
64385
27148
33579
8047
54396
23627
18523
57214
9901
74552
95770
65230
35791
70025
59418
90988
20652
8826
58133
95423
39060
25598
7659
35176
57321
91430
48102
36148
50231
90733
63166
78907
38753
47070
97913
92504
93110
8450
18058
8613
83075
70154
54106
55763
56226
56085
27108
75523
7120
13854
58106
3748
17468
23878
94342
52809
8538
70969
68267
5510
40088
94463
38377
74599
48136
61218
19647
60173
4476
71415
61514
78502
63312
1739
74348
78280
23073
29547
1960
6217
85820
67760
75498
60286
94257
2949
99428
75151
85733
75734
53586
5267
71847
61591
29631
71853
47482
22158
61216
61250
32945
11774
51583
39317
84794
90321
93042
1313
96177
32353
52393
39091
79189
10787
28903
87266
26583
76688
22856
12972
73070
34417
80321
78670
71880
37799
40836
10655
98043
5909
77666
617
47770
67946
70891
94726
45507
42510
4306
26099
21845
74569
88684
95443
60798
56427
66135
95107
59603
2235
58646
94389
22777
10335
17242
85323
85919
15460
29149
9138
68367
84907
58184
31865
45146
20464
51125
17452
75888
31832
17742
59793
34193
34199
28372
37438
11197
29020
85596
4629
44999
70201
74420
73470
43529
47026
70115
93119
16401
34817
42222
47642
13145
11300
26294
88739
34933
77540
51231
22301
33349
34946
43180
52464
11113
35136
84198
88872
40756
17194
83452
44909
35130
44639
70915
75771
7651
70496
25790
19326
3585
95859
81594
65099
75518
34164
73232
71965
10383
34137
99118
26891
57605
62721
60399
21443
1538
90360
93125
69989
39592
83081
88537
62942
45549
51201
61450
18848
4491
42748
13841
80890
77812
61070
59845
80633
85474
43408
78906
44571
8108
11780
78917
62059
57557
58791
28250
70270
54495
21395
67894
44777
92605
1838
26841
23421
96934
96818
49611
57120
61668
2778
2399
61193
24716
68869
53076
74648
45225
14890
86168
13392
29041
22809
81736
90097
18713
98634
49843
29590
70404
28548
36829
33256
5239
89643
86302
73149
3368
53927
41354
16177
10612
60750
64364
49535
17807
52397
77963
76892
79862
65880
28079
86384
51521
97131
83740
70769
29589
35996
26173
58046
5110
928
26300
1654
78009
62006
45774
28275
25559
59860
88044
84134
89149
30572
90395
847
67776
38170
82381
17784
5807
60781
24833
50704
39969
2607
5957
575
28653
15251
63932
34315
26968
62778
78618
52166
91752
49730
55243
42513
6903
97132
51316
45266
72036
79176
74162
33549
20932
97247
26015
1186
66422
10845
68275
6467
27443
26041
1414
87215
35652
53122
57299
7248
46798
10536
98105
88718
59880
74115
61979
14542
85165
74436
95111
50570
51117
83383
28020
94798
56126
96401
92772
91372
20016
7804
23241
59645
77437
31452
5764
9877
3487
80669
38376
69857
31708
17019
14365
544
71229
67246
89825
92731
58076
52048
83177
16131
63547
19820
3653
34949
99986
65316
9537
52268
7584
18783
87559
66867
52259
13549
49826
98373
54466
40185
54430
9651
91783
26346
24683
54481
18154
565
29825
4590
73609
2531
89277
42063
71540
11483
43145
63879
38756
82027
11193
70068
93067
29592
32401
72056
29831
26592
35621
1875
22641
9640
44601
99162
85234
36103
2663
72374
84404
89358
49406
79771
23222
15858
43687
73731
84506
91000
35011
32871
33977
58043
81169
95417
32406
34845
66700
49697
90607
43048
23376
89074
27695
65696
78013
46472
12769
66471
53300
66241
81760
58348
83966
17909
94377
74417
10636
85427
20146
71479
665
82009
16532
39816
21900
50735
64163
25505
52986
1569
54782
53050
264
56184
71266
5075
40398
16755
79481
18493
52535
93159
95503
15907
24996
50032
75077
3251
85680
89971
91583
83116
87726
64082
49945
79077
64335
6154
98134
23256
94464
61997
89624
62826
41873
99063
1292
90039
84016
17583
47836
51998
13107
82364
49736
5735
76148
73729
50383
43021
38486
17942
13319
1036
89990
83045
73932
1287
43838
6142
21749
46902
22563
58455
65218
64747
89997
78724
47857
19519
56903
86063
21712
69022
36780
67604
95981
48908
25970
3899
52842
45362
61091
26610
86060
87945
92485
92647
35442
42946
80540
13791
57282
5455
24901
44214
49503
73650
4931
65427
55991
4224
30007
7047
8953
86065
76520
59010
68804
50822
81026
28082
4890
25559
61562
92954
84019
46265
63311
75019
28878
70665
9741
38497
20514
77976
55500
20924
33491
34770
19605
41560
30208
22124
21892
65868
78489
73482
19624
49148
52143
27434
23240
77371
78691
39504
77600
20033
2848
17775
48553
48613
11236
36401
65814
83191
61017
16323
52698
49597
30371
99840
99047
70535
72242
74137
84850
17681
12342
5725
9747
96949
94418
81931
56552
1898
84426
81489
21080
76509
10038
76383
99509
37866
89945
47150
67099
89431
5771
36550
88373
71661
86545
5616
70878
71636
28623
36537
90469
5802
55956
25888
60938
11232
34355
701
45094
12850
76018
57229
58887
35040
23259
50174
37592
88557
87504
3507
72543
36627
33467
49556
43103
45441
82915
53270
42878
60883
2523
19234
76609
96652
10581
70149
59636
75635
75572
99732
75270
10823
32479
28665
6448
60191
9393
71166
33302
95843
13421
36341
966
4545
54030
13089
28990
45549
35517
77637
24298
97848
6268
64167
10187
65579
38463
93953
5843
76896
4602
39364
25708
98941
60469
1288
10392
91438
24093
88949
73811
59743
92820
97863
27733
75475
16936
57602
18292
48771
97089
62610
3431
51318
61748
84156
27717
46457
64789
19719
46027
56316
92265
5825
10172
65961
19641
30416
40130
64993
75810
26485
10035
57077
20586
47038
74864
32382
6509
80617
92679
75321
45429
66512
59736
99843
57864
96598
75316
52300
57851
6412
59681
64571
38469
32192
44698
34015
85550
39170
5043
59660
63046
67092
59611
2490
39474
25870
43962
43894
88033
53324
27226
4003
89020
26324
66818
36657
74108
91943
10108
39512
69494
89700
39480
90641
82129
94931
24170
63761
39128
37173
96943
48803
83243
83589
7597
95105
62000
60843
95416
65391
18823
40957
44080
60980
73915
35410
79016
11381
8340
66213
1090
95984
57545
93026
4981
24914
54514
90128
68400
56885
22652
52827
72601
78234
53270
16861
93902
88863
77929
40776
84877
75997
28356
86354
39247
11392
77077
3870
94383
5028
39891
55587
73160
54600
99352
94811
46396
178
85132
99754
81425
79519
7805
80777
30741
15621
95883
60110
65731
62951
92959
87130
13310
64372
83484
76478
40666
44700
15438
92395
32090
29200
13214
33141
36147
14229
5543
62787
34608
46661
61731
52085
78415
35842
64831
77554
10856
42167
41550
29006
34990
66861
53016
95060
1614
50407
66099
2933
8597
60987
59658
92269
69870
56718
38617
58607
6056
35178
41243
66477
77621
26846
95675
92294
44047
46258
89062
6987
53782
15814
63554
19279
49781
98246
30552
74475
27874
23020
57900
72748
16355
52882
47245
80762
97774
41842
15432
92165
78601
94972
63863
69390
75953
691
77911
77999
89302
73860
34199
30024
67746
11300
57388
66567
36250
57286
32930
41715
72829
13845
86668
45845
24298
86548
98492
40900
13727
92048
21327
73836
42140
65758
33759
64761
91749
19670
83708
54182
8902
73707
33781
64444
54289
80806
8144
44649
21827
48319
36345
42048
62564
68792
10455
42918
50509
45589
50010
36512
35396
27515
56753
36086
63011
19332
61592
80324
84151
4061
55406
81981
2596
72156
60228
54396
76134
24161
33010
98633
81650
74343
92772
61157
50235
91975
99761
57970
16496
24970
56492
88129
21154
22985
6483
51225
44868
88387
92069
55553
56491
10682
68529
68874
13429
87242
10441
9820
83046
97863
44469
83836
62605
31602
15268
30966
13253
18327
55742
77741
26071
85958
95605
2268
40061
59341
90873
39048
36513
53486
73450
86052
6212
89538
23080
99904
31739
11818
59783
90288
45044
31789
76031
5012
97846
95155
16191
73513
56806
40348
26401
5803
99110
95678
71929
1573
69176
70138
30439
63991
53984
71802
69100
13378
99207
27145
18200
68404
79676
37742
40738
22251
80085
70247
22994
30471
17171
88190
23768
42928
30947
52842
93407
93536
7681
94981
74972
10223
19767
46917
20288
8890
51140
62394
32781
92687
83351
78755
70246
46136
81562
91885
59134
46241
36268
35177
65874
86408
64231
40424
4403
3584
23200
78837
89596
8481
99756
99984
70818
54671
61919
96067
66921
20005
98832
18786
58707
25951
26457
91044
30579
81857
45595
15064
2336
66664
70398
15590
76165
44362
58645
50372
10517
53516
28256
82673
36156
7680
90699
64625
95024
54233
25204
46918
51238
79597
83658
43495
84641
22053
24241
91680
46790
41188
82337
1861
99467
25874
62830
44564
51918
25380
32259
2118
3297
87785
78728
66162
94146
19475
44226
44191
82921
92416
30457
64227
86619
98821
98933
77148
64092
4214
50945
24074
72673
91252
67250
99720
89955
33683
30561
2469
21200
7975
26644
84067
31803
23467
20283
48140
21236
61101
37493
70795
97394
47289
1395
30126
5100
40065
53364
82262
26151
64422
30928
12536
88937
42981
9201
85268
47885
90337
58363
9647
57136
72936
97452
64079
37928
46341
78653
96274
40884
97442
46473
46187
63245
17048
68965
95867
53084
90421
71949
88904
40902
77768
18304
39900
56322
72779
75585
34525
10892
44781
44511
74244
30001
86524
81902
33884
68650
19212
72916
74970
14854
19238
35584
77331
31744
70032
10260
52094
82448
50133
81859
27718
34109
18513
13909
57452
95792
16314
92616
70328
64868
46414
50097
2457
18073
34966
22176
24353
63207
13812
53345
45526
15600
13390
33023
49430
33519
61014
76387
36202
87660
4885
41498
75781
27601
14036
8564
21786
1143
43559
53161
1752
86041
83062
61046
41923
6474
62761
68293
57327
82147
2448
36491
82395
49140
20012
8458
90792
14460
35454
40439
43765
48980
94825
19958
22521
61637
20646
94465
14907
11386
55013
63272
42641
20624
81626
53714
56692
63017
82412
2305
21148
91168
89589
11988
76285
12408
12406
7493
56894
92685
32731
34419
38673
76395
20262
19643
81172
26621
71867
39359
7620
17438
10119
49096
3896
38188
7534
24136
68065
16506
53360
78456
11676
90628
72375
34016
49584
66493
14719
99189
73579
78373
95586
4380
40308
41399
58559
32941
71244
58558
93862
43315
6151
26695
9571
51535
50400
55313
94149
20860
59710
12033
30474
15470
82529
99826
6473
31668
62408
78954
95355
18716
1347
2088
29478
23701
87408
9498
85000
58416
46517
11147
29821
74624
93016
45560
75212
81280
13470
34851
91124
23187
34174
21569
34575
39399
11778
66831
98976
87603
63673
49314
43358
88480
73243
22331
98973
6339
48155
27865
4853
85640
10402
60808
98769
41130
32877
70807
69367
43359
645
4519
71631
8529
64503
78720
39665
60359
75952
34974
8527
70210
81847
67144
57020
48835
21127
5089
24985
94570
90599
11831
73050
21305
60487
49977
79705
36919
7225
64294
44470
25840
46538
67456
95017
14233
31836
52416
2342
69010
42401
4067
39788
48517
77078
73473
31818
87402
26489
19102
37294
64941
97417
55706
41420
34919
69497
34403
93671
93608
63120
71114
97535
37911
59136
99411
26455
2992
41760
12069
4129
48684
99785
44514
94185
13439
67593
85585
42331
90554
6823
84887
58737
90480
77493
75140
77181
94838
62731
68713
31280
7012
58053
86503
89508
12120
39867
3298
62956
44729
41113
82613
5174
5369
92442
24383
47706
63540
66534
77980
76322
80917
97605
57710
62902
55704
50751
4634
41699
91178
82865
57615
10887
82860
53454
68064
36763
59767
35600
52275
50973
80057
33657
40050
27226
68061
25611
38431
68628
29833
76703
57541
42677
42465
33350
11497
63505
44233
890
63071
24145
50951
32992
18329
47617
78023
16893
11227
81943
19384
95218
39241
39294
51156
10677
95009
29727
3196
7213
19269
13227
48738
79402
94865
33384
95136
24286
58572
9973
26374
32188
74393
19067
69009
41612
72172
38578
57015
27655
86362
55181
60255
9077
63913
61891
52588
96801
69638
84379
66747
62390
64950
28723
43266
13881
740
10317
28120
66690
72217
47415
75924
43256
19818
58869
84045
87623
12779
6093
80480
38177
42913
31023
62672
51150
11862
70527
58344
45329
46149
57280
21340
48122
65045
30431
97646
1825
9730
60537
31724
81541
41302
35626
30326
8641
14391
22899
88637
98216
7259
42663
90727
6141
22358
43026
36879
56881
34644
30023
58122
81497
39522
7780
91044
93419
45030
89924
11241
27862
57967
61921
51423
54140
78662
79651
98288
8205
31428
85098
15174
92288
70206
12052
61935
84336
36284
92171
16864
69137
92967
14222
67958
78893
58208
93018
46584
37728
39981
97397
27671
65100
66158
15416
60631
67450
14382
52086
81832
78798
18581
54604
37581
25701
23482
4935
49309
10094
57078
14829
43784
52578
29876
48265
64561
49217
43716
91063
11866
96778
73998
14919
74046
58583
53284
87633
71991
54643
22705
63414
72831
19385
59917
73167
36340
67594
59666
65141
68309
39914
90089
95500
42473
10712
25213
16972
15999
18025
76178
29741
86479
75711
46926
24014
64703
2827
37269
89250
14563
43484
52083
40441
67772
80098
80561
87270
12032
64068
60459
19506
23770
32730
70969
732
85704
53128
65641
37771
14083
77336
60685
48530
36668
7763
30576
13182
91169
75387
31748
10911
69662
5448
72504
98032
6049
55677
64645
9765
74742
61862
67815
82097
83569
43761
99209
47121
51529
18246
75801
65145
21345
42468
81499
35320
53219
60345
72249
41514
98630
33693
887
45882
70702
94796
58660
24626
10130
50270
64877
25409
69400
88581
40844
90983
55005
34306
78622
4960
19313
91525
66931
25034
5246
18431
67838
78005
61482
64805
71275
95079
97682
33315
4624
4809
45334
26971
23100
59153
98324
6361
92717
65772
77004
94804
36510
39496
20194
43075
75773
66779
58850
66617
62970
2772
50494
88798
11195
58236
98291
46284
50284
50216
42474
60451
5748
31678
21594
12361
3459
12546
33994
78018
83816
99132
47988
14375
74207
54503
8773
22502
87239
38968
90882
85622
27762
4361
95076
95894
28821
94593
24676
79137
63007
80546
66129
51247
16455
46479
76350
47627
16030
19032
63737
64492
25827
35011
82550
57651
22261
20121
80554
52960
41187
45450
89747
34865
18816
75070
40629
76153
11442
24153
3583
56920
31401
21833
95148
59932
72141
5423
15046
11444
10576
42696
57413
22733
79714
47479
41236
88331
70179
15729
25364
89254
56820
72677
93914
39902
76742
7718
39348
88700
17140
53590
66218
57126
2957
95024
55679
95551
97513
22450
42806
66873
80797
19494
55377
7543
63433
94859
596
82308
57422
97541
25672
1354
89085
59389
5820
32400
73963
39094
89830
48147
98528
48686
41511
51295
53679
89036
9709
42090
47104
90061
83186
71917
35785
50757
33921
72416
43579
39956
26521
53745
35096
12710
20041
65665
31267
25799
15931
98011
64496
41730
87438
85201
77978
91476
41500
60821
43955
1713
81242
98161
72694
43186
73822
40100
14552
99450
43322
16250
9533
70468
72518
81414
18759
24299
27484
63103
19178
18613
19901
30708
78555
63549
21969
7724
37894
59451
75244
60030
20094
22291
81580
47242
48783
60759
7838
82195
96143
90745
49632
72506
70035
16144
64865
376
25087
32294
7237
66071
25941
26301
5221
17166
18223
50300
78899
77015
26343
23354
4186
4814
70643
90277
4452
65704
6734
39246
33910
47021
98097
60629
30838
13428
32257
2605
76205
10266
81410
41964
44839
46719
25674
73714
150
29501
28752
32211
2390
33605
28674
34306
42412
45016
93782
28539
7688
79647
96152
38477
73162
5031
90627
45315
25825
92924
3307
49070
55213
69057
86422
44625
42822
21258
65995
59912
8502
46166
5538
42485
47425
20044
18011
93064
45509
93200
1259
34571
44604
23042
53041
50375
25534
52980
82791
2327
74180
57350
8820
4647
79303
48704
43742
60200
84871
70283
89309
71571
6696
81196
45898
34615
26390
38718
42806
63329
64457
11755
51639
84327
16515
30215
11549
70801
74742
77737
71555
70500
55972
29542
83041
61228
8670
29100
97599
28678
22829
60568
15747
55943
61263
92564
65451
62348
93849
53840
5847
28800
86236
23676
5629
4931
44162
29632
24384
81725
51895
21049
15675
28959
40612
6032
75990
88593
18102
70263
6779
75934
37181
73667
40291
20345
88497
15233
44842
62250
27663
81303
449
14424
39457
90744
88706
45493
3644
2850
8573
81793
63107
21688
21521
13244
17449
14935
64823
78827
77299
22840
53400
15877
18491
21537
58847
25787
20081
24264
10249
11491
46396
88101
68921
51392
72254
99026
30536
35023
5174
15841
50841
81935
94015
11387
51851
77582
37334
85137
16871
12941
27193
49536
91834
59663
93386
85318
8508
88899
29107
53435
38574
57419
41315
79631
34563
86185
91414
77182
60757
87525
50803
60754
20088
61949
76399
725
17580
16202
17680
78032
7820
38698
53836
68517
81507
73808
49487
24774
18526
92452
92890
45809
67484
40600
10089
29257
43363
4456
26605
7633
28716
75948
47544
90183
8670
10366
48056
37050
54136
65379
93082
77738
20488
34168
74640
24091
10809
91
90413
76309
11945
93490
67116
27099
30136
83963
21425
13990
40860
97074
55847
3230
16050
55192
37833
10932
27951
43526
27612
86943
33652
77102
62137
78449
37120
35306
91369
97589
84735
40708
26216
39879
81472
68993
45836
25456
7333
48395
17887
92444
60595
39097
70536
25850
22281
37629
34441
68399
85486
22410
62465
5175
96323
77247
96177
83098
43095
80085
51707
92711
42009
34145
4582
36240
99656
91846
18334
83233
10023
34298
94937
68766
49612
31059
87252
3192
77847
81198
54492
43275
14592
32316
60841
30103
30185
77130
27845
9849
24147
69483
79466
13894
83116
51012
15816
4035
23429
13523
9958
62340
24514
82301
21920
69919
36363
51283
15471
40332
42720
84736
74279
4284
1897
27602
80634
63666
39243
20514
85241
99202
42294
75842
15258
84549
93211
29666
85781
34518
96475
93438
3464
27116
89915
91016
37403
58005
2964
19565
70174
43947
52582
92103
52366
73237
52812
73855
14934
47005
45547
65756
38610
57865
21637
19020
5679
7384
96074
46254
9902
44219
44078
84058
11624
88078
40181
28270
86444
19442
67146
41077
9539
24936
85199
87190
87956
27884
2159
34999
5411
67851
92207
54347
59892
39714
47460
8159
70253
33780
33758
59133
60666
54440
87809
95387
79402
3069
90964
28580
85047
9323
17618
43392
50243
81016
54206
1506
82141
88147
64596
27022
19683
32720
80347
81893
45762
61632
71414
63822
20664
55117
11865
89603
65115
72207
16217
33461
55634
43054
11196
69629
4545
21684
77360
26433
22306
39470
90392
23326
50766
1791
64800
67576
50876
85345
45361
53595
82464
23737
68384
27757
3029
6933
1345
7827
92309
98181
8058
18205
41444
46132
70290
47566
70573
31297
85736
23787
38020
65406
52287
25088
70987
82660
20023
39369
52240
8145
12407
95012
47092
64480
62950
14673
27046
42211
76986
87778
94445
32254
62472
73413
95588
70787
39257
67787
81984
77734
57597
93300
98542
79229
56953
72217
52407
82934
55228
84022
28549
20885
42128
78130
95935
85544
7532
88108
71024
52072
8646
87492
6982
93518
65350
81635
12759
53712
32853
67240
58814
4599
30388
17135
81858
39614
89130
50208
1655
46889
54261
27954
58782
40352
39265
70010
74823
99046
15670
78324
70008
71962
40139
29164
67845
52393
13593
60234
77055
83214
71051
32088
28426
59272
53649
67601
84773
17462
30580
42311
64366
87985
76292
18609
26526
95718
18797
80399
49232
22510
10503
22396
14368
51596
90028
4559
13870
91587
55429
51406
72065
11794
83422
19855
73416
60397
31928
29612
46268
88184
69693
39939
29793
9090
73710
80135
67211
64668
2264
99206
89086
98037
97573
97272
82445
61331
18062
63905
12676
84880
25102
18915
82465
15119
16498
73155
84989
96953
79277
7157
92169
13080
94792
54631
58099
64272
77174
42920
21160
16149
35142
82003
42515
95725
52818
91388
67300
78658
35540
64693
39084
99076
60919
5949
84932
43001
14859
68710
76205
44130
41619
70049
26610
73643
36889
95433
90409
65614
65762
76232
36185
44966
3579
41738
9590
70219
98418
54780
68327
60174
79426
18432
52361
66610
46598
68880
97868
98533
90734
47277
4475
23354
97999
99139
46681
93061
30741
31482
79655
46066
16852
31196
28834
25570
39484
55774
43369
87042
48555
51277
78876
93674
28508
15542
52607
32271
90685
72145
38686
74630
30
42379
33803
52086
47941
57359
1988
28888
3327
20017
38767
83662
63121
15799
75047
57693
55788
97379
98096
18408
6527
56481
89669
21258
36135
31850
36084
34096
11041
73491
68831
89809
6879
4405
6275
17642
92153
59225
44693
3866
19003
3232
9672
23
27389
82124
28651
65772
39248
78767
39312
41520
97203
43374
68104
40675
70405
44049
64265
43911
88214
53994
50129
43001
38262
94591
6116
38891
50287
47926
75410
36831
1134
3260
15028
3874
79035
63857
51028
24802
55179
87764
66508
8237
72843
44519
40775
94024
3645
46878
50084
58409
62239
74922
72538
20434
76198
21532
63829
73995
72042
21816
44989
17434
41211
20600
98071
6945
37457
40473
70501
70804
93377
37927
30409
31701
32235
3776
49992
85646
27568
93735
5065
33514
10913
59239
91324
37905
7315
14881
71127
61311
18031
84853
52156
11775
4582
28777
45206
35849
62497
86297
51010
72309
9622
6619
17515
95258
47798
86381
11630
87368
15844
71710
21884
34686
55136
67253
17405
16873
9985
8866
34065
73626
52226
97375
31633
59011
38131
23395
47637
32686
10160
28003
6863
35513
24718
8549
39957
43761
75186
62178
67100
5642
14236
52887
83231
65113
14912
49737
71839
48783
33429
95698
38853
25682
69574
99884
70818
4537
7271
51065
78455
69859
24354
88877
30545
39637
35470
89977
78156
33647
68961
81812
85720
3337
27196
10887
75289
9839
39589
7766
57000
40374
94258
37862
4919
58554
51553
37168
82354
20374
55012
9088
6881
68094
8378
90570
93642
69468
17785
20010
30675
47142
62535
75126
8357
83416
97449
80962
74668
55892
41586
64623
24602
50
85116
68530
67020
10021
7829
88125
7141
11180
35633
8652
80790
95954
52573
8910
33791
12707
41716
59181
14990
96075
7018
58876
28902
59980
85797
36284
74556
13883
51532
97258
45947
34168
49816
85449
13767
63689
45863
48776
38654
94898
6895
25136
62747
23506
58063
52621
94612
5437
58497
55926
75459
91698
23372
50298
64193
91192
89207
22248
18926
15610
11479
43323
44430
6396
35977
45536
493
67736
92027
68134
95939
83482
15108
44641
65139
41140
80180
47035
68013
91454
37894
67512
58547
40590
95251
73636
29049
66865
28288
27099
55813
94883
24119
84116
97558
54160
48755
22123
38658
65127
75252
69962
48727
69080
33075
48563
24355
96042
20816
40716
58670
29723
41063
79944
80805
51861
78912
88878
52594
41577
91302
6792
18790
28011
19951
55946
66649
66282
82074
97501
61481
7914
29496
31175
60414
14080
45600
78041
41358
30313
56806
725
81692
81096
60070
99481
94906
21370
82746
97100
26736
87863
43788
48068
43861
59399
51525
35506
30618
39710
16355
48939
25862
3126
89545
26003
81276
46599
53296
85512
8473
4038
49947
12553
49753
97879
29417
28673
99385
80080
98468
17075
85239
62220
63894
87651
45365
50313
20091
70015
63805
91775
62929
37289
30782
91805
7532
94082
43189
39713
91238
98836
71751
16211
9395
70587
78954
52414
67731
93874
97380
15661
89345
56726
13067
58494
59688
98585
78251
81958
27446
48677
1542
88033
5768
90954
70101
74099
46436
59846
24717
81664
64038
41712
63197
79813
86642
22305
31316
6865
42408
93760
13535
78339
73494
21257
84432
6785
12167
69177
44890
32658
29369
20792
82456
76569
22604
6915
98062
3982
59703
39381
93800
48059
63060
81137
64798
45680
22876
19343
92345
5667
80781
50272
94511
90823
67975
48832
67594
92424
82006
65432
86375
54625
48842
16812
27577
50458
58082
96167
34862
93537
31495
16801
10122
95843
52885
14795
13487
62279
43380
40535
5374
70824
22469
58534
69527
26125
62551
19407
89181
71431
78490
18793
2005
12262
3435
38070
65356
69528
54285
17292
64792
90656
21305
42688
56023
59278
36140
36433
3316
16992
8095
69006
20840
41877
20
77574
41692
7690
34124
70987
16205
6035
39349
13729
35016
3703
12609
96616
42549
95816
18834
50659
25393
46174
32721
49221
86835
2288
87581
6584
59376
15182
56385
28649
87865
65885
28031
52723
88418
26480
76360
39974
32190
29375
56429
51572
22982
91047
33647
7384
62776
82654
84947
11715
21884
89008
39378
5604
15426
40091
37613
52211
96359
38884
7965
36283
42551
66677
85960
9634
14636
45779
19056
59894
27220
48511
30501
14197
96209
64777
79387
65049
45529
15820
23542
37598
99902
41675
67778
24785
67112
31686
21279
39000
96030
45176
27225
632
73156
47760
78613
81862
25790
24841
80936
84206
20467
40136
88258
85721
22573
2419
29991
87679
96508
6441
14590
14729
94458
58273
2691
24929
63113
76194
42103
19736
18393
9564
7223
86036
14694
70722
88426
77365
90110
13893
59347
49250
76511
70126
93863
59572
4127
8535
10168
30622
98405
83110
5104
61495
725
39335
84026
74887
29098
63717
72473
75466
86491
92709
35324
72035
85823
56608
5417
25728
71597
15162
22582
95878
54141
91331
22680
68985
16362
16266
76786
48938
45721
76025
24495
51902
75762
49009
42634
81846
64973
62755
16042
14496
33833
35815
29452
10394
91637
75357
32600
798
81233
68094
22742
14862
1775
43198
64153
68285
66547
55744
39225
81016
49082
11029
21151
12559
23702
61939
43929
26500
54231
62127
6669
29583
41798
44758
86794
79883
66859
25517
3642
89441
37262
65987
74740
32751
81594
17040
70511
74068
98494
63917
73776
13434
36429
62959
40036
75105
48357
10593
37737
38500
52780
16765
20326
82155
10743
21126
55964
89452
33988
36613
41396
84766
58151
64127
41399
57979
44066
88559
16381
6225
78030
30437
68893
1606
5462
88090
86915
52902
23874
45935
99615
41451
68273
64353
23546
10119
959
65643
68772
40784
36454
59897
59497
11016
30049
52036
2914
61768
27404
32366
53287
85097
26791
50364
33666
86127
20121
48587
49950
40467
94449
84080
58271
18059
84328
27601
16588
28120
40035
75673
80999
44907
3060
34588
45085
20084
76095
49927
95928
75881
76602
54690
13425
83184
22254
47526
67971
83145
47643
30517
77116
53531
12215
46170
87404
26585
73367
91134
31392
4209
85606
84292
89128
61713
54738
71426
77044
88886
81990
54812
4286
21394
54706
40798
51712
16633
58663
37398
65030
54089
35870
23052
92734
8179
6072
86112
61644
8522
92704
60254
91546
10727
54509
11679
5133
77175
58948
50079
96434
4705
72474
76215
4919
3384
20822
53303
75479
1977
77973
58754
73741
14817
96551
40293
67946
89679
17623
78837
44193
94737
47240
28900
41503
49710
89083
52416
90872
72655
91789
48328
12444
31275
64189
19660
47177
24045
2252
12480
94202
9252
92508
64956
60733
91431
81723
53331
66787
62274
37241
27246
9648
19202
71892
96773
56050
56281
57173
13465
66894
9903
82355
48625
89461
68485
278
63535
36342
74311
33366
45709
87694
60237
79522
82137
15834
15502
66076
66827
78893
52322
74529
66143
92861
16721
47910
62964
51735
91037
89279
20768
82739
13802
48441
82093
93570
56358
43111
30899
68835
29432
88602
66099
65398
57673
98280
43374
73608
16905
53231
87584
93229
52256
92436
17564
42155
42707
67876
99557
78546
10414
16699
90983
92458
68916
63555
13424
14502
54400
68884
89262
71604
72118
47610
71173
58614
8652
48245
89741
94666
86894
89881
55878
74789
85331
95893
22970
16831
76954
40241
36333
31784
93344
63184
73731
93529
10017
66229
95918
63365
18055
2114
94354
91309
70580
56412
5336
69234
62633
66122
81963
63046
24305
87484
99602
572
21997
49513
30602
68894
2300
55120
60032
7708
78598
35680
57096
20034
50309
82387
20252
51491
50545
35637
45525
40529
33191
86114
91455
53295
61877
27534
27996
61598
19300
49950
3992
65811
57058
33459
92419
38249
30795
75175
73776
32211
25716
39664
63754
64650
97972
8257
45966
23044
98960
72272
70665
91878
1697
20338
42574
28336
2723
93218
88500
77910
32829
94401
18634
29360
91304
59192
48888
32135
39357
53145
36468
98671
19328
55203
6589
91380
77699
39043
30455
36045
45880
37527
68035
45486
4695
93039
26394
79097
64008
88781
63655
39188
35630
59691
14654
49462
2833
43515
39709
83418
69286
90825
47869
78838
64348
74077
20468
26150
9733
25437
40683
66337
92415
46672
48695
78990
66014
67613
9878
56207
26200
78033
25160
28602
73773
42591
30120
7721
26641
42497
18757
9480
86200
61181
79073
10187
8220
97635
18917
34370
92014
24947
91327
92677
38647
91900
84889
87241
40649
37471
7575
24149
92263
24594
64173
61422
57261
36192
45499
5229
72958
72622
64134
2803
69256
17176
97715
5363
68502
42873
77891
98381
41714
13770
85766
987
71860
2113
22557
53572
20076
31419
8176
82095
99240
28853
98888
62738
99074
48820
16523
48775
33706
30181
55954
34719
60779
222
75048
72689
23964
96674
11745
96331
85157
46308
85396
75401
82988
69955
54519
96324
17947
73204
39382
19553
64272
98462
99951
84842
87969
74206
71693
41914
681
63306
83838
94642
30708
68050
83987
56873
9154
25443
7124
95392
96444
22406
94366
88339
96497
55237
4955
94091
57866
16942
43707
63120
72274
67152
40916
44444
95356
89345
98004
33419
33488
22114
40382
40558
48630
38554
31849
43615
5182
65599
1873
50191
15273
53172
23575
77371
39191
37388
23612
53533
6958
81997
43542
86975
98051
94255
17484
68714
54313
25635
74964
85052
24723
99857
40550
66776
37927
3993
33117
64280
52194
73243
19978
80989
27938
1811
71988
6663
7987
26044
95088
8736
11514
16565
792
85554
2775
12544
40844
55513
83355
80263
15074
16851
63974
32058
98122
88596
39387
75635
98659
33655
41730
34555
51540
55182
63994
88453
36264
78714
11193
71607
21353
10294
13025
75178
45655
40782
46658
24071
99782
29869
84230
17233
50705
84307
99068
21249
91582
69382
87748
67948
1456
71424
12532
35361
41603
66790
72453
37295
54056
50808
92413
35844
3005
78660
33593
10448
71047
18773
63415
9735
66094
81930
4606
96069
62038
36833
65322
37931
70710
21169
99608
27688
56887
3895
42570
60628
52939
86568
11767
89622
41031
81638
56882
60549
77406
67342
21589
78731
77915
44749
81739
21445
97690
48339
20055
70023
35044
89888
73668
76060
89094
96731
90601
4427
44941
69569
46424
51222
6880
42810
70276
55356
14393
2759
35149
45310
57441
70232
37770
23551
51623
23770
73969
71652
88765
75085
15525
44666
25936
60148
88797
88535
38977
16806
34765
33273
99813
68481
17939
74251
16341
54526
35041
48742
59187
95
65538
92532
90682
6085
65162
76720
40160
23326
53662
21833
15787
11196
87997
26116
39309
1761
62410
93569
48509
29046
75191
4310
23187
49979
29167
67032
25824
15449
21952
15385
95560
89459
10180
10603
21053
67258
59403
51682
14361
99871
358
99159
46903
12836
97682
93160
80047
50924
74718
10109
15916
14705
71195
49894
81260
97108
38112
96513
31027
26638
90711
5047
57996
2117
93608
49734
54558
39931
42975
21849
95366
58273
540
32243
50935
45544
22167
9962
18923
40728
65646
29552
2308
27033
82317
65838
27331
27407
56537
39497
36260
81795
84601
90534
91860
95195
40321
30537
9265
59660
68828
74809
96796
486
28373
15072
45885
654
77346
31855
64660
7977
19566
52990
30583
62963
58018
34096
71661
94096
91983
29268
93349
3066
89722
12201
60020
92249
34916
5273
53001
87472
29781
35174
54287
76340
48293
53539
87294
20536
57639
29689
82398
2979
96338
46505
42970
97315
93133
62993
62429
36379
31606
24904
11051
58488
86318
3139
19614
12193
30245
44538
10844
52109
22846
77765
64081
72590
4543
25695
94223
60043
26648
61997
4158
7659
61165
76472
46433
19469
58209
61653
97607
11893
85761
61446
76779
66401
70506
90938
74313
46649
80024
7567
58428
229
88268
94968
47353
87736
14328
40953
27650
3946
78059
63823
34760
56644
28052
33965
2240
96084
46548
33857
96992
96513
22469
41012
87191
14200
80672
78224
94822
92932
1232
3389
66815
25341
89009
70788
88984
79703
84388
80309
63116
36923
92242
67011
96910
17618
71258
19052
17867
56414
43289
35031
5147
33603
61621
35574
52740
47714
81702
36267
84075
84519
11906
86535
36951
92120
50499
41773
196
13742
12950
84566
61057
89664
36067
53517
77415
56410
46580
65146
84950
1773
45797
5276
87213
48736
92774
99855
47557
23972
86575
55342
27020
26213
15073
59954
16505
70268
37045
82872
73872
34145
82403
56288
82324
31870
21937
40177
57828
79583
17110
90523
84980
53958
24330
59861
92105
81146
70924
63204
33296
67295
82959
46525
17787
12322
7138
96129
22649
94571
90395
43687
63729
52532
35455
95288
86939
63385
75440
98388
46235
29061
37876
89906
24699
78764
32125
57636
53860
64312
50331
76857
24536
25274
954
32955
87823
98594
17945
14457
32747
74762
4969
11552
39834
78188
11197
62306
90601
66676
66004
50520
31840
83185
94017
18627
39229
30212
39411
77870
13200
39611
32806
80432
1104
26168
32997
88750
95033
38921
73401
78717
79107
9565
14291
59589
82432
63084
97362
94465
91857
71925
42386
23266
67717
31813
48785
84147
24912
90003
33183
56760
79140
4649
84865
18160
39950
99708
80450
38457
81199
44988
89783
97970
27989
50535
32333
37948
4950
56249
40594
47033
55145
89118
65756
59479
12865
39623
45082
32038
58118
74843
59157
85188
21489
72645
18402
41627
95812
5003
83175
34976
6757
92446
25191
33084
15509
55629
22412
62599
80720
56469
25744
23440
80835
79796
65864
66809
20645
79675
462
19199
39988
37120
62185
11448
92717
55795
76699
84277
17800
52649
44967
32615
2893
84628
79037
57630
47671
76212
68163
85676
82531
7046
11297
11463
98452
15930
76553
95918
15463
95427
53794
99779
63630
71816
99664
58038
78828
55927
33025
98531
33004
48409
7382
20370
51966
44545
46796
53340
8238
64605
59494
28781
91298
39823
50169
42277
63249
45750
94355
4536
3259
27365
90921
83861
74536
47573
57180
12612
77697
30070
9031
84777
15077
2177
52136
52229
68873
64425
59272
65595
83568
49679
46025
95952
52162
59381
52171
41195
43244
44810
32794
49213
68340
51716
54680
5082
82390
42124
18915
78277
24672
32499
74914
17578
83367
71075
53777
70404
43460
52720
58887
22399
24207
51213
69024
84183
83350
96634
62668
97504
75034
90363
1651
13855
53094
38500
82979
62901
55404
38353
89335
32636
80222
42386
34790
78218
76326
69732
75398
90995
83875
85818
74939
47979
76288
74874
99199
8200
65170
98820
52079
11526
95599
39213
63696
548
60517
83306
49469
92043
44030
90120
71534
82671
79310
73592
77478
19054
758
32935
16505
68118
70009
75468
90616
41763
33335
51643
32859
37254
14475
7127
85098
11713
90046
96163
81799
22574
86791
76633
97691
19168
7328
97780
27676
40929
75525
19112
79799
48666
57227
25330
52992
67633
60730
22665
21556
82796
21385
19476
12167
29813
90197
72597
86286
96150
33597
49475
47275
92419
43965
48853
45105
66838
17765
71706
65267
83094
34358
8486
24333
52593
41304
89031
29262
39464
25658
40086
4385
50474
8296
34952
85526
65816
51650
4964
3634
95016
16799
82447
62128
13861
96349
16259
46002
77428
99491
54558
70952
59569
33813
50807
2395
98392
2739
87339
58807
63039
30735
24501
15059
54368
28136
61757
26654
23989
78728
14471
30120
77596
81335
53900
69834
50810
21594
88262
9843
84316
17996
98852
37424
55736
16055
8925
84310
10866
590
71906
27887
44154
48330
15980
93408
96723
11519
34421
28371
42255
14043
35682
77957
74582
86234
32766
7309
51173
65353
8386
11176
33842
62997
19632
54205
55278
95439
91966
54770
31620
12511
9520
74955
48478
72097
58015
66649
44038
83840
39157
34951
37674
66958
75098
8956
48697
55741
23592
38126
96522
40765
72763
36740
91035
84594
84197
89669
35831
68529
28094
84674
30545
41880
15992
53053
72013
23655
7952
30069
14974
2175
15232
85679
95018
70389
8050
1219
80617
55698
9679
57856
57740
37866
66070
7804
47035
77367
29768
57051
85943
96850
88287
17115
72702
11790
4383
71739
64556
43889
19429
24774
42750
7247
55196
11424
47571
17732
70478
4651
50379
66062
21719
29718
76465
74053
25910
25219
88277
12088
18205
20756
50578
24326
26855
55249
80526
7829
16425
71032
6464
30802
20385
72609
55755
50534
31307
27949
91977
21745
10675
16459
19619
36645
24068
8710
66972
60130
39103
38767
22094
15369
31239
17474
1708
18399
3769
84439
24390
40417
6650
73000
89355
74559
34152
59098
49001
85494
84338
96714
29903
47885
5092
80053
27540
67915
75578
30627
14929
19987
17365
2737
47721
86238
6540
86779
86505
78548
5498
25218
21065
55942
9717
50911
13650
57322
75999
6244
88251
17588
53045
651
27404
40686
36005
2046
67587
60564
42652
5922
9172
93166
90429
94176
96298
4043
97934
65585
66029
35766
2381
91590
78780
16504
89376
25073
61114
35818
10985
44308
74181
34772
37080
3780
99201
59175
29466
10905
77843
22836
84976
27509
4937
25639
42074
80878
1815
42467
23634
43034
15164
68507
35318
92726
17475
46698
76285
10835
47749
17616
54570
6141
88268
62186
64094
74857
79859
81421
7944
80859
50505
30270
97239
67058
54708
59825
47249
52048
10225
93116
40508
28297
31290
76887
37113
9191
66465
16306
16400
89496
69945
40275
16295
2261
98707
15562
92172
29455
17990
76627
19602
84888
65768
59560
68824
36171
1337
12832
37636
51546
83039
58728
22703
27858
69611
73340
1370
63501
41082
37187
44703
53395
63672
25956
20802
71310
48064
46120
98214
34185
24638
7982
96732
62019
97621
42116
52310
36054
91612
1097
1017
35423
88130
8797
66321
88553
52627
31553
55230
94139
25651
47024
67597
70138
89640
57145
37345
27612
84596
65944
1648
49483
28351
54000
27306
42641
27699
24456
82644
86534
1153
58911
39891
3124
5153
53869
98436
97251
42742
51831
92232
62278
73808
76462
87005
37344
82443
75013
21224
96692
24373
81198
26925
98057
49837
62512
53793
42838
80103
64646
88791
45455
77868
64983
16727
52972
67230
64013
95821
31826
87128
66516
94557
92769
76788
1202
51380
94906
60263
68061
63705
37194
91655
75005
81219
22839
68844
3008
85092
84037
80628
86515
56035
42022
31329
81124
91176
23900
80765
91505
6128
66892
74782
49260
15392
80545
18244
75598
97461
87514
78430
83412
2938
46994
39117
45339
21844
3305
59681
4468
19384
26963
71551
2627
78876
80381
9892
51802
76618
48888
85315
70381
98896
14468
67722
93266
16085
49530
98915
4055
2598
4822
29078
91903
59694
39359
13644
59866
73477
79540
49774
24256
47391
51028
83532
11370
84709
26346
19961
26510
5025
76404
24275
69269
82546
4942
26145
11642
81664
60608
44054
93921
11465
57408
35602
97841
35994
21541
1959
34991
51449
51018
83352
18841
99263
31675
12126
48348
62563
80704
292
65011
62098
3555
86450
55677
2138
50142
25960
41305
56549
2918
48000
60640
55107
59310
91318
80542
87617
90586
3587
11727
65654
97601
26404
10995
20923
10333
20601
8109
28026
84723
7626
63518
98015
26297
94916
29912
88652
48585
53921
83458
76873
3393
21638
99943
78968
31891
43877
33371
41255
2640
20131
41292
50654
95372
3796
62592
79576
82446
94530
89361
97006
14135
71821
96450
90223
37836
64876
35868
34316
87297
91377
84105
37455
68676
40523
94060
14188
48868
5637
69147
87440
55708
51756
49307
58166
34559
16046
89174
80440
8929
73629
45115
91907
52480
62322
46419
30883
91246
76111
43323
90525
22300
63037
80067
22684
94340
28596
84962
56002
82547
13561
68339
36352
45905
95521
27952
59394
1487
55540
16585
96289
96651
86317
68897
58524
71171
91422
742
70145
75700
14416
23467
57220
21069
23399
5155
24882
26613
95396
50812
36352
44054
27653
48342
43740
73636
34567
6719
75141
95310
98635
95724
40919
67744
77879
38709
49950
90802
47091
50638
98540
11633
93043
26750
92965
63528
89973
78206
55511
69387
90624
96624
19944
92063
29869
57304
89031
54089
59969
14651
34021
74194
31800
90195
40956
34419
6750
15309
33773
45411
58838
75200
16008
72090
95966
57737
52964
77985
83337
82087
96687
63865
44908
31760
45471
99044
98037
21742
38022
10355
68980
43194
42084
38157
55518
93139
82422
93433
52646
10811
70061
13513
78668
44399
94778
24899
82898
66752
78596
64524
61161
44691
45532
48083
46155
28945
21096
20600
9185
2347
55868
23703
63236
13103
95015
90421
38592
13183
39272
91462
58229
13492
28993
3032
96951
6863
59684
66431
63318
71223
82187
4286
77304
92660
29668
68943
67521
4711
68872
75151
87060
3588
8429
80937
70516
25613
3633
51773
97380
40524
45879
13901
844
84812
10094
82884
85981
31285
62349
10787
37899
13954
50587
23498
53113
37921
52010
8703
47315
63110
54244
71997
11764
91500
42845
78908
1064
19561
78312
37081
43660
33069
15014
75395
28626
92503
86648
72226
98560
45172
72790
70563
21528
29077
43993
25155
2738
58955
55762
82232
89701
93570
29885
69847
73573
83511
27536
28005
12998
61816
10350
19422
26622
82710
50713
50139
79497
36009
84419
58116
92390
65601
32197
7506
17374
32356
62632
11935
41701
60169
49537
30477
80858
66607
35706
49136
39817
9978
2251
43608
26735
76364
43080
36222
7005
99772
92180
38507
29941
87862
20147
70848
93137
90831
55837
62181
92676
86466
92334
40273
47608
44236
7386
1043
44182
50977
42110
82107
80421
49641
36593
3816
13929
90362
43706
70447
58060
95827
32443
24389
8443
29298
54219
53097
17895
2162
48066
98800
16268
68613
52557
32974
87758
15370
41537
92286
94591
59499
51308
98446
24733
55030
51431
31626
71896
37078
46631
39204
18801
19277
2643
65085
58814
3696
72304
4979
68139
92063
32888
49190
36186
86079
88714
92168
64299
89910
84634
19105
97270
36451
92841
99612
11605
97079
97839
88658
3359
90260
62933
37265
55823
85536
16607
92040
31715
44134
83046
41170
68608
86185
63908
4636
787
57638
99657
16085
28179
74309
95626
24017
27426
53499
40665
21562
17937
5344
29743
78867
99939
39048
44966
93674
8234
47392
95524
76826
27950
35110
40945
20154
42988
9893
33481
37670
19931
91948
44045
70887
43337
52330
40564
91682
65284
32745
79167
89562
47765
56356
54219
14754
30951
28901
53599
46787
28582
23488
51012
24327
35362
19461
36244
87424
48082
95846
77612
42807
86037
68294
65531
48084
68755
70458
31645
63431
10339
61951
36033
78002
85350
10423
40901
91667
50416
59425
93156
81457
54055
68884
3013
12930
84803
53912
95541
41750
83158
88929
96399
87108
16965
94184
78584
56879
59924
65224
39271
533
32736
49458
16865
25812
6918
94670
90819
26489
45857
13615
99928
70182
75568
3728
3243
14751
50646
6033
96566
80818
21307
6697
70232
63329
97136
18118
75013
42349
84400
74280
15192
49344
21890
95190
39364
56886
23706
1820
808
2537
36127
78594
34880
9112
2535
65770
42520
60980
17535
5509
79228
2631
15975
48114
42474
71137
18458
17332
21961
49248
9611
20207
84883
40731
94251
95679
1966
23403
98119
69813
34520
29783
61965
30479
75200
23418
23631
55571
16498
87251
95457
51272
52586
71817
49629
92401
63306
33625
21382
58950
33415
97181
37449
81840
71133
36667
12767
97889
86626
3207
29551
24334
23608
78582
43824
61675
30172
53056
68908
5569
6076
93329
31873
21998
65382
23468
35585
26041
85595
7292
70361
17872
82242
68697
94766
18208
35928
31219
81859
25424
10533
72927
58615
5947
91851
94139
28652
37704
4952
73311
96834
74535
34458
28097
4866
77066
7090
48229
65751
63678
50849
96512
27542
68069
32927
23207
68766
96338
18954
47769
37722
704
48444
31365
8324
72718
93109
68121
24068
80123
86775
77481
31734
49530
55249
8984
82537
75346
36051
33158
60579
62581
65568
75926
46402
83451
20482
43963
51133
75450
94391
41567
14153
53988
34760
16879
80152
56637
39515
25606
54204
46264
66494
98132
46282
91501
31652
17642
45177
22809
90957
98309
32233
45457
98493
50037
43488
24708
44398
74377
41519
58541
9857
12985
38292
99442
3536
93264
50585
46460
74303
50931
17401
18707
78769
70354
76163
84597
1431
93578
24631
15954
29411
90965
48077
20615
955
91791
42933
88566
45256
38341
10713
51294
43662
77052
49054
94268
91862
76796
73481
87870
4071
28887
2047
6047
61236
84537
28837
98308
61903
71341
37254
48658
13370
59242
74675
6698
66366
12697
50020
59363
80021
68132
6813
53794
5825
12860
81964
50424
64832
33671
82926
79255
59319
59396
51441
55282
68811
33980
10004
71569
42574
68487
70539
366
92727
30520
58591
42191
61866
48423
10098
37504
78103
63480
19200
45100
63071
98189
91137
13048
85648
2245
69195
66556
77937
3887
55988
26431
70489
13647
9588
40494
97818
64268
96041
36760
66587
73011
49333
12073
33700
43212
16674
23073
47058
92823
21990
16976
40298
44130
21313
22289
92842
83786
20611
51968
4411
54219
92523
25945
35875
82951
19882
69839
36247
61807
66789
6245
73517
25680
95577
61132
15567
80604
53913
9018
24460
94900
73395
98595
42248
96688
2578
27383
55348
25323
5820
1720
40888
16941
90971
4246
36909
48854
84280
50120
88359
44772
93827
18089
67023
94946
99887
9965
79887
65805
4667
27615
66823
35107
59980
97688
55421
54730
91349
478
65488
56539
23833
63927
1389
87401
17319
79336
90266
41938
76291
27374
76304
97409
7238
83672
28807
90812
95772
19263
24745
34225
43851
8388
62696
13144
98707
18212
68299
56805
3249
2714
97251
49582
7069
91185
83293
22835
63796
71716
80368
47374
39952
65877
89205
86360
27122
51974
3735
5876
1474
44215
1856
31805
60877
5660
19283
94600
51181
41626
39128
98773
75879
48159
66001
16568
61358
4059
5484
36126
57253
34558
41297
32638
47937
45391
42363
24093
20940
62887
74467
55774
59622
18952
16696
86916
89446
21213
73227
42885
93791
19279
32935
5838
21598
72832
71710
97293
44463
22824
69438
92319
58399
46122
52034
40822
68251
89491
94853
24934
3512
58286
54033
95212
91980
65702
51414
35803
95322
11033
89398
54981
83691
28405
69628
82563
63031
34291
76333
84641
8612
29421
48599
40265
28293
26364
21415
17162
66851
95698
55
46468
25273
12817
70883
42611
34393
64806
58012
92438
22412
56358
20310
84955
31639
22883
77820
19177
71161
14410
32004
23849
5456
10237
53532
28785
85692
70504
92067
35758
603
80354
45397
52494
66708
55138
88254
16808
74255
18619
61744
2728
82369
2454
84368
22235
37957
96650
10666
10451
38982
87323
25125
47575
83961
80044
58064
45387
15303
21250
95708
57623
15369
25302
26916
46870
71980
57942
30470
80478
84532
25338
14646
61383
66012
92510
55688
17401
98875
41889
61770
27094
92322
41496
56820
37665
99778
86767
50264
52074
68779
90685
27412
5272
81583
88355
65862
79857
25222
2082
96383
79273
72874
12118
93872
78532
16514
52914
72737
37577
28827
89049
81473
87142
16114
65078
88343
20826
39567
64697
29943
47491
45548
55407
93264
68645
2259
66524
54466
7123
44005
78648
77869
73213
83894
81891
1124
78198
8054
77414
42208
98272
36779
70568
44146
94326
87002
70921
4592
58294
51140
17599
10865
89674
86509
1322
36723
96754
11320
23030
63865
4879
2894
77741
16403
60014
10877
13814
21333
42735
2589
58894
94409
8465
82030
2913
61153
41851
19517
32037
79076
18474
74085
33908
22314
12434
47570
74404
9443
51475
73281
16132
99441
37690
6884
51669
31990
25264
62529
32130
84327
74659
44794
1790
82944
10383
87815
43257
46706
86921
20479
9566
4151
61800
94454
82764
82662
4240
33216
81103
88098
14364
93396
26331
63597
17000
9388
13892
86394
37368
41064
28668
51167
89992
69714
22378
72393
12400
32508
77059
14922
70548
89669
89288
40941
90342
47099
23900
52170
95192
64635
12960
30005
4674
10900
52685
18769
43148
49289
94158
8034
49209
22485
99031
21696
39664
46696
5797
1095
22279
47664
404
11532
26351
61427
94295
83594
95159
60312
32951
77913
24733
69510
17099
31360
3224
86372
36433
8834
90939
81600
49510
63764
46470
15499
19848
15822
51759
37921
71077
15584
18825
11910
49599
58556
18286
43468
8094
77809
99214
82706
22386
48760
82868
24614
94692
38727
18289
55850
59384
62498
42216
76244
27714
92306
33493
91824
90657
41422
48987
9569
76540
12821
7528
51684
39992
2814
98183
78389
21043
19111
14402
64971
47040
93417
99409
7486
45311
93965
90051
60809
440
22392
82120
95978
39380
86465
53210
74983
62137
37859
86982
6634
47680
23277
18394
54157
21236
42807
63276
20625
70857
39984
99780
27656
3382
74066
57671
60659
19120
1591
73538
97733
32293
37893
24111
56902
47922
18756
75431
67795
33
89777
51492
96739
81891
48971
49393
68773
23526
75786
29777
19749
42931
23919
91785
67469
46086
51991
3371
86984
491
96873
90944
74370
45426
69199
45841
35403
910
50401
84625
42138
51791
63676
60043
95822
55546
44242
88579
90160
87586
41435
41036
17332
44614
95754
8614
45822
83879
68922
47153
88322
1347
67175
97042
36516
94067
71481
26753
59581
30205
67386
56173
45375
10519
51241
89772
13776
26169
84199
81827
46002
85629
67503
59023
84739
73878
53379
59277
68736
25386
98497
80556
86276
65806
75924
28429
36078
85789
55687
74516
43329
28083
96116
11982
54598
54604
859
7870
27244
55188
41294
44646
80751
93355
12041
21230
41781
12887
24799
41300
99925
2374
15311
96305
2643
86430
23477
18692
16838
11299
96733
4125
25019
6597
851
33768
33074
50082
88598
95475
59782
40255
2411
86910
11595
95
25837
19262
30767
46781
35746
94030
28770
77580
32200
11348
38258
80841
74126
97419
43375
50585
1984
7729
97902
49284
93435
4751
81673
73934
28318
92416
72835
51790
57601
81664
84042
57421
9567
4467
56949
76540
66159
73296
6060
15474
22417
25032
29798
47233
74723
67702
47693
33716
59827
9828
43231
31655
21039
58071
76142
5795
37592
84473
27591
13685
33109
63201
61392
96713
25732
49857
17065
89768
53707
1804
71093
66539
60973
96386
84851
65787
2968
5849
19012
81767
15835
78601
91569
66721
69972
22804
66661
38710
42759
9585
26837
19047
90379
85556
48417
1544
70719
91899
26994
41909
35226
2519
40899
34604
48992
74773
66012
89675
40016
21352
60313
67815
79962
89909
17641
33766
96558
40219
46898
72761
88848
43069
44050
10234
42311
12173
18113
18206
87188
41174
21138
60790
49664
76966
10936
74056
42767
31414
33125
87621
9232
35288
38990
88871
73910
98364
14314
68649
55841
63167
18041
80579
25109
83536
81537
8384
31725
64096
70772
926
85640
42086
18222
30785
48129
17452
85210
66324
47580
60633
36435
25117
37372
75580
36968
43420
47890
26482
67417
37344
93841
42068
56926
55718
24348
66880
15815
23598
27072
32033
28830
80764
86174
34142
91529
82056
81792
45981
83275
82851
65293
67506
67882
44359
47320
86920
45867
70841
2963
28202
91449
48989
84801
75790
26309
31030
14344
82846
6631
32857
33189
83429
64035
52844
75098
45939
54599
10369
45955
87085
42065
88969
94118
6996
61421
68375
75144
4720
94331
78194
79004
70488
17071
25141
64694
69249
42066
12615
41182
19681
42278
53043
31872
13278
96871
3619
96192
