42918
6599
68369
38619
15142
62422
5943
76668
34628
43842
99982
61052
74873
73679
54
39118
31839
54728
13476
42785
4188
60299
28543
31379
55384
49934
55844
57421
56207
88813
55370
71999
35842
10898
60256
91640
20456
79647
98098
34593
94274
82586
72202
25911
66413
20245
92243
91396
82864
65338
99256
18137
77972
20336
17035
1898
37459
67436
62882
60678
93482
6550
92156
66001
35464
28983
64130
41024
88361
82556
33448
86096
39932
3082
35442
51555
29279
91326
80147
73208
90028
6879
16721
22182
14221
28419
67429
35284
88716
91738
87934
11960
6085
43259
71333
84555
27964
58954
19803
41702
59883
6210
4766
71099
56852
78116
43338
64049
26965
65500
45405
51709
19545
91085
42259
24090
59403
17625
85616
89030
23877
43790
14492
81112
9190
30576
44872
90433
55074
48191
61487
89118
83796
92421
38263
15927
51567
91582
79607
56247
41554
71236
11538
38441
82329
26806
78562
73611
67312
43589
60112
35730
1667
82011
43296
95098
10960
15976
90025
59111
97598
26346
5601
3037
94535
70936
83128
21976
2289
43
6907
51049
77434
98058
81689
76078
27441
41744
15394
15469
15746
62588
75243
70220
84617
99413
22765
4144
25576
79288
34030
3441
94099
62272
69015
80630
82953
24272
49220
3186
96285
97407
52667
11226
64370
95681
98324
12897
5125
35502
57111
54643
35972
23922
59746
54666
24061
62033
1769
92400
65329
59028
94968
11666
54823
70355
41301
38653
72796
88705
67456
95897
79704
2511
80604
81022
12445
23070
73671
79734
83417
65541
9701
5553
37082
89498
76155
84927
12129
44961
11959
15182
48591
83215
90061
69536
61724
6201
5661
24903
91910
67838
80112
95488
32742
68045
80960
41610
19199
69109
89303
36417
83408
80807
20112
6588
26793
69609
314
43935
42586
20378
32187
97085
70502
59070
78353
79405
10902
80901
97524
520
98219
16924
8535
1885
35243
30639
84813
49265
44989
72249
2920
4342
15247
26634
89564
83943
8884
67667
58018
14717
56908
14257
2617
87505
71291
99892
83399
96143
77627
97355
93566
77107
14893
92590
96057
26434
75883
78504
75077
34568
38649
31903
71453
35817
22106
40704
90093
84582
11679
8428
48024
23823
80954
15065
55509
48095
71089
78118
86836
76376
5517
54240
89343
6460
89490
36842
95611
52933
20969
31308
90766
37154
18809
47738
68794
85902
53813
5823
73319
22030
76815
40583
25952
66407
79593
47366
91923
77498
29420
80968
1948
97373
18322
22966
7355
41464
45917
42817
69025
31096
39403
52079
11594
66899
32545
18015
99716
70073
64804
97530
95023
25875
95398
59320
23612
43482
87453
52140
95223
69911
11440
61454
50817
1843
23147
41347
26422
86074
74835
74954
61838
89584
7379
53093
35839
33360
75347
20546
73823
9917
43626
66502
35719
69511
53514
50421
10995
60701
4794
11872
55910
43625
75074
57387
86890
97900
85343
47545
59733
12694
84182
67127
55207
79586
16421
21219
3952
36236
53845
12439
48654
62768
34060
1333
20692
70784
25119
54320
62855
28610
73284
33300
98658
68804
97605
20212
39353
35901
29425
14382
68666
35937
90028
28029
46159
58080
81287
66171
31776
7739
73354
50833
8918
55716
53198
27996
97658
1682
76167
86301
82428
71614
96766
60478
22576
18077
92349
15612
2930
22201
93412
72981
76234
39310
16601
38992
72235
65183
14715
41059
26005
30450
6551
14180
2298
56399
82899
2256
19550
21872
65192
43954
64343
1925
25582
41713
27316
30823
95599
64760
98554
58838
27453
71363
50890
72754
83807
26339
26110
59410
18406
85838
5458
92613
48607
9926
11391
77091
27393
42532
50338
39534
69573
85217
14652
24234
22358
28705
99570
67575
96478
91932
30389
89319
45856
87786
88060
4992
58660
44427
36621
30671
28268
73872
90138
84327
6278
2857
13032
86645
60602
37484
23147
8609
95683
93694
75470
87139
71226
64162
38255
43519
590
78171
62790
86687
54224
62688
12997
44844
74059
14971
86939
52937
72113
17885
63411
82124
40752
42434
93882
86553
55971
43100
39646
57116
45541
85631
8625
45155
52160
99720
21837
72246
89411
72267
28209
94868
66483
36311
65002
17355
29720
77064
66445
49236
48920
77129
14528
23496
58913
45380
65976
11203
4128
40040
23613
35540
32751
14838
31082
38557
78858
69640
65297
52110
11586
75069
20444
48760
95115
70341
84717
12656
76816
93478
94342
79971
4199
7593
92645
53456
27550
30084
9607
61447
16820
11301
81198
76156
75077
72119
47741
98279
14333
11156
86528
95547
86318
95592
35176
96673
82237
9821
84692
33040
33814
2248
75083
25323
61504
64368
90246
95640
48554
2486
79691
25880
14917
16613
46163
90664
67116
84536
13997
3219
989
40610
25884
88434
91499
49630
81403
66913
3885
59891
39361
2078
87918
22659
41888
25569
99111
94225
66983
42611
95434
28365
6759
4620
4565
50686
35602
80653
96902
38090
30271
44374
53934
78117
44362
4966
11102
11923
89209
54957
13246
22940
56410
35471
76765
8395
1256
82775
80962
67778
24940
23541
41633
59006
79679
18902
55657
81827
88749
51774
42618
36740
86422
8677
83251
91537
76815
70827
83658
43549
19237
22073
93589
15978
36737
24886
4773
20500
63687
67586
69235
99959
38777
40146
64627
6781
86520
74121
97380
61832
83562
71568
29577
35768
99767
36946
63154
7226
9069
49174
13779
92974
4996
94393
80950
30195
81212
34471
23405
31153
42690
74806
56607
57250
2706
61760
47492
92349
73622
10587
70796
94241
1804
34774
69209
40411
57701
17906
30093
74676
62922
40314
13693
68571
13209
93569
14757
21674
86030
41175
98902
79958
72701
96647
45546
42552
52475
25136
50584
25428
62812
52990
94723
75747
90134
4996
5485
66273
50149
89017
96937
12404
88680
71500
93357
17495
35113
580
72678
11587
84858
5977
89222
62937
95291
30313
32824
28430
408
56920
49876
8115
66702
67719
41486
81504
69710
11023
94281
97693
8506
57018
57737
42317
98285
67711
80582
48983
81336
184
53532
68498
46886
88929
44927
88492
49824
72432
55532
35287
47341
2731
79995
51664
31313
86186
75025
70766
7191
72330
92082
38724
50761
43531
79635
54387
55036
61607
22444
89167
38537
58512
75244
80011
87061
96996
53864
675
28626
56623
78796
78055
7614
62558
58386
84991
27721
34107
13327
36416
50613
28298
41130
31241
16758
30239
83465
10746
38488
17177
67652
53266
98816
97663
69914
59362
50475
37334
4130
36724
73074
20060
73914
4978
27311
63588
46875
27572
20089
59502
91598
94954
12203
63906
16759
82017
58692
65609
78800
63734
33255
94440
28305
45525
67234
39930
14058
25004
57995
7145
63795
15409
99623
9385
74683
70316
50148
92177
14492
68546
97190
19479
27728
49312
48767
37254
36573
73280
89047
3903
4043
78779
89196
60553
24503
78411
5618
45238
19488
62300
58747
7220
9726
30734
99442
79148
75090
51977
56482
28666
68505
77502
33139
29258
57690
94006
68884
72747
97215
14938
34708
54771
70016
38526
94826
40079
91994
19562
9205
34565
28543
78342
29374
37320
20327
7265
69882
86199
50469
52126
86443
24978
35764
56060
27973
22810
56880
11361
43342
21509
42177
12994
79327
65146
94129
68145
51047
64495
3487
72452
99439
10364
33484
69694
27320
84443
57651
9852
34016
5535
42038
42718
19844
34126
81459
19247
10143
57501
47733
24531
89553
69222
89895
16109
48347
79016
52515
60138
74438
26268
38537
72237
84195
28367
36715
50552
43725
60224
89509
16883
10251
91160
28426
26717
54673
737
78169
68620
51558
12101
9646
57954
73665
31332
90997
25518
62156
96785
24634
51132
37355
48522
83452
60602
85110
95314
33280
12072
73857
31212
53793
31580
37309
45814
44228
60591
93303
85248
75850
95175
44542
83527
7871
72833
39490
10131
96784
34042
52024
61577
37594
65467
3002
75630
61532
63199
44907
58329
85134
38339
56344
29106
48331
22217
61850
17485
3786
45320
94584
67358
24011
24947
60522
89528
10252
44644
89720
39206
26043
44805
58624
10532
70246
47259
11767
30331
29806
93264
42087
49143
34042
24571
97238
23047
93768
33102
70791
17361
37406
58556
15418
32207
47647
25221
1454
86442
51865
44607
73831
73425
55675
84451
93354
89526
7939
4529
99014
75429
53269
92416
63597
52674
71656
17382
42751
39166
54683
75424
47879
37525
98213
6240
3743
1224
86058
38960
32975
45746
44105
83303
46515
98985
78834
34439
67770
30994
87861
27343
13194
91073
45622
30340
33921
1516
68348
69847
89655
22059
68328
90739
27807
20911
50627
33606
79116
82172
91089
63498
77585
45668
9665
74606
49152
41825
3238
229
49331
76942
64224
36267
96233
5666
89395
59888
91465
7371
4506
58882
9762
29059
17140
74203
58227
29106
29468
53764
99302
61983
68118
53668
40503
17812
45605
43530
63698
8685
33338
18675
3514
52476
13095
51992
68006
95197
38930
96471
99335
85681
48005
79068
30308
68313
70498
88683
88230
97009
27859
21197
79856
84198
27423
58517
44613
12630
32441
23566
20429
95714
9011
70595
45875
64402
24368
29866
5798
1605
33558
18286
5311
19091
48610
82423
10178
33186
90390
89560
21341
87233
90349
19061
50669
54725
29232
11375
47136
1661
2145
28750
10806
78772
95412
46025
47776
50338
31485
82901
7723
83087
13764
92712
36214
95878
29493
82057
4734
96817
6324
38518
40251
96759
54958
78832
16451
32206
4555
69863
83628
31327
1216
15230
25263
5877
12993
187
50184
73025
62899
18733
54906
72750
29311
23546
57807
70844
44738
96100
95677
6779
3201
13560
47012
77797
94778
28211
66740
61176
53366
13040
26412
66318
65499
70386
92349
36763
16798
76587
47469
61379
16821
97767
23031
14486
15755
24408
52751
1193
17612
42942
74915
87058
78432
55187
93214
80096
61333
71376
79174
8052
51252
35648
86693
31712
55478
73215
91844
33626
1456
22734
32115
64028
19337
58102
58054
41788
81164
94741
47738
4867
63064
7562
91573
89197
12021
61626
56426
7452
13026
83037
68508
58168
69898
48552
32986
61031
50485
29431
40297
2757
20858
22039
42143
2432
60529
25165
37771
52019
12166
89287
91379
28445
21803
95645
5845
70877
73189
1986
75823
12013
56038
80109
10649
44568
34971
80063
33104
28568
76347
16208
46766
16304
84480
18331
49301
16355
61138
39074
61067
87152
21022
24735
30334
68331
96838
22313
22344
19896
21715
94815
99470
84550
26917
12852
18115
25254
99723
79671
97994
36711
2637
32445
59224
70448
84742
7502
2808
10809
35472
1289
73960
97382
30264
63508
89024
52448
17968
72292
12051
58418
49603
73765
39854
765
34787
46214
68477
41273
6942
24549
16429
71176
58895
5842
97516
91000
82769
36227
15756
11702
17550
4404
6983
23785
47414
47288
78397
77106
92363
63872
46456
25310
79097
47591
10256
30853
25123
62520
35179
4994
66616
28476
40604
93007
71397
62116
26028
73533
76132
53359
52342
88365
32562
64888
16652
49390
79166
29696
42872
2483
48508
31475
40445
53232
70202
18329
16539
54161
59754
70716
42417
3831
36414
18929
11644
368
51602
12645
49406
72818
45123
35685
77882
53971
84382
4362
20028
87528
33747
73183
18102
19641
839
13904
5476
43933
2793
8273
98961
18871
31004
69672
33074
34156
52467
2136
37905
43455
54204
71563
76900
8555
91699
62587
26011
14589
983
53949
51609
16588
62745
24938
12442
27094
24080
42955
93267
36408
31754
77825
11158
75945
92061
18031
78964
34291
13916
10756
94941
58256
54149
58568
46244
87709
93431
1539
10430
28829
99680
3397
29673
41357
25717
80917
48296
46207
48283
39609
51660
22325
2241
4990
32815
90812
39729
43653
75194
96771
66812
6826
45575
4374
27858
65778
65216
43131
68371
93457
37478
50728
8383
75158
92110
47935
43305
6867
76230
60616
14507
92332
20053
23497
3379
68315
3136
29316
95163
23134
71176
79661
25431
85566
67153
19815
33287
24764
12734
39738
83851
94170
65144
15922
6678
10532
47374
34295
7740
63833
67189
63653
47429
42970
38896
14728
49379
11597
53420
86805
6176
68206
71298
97159
25649
81619
9600
99957
32551
55867
57633
29677
98212
21394
28311
94703
90218
27939
56555
70888
96303
78075
59260
11562
94253
56630
13219
25060
99094
61096
96919
42435
60100
2346
74124
45733
99374
94398
17271
75253
93271
66753
86028
54920
40801
37709
59496
88371
3999
29736
65163
49479
93128
44396
84413
1066
9478
29972
90225
69939
37582
24511
81318
7554
21995
89540
93834
87514
48339
1395
45114
27579
14235
548
99205
22752
46918
71742
10415
8818
68121
30213
18864
65799
48554
77665
31548
54619
40566
34440
92798
59881
25041
73287
98493
97414
16120
71506
73025
38426
55299
35877
87694
39899
84503
49558
99951
39368
94552
62778
18094
1408
1371
13904
57856
88541
30457
28558
5886
28112
28639
67078
16141
23705
13410
77748
42431
15202
63569
42599
45043
15450
60003
38089
38999
37417
48591
51277
34958
34613
28762
88852
73708
34736
41066
84252
80733
27579
42073
63846
26534
77212
88070
30626
62084
8279
10214
23673
40785
75756
48696
80343
36741
19437
58101
7315
77688
76505
34022
2812
58373
63066
57040
71106
50411
50040
93418
57053
5229
59608
2863
80094
53113
62516
88527
43217
22054
43768
93728
61579
65398
6998
41714
48246
51579
60711
46591
21782
54198
55935
57921
86519
474
10731
97726
10677
68495
44778
45567
95208
61971
30981
63166
96362
32315
96973
66845
42758
81367
83503
77268
28638
34707
58358
1026
54233
29625
87517
59493
63207
50452
79663
43140
99603
77616
12669
66697
1860
35901
64923
8140
6479
86995
21752
10827
82205
40815
81177
70294
51733
35707
45841
4678
28453
80651
88798
93357
97714
38851
40898
99113
41882
41431
74621
78835
13154
17995
92580
31572
28737
7801
82368
37718
95144
63632
85029
64440
44556
953
82829
49788
5874
49045
43217
49659
87253
3683
59939
50232
39575
6846
45131
43089
75458
80290
58172
43409
84218
1647
47922
40675
3489
92614
46443
38882
96774
46800
14815
76811
37323
88990
18525
17204
92305
89163
98723
75222
86178
94174
57849
5765
75259
83820
73643
61472
35572
1690
29762
19076
60813
28832
36861
50331
55479
38729
38801
78865
1501
2070
56474
21255
95277
32482
14301
67105
69798
2720
19068
31579
33503
41921
21812
52568
1842
66162
36023
42298
64516
15971
43041
54318
27409
53602
30873
77854
94712
20485
35110
83690
54753
78086
11083
22705
37831
38600
52160
17289
45670
88056
65743
99694
63905
95696
1768
15447
33488
98453
89569
30980
61637
54239
69486
50675
8761
63993
18233
71122
9720
21214
51870
26767
1190
95652
82405
8140
68172
24149
44412
42670
85731
89303
53649
71380
28604
92654
55433
24964
63721
3319
37344
25345
19660
37013
95325
62841
79610
74569
73169
34651
25355
13658
52876
53702
6112
64500
3292
30748
89457
41932
10340
11637
33715
86337
98869
24112
96195
72383
39499
8804
41490
89758
52646
49909
32620
93767
22530
41314
1926
2070
74006
4955
7588
41210
89862
28497
50884
73338
19173
82597
10
79890
49867
84930
76329
75227
55535
50630
24235
95400
42401
66651
61341
38348
39047
22277
88314
58873
5009
55668
82483
16932
39803
37144
30103
9125
17247
68788
40421
38394
32724
30092
40171
52810
99431
33336
36025
28167
40212
66907
12584
9805
78465
79213
34688
68711
33207
80531
63178
14672
23454
23889
7027
98039
32340
2422
73434
13020
26602
86133
68343
88760
94940
54292
83559
19641
70378
48733
11288
42026
59831
40306
60205
7921
3485
33469
89646
29137
77835
19109
19920
96464
42557
58813
65852
75923
56470
98711
98463
91814
22525
76950
43246
81304
84433
83201
63635
40546
2281
41235
24504
66376
8909
96111
16303
63800
62763
34896
88443
35760
19191
36607
58527
93692
8770
18750
84897
82973
47829
74081
88955
68901
99978
42428
74526
85086
85959
41495
28322
61450
82424
49823
21135
54725
41385
62486
55041
44359
73149
32138
85980
88614
58381
24771
82604
96697
14080
93430
50134
73847
20547
8567
1153
68701
79398
22603
1083
75214
57171
12347
78986
72916
47499
51652
89039
62533
75263
75564
79192
52322
74024
81487
93379
31577
12739
2135
57450
23306
82093
10506
53840
18310
38806
63517
96870
35923
61509
55623
77690
83628
43657
65744
39356
74501
31350
19432
98286
15597
86340
73908
78184
39020
77696
38275
64454
74732
78157
74366
46990
90996
38363
40894
1441
33454
15682
71096
3774
32074
88955
7795
58957
24732
443
97018
57871
20993
33293
12077
63007
61695
40395
34866
80485
36426
70489
22665
36215
78850
85150
53725
60684
17946
52095
46678
89311
2804
64762
7659
73628
83751
27644
25044
39082
92418
27199
1054
54421
1163
79652
44248
1719
7072
77993
18539
64162
42687
679
97894
75948
65825
57770
5239
44696
20609
94798
40437
75837
20346
66482
5402
51381
75470
22204
71502
1764
52067
42601
73055
4291
34887
54927
9293
7112
87125
19505
71873
59892
4880
62398
33598
568
44044
64358
21168
99397
23820
39482
72672
27215
68613
70879
51657
42205
43330
36559
91397
98863
18401
74284
26753
48268
35482
46305
77296
97960
21920
42871
85658
44846
60928
86513
3605
67951
57831
56677
18412
77607
81888
23992
28763
83561
74522
11284
75517
56679
47815
86856
56189
19104
11969
53372
22824
70757
23112
70384
66660
27657
54983
28752
31770
79973
44148
9238
85166
73254
19125
80764
67983
5396
16000
73116
4970
5407
97371
7270
1977
86632
80131
41277
20537
1865
85128
8238
281
58786
38004
82414
21614
76769
62444
63952
4260
54509
94127
47711
72526
68143
81468
28990
94590
34558
91537
1178
63153
5926
45550
45832
80833
59123
45783
14080
28926
77504
43000
62837
32535
43478
86499
18704
79602
34915
59925
10345
53275
90234
99414
4258
44761
52320
76095
47487
26524
86842
82774
22469
75219
27056
58101
66286
48506
72030
36425
8295
96528
47095
52182
50630
86438
85942
37848
17771
48372
66659
30724
83025
42950
3903
81133
43025
29715
37004
75874
48308
32014
9723
57364
78643
51957
70547
31350
74349
30023
5883
7869
68996
75315
61668
7943
33076
40587
34934
88440
94769
85527
52278
17151
61244
2118
62128
37335
46241
91392
62471
39593
80720
54935
58518
99151
35575
43355
74786
63219
76280
75820
35550
97302
19820
79946
4378
58349
35604
88361
25162
56646
60087
6017
74158
85992
6685
46177
59843
99352
26502
60611
42277
96664
70760
71579
91935
52650
964
37769
42769
71538
60452
87758
1820
15865
77363
44186
21230
70542
51672
53060
96421
81575
58513
24788
16449
87941
16424
28250
11338
46997
33140
40065
55866
15955
5455
79486
41129
85737
95055
1762
66804
66518
97092
45359
97289
25705
79629
57224
56626
17452
98903
67648
73499
52446
1619
96564
92098
58457
99570
59605
28410
1170
83807
19934
87995
13150
18010
74628
10441
94129
89261
67851
73535
78978
85452
74101
64985
30763
94254
97813
70171
94093
45186
1186
48674
70800
69776
87015
13956
79879
86702
92087
43782
28146
73787
84254
16538
42237
66715
26066
691
22182
32496
46568
96519
77340
21041
79331
9407
50147
40778
60904
41950
1459
50383
84461
23084
67232
60222
42928
13406
50389
15824
6275
9059
3034
90396
60548
28877
43764
49417
57195
82394
25483
80013
2781
85471
40359
92038
20350
36656
19699
90804
85859
91758
60004
30834
31365
87181
45299
53807
28370
35745
48806
49229
76125
34181
17613
41590
60214
21255
73447
60757
38932
89651
33413
42648
72686
95899
49446
12128
35657
92512
78050
85986
75275
86815
10851
86622
92175
58171
14541
9561
90674
64866
6238
34169
4746
35999
14639
22364
31350
8476
76859
19573
9615
98546
20791
53029
28702
11631
73215
17106
59304
60418
99090
79174
17284
47077
24563
4487
69870
72871
1617
61582
77939
8342
22624
94438
5836
79302
68422
60772
14920
85760
38802
4477
86722
93514
61254
88680
3282
84207
37013
14256
68287
42955
90695
80822
63858
89972
17786
56194
35654
39464
34211
12931
33531
62736
6482
31179
38025
41422
88083
38208
66194
15400
47953
92288
88945
14448
7957
77492
7790
21519
68332
28207
6579
34030
70694
59364
27065
70849
12027
36066
56571
10064
68456
79021
45868
39331
28727
91065
3109
71178
52637
50949
95862
32870
87132
24786
4798
97432
39657
9151
77590
73187
8968
15907
7495
27392
80147
63205
18748
30143
78298
97755
22322
44884
38180
11646
6027
70086
63219
7238
11650
87759
19686
33383
74554
12336
86007
23592
64047
59733
64933
30811
65037
36256
4941
96318
25407
13973
22929
67758
73568
38145
13210
30178
526
80872
35098
41707
4284
55754
43274
74918
47078
6641
64050
6138
26207
82425
35911
53493
77671
9244
77326
30494
38553
23033
46815
65590
47552
31904
38853
3825
46281
42717
31745
96202
76723
93823
90702
33384
18115
28836
4896
17995
48084
89091
40966
47538
68492
52341
81550
66605
47946
87488
84967
4730
64188
47362
34946
41407
49773
58199
74162
49410
28858
2022
38642
63336
20933
63086
70853
89704
71843
93289
60441
55724
20337
18714
79205
62915
71012
24728
25778
42149
57757
66007
74773
15813
44219
23983
98906
45644
1546
82027
34620
2871
39961
34673
22129
62575
4361
29737
61379
22401
89634
42571
46425
76730
2976
52521
47828
24417
31626
47798
9365
12721
2979
59955
98300
31409
19993
88212
89003
14321
25627
23443
17737
99363
52488
36656
6146
55604
11842
73699
44363
38566
18242
90944
65284
80427
27941
46214
3799
23136
86915
37860
58556
80515
85856
31560
63231
70131
15452
43174
89273
96803
12645
99105
94874
61466
58892
70393
73961
32042
88085
69873
16386
57002
43111
48507
50334
9395
35972
74115
96881
62803
20627
28533
36556
89233
14969
72427
77346
31359
30438
94647
53512
82293
39371
82506
72502
58511
39977
98558
86762
45861
59524
28614
82987
92323
41527
40304
28459
65508
85441
88724
39046
29328
44638
19292
95495
36879
37264
30416
14474
80073
38204
97117
11836
15579
3569
29441
88862
1976
75234
77461
20809
51034
26453
29687
76843
3331
12756
42132
4111
49749
66913
5742
94683
85545
90471
19887
87059
75056
89259
29835
51163
48644
16353
36491
51225
54538
2779
96091
86009
80391
87485
60593
1450
7164
63467
60696
52166
90911
96195
87449
22798
2103
45127
67077
55444
94644
40627
59490
53458
18344
84078
68911
72504
77286
2107
42261
81059
4310
9550
75180
2793
13969
78108
8903
72049
2591
55595
30749
35518
9259
79080
92885
6829
85280
88472
41901
35892
30435
39654
59015
93418
21932
99419
28817
36102
38754
60876
1743
92767
91345
23309
71911
26866
1579
98467
49609
57890
47480
11928
88601
89338
79451
79623
56730
23374
46500
44119
89337
960
54667
59492
84531
10398
36623
32184
76324
36008
52651
79161
87405
35279
77650
4221
32577
65753
50951
95576
88908
34177
33435
78454
16033
9852
65411
3364
25086
4662
10517
98760
28382
16091
28352
93617
47483
1233
64806
92392
10717
73858
63863
23590
86276
33656
4202
47200
45646
29761
1242
8414
22277
5362
64987
62985
42056
8776
83031
20226
96404
490
16138
54191
67567
63785
22838
25584
69650
77961
93796
9040
53392
82810
79768
87799
9734
27295
3503
41692
13761
97487
48952
40376
551
3034
37484
12118
50595
13059
8171
36806
42737
52044
65716
53904
58209
30000
68673
40838
76683
95465
32029
95379
18192
89489
55235
40047
54441
82118
8596
53364
47279
78695
46068
31435
93606
97019
57922
78271
23462
93681
99571
52884
75047
12513
5577
38992
41992
91537
65845
43735
90972
30549
20742
24245
20659
12398
69100
60563
60000
71410
398
89677
26828
43436
17924
73723
91574
92346
92050
58891
11397
67221
55234
80463
19564
23598
81053
9778
71192
7891
2885
90790
87673
81296
81202
62810
88138
34803
32071
75847
52351
16168
47728
56553
91179
12067
57051
10475
54603
86587
89008
60315
24051
24595
49134
48925
70898
71509
75267
29339
74180
28536
84519
23481
97236
70688
22966
68326
90572
75716
584
68239
51195
92202
54831
80686
90369
15279
268
92864
51098
16835
15887
62741
29796
99856
66793
85280
45519
15228
89839
83693
91681
39268
35469
86450
22051
1320
69445
25054
19307
22790
91267
84335
10310
82302
36190
92128
610
13140
98125
89375
42613
14228
86179
29980
43662
47920
75912
51613
8214
96133
74742
36718
94786
91292
31053
45270
68760
32620
44499
62309
59548
61404
19596
63946
40150
60550
44113
52385
86209
503
53104
85769
8178
48116
14496
53012
39555
47894
57504
4791
13371
16118
65483
3361
37244
34755
34745
20425
90921
41872
78229
42624
72466
14731
17142
20741
81565
87112
27389
93751
72339
6012
82890
70309
49860
46949
65179
54690
83320
13447
6659
80660
55731
84497
22274
88651
73155
84094
48070
10159
32873
73144
20958
32914
21890
16471
93143
28964
8977
37062
10005
24261
33995
26534
34160
60502
84927
72332
45416
44584
93856
79718
46662
2390
70544
66108
25584
26767
12714
24305
49225
38347
33004
57448
94659
47647
61600
9027
27489
90763
86565
56038
48110
21872
10271
38842
72372
45919
53847
71694
39418
51341
88592
15512
76253
42242
55784
27129
71785
67665
88646
47135
94964
80546
46471
66084
52567
54891
18143
7059
84138
27837
86606
66283
74331
30746
69408
46715
56683
76325
67713
51405
72645
39762
6076
57312
13883
45852
96590
4110
94367
16597
62571
60908
43931
13176
9068
37104
76238
56250
81428
88364
77956
71935
93534
48568
89520
30409
64581
21646
39913
80332
33135
10287
66142
21757
16695
6947
44310
24392
11765
36126
99720
86592
9357
97566
10548
22641
36913
18608
80797
64273
25427
99186
78340
28725
55690
76403
21730
5121
58688
46263
35393
29367
36695
42615
22808
68369
41334
16485
58401
7369
33332
34604
97656
69237
6815
76982
23986
74064
1864
52456
6679
84563
38543
35912
31678
38627
69959
75167
18148
88004
39878
67705
10761
99468
72268
5288
32711
64722
23565
16648
64463
99780
44604
67230
79202
36664
5269
19450
15817
87130
42759
40220
21457
62661
47613
43091
69638
14797
48680
66239
71563
70808
53259
19128
32276
27437
95202
34376
65056
644
80847
3539
43734
48957
386
48695
1722
12781
49637
46254
30988
6131
68737
82256
71678
86569
88049
36886
38192
41590
21345
54297
76010
37472
43458
54937
1493
32127
86669
9466
60950
87852
38193
85224
57256
30232
87451
41755
26965
71929
34209
62997
67473
60767
12843
68200
15859
37701
80190
28502
28816
66531
14790
14064
4374
67105
62432
99423
93410
31973
57441
71169
43646
10925
8134
15563
49754
13369
69018
67022
15494
61503
91709
65620
22890
70210
32439
87753
87363
28285
22873
38454
79482
40184
70059
22120
31521
56989
18936
27375
85069
56581
2099
13475
651
74028
56932
26273
4897
9443
34930
57651
2978
48228
15055
27278
51564
72511
72475
78421
38434
7315
58614
29051
28769
78457
56005
71813
91970
82298
47967
45517
38475
58337
3349
67619
46834
30475
46013
77038
61071
2267
3130
86288
20284
22986
64329
58856
79499
11739
10153
42609
50597
67437
35880
60424
88827
91049
50375
80395
37802
45020
18089
82012
55728
34430
5021
26213
10341
22512
77893
87509
49625
92965
94115
6088
46376
14839
20927
99397
97084
19642
13399
34369
6079
2126
97700
81122
89690
83278
35876
99390
96527
55813
91434
31521
37520
45120
38942
24300
15867
73118
84626
21947
40787
92613
5762
96703
66651
59822
81638
65706
58769
87744
78840
1034
11140
18522
16413
44140
73268
89450
29138
64354
27301
57915
76309
75615
66687
15371
63884
11614
58021
71674
53429
19267
62992
66398
77484
89753
35144
64468
10578
29979
44126
32081
52768
90734
78537
64086
67336
53739
95163
79618
8292
17051
11679
321
61406
5914
25937
43426
13115
81758
72058
77063
11205
79505
62598
38421
54739
35738
42180
89515
51191
38363
58585
1200
78788
96481
41605
54233
74179
6980
48825
26287
65133
93681
34779
77211
6232
40634
29226
70368
27184
43755
14633
64468
77451
37000
33550
28429
46662
14818
97529
47048
79566
64725
7618
13974
84251
91329
72619
20868
69239
30115
45141
805
14236
19792
96654
6302
90266
6701
60711
85229
63672
67598
23300
28983
98098
42729
28973
5453
81985
12054
86114
35290
72377
65830
20779
20780
51404
7580
32845
79772
18123
28268
65720
10044
6764
28271
93245
86268
78183
45472
16189
2488
18970
76822
98397
16706
17517
9663
42806
37799
61232
98101
64904
19937
37824
40127
83470
27449
28168
65255
52365
79926
47684
36851
6119
66982
45665
89346
25036
14344
30624
39877
61072
30900
54458
21752
51959
12424
38238
62908
83340
1039
50741
28658
56529
83248
43078
76342
55153
31473
23925
36469
20529
57061
22790
58412
26694
77497
77727
76478
14400
89943
72556
64882
93379
91317
85564
54599
14038
89470
88297
16213
756
29466
46261
84450
74048
24124
93519
90749
96982
53320
61269
48442
55613
71935
20308
13066
43320
13448
45514
24983
34523
46333
70765
19385
32667
87887
67908
44312
38878
17015
21971
27774
83122
18875
11444
63032
51290
54680
80192
51209
65506
2386
42862
87467
97427
33109
12178
24131
47778
71495
64231
67007
45795
36557
39559
15887
59612
25911
31254
65182
3060
71848
18751
72843
89450
67749
79478
70696
71681
89274
60957
77038
82649
24035
86050
82139
46457
5822
13862
58762
3400
43115
99928
57645
48764
55676
12703
71624
46186
85471
82966
15501
4731
76325
34962
46032
25151
87982
59680
56295
97147
91699
11497
80448
30718
9808
12375
85663
25938
39948
25521
50962
21326
72230
58178
42802
60904
19134
94488
75704
38376
43613
4553
26330
40343
38914
2672
67841
21846
52105
9108
94216
28204
65786
77321
87603
23703
90604
6736
86474
74115
51348
56825
65136
12024
56750
21258
1860
77261
44742
46231
74067
80443
32164
3249
67608
15181
71858
15836
64274
61459
93707
58199
92928
16950
84033
79264
30171
52646
89259
62256
89008
61327
2185
91650
92952
82825
55958
32274
81142
54894
90793
82720
28557
6183
78696
42227
44380
65984
78729
43610
56343
68186
80838
66830
34434
42079
14365
36339
67436
74608
8929
43869
33478
33498
72992
5584
5215
10727
72626
25919
36765
13904
61307
20438
12058
39024
19613
3827
72121
82772
2749
18319
37123
79343
20591
85339
26722
87722
83041
9381
13498
28536
97218
26906
73215
82344
13581
23333
69751
14036
42870
55222
17356
78614
71183
19390
79630
61017
76247
35190
95011
75469
59456
15999
91404
2325
56795
47876
16053
667
50147
27451
95032
21764
44226
97803
91024
27517
2052
8808
11733
95508
17078
17753
23448
4516
94842
13179
88284
86888
3082
12446
14127
57968
48391
42413
37476
48561
15229
17867
63183
35063
57716
2329
46844
81782
9174
15348
69324
88990
19128
17115
19884
86221
48583
92302
23092
92542
38288
45265
78297
59807
66283
63408
42224
93344
65477
99069
76928
53575
74665
82166
83202
26433
55851
76705
3384
62291
46353
19577
21319
38670
77757
8162
95122
60929
38811
25943
76852
89097
98436
60774
37754
54115
79885
49073
53979
56513
96303
69173
35764
24987
52723
68391
27300
349
68762
76826
46305
43455
41414
64733
88534
42258
84393
24066
63322
37813
41128
13338
20909
42599
76683
40955
59441
77752
19460
18083
42691
88856
22681
48982
58805
43921
33904
56228
97321
95952
69622
45990
82572
73853
32523
1766
33964
65869
42958
44510
95927
15117
39393
11961
57650
76607
12440
54838
64627
50817
93444
50828
92572
41352
79286
51943
33781
25164
94194
62863
53188
58717
48178
69929
25771
39347
90899
17591
85246
36419
35777
89563
96575
75821
16026
33210
55320
4978
9281
91899
72020
36675
44769
63918
55611
91445
9115
39977
50473
32625
37039
75214
51241
27944
38115
64808
7987
37155
69875
56596
24383
68664
30837
84093
42724
47448
29383
65664
36914
61734
91736
10030
29832
29058
6383
527
93075
77347
30652
60259
36708
53540
9529
36163
10029
95381
82461
6151
65944
31570
29693
84449
91011
46000
37087
16807
46139
95316
46044
45294
14612
22014
89297
28049
45859
24418
56259
68529
74425
46327
73036
11031
16828
27976
26182
28532
90659
9513
46163
87689
19341
78404
98119
64963
52351
82384
82291
99262
31897
19971
51598
21354
11571
92446
71201
88235
29721
70407
93584
60730
4384
34900
75776
11017
61476
18851
9418
98596
35424
32742
99418
4787
74408
47420
72196
46556
68454
41787
22564
64773
40016
39017
47152
54743
11010
37899
22876
28798
63934
14068
10665
73836
76604
8286
18092
99774
92559
39127
88567
24503
90166
44243
29926
67784
88828
49983
6760
96369
56845
2294
58119
52832
92789
58668
93526
61112
78198
28583
20342
24494
76453
58862
57092
27757
55490
4730
98339
88793
16019
3177
11810
42480
1276
30289
60490
7213
27292
28209
44103
9382
54343
28675
15280
51669
84732
42254
53748
35507
60674
41785
84642
55424
69092
90585
65013
32704
80838
86251
61306
96383
5986
98845
69472
16053
96420
85670
79195
56101
76542
32982
46741
16127
41800
56904
114
71589
74712
54005
70654
7275
57595
32994
65045
9367
67533
59289
46542
40264
39002
94261
90053
596
34993
3798
46596
99529
5314
37173
56685
76981
20212
16306
89574
30816
20741
52553
51042
63895
29631
83426
42792
40036
54739
96264
51330
65144
27221
81041
74308
89451
71348
11612
12919
70267
6516
4346
19585
42608
64234
43554
26963
33280
89523
8744
67727
81710
65490
33960
64947
54220
39460
94012
64358
32994
75809
22894
67678
89383
58961
81223
13996
58732
14632
47749
91429
38008
82624
9483
82125
21966
29745
1234
57186
85291
88240
80381
51203
16491
10849
30923
54971
17675
83834
54438
67213
79881
83030
38648
24573
16199
61331
53885
23673
41967
80553
93811
57955
31184
30311
49166
98812
81255
74283
10120
77198
99705
62653
35925
87925
6236
68104
79221
79916
53942
4599
23011
77872
80189
63240
2826
90675
7581
7408
15480
57951
48568
83595
53674
99684
42951
62941
35110
88064
81727
23658
28808
49002
34671
62191
9684
84411
38854
58331
50666
74522
89713
91533
52984
72803
77218
94091
34921
4467
76556
71004
7355
562
78506
89795
44942
43293
81408
18616
56761
32751
46810
27365
89910
50699
18288
43162
80222
71305
96651
21197
47919
84058
44609
12401
32873
66938
95580
12082
55960
2098
13081
70731
74380
72838
68715
99332
23044
67681
24224
31755
72489
52795
44348
70797
19223
60101
4513
97713
64758
44657
74320
46738
56839
97888
40777
5239
78457
20617
21871
62609
71900
56067
85287
75600
28813
68720
50814
50050
44463
35654
18666
8906
35963
56442
84809
87576
35150
56587
58982
44170
35137
8424
60922
11551
43478
7488
61518
64020
96270
39493
4927
33597
55351
30107
43450
8321
86531
32962
61991
18322
69428
20957
50627
48712
99507
20799
24453
79194
50079
22642
32930
57048
13539
10947
31467
88903
26849
94253
53588
2906
64170
98528
62768
56681
53007
8430
19448
10129
41329
98578
67210
77320
54677
34141
46478
13274
40052
98206
80692
67461
84719
29037
36217
7502
40703
66293
86153
48799
61738
7164
92990
46589
67058
8016
60070
39145
9639
43055
8803
37907
60637
83827
1867
68982
98264
47544
9328
63797
7364
53771
36058
74416
18977
5234
18576
96290
5659
65810
13654
44538
99191
57664
79984
70291
82378
34504
41381
47058
48612
10099
31871
90141
2953
50329
74830
15155
78208
68163
2572
63979
64037
46971
25435
47596
55801
73298
11595
13510
97017
61966
87608
93004
38796
18863
95696
43823
88053
49276
20401
6584
68969
31310
14097
79617
5754
35192
42871
93360
94130
24113
71623
27569
66012
75233
57180
31023
37915
36228
13517
5327
68606
58749
36209
6858
7691
40058
6175
76260
36568
48096
57711
50829
922
39155
25276
18612
62420
95204
61835
2691
15313
19096
76452
70139
12844
77936
52095
34381
26572
78842
3963
2065
92078
37876
44999
69511
51514
18424
28067
68456
67832
98504
74433
54056
77915
9047
5189
3658
87867
8690
74604
8799
17281
63977
13256
70429
27803
38878
85481
58585
495
8617
32280
53280
40204
11685
32765
29303
66524
35067
39840
29677
22774
7433
43660
29658
65201
82286
99184
9015
18482
56724
95935
97241
10342
10971
14231
37803
54891
29022
59614
90631
51432
5317
3113
58800
22558
26310
44278
87407
25430
15544
40153
51145
61145
83669
63092
29977
72287
7083
47424
32559
73727
25536
30312
56868
1925
66816
69172
52793
34753
49605
64835
38475
16252
45153
51953
37557
72006
42474
65208
70339
13579
36514
851
12878
80036
71586
23678
77176
56489
70307
98553
48486
48260
24745
70315
67797
71008
72077
76131
82938
66689
82821
22010
33307
52814
21170
3445
59683
30761
50213
88454
79846
9791
40494
83441
80145
54842
61475
26764
28652
75763
81898
78912
14320
47493
26787
15437
74143
25406
26741
12009
20772
80366
90035
29961
20904
21570
14251
48600
69230
70890
59339
2660
94700
22838
98640
33848
98630
11776
5740
95364
75400
99938
99059
35225
15552
8392
3939
33040
41206
71136
67469
17738
46154
95534
70404
6834
89576
78236
82369
59487
50025
48975
27601
30262
98921
59988
79739
24300
97441
24697
9810
86760
73025
36633
33939
32839
82828
27215
2875
92601
15663
31948
56553
17865
30879
40483
99723
42106
3534
21249
33160
53645
65802
60634
77161
56895
78258
18494
34533
6191
56246
59851
81735
13694
89354
17468
72158
62030
32294
23455
69665
7501
53853
95397
4284
89323
61976
93106
27804
7942
20015
15700
45555
45031
96291
96496
83369
8453
28635
5367
18943
11976
47545
61272
21921
66888
86583
82608
23879
81620
72835
25180
24872
1038
67541
94607
37628
66483
96585
95167
92555
93752
50206
73945
43927
32113
27466
98037
21028
70443
81911
81988
34528
96953
94013
67749
86002
64396
16253
21816
81955
87002
74840
94346
25571
47297
74250
239
20538
24326
15398
72813
7053
54838
81903
94452
70344
66829
74225
98508
28238
38645
39834
55240
5946
68454
15448
19510
7984
67692
19823
33976
16390
17383
71255
38924
44776
99755
95888
46247
35053
67079
56740
50433
12372
65987
15159
26506
25690
15426
4397
94555
49755
93831
65560
24295
8353
69396
9020
47407
10990
57294
38306
26772
59523
87420
1941
28520
50347
14862
12892
16798
64967
80507
36628
66976
90838
89154
61546
23966
92544
98258
46130
73988
26847
26021
44998
92165
84651
30983
84543
35475
96513
27956
13033
49297
23759
21600
41254
35168
5086
28784
50306
83317
89340
51301
45709
85611
57605
44217
85338
57589
94222
54178
98484
5068
84910
48211
22072
49254
10762
99906
85875
82344
70331
90564
79128
99410
13789
65844
87166
6552
80791
29107
35732
20946
13186
53898
66754
91401
63607
30283
12094
36529
986
18485
56231
63702
85821
28821
42177
87087
99826
65513
30861
1424
28689
42657
80932
96731
36770
52799
48081
84534
46312
77821
38280
5944
7979
4397
52679
49596
78720
99131
11847
2872
23350
74511
5150
74984
76159
77135
80245
53219
39961
45122
4705
54544
33976
67663
32960
14033
23346
24227
58482
70556
65799
337
64914
43435
71115
29075
25135
13578
754
44623
45931
51693
85270
37013
82479
92644
49224
31109
48073
50791
54577
52942
73763
8011
50659
48049
929
25207
30273
25316
92279
52720
7431
22002
3205
61647
13432
85536
912
82741
95618
11530
61373
40501
2672
7307
24205
40015
88460
34652
82480
79261
25198
10803
99943
38470
34246
56237
95610
77041
52002
8935
88626
32564
93148
54310
19605
32713
82020
49399
86076
73537
79653
36688
45138
77043
21718
92916
59275
7149
75615
80790
32862
88971
58854
42485
95649
42950
66037
14150
21344
26627
84938
73424
26393
77036
93467
97776
7895
45500
11107
796
83464
56820
51374
11460
24061
92715
49852
2741
76190
94978
9238
95256
94984
7701
65131
9847
75557
67885
91844
61344
68197
22706
80524
79522
41918
88414
99766
41683
23966
72301
73642
27348
69800
93872
12560
58284
79347
47169
28344
86609
85563
28209
91683
53254
93217
81053
61457
30686
50822
42335
88264
73535
93376
99809
61
19073
30006
15756
66819
66037
87134
85662
95533
96131
82384
85914
73345
77579
53927
67578
44764
33997
71412
19039
42812
18405
43614
19433
22637
74862
38362
75458
98324
58887
97218
81748
29425
10034
22806
67963
23989
87545
4268
20021
21536
5644
93652
26070
64885
59685
25325
17209
76284
2669
89374
63120
80308
49463
47186
58844
22131
40265
59731
14776
98459
53756
70209
36272
91740
61497
68272
33775
22080
11587
89371
83477
25558
57715
62600
10088
34142
85406
69498
53378
99950
37299
51757
88232
77631
47457
16850
44634
39607
23414
22375
64934
49331
79842
69169
695
36305
48665
99096
88908
43192
59031
75168
65315
88964
9405
23136
86003
29906
73338
26657
92697
21188
52614
28693
18858
23185
83176
81745
10824
87276
71767
92360
50896
92431
98909
46213
44239
29253
72311
57828
75541
70129
48089
71086
91778
6942
95790
83888
13501
70915
13917
21591
18531
18354
6504
34250
24284
71582
34254
92515
67913
73575
45136
63947
92570
1604
65393
92433
1340
83979
97366
25031
50703
47743
38444
60410
61238
32055
49097
63051
58440
72519
4971
87855
13987
87277
21309
63231
70016
98011
20856
38557
86273
1980
93414
55236
21991
94820
25634
32458
58016
93304
25051
52693
43486
38423
75702
80311
13155
25732
86835
69287
66264
55441
70216
81053
15101
5609
9546
78346
81659
10106
63531
82578
18837
70686
59741
16999
48412
49925
94868
1027
76513
36000
60489
4449
79270
4108
34586
37273
7246
30584
30863
1302
5171
78485
95608
92214
95222
58810
67923
48061
32240
46577
27081
5238
72199
11202
83640
33000
64061
15225
70155
54096
71107
52342
97509
15521
29130
62321
27868
9173
3738
70792
48290
58894
18971
87943
19712
52141
34993
55123
73915
4014
72805
84275
17432
1694
17021
25915
95003
53627
63214
7702
66347
94662
7720
24847
82578
8519
11792
72508
14049
15454
21131
85896
84944
90913
15125
23644
68962
54103
68818
71369
65094
12623
4700
13780
64507
90110
59419
64574
60875
33587
52882
87823
71640
409
3766
29919
28629
79912
33338
94497
54411
2888
78693
10892
6203
52804
84485
8999
19907
16551
89885
304
43034
17205
95130
74376
76341
2888
90019
16095
86604
21158
96943
74808
13591
82427
51792
11033
57073
11545
34189
77266
52479
56040
81869
91623
15946
35659
68783
14043
67975
62289
13431
28795
39832
28885
50755
90244
11916
89875
92123
57522
37089
37030
46215
34726
57290
13059
43354
6482
77131
14444
71948
87141
59201
3186
8774
75406
62719
23082
8886
67886
8755
72266
43843
39583
23686
37057
16314
84282
57922
38864
92934
51018
97935
937
3871
94571
14006
82914
345
64062
54983
17814
91389
82636
42293
77752
92436
8020
42270
64853
28224
13331
11337
57701
40261
3599
21800
17710
33188
42208
56957
57141
75785
12476
71161
17057
47866
31069
2111
96206
55600
93968
38472
90315
86914
77789
25087
48177
83996
71342
3660
65824
44143
59967
31214
70359
14946
83296
31393
79535
8518
85097
92480
55862
17191
64635
94468
39907
48446
47087
31050
93370
59203
45117
24466
39230
64736
54027
85763
48558
97185
58160
2669
58910
47144
26596
71847
16691
64732
93830
60630
56954
4001
30569
56015
24389
19492
94524
29651
31715
95501
93845
90425
62939
32182
14009
77994
40037
62939
44170
60678
94085
17415
40462
91492
5893
77230
36855
16598
26478
51610
20533
96011
75522
8220
91348
54765
78553
84676
42579
39979
18517
8428
46147
94834
13412
47790
64439
12276
80339
7734
93902
42666
33738
4723
42203
4789
551
49894
67693
74752
56154
29
99904
14146
62362
28634
15295
85120
64259
83787
83507
18479
52205
48287
88813
15575
1674
76526
96108
4179
15963
43959
33740
32500
36815
17927
85419
65669
87034
11925
18329
48842
17710
43339
4059
18114
96280
61438
44572
30219
98553
32926
69649
43556
56831
34473
58023
37294
72352
22267
22188
54219
57779
16224
93878
50729
63915
45225
42708
89912
58544
32381
50319
66998
73083
19655
72348
40205
88430
3117
48993
74354
4399
83072
66081
81742
78975
63695
42918
83257
66298
76855
97674
80098
88909
26198
60354
20907
59151
86813
15880
59185
54910
5154
27971
69322
19543
2389
95477
63591
15250
5259
98625
88601
13719
150
82807
83184
24257
46038
91165
65566
45677
47560
89403
89369
59838
22300
77859
80512
74001
84197
15324
39669
95192
35754
49994
24680
58806
60089
81403
28629
51126
20123
6800
67876
80520
40675
31398
77102
12376
30751
60320
3999
84396
17457
78611
36599
34043
83768
57389
94058
12389
30471
2019
40743
54450
41559
63254
19766
42667
52824
24673
61851
55215
89475
63330
8407
11315
68587
78722
59981
20186
30897
38563
20738
7852
96919
25285
57757
75030
88076
65140
63087
78462
41734
99442
33548
61088
19950
67773
29527
47658
8821
71996
284
19633
75109
5419
16502
25774
370
23233
49137
26937
70415
43930
3721
36384
26268
44934
90994
53092
1661
99885
3761
70768
15142
62461
75015
87414
28019
38417
56078
95400
19412
74912
93180
26512
99942
46080
8677
81837
42300
23061
29021
60138
31932
60217
76698
88732
16710
32681
72760
58873
25071
35242
4982
70319
11628
36247
11901
77128
30154
85000
69121
87512
14234
24224
13536
97248
10665
72947
61320
14691
55982
59250
62901
16545
8765
18677
90744
42037
44313
48836
87603
69352
94117
15841
86816
71281
90651
6773
70162
2506
59094
98262
31187
64207
72970
86001
12428
34261
22036
53658
49827
42116
97771
67150
48222
12691
74006
16385
73415
35487
31319
840
11560
55239
15333
18373
90389
38247
55159
37547
9864
20143
61212
1549
55208
32160
82760
19335
5155
5890
62601
11624
20922
96260
37432
74011
70044
61490
88394
78512
77354
79564
15110
90476
7322
40777
28497
84778
51735
58983
99525
50764
30854
76525
53376
68258
50691
81471
81209
30261
43594
5565
54893
93905
21745
76505
36215
82733
14514
62034
57983
75512
8551
27186
18953
35426
62062
37665
68878
2084
37932
21860
31208
27405
78542
12150
82278
65098
14794
70017
46943
56496
89540
90584
78820
74889
13068
26868
33102
65594
31365
31817
81527
35149
35809
13957
12292
59871
48104
80452
20064
5319
87319
37811
79044
802
65860
80895
11698
26519
64832
82425
43072
6572
94390
56809
67634
17477
37392
99915
26945
85875
21848
3082
45783
56609
45276
29496
40124
92150
71531
5223
21226
10728
26460
88871
62685
71038
44397
16988
28583
53087
82985
56443
20768
60604
57795
96738
58170
4663
36575
63441
66770
45839
93936
77961
94178
5001
94428
41535
38132
80509
61883
11516
95793
86522
58494
4884
61240
59990
46413
70049
44362
12085
82313
82044
97761
92757
10896
44440
20833
95925
79070
75419
85159
64480
41072
78553
12574
42522
27461
16494
55280
83205
68029
16600
67257
6768
44579
81263
43064
40029
54023
36802
47775
74638
70500
2512
9545
24523
65952
16447
43851
52114
16562
54556
78147
45147
71837
26864
2861
85287
71899
25531
42037
9413
42293
78511
81926
40928
40366
26796
31233
19721
57504
40723
20233
6012
53150
71913
86427
46865
50296
92331
80924
87042
33853
17225
22538
9428
99643
83200
90004
84260
98497
16247
13350
69071
34534
76853
65980
77469
9219
17917
77335
50347
42651
48616
51758
77973
14683
98206
56124
91420
12347
56656
4087
3929
44516
8116
92577
53598
79565
98078
67863
48197
46014
696
60903
38936
3413
95070
25950
99484
55878
17624
38239
25914
65372
11221
86736
81483
40671
73536
1135
85024
59118
49794
85378
73003
98028
1044
15915
2158
5207
24478
78458
37854
56435
92689
74716
88531
23141
46014
81618
27087
71451
82609
95772
69384
71689
28173
21204
28756
19662
59365
10840
89776
16725
43636
51007
63149
16311
7930
8812
85815
89182
7124
46368
56931
95205
65175
12138
38645
25659
29800
58681
13708
49798
20571
77491
28746
6851
87942
44414
41187
31724
26081
88379
8193
22387
93468
13394
65650
37995
8893
1577
18447
34437
19540
30222
75913
63672
49373
59828
77842
52762
85906
48442
39973
11467
17514
38598
77556
86225
61042
82865
41100
69309
43654
84956
22951
21196
16621
61249
17261
12202
55918
94180
29320
89202
90706
94728
38179
45584
45176
26782
15293
76359
12142
9016
79728
2798
13331
94011
39769
18804
72007
23219
94787
14021
97867
72576
3605
65445
45402
9263
70100
18298
81283
18467
59702
61958
65026
36274
84549
29457
18586
81292
89739
14213
92338
86390
63648
35283
69385
44277
19054
79923
57335
37670
14077
23688
4737
11498
46016
29410
41400
71263
42618
62205
14159
30538
51214
32615
84600
41647
5379
1471
61370
707
12880
13817
92784
73241
47689
30910
96961
4473
39814
18352
311
783
54476
79114
50526
19647
47931
30470
14876
29462
66452
71641
85607
58779
47620
76537
90343
85861
14865
43166
23274
48774
5375
95270
16445
73125
46432
11539
43118
90474
54326
77999
20987
30802
6438
6544
66422
75106
97147
98390
43896
90679
65300
98736
21630
316
88364
86655
90693
81334
20195
17907
51742
84026
49037
66065
58637
20670
3959
23190
75780
10092
28882
72245
92087
36882
68734
59804
74076
439
99604
50933
9249
7848
29680
86984
77449
5808
30009
19134
36580
78759
7246
47680
42570
93857
80686
92990
89652
19719
29636
26379
55160
9699
50766
23813
24543
88916
29416
78163
85956
47394
16282
84936
16523
86603
23706
98404
78075
27132
28607
24537
96697
55803
94084
91242
12515
26945
87733
94992
18726
90309
6010
50294
22653
11252
92221
20804
82727
64348
61592
54810
92899
79783
43808
53586
83018
75397
4104
68552
45384
40835
916
4437
69849
41144
99131
49078
48253
67709
29079
29643
70487
