92176
68172
3128
95767
16824
2394
67819
39905
89682
22316
30743
1074
54647
12857
29370
30386
5429
67004
58366
25768
25947
24179
7786
5258
55940
60548
12229
50963
36061
49305
67880
91026
66357
4652
71071
28863
31008
46686
23740
26984
27368
92640
59319
82282
1840
48917
66758
57660
16966
8911
48117
99972
33509
32822
90531
33325
92228
85639
16441
5712
50335
69273
51942
50991
53055
30139
1468
8161
15913
45976
65569
93831
32736
829
9011
16349
42647
42385
68348
57005
68471
18851
95213
37981
24329
12002
46714
22568
95298
31493
33330
2250
72616
16875
89017
82581
94084
50588
17891
2689
32614
89071
82479
83712
45039
97861
95070
14160
99744
90162
65935
79305
31965
15484
53433
20342
1213
34971
45604
63008
62896
19425
48900
24774
80973
46899
80019
84681
51767
31957
39017
43620
98668
70693
72059
9881
16330
19261
17357
32774
46494
37947
75285
79510
93514
74622
4878
21491
690
95591
80629
47930
81764
13567
14148
28967
15554
19575
40073
12847
8877
32105
73346
45517
47599
91038
91191
24340
80932
9897
75475
25379
68198
45361
80384
58390
40180
79533
28831
66137
94847
93319
84161
99383
45393
41858
21093
73745
45338
43384
4495
97419
67032
37660
86656
2496
48450
63551
30264
70133
49713
76622
32037
10411
22316
74616
54790
39630
49038
47117
48864
29579
214
62753
36540
11646
69387
77424
83388
99689
31818
97884
37112
11264
87277
16850
87802
40737
34138
67083
66994
49538
23813
19374
55190
7331
39491
15635
85145
51106
71052
90018
65414
18125
22988
20345
74682
52561
62598
42284
67100
57617
59109
94695
35578
67347
45473
8111
5473
13205
69738
89927
25336
26717
84117
22831
27514
77102
87072
67430
48142
21365
69858
87312
70373
40611
93076
73906
78575
99190
95863
53210
89594
61840
11937
14716
35240
84168
80807
73719
81419
70847
49704
72951
30368
17355
47347
46643
1478
11088
58966
37686
7897
35021
88101
38299
96207
65682
1763
49297
39119
14991
59216
57214
5065
48263
99919
70944
30133
97379
73587
92974
87340
86691
49478
89886
51901
21552
85333
3264
37613
22765
93402
14950
97582
50508
83143
28647
96154
989
77261
78009
54797
95904
98471
58236
58173
73531
66214
29270
90647
71976
50745
32985
94710
9254
56984
43072
45954
304
9006
72728
20067
7978
67968
60924
56065
93111
43166
45048
9882
5320
82117
3823
93343
90671
25807
760
22443
785
26104
87587
63712
60666
4269
28186
48160
5323
7571
16482
99429
93358
97329
70433
91357
8010
22556
59001
81510
97778
88989
338
43874
44663
32160
83062
80343
55454
60668
44630
41350
93741
39002
29226
40741
97406
2756
86518
42715
93686
17067
25960
21688
95119
25557
35517
97199
37425
24993
62787
92817
70592
52504
27257
2694
42831
49874
87571
56618
50002
24546
64090
52290
30097
73919
36592
4314
84280
85072
53393
57437
86475
67348
92149
26768
41111
73003
70354
32299
67556
66468
86398
53301
5703
62851
46194
51323
79795
44974
99402
75116
69999
2549
52488
17012
74211
30365
95481
42611
50028
10663
38799
89146
74287
71777
28878
91425
68842
79208
51586
98120
91110
81400
80269
38696
51721
40019
52511
81204
82695
92938
61053
1170
35417
6026
36740
65744
52742
18117
23112
77188
83677
93852
82069
9829
47845
80583
86934
40287
21932
45025
96051
94295
60667
64402
79573
67388
49931
61594
79749
89126
97264
24375
50131
21454
47763
54804
64755
29544
22270
37710
57921
60385
23473
94787
98021
26034
32625
78681
96945
21310
44992
83977
7048
87438
53576
28038
52601
24038
91152
38830
13224
90628
72049
28716
73070
52532
72514
9542
82487
90131
38000
9098
87529
15006
20906
59792
11716
78294
43672
58028
84005
42930
56363
83956
32100
31841
81807
24968
60126
45435
73342
82210
95853
66370
1038
52379
21650
10938
23146
5462
53141
48738
1855
15502
3876
12815
76396
20248
38103
73348
2429
33364
97748
68815
26065
2838
50125
83906
44566
78187
78247
65133
32567
43626
88150
43029
50156
45848
44804
80947
68463
54424
33297
28811
42479
60845
16661
78951
50077
38989
70400
9232
6468
99781
32418
54185
68086
58083
902
35784
22081
55524
99513
75057
89184
11578
33033
87024
23917
70648
1448
11187
59765
32030
23888
83266
72740
76956
41120
51516
11519
49829
95141
65871
63121
97202
93204
29043
52349
68495
43955
89892
50514
39654
97527
7515
49149
86758
93032
69256
32311
87919
77665
43533
81311
49437
25268
985
17507
60719
76810
67072
48216
77299
99592
53940
41417
18576
54445
17315
63723
51599
63512
89132
1583
75078
18886
68766
73361
59714
43257
26320
32430
41489
35860
68951
20626
41002
21858
83303
15151
79225
64503
66728
11114
459
22190
29236
20623
94162
47762
21131
33540
11541
50041
4340
26939
6840
75081
43952
18497
83363
67582
23548
1140
6193
95556
33859
27506
75000
34399
37949
38380
84751
13962
62729
69849
62337
60764
18146
42631
97517
40166
93856
65324
98967
9625
91886
74555
18223
41605
20868
43986
412
47069
81825
35343
77860
93334
20614
43811
25467
52717
77585
76223
83269
44424
9269
90571
56137
94837
6739
8117
31349
60334
58135
83975
90344
53694
43121
37169
40064
7966
66861
90469
63745
66072
75410
99618
83262
43597
65940
91144
52647
36114
32023
33451
63727
12308
66529
3330
9912
76412
88121
13022
51421
63918
47266
30104
77628
98347
89486
3555
75391
2199
57281
60897
46310
94229
8004
97682
44306
62126
35233
56358
60912
26960
1506
89268
46272
35283
85281
43011
97057
5911
11787
8677
3034
30665
24310
43236
8200
25796
12059
61973
15807
17236
93522
52969
43967
53430
25226
13249
45845
55868
81985
40610
16234
33805
40038
40734
40300
70856
52008
49010
25143
92936
38394
38735
28256
18819
77351
8399
35134
57293
25004
88201
69429
91643
19798
96096
82304
60673
74520
5525
77850
57276
34152
6237
22890
58507
10583
92878
23337
5784
54604
21648
98421
96541
97854
53027
31202
21417
38749
52340
4522
99924
49285
98805
28685
62207
39723
1950
37657
85123
55858
44727
95953
45514
81534
8770
60176
74091
11527
62441
1894
57632
19273
30719
32673
46853
50840
12310
75047
13039
90769
5436
48832
9415
64812
21330
88016
37602
76974
31500
16386
26270
5498
65342
60128
43163
68999
73704
48670
97555
92013
70912
87319
55
75001
19417
16560
27944
24480
87821
66232
20527
64561
71148
66225
62457
12834
50465
59080
13683
90732
20701
7743
3710
75347
9379
82861
89038
27837
77199
96667
46853
74245
45892
367
16999
23943
67952
47653
29817
57947
32862
41721
39579
87647
96087
27362
62784
44268
52278
12792
6182
63979
95847
17014
67158
78688
6171
97946
35705
72516
5547
28458
65908
4465
70183
64337
34914
17367
14682
47750
65485
11436
95259
69229
50153
32927
36754
81687
38957
58285
24548
2245
29167
49037
73534
24266
23354
64966
55258
6094
99950
65696
94705
32974
55093
14455
27677
33217
25373
93900
52393
46166
66263
82423
92824
97817
31243
69207
60815
96436
79190
69833
91200
3314
31489
17431
49460
77087
11007
38311
13204
10795
77795
59925
1715
33421
5147
59995
72315
31844
63085
56524
15827
31833
62700
45568
52331
20160
38935
31401
96772
28830
59886
23685
35646
91716
37298
64876
60062
31833
44856
94537
94716
27990
77322
66406
80967
46538
13978
62304
86741
17886
28068
61145
65771
4691
21887
2124
2886
95879
87647
5083
63139
40567
91498
13188
51345
25374
85268
18898
2833
54396
90810
29104
68263
71090
78456
39832
88864
85897
22503
74153
65567
91122
61111
56696
68166
44936
19460
52989
125
17361
96536
81646
29666
58084
58109
80138
45742
79589
77565
16043
47712
91500
10200
47198
18824
55075
25025
6639
48050
18350
67958
99901
4684
53476
63386
55052
2486
36284
49744
28442
68325
52995
57334
93225
90772
93354
27164
55835
96008
5756
74687
79836
54335
65037
67815
97625
32180
10542
27417
25678
5457
64508
92729
72893
78705
1882
82048
85179
45008
17779
74358
12580
9810
69377
14509
20111
54669
28683
16441
46780
90869
22760
49103
37513
482
18691
25401
90564
84703
471
99412
92315
64369
37913
83238
54095
62818
39189
58239
75207
3369
27985
7083
71617
14040
10798
34161
59683
10114
41932
33067
45200
40583
35693
86658
70198
96253
58674
98949
86307
89276
30593
36422
93176
79494
26344
15281
55382
88050
17915
93770
53333
73172
92186
84354
25940
50346
59598
70773
84202
78021
99506
37059
571
9490
36302
30410
50918
62276
24734
36028
38939
22816
46129
62498
35146
24165
95469
98605
63926
77430
49200
45620
62185
94949
67378
61327
95201
96829
19206
20815
61992
38828
36927
89496
17857
43755
28879
19420
17950
91756
93643
38677
43695
17471
36586
86046
10549
22433
34636
56878
45972
30017
81080
41011
6470
67760
66749
22503
3533
96293
96282
6897
32897
28362
74489
30875
33095
10982
72469
55499
34114
27496
11069
40929
35491
80588
79761
55116
18332
85998
43241
77961
98867
87720
41973
69337
12210
14089
21823
85213
39547
55893
54605
50673
47128
9459
22370
74914
62864
16791
99460
15853
81398
39116
35800
30006
43964
92829
91913
57890
72389
81440
73704
97681
15191
49983
33358
11035
6671
83141
44220
1318
43759
2754
68067
41697
74738
12091
51648
96064
67584
13137
99551
8149
10717
98892
52608
74983
85212
22467
17143
55442
65874
2283
47725
35675
82565
67482
42373
26957
57058
21782
55897
19061
50797
83295
78113
11382
96723
182
38421
5418
54108
89257
45515
87831
39581
6844
91802
64521
22633
97717
8479
6865
88071
91491
220
17562
6239
73004
67134
68323
48143
36722
35352
77726
77274
87714
19467
21157
64863
72345
75719
65619
75783
66930
20811
37990
59608
32688
35656
82895
64455
31717
78980
95859
82794
48669
41818
30946
38443
3914
61982
14481
67705
20556
68798
75030
78905
48988
30180
4768
26841
72950
7577
94160
20869
45665
85220
91351
71827
56093
49775
66158
52376
69063
44554
67916
90142
53099
50921
84104
46861
61799
13672
29355
30917
54584
48111
69200
20590
34340
31857
24796
5639
53475
96302
9460
83963
70442
46105
14815
31825
5557
48499
43769
30306
19601
38678
14256
15334
77155
67982
16735
37031
16536
53857
12997
79831
75498
55504
73921
99390
29452
45141
48716
7723
46067
62860
45203
56587
47489
14863
90832
8216
50318
5369
60356
57032
31989
35180
53779
97255
26232
52045
78812
17663
78353
67917
6419
19923
35191
66051
16892
80459
13257
89845
24710
87402
18202
78678
58402
84443
68153
52649
53791
16362
85211
77507
1188
84527
85351
57391
43529
51237
89182
6795
94194
83384
47014
74671
40584
2813
24433
67758
91254
69531
41838
22228
44317
72679
74156
77744
5716
96655
95270
70476
28896
32716
21392
93303
63180
60058
71645
31843
87173
31683
47978
1578
61525
7703
32778
35147
22330
7672
4142
13939
74401
47410
59376
87735
50116
47272
53917
71070
80798
65193
57630
14811
58759
82530
20961
88599
64209
61229
14345
8205
55645
36230
63278
78287
3418
6238
50705
15879
13499
54345
6177
31511
3188
24659
30787
14658
84977
28719
46210
99683
52595
36303
59763
44027
46952
26415
19203
4297
61478
40364
75967
76593
38499
7731
37472
87807
22100
6387
21329
81252
30656
82452
36062
8767
16512
25601
70587
54072
2678
17121
15310
39045
48327
12228
79706
72111
23863
71225
23432
99759
79263
65340
67316
51122
25677
99787
2674
61372
1464
70906
11964
73096
90845
94909
79833
20813
72540
8867
93451
26109
67273
7266
56436
23751
86479
50221
83974
70524
29511
61538
84998
93039
92881
6239
65692
14357
18093
72821
37146
11499
1113
98997
33447
70263
55911
67431
32934
52743
49657
890
42760
16278
48412
40566
86954
41901
38110
31980
65100
19078
85966
11823
96944
37035
89327
220
67531
15421
52280
82612
21131
86065
78571
59306
12101
35444
26640
20568
94874
13296
54765
47724
59077
57990
40004
256
44132
699
58313
50375
58016
35088
68478
70147
95642
69641
494
60308
46228
76175
88450
5035
24890
15472
85251
69596
64299
7396
86413
12434
73352
91531
64363
30748
59319
67026
91189
97349
53300
76181
5731
62818
35605
31422
17165
22564
10104
65227
80353
66189
48172
34702
28959
16799
16025
31214
94356
24688
17325
47690
7249
39258
17667
89534
58504
86222
88562
45854
91459
85385
39055
1471
5185
49343
12032
69173
31053
12692
60543
14839
22012
13386
61255
66047
14659
96020
82653
63053
51603
87432
79998
67467
41842
74867
14433
98124
36599
52263
777
87053
4578
62160
19434
41053
12821
53700
8885
44889
35379
67384
88257
69360
82260
79023
66872
36485
71778
13389
28699
38419
54099
13482
57715
90475
27043
19875
94325
32248
42445
19658
61265
17668
22053
20381
61368
1683
71542
92660
98279
15821
98547
88532
5844
47866
67996
42209
70068
20581
51151
90352
32198
9475
72168
68026
88320
79757
56983
20620
66548
58440
71101
30235
10718
87942
81762
18005
37357
43781
58261
1171
55947
27030
71393
67307
24011
25304
24489
10306
42094
35427
34336
67999
26674
51584
17575
29146
87800
629
51300
14163
84464
81951
84987
91647
18275
21112
57068
77372
90589
86072
99432
45734
60469
65815
43409
97251
66010
99824
38350
12408
26651
3074
17608
75679
61875
89456
83619
34096
80336
14600
23804
95868
69759
27841
79132
25240
63509
23933
25558
42390
3164
37742
31235
88080
82360
28693
55863
46270
27861
92261
60575
31399
9487
64742
10010
6547
38526
25494
84465
77599
74652
93225
50036
94794
84115
45265
55635
97644
56456
89082
28405
11687
40062
9388
93433
86261
6729
50291
44455
89121
91600
39739
40529
41586
15198
4980
11179
47553
55141
30421
31748
18475
24719
93725
17024
69794
10370
25845
12692
48959
53871
11122
40158
46162
76088
86070
67902
44154
43900
30326
77236
35279
98784
23318
49175
28317
69275
62192
54159
65419
94270
70707
12305
72889
34878
23720
53685
841
83071
25104
10132
75731
46239
76106
61859
70748
2333
26321
52711
49314
71716
2369
36532
68238
64439
55162
80550
84236
54651
65469
40571
43286
57275
30963
84939
34156
67548
51373
45317
64576
90143
50822
84103
90414
8300
32037
61081
99625
48320
59743
28039
59249
85942
20825
10585
11008
82091
99755
38705
36579
82545
57791
11841
95366
85714
87609
92774
42696
11711
19121
77796
5102
45972
70811
3680
35603
85737
49320
49748
55645
14488
25029
43186
59691
96805
71457
281
3050
67343
54637
57613
51111
74162
29179
61846
28479
47606
81289
51255
68082
3032
70103
51400
90869
82771
51123
9331
45831
30923
94774
41576
13212
73174
41160
60829
36693
84583
32830
82758
56240
30903
83428
21004
16155
74930
52565
16429
67140
30428
87719
95121
90284
39358
80068
36900
64923
46065
1106
60596
7533
7526
48468
14601
69961
45359
778
22364
88018
50381
95892
90101
36726
53687
22836
13285
19620
94052
27728
56220
7290
29814
87286
2920
76669
64195
16443
70476
34082
44929
79708
83864
21289
91341
63046
55210
56361
78616
14992
56033
48358
93262
32582
44922
91231
24068
92897
41449
9892
11197
31729
73622
33573
59450
34972
49681
9126
10972
37473
60083
47695
86231
94165
78419
94943
76469
69647
5377
8704
19043
63999
86018
55733
33500
91768
96553
37616
44496
64847
17007
95009
43089
42811
73102
18089
78682
78076
16992
37773
829
34873
41326
33573
32807
7105
86104
37107
45009
24435
24097
96369
774
46297
2547
11588
76652
60559
44950
43277
18513
64930
45384
27582
57108
17971
69178
27978
4844
57914
67719
70324
33881
98312
64914
58089
92805
3333
73979
67082
21975
34423
70269
47074
43924
21156
67559
16662
42002
111
32501
55226
56186
19486
57098
11648
97625
80476
98764
34603
57763
57434
74364
4386
97541
76241
86449
76160
53094
1507
78704
88679
79256
44031
65194
24501
90241
13187
30450
69743
31809
48699
90841
18011
41695
3271
62760
78922
42996
26459
62042
31569
78292
1985
15827
28120
23028
7609
14848
38091
76540
5376
29324
35183
8459
46222
62045
71215
78017
10169
77481
22068
81294
17527
4632
92371
21236
94465
68087
3328
6107
76052
10390
19744
6065
4113
9567
47484
7995
31683
66867
785
72285
67200
963
41733
75490
41801
74824
3956
54697
59468
44095
29192
47532
35561
15876
94439
69422
83857
45450
99398
18400
25354
15669
66523
18703
30703
61236
65489
32622
86996
98494
85109
35548
74376
77736
54253
44018
86803
83488
92455
65227
53918
9961
42159
17456
85202
57779
2971
75999
39769
47190
62721
4631
59297
50091
52232
46595
61311
84295
37083
14785
4752
87733
66554
58541
99194
64815
2283
97038
22641
49497
37806
23389
52789
73274
79790
16398
7129
215
89010
60125
61758
61006
92372
59350
67230
16620
37929
45344
19781
20747
59711
5863
40410
81676
44773
9028
4507
9709
73763
43660
96230
3751
52587
28050
72084
7782
89319
86681
61375
71909
58866
88603
90053
39814
20803
32335
35749
55372
38595
49466
15301
13621
57728
91028
68918
76726
15578
65526
28880
54453
53722
93181
26391
97789
91491
96990
62751
48130
39104
35942
22987
77874
57885
23564
50928
55443
11250
79286
91417
82302
83130
12677
52964
31512
84258
32062
97993
28521
87228
36501
93051
66203
97619
77912
27527
27377
14521
60117
9177
10753
32381
69961
84862
46384
69304
72231
12549
79624
78950
88769
24510
74968
14321
98613
92132
95816
82313
98295
14231
47832
33777
85271
6017
96852
68595
94223
16059
68406
86227
53900
93576
41208
34848
46166
62463
16499
53767
31517
89318
86938
45282
10882
95353
3148
24686
56255
54186
74490
99834
89140
30915
58870
90811
55247
72295
70099
11260
10583
86710
85183
40211
93429
53615
78810
94383
93408
5712
24305
73229
71203
58584
1404
99370
74765
34254
73840
64979
96725
78075
80385
45752
42856
48530
39800
4607
70065
17039
35917
20212
91939
22493
1985
79678
43814
69458
84187
70797
5243
10869
31581
51760
93710
93152
32322
59907
93367
29696
57590
92357
89389
59833
36114
49031
24328
88039
96722
43809
32177
14239
44917
46974
74728
43732
12401
25016
85554
76757
65904
41375
46653
41491
363
69778
16081
36961
4705
44432
73396
57300
74484
85544
22842
7210
25248
76972
97192
84038
3512
28036
29027
10745
79424
18015
25530
21598
70177
33892
99373
27292
2700
18343
36152
14766
26286
48024
26688
82110
60716
38837
12536
46093
81596
3423
88976
76368
42751
38250
73083
1621
20415
86317
4988
8099
69856
72954
33997
65279
48678
99208
24907
8267
66692
56587
90401
15177
19708
48613
623
72701
73944
90678
18198
71088
69155
59695
95459
23697
53764
14405
30774
96757
82264
16096
75470
56544
14988
81139
3892
88124
34676
37798
89792
76550
56651
58831
76907
73544
96551
45695
38866
24480
32792
51768
46243
64928
74525
24604
19528
59823
95010
6881
63373
65805
49114
4769
88559
21299
74934
31246
65827
83897
23455
55107
28961
33329
66837
69173
82059
36912
45860
47784
13309
22253
20352
46462
46771
90434
4894
26378
90193
96720
4686
96163
75283
73119
24600
37332
79762
95618
64242
79120
17040
31065
28123
67907
41632
99248
33207
15043
34421
72997
61800
9829
6629
2279
32581
54636
11641
81273
26841
94205
9876
17142
44027
34702
60061
84143
20358
30076
23339
18800
70548
52284
33805
88960
79548
39465
56755
44423
80580
37500
43356
83722
83173
42234
5180
25009
7418
71303
61770
27178
68388
2808
91876
20807
14654
17350
28031
76610
39127
35934
44047
91936
6033
30934
81966
72915
20373
18042
48717
69882
47185
86308
11157
16836
13744
62442
86744
67409
57620
46322
87097
59993
16850
9504
789
58309
18537
69232
45612
22619
69313
92222
25456
65912
33500
18306
27145
21270
20476
6074
81634
62125
93809
19712
44148
4854
86557
25243
95884
58442
18310
18993
9979
2505
63766
58265
23227
90838
42675
94766
77241
18015
16470
70848
95044
90651
25258
54821
46832
43244
92163
50925
85670
62628
41273
87219
84460
18436
87039
46575
97804
14016
10820
47208
17604
32574
63878
90727
98090
23165
8397
9543
37114
31698
11659
9288
7741
5805
80270
68770
74871
54906
6688
66327
96526
96004
41564
98849
93618
96148
9420
57003
50637
66039
57731
17020
50536
79229
6580
95277
87831
95134
27149
636
29058
16695
7668
56601
51537
27282
75997
58206
29588
65187
10501
55259
76012
29455
77294
59151
73145
25128
33559
28563
25409
25523
46902
63120
43930
32170
85077
10257
62100
77244
68071
6259
43398
43058
50213
216
6259
55086
9322
40187
10777
17292
93767
99998
61206
90890
11171
76992
67799
94372
71571
2346
60798
70616
10226
16904
59471
83240
92477
48885
55095
63101
68526
50894
9242
10760
6194
11529
24407
95237
4873
63935
11162
60025
58618
37252
31167
83738
63793
99864
25950
17165
51222
3925
63671
56105
73386
3817
68090
66843
53952
12894
51635
27588
56438
54484
40241
15229
48687
50256
10450
37595
16207
44173
13069
29228
72370
31281
49403
95009
26985
44091
57058
77062
48978
90328
46304
93132
32915
64501
23408
28552
82066
58703
97884
34741
46388
97094
64704
92884
66288
75024
9590
29524
90607
56490
17796
39020
87779
68584
25790
51012
36289
49550
13592
24788
16444
57815
93037
35908
22495
57938
38789
96435
17223
56078
55270
11348
347
53866
18362
37554
29193
96366
62297
56404
28638
18296
43859
66779
97313
30447
3292
48072
11692
62996
86388
65978
99848
91894
94418
24182
22917
75812
34988
62335
78707
11901
50118
17413
9344
23811
88789
13242
45037
13934
64526
16095
23663
17341
72399
17117
5408
88936
13194
96303
77631
13201
91754
67133
5738
63672
79971
61636
93975
18733
93307
47633
29770
88321
44462
37068
8949
74165
2338
3185
6066
69076
62889
85785
96118
60413
79692
26775
85683
99000
40666
74879
47469
45513
4717
1473
45270
70338
85749
86515
51913
83699
12035
31788
6143
20605
71764
78925
99345
82373
66520
22554
60650
96100
90110
33734
40456
31226
16830
48493
68720
77538
7906
49402
23723
70241
51314
29353
2688
34552
49435
92647
50575
66234
68411
30773
25896
78423
12043
47820
95430
8086
71241
52986
6955
87009
48001
68682
50488
72282
60152
12290
36809
45868
16661
98886
77228
81148
96076
4122
4412
19038
27656
79172
8094
53636
34805
38288
42583
8593
46375
78829
17992
79148
58058
2388
10951
56816
50855
5225
91995
10496
6959
12890
96435
95640
59271
23077
58404
56958
23153
59703
43134
63608
57203
48782
20937
69399
98533
82271
48929
4912
67164
87956
65867
27724
86671
57645
32115
22325
16354
15911
35492
19377
43863
90907
6787
98027
56397
43037
74888
85804
45330
41860
67929
53737
36557
32777
39845
55894
72385
62441
91098
63224
53311
21573
76324
2040
83883
29897
6179
97844
31368
81065
3559
10511
93123
92998
38827
36361
94073
31120
28299
50665
21158
37542
98563
82646
85931
50170
18661
26469
54043
5008
31607
76141
99266
89828
33735
81110
22514
87050
17323
37072
32556
78161
11033
63488
31624
89313
70272
67573
91233
85156
88450
90585
21983
31553
89454
90211
78562
11843
4926
23113
63655
92760
39178
96658
59931
62325
84710
16010
17370
84535
94719
26511
47394
81508
3405
14056
55129
4496
14902
56149
46423
13788
93984
8417
19666
44952
30416
62676
46724
89577
54307
41637
63003
1638
63719
10605
82141
16956
83288
88598
213
48690
84051
74099
97182
88903
89976
841
13291
24214
18593
4171
33233
84252
19385
15971
73266
15248
84475
62028
46439
28241
39624
80669
83625
92542
69060
57856
1052
67358
44462
47744
46392
72863
6906
65728
11413
56700
38733
3017
59122
46072
22388
1052
9506
48615
88546
62181
56532
27500
46116
30640
13246
12157
96290
7221
56677
9635
67156
33455
94188
8925
91294
46635
94934
740
62442
51580
6009
10920
577
18283
67330
73338
79717
38539
20542
45027
21998
33259
82476
87217
81887
58276
56541
36274
66116
13362
66213
3065
61003
82784
94721
28990
63196
73948
5828
40610
86101
33033
69152
52304
13511
84627
34414
54942
34983
79998
23642
99443
26929
32087
68750
74979
29792
26252
32408
15157
73763
5815
69595
56293
5372
96757
15247
99078
34138
2453
27126
48639
81425
95757
47453
35510
99699
5926
14922
99115
76429
58487
99080
475
8288
98799
34701
28389
95515
13964
34884
51496
70738
3016
12411
86891
10845
66483
14443
67799
39215
64188
64639
24831
8912
43369
88772
11456
46266
39559
21228
579
68621
47355
53502
70943
4431
77878
70045
22107
7427
29735
18547
18545
46629
16042
74043
70190
47424
3358
39624
84886
49484
79541
45109
81765
49863
77284
85385
56368
75183
38810
61350
59626
4473
43278
9743
85507
74673
57265
20756
7914
52078
24162
4955
7730
69521
53344
89485
54643
24154
71450
46778
73032
33159
76418
201
56854
41738
95361
90144
16812
49734
39044
89357
12869
22438
87219
85295
81226
82458
39522
95620
3797
1167
25889
53103
55601
15657
74766
5605
28957
21151
16138
61909
52879
52500
79689
58450
30069
74029
34851
65694
92374
51828
31368
42868
90456
63368
83376
79218
63258
95839
50415
8257
92129
37241
76232
15619
99473
26402
3961
95416
17425
44803
74228
38093
44753
61509
92589
43554
54375
19172
83215
8565
16084
79532
202
11376
34022
86867
3207
76620
7254
96147
63196
3329
83218
36290
55418
6155
1717
36207
57379
6778
27026
86330
25594
68310
25424
39345
15699
95085
40687
27747
53353
6331
70601
17347
60910
75317
8403
45563
22045
14418
20418
76938
11243
71030
6187
81756
71196
5340
29795
62468
46130
67231
71781
54456
99264
44933
10674
93705
72349
62857
86354
40478
41173
49507
22264
22924
63225
39478
57732
6292
9973
46422
33859
63705
65474
94836
14289
37340
6354
59688
25054
84630
63593
59738
48877
60497
49964
27821
43833
45219
87953
92872
10995
62633
80278
12993
7271
55708
29325
91880
2461
74482
565
86062
53595
23859
49156
36593
66599
16630
97792
70021
94569
32344
27661
70912
59343
77561
40032
20705
10123
36531
79539
15870
70455
24407
13585
26858
99225
22022
21233
53215
86433
32744
66719
33965
8271
84909
19381
7679
93329
27870
72618
54598
22570
97471
41441
6372
13199
68515
93698
76311
22379
4140
60837
31233
23394
3710
11114
78288
81650
13022
62982
35406
10165
84556
74360
81287
73763
86298
18650
22802
84693
33800
30259
52703
23140
89726
61417
33308
79152
22661
85652
58819
34460
40354
45005
91587
63415
65744
57541
8553
18230
88025
71986
94506
30524
12144
92292
46960
61787
77806
25814
78240
65268
17448
36320
88484
45211
46985
47593
4633
53366
10225
7642
84119
40516
1642
28302
82776
69242
34178
31205
37351
77064
89066
65304
87047
34043
86634
65447
10813
16219
51614
11725
59867
8277
15826
93269
20521
37075
74773
72038
43058
87238
61917
65594
53896
71110
25335
34924
39125
2192
11816
38416
82176
36302
82597
89564
91800
23797
61580
40516
27776
40712
798
25060
75639
33465
41337
37334
71779
26704
38517
11299
57689
36132
17243
71094
12779
22374
41789
83052
68526
25469
65558
75688
76135
27435
79583
58499
49458
28975
69707
73216
21615
3204
64320
2974
36106
48679
38387
83302
61636
81717
3230
95332
87843
67123
14240
50835
70387
51207
27601
88145
32951
83332
28160
41618
40528
27267
55692
50608
2313
13548
82907
40767
27037
86196
31162
10047
90181
22209
42162
93643
67362
99624
9603
22062
28451
18519
80672
44757
42676
52559
56166
74879
51363
3977
64282
13169
45200
85658
75039
94311
912
23985
60976
99525
94974
30269
96352
83819
45439
15179
9099
93639
71312
77708
11993
15876
31726
54870
66639
9568
61954
35457
52817
59035
10887
96882
86040
89835
21753
52884
54284
98764
10716
85121
79966
64181
62598
23361
28965
28743
74474
30250
33171
30974
53922
82373
87411
33514
43256
90097
64193
60023
20657
48417
32837
87079
16727
53728
81902
14786
28065
77365
44743
21220
20321
35073
51161
1301
84617
36133
55549
14838
56731
34817
28188
77558
23372
10711
40997
93764
77877
2350
15530
64639
81910
19955
62295
47594
64806
47577
66159
379
87675
17473
34725
96402
47794
42901
64949
7943
33084
50254
73757
90172
73702
18773
87131
95921
7395
4359
29668
76567
99160
71697
91837
13756
62211
34011
14330
36613
56937
50081
70673
12410
43995
92892
26490
53370
66820
47072
29093
8400
5650
14526
65048
34525
37694
75818
18180
80565
14457
6519
35075
9446
36789
58589
46256
7442
77134
14813
68386
49534
2227
30587
73542
26018
5749
80874
95065
78049
96363
27622
99199
66835
85982
99611
70307
57694
59512
86627
26955
76452
57092
67500
71094
23349
58498
17751
51957
50340
75498
86909
19364
25047
44666
73292
90180
74937
25469
35695
38038
61354
12026
82764
67093
83446
30870
42215
80880
55330
31463
76516
59108
61762
28247
13546
36850
14056
30833
42147
32578
48120
73035
40863
97011
46455
78831
27224
15773
35905
18280
22192
45573
62169
51750
88246
59645
77595
23949
22472
76182
29549
83872
3890
54530
54965
58022
13237
42634
22052
98007
54947
75881
80048
38053
88583
48068
47839
24489
23329
81094
59263
13736
54255
6683
35794
45090
61159
95497
16103
7064
65377
62247
79652
5975
45201
45563
18847
70597
38001
12179
17964
53351
98878
25311
3985
27532
48217
6633
12213
20122
6158
25107
83766
82547
78225
52076
97370
69539
57444
70478
48638
12841
40821
51191
75850
89376
59748
50465
72517
5193
58563
57824
71877
94262
42742
52888
37502
60757
11129
63769
87100
95479
71009
97272
79340
43516
81370
71627
67124
30429
57488
80800
71907
73014
4042
14586
70403
72366
47216
78186
51307
40996
31725
82982
48337
568
14255
93640
24253
39603
91275
76262
44920
77523
77310
96777
61475
65495
63503
62764
14116
51524
32592
60467
29883
46194
87491
41253
91764
37622
21528
10152
90997
31404
55796
6552
65110
49216
37486
46915
90928
75545
25844
72740
44462
60931
83818
54042
29792
47672
93426
89956
18287
70955
19655
23771
97547
35856
62051
1676
92479
76171
44737
78896
8998
27763
52829
98282
79511
3331
29303
70045
87580
12381
70870
98951
84321
8219
16649
51038
10951
60276
1480
42406
12760
84327
25786
71052
49716
96966
18864
69665
10922
59458
75342
3574
11747
96079
68554
68785
3897
17461
29357
38890
40549
22962
50006
78628
93909
1839
67934
83883
64092
16445
22326
48134
29987
40331
88300
81305
27869
14568
6029
63227
41497
6607
76644
42446
80816
4980
97248
56032
99678
68137
45684
18973
1326
85293
49208
62575
65486
24018
47437
47891
52258
86281
4638
59225
8020
67180
35714
20888
10281
21960
47550
97387
33134
94373
74118
18604
50641
92180
91588
97324
84140
20756
46417
68908
73437
30752
29985
7803
5521
86680
50332
63020
94590
93003
23878
40626
51568
20734
18591
71771
47451
39900
2694
68807
10735
13241
56473
42532
52394
324
82968
48680
64839
34345
99816
89001
57268
57217
70323
66908
28961
11127
55916
23656
35444
82103
27376
60934
56954
76020
74088
90360
49912
39030
44075
37891
28671
31615
72897
95338
12990
58617
1282
57000
86801
69950
98780
51210
34552
28771
11604
52774
72834
84833
31811
56092
10632
92737
98850
74152
4438
27876
11297
71393
57668
74284
21424
9970
78051
40747
94113
90578
69298
84774
56100
45057
74608
6085
9778
39681
39980
93145
64006
80814
50873
55435
47077
47516
95997
49277
89822
85197
47144
49439
79341
58763
29314
40625
45977
10216
76989
89520
84093
45807
8554
30879
99076
83846
70919
54034
60973
76419
5174
83866
99662
39368
29353
1832
43637
84572
4057
89696
52234
39080
87477
57884
25456
45066
12792
19001
78794
79641
47347
85506
2874
50967
36554
16856
84229
10476
51643
51290
73010
86468
89784
21879
8081
33863
93014
55053
34872
98032
30270
15996
88905
77485
31904
43661
82991
16178
19464
27289
52263
44698
9065
343
3676
95548
72053
93381
72970
82470
39438
34705
39684
84696
84951
56613
70129
79263
83140
18254
91441
47852
96433
10407
56126
69969
49582
84967
33038
51863
45239
59555
17556
57023
77313
41377
77478
92595
72720
88634
4313
79496
91974
59083
22344
67507
20247
68153
43348
80741
74776
67294
7109
14340
60053
42804
47631
77959
25697
11261
65168
24237
29608
81261
5141
10555
40769
64116
91900
28784
83519
4620
46293
25159
90407
46427
28769
26153
61211
61669
85949
78988
75157
99506
86392
82539
71792
62135
50815
93379
69599
1060
42617
99432
10785
14665
76654
43266
64716
79878
77540
27687
34886
95437
74209
68790
51667
80630
83764
64973
6601
73919
73903
69288
48703
64926
24781
96247
98884
93541
49745
95610
50347
30672
31983
69820
53348
9101
77251
98025
55142
24361
8607
88172
46985
60531
66563
42026
40976
65519
55301
8533
81891
17274
20240
83342
73915
43829
81864
74426
29334
52176
65835
30240
54346
22612
43027
74972
53750
56172
93785
71843
14964
3185
47379
21523
65515
74609
11454
57142
40865
77404
21431
30036
10478
57834
25794
12145
97899
92268
10542
95370
42089
48270
47184
22503
86751
43077
60044
2238
3867
4283
46162
4132
77593
14708
1188
78160
21841
59579
45142
45582
55019
33806
25454
50397
50318
45540
79339
42566
22806
99319
46434
94201
41635
57937
95588
67237
93070
53815
3451
76052
12279
67148
883
4289
83577
84388
74037
24023
24671
98822
70255
23783
1328
3868
71855
11429
59206
27418
72814
98496
69757
45033
6217
77180
58566
34287
5739
31502
79259
91037
15655
59571
3725
49877
21536
71117
34585
41845
49003
90204
74169
56996
20620
79060
23414
20472
10494
68736
39963
63778
33231
15828
11174
37399
91431
83943
14583
69819
29513
35605
80939
86156
42545
30575
41698
69032
19454
80509
4924
27708
65257
37650
60450
7595
73043
53866
7713
81207
63454
40483
81553
78479
35090
54708
96947
84596
37695
33838
4410
29929
1506
81390
47457
78968
75744
49564
27322
39323
45103
83204
1478
41261
25876
80655
66272
55342
7591
64572
68083
3884
20019
92224
31052
77557
15002
94679
30763
28022
2102
67365
38355
88654
69529
57038
97089
3476
35766
54958
59737
5217
12344
56343
42811
85180
49328
56229
35861
42433
11052
84031
21522
38188
59843
15980
94256
50984
81293
48846
23919
10607
63311
6304
23813
70108
8372
7368
81423
20885
54295
83193
48866
4590
10590
12265
72224
18364
86336
54153
68070
18808
83622
27846
96801
42571
27887
23354
16192
95612
93102
32016
35781
22259
74287
94483
21878
57577
34743
13361
55472
5102
9960
81329
29947
60951
55491
95694
75512
56802
62184
41967
90134
50983
34041
35237
66916
92125
86622
32896
10401
3013
1761
27726
37008
33431
96921
55345
22760
91944
21828
18940
9799
42709
48748
30090
10310
60526
70925
38171
79847
46050
86285
50635
21163
71010
98089
55505
65408
80629
3633
58929
29751
50264
61674
58302
61300
2031
87410
44624
34687
3181
86112
52509
22840
20028
25224
73880
32391
70505
47870
17219
73713
16335
3539
89745
54599
16830
27291
96381
26488
84391
16495
41792
71558
57512
85229
43123
98166
70351
98109
90882
91617
33068
19087
46697
73352
39127
8256
95822
92900
25787
32700
89114
42555
13054
11069
70549
57455
65582
17329
8797
58096
93225
65753
12259
77074
17672
20046
85058
55961
2634
81087
29277
68752
58265
58517
81779
27770
6459
94967
48833
70656
11608
25065
93685
60072
20578
34991
78667
24998
70885
92208
84486
24301
99437
39766
66540
45150
52655
17425
67134
65953
78069
37083
70355
38897
68137
41078
98384
274
15836
87314
33606
96126
9012
39787
67304
42396
97936
5262
85447
5042
78617
40700
24587
24145
19368
69416
57233
56623
31022
74074
61020
7603
24419
88182
67737
85672
61166
9014
15635
38708
71342
93236
14383
33411
89027
60100
7781
43452
91452
92446
27228
70133
12062
30553
53793
81730
76717
87507
76612
98409
44890
99629
9263
56625
7081
26707
17059
6617
98014
96282
16688
36037
88228
90433
14353
49202
36985
91386
16643
78603
75610
57026
88672
99604
70150
87564
70907
36
98289
34268
75994
14672
44488
39214
86635
21569
44315
53239
35557
22216
3980
39780
10780
96584
80915
65663
83424
12433
38123
86128
9651
73133
52637
9695
37637
58579
95078
52407
79534
91385
89768
13062
26503
39463
35722
89090
71717
88711
41421
94630
11283
76696
95404
49945
91595
13345
46
16655
12912
64546
49932
85705
72011
6311
14905
87960
98720
32118
67475
38815
55181
88007
58501
92214
12127
7379
51766
43
61104
68037
85682
72771
45537
28398
22770
73726
23087
51029
87466
78616
88021
4106
97424
88139
79934
29339
67940
7250
9158
94688
7424
83977
92492
63825
47133
89744
53494
80280
67519
92110
26561
51329
11199
8082
34114
46382
70451
35157
9054
5574
12955
46043
36291
58381
71499
61593
1473
13487
28816
79280
33513
182
68449
49335
21600
19996
81540
22455
9215
15546
42809
55151
69515
85790
73543
55512
5292
14843
5857
50083
33548
2107
14421
88319
66669
1967
4945
51126
47367
86567
38002
88567
40606
21724
68170
82798
20956
45195
64205
50511
93488
70525
39288
95347
29186
76129
76063
71481
33105
92827
21714
2125
39756
87605
67019
9670
19017
46035
45878
16744
82917
68773
95645
68906
90169
48502
66639
80403
1173
43426
65549
24734
54907
46628
15121
67548
8187
38668
77083
20888
23719
16336
56665
92789
96082
94714
59506
82772
87882
41919
63535
44562
42702
62287
29542
5294
34574
46856
61221
40200
34398
52933
56920
60197
2358
69620
78902
18959
2697
29189
77678
42106
7904
55743
78186
3777
96915
49325
28445
16046
74947
88021
31374
93048
2550
72936
51073
35815
26512
62037
80094
70323
85515
45209
12609
28906
95891
9553
70429
53265
62689
93872
24941
19330
59441
46411
94777
31539
56258
51186
19777
90807
62921
34713
44425
10494
74482
71157
95649
11672
76341
69762
59600
85494
92657
53472
86237
13361
97256
71487
67993
22436
60502
24783
81356
67636
17742
27450
10330
35921
64979
80045
40946
32116
19984
25265
13939
18376
73366
15832
51131
73541
82672
64659
18318
75959
65891
28417
19679
77309
56487
91265
2398
38990
89468
54824
5886
87030
87339
70030
27906
93757
91867
42115
71203
16777
9325
85695
78048
22554
41140
17431
66979
87955
12628
84044
67820
97561
98742
23421
95549
82931
19781
18428
86816
48625
83464
59102
21304
80137
57948
28300
61091
15613
82893
74775
66249
49625
12882
34313
58917
33752
59106
51446
89740
65414
88054
86832
34622
34239
67069
59866
5864
41558
11798
38772
16884
74259
37581
28470
91342
91732
52341
16344
43827
2068
4286
42541
68216
75080
40052
70992
15764
1414
15892
89111
93740
3937
37739
80356
69753
50863
6188
67195
29687
8939
35470
397
33804
4086
15136
98546
435
24473
9258
87606
66053
12197
14625
42218
44580
40635
54374
71675
15459
9672
34557
63968
19860
16232
73829
6093
2223
12812
28184
6852
77884
97686
48128
28459
28766
32800
88500
34552
61532
12956
63310
76841
56877
89846
875
95537
81472
97494
1534
80845
95205
64674
17009
24884
78714
82304
16025
71404
47414
68857
30036
70970
95916
38041
55138
94353
10365
30483
98973
6220
59197
41282
74391
9942
93568
67498
74255
71110
7808
316
53455
54505
77390
82392
84036
2903
78258
85677
56315
23848
59361
29724
43829
77503
1051
17467
94311
89956
42269
82901
85072
49328
53481
13262
88663
25345
9008
42405
13697
42926
55578
46002
4652
53972
27474
82254
16300
51982
46608
38578
40671
55139
3364
11832
28718
78490
93948
37726
92546
89000
31314
24873
64449
53802
19093
6405
4
81550
6739
68682
54678
45451
0
60635
33739
10290
45797
95721
70810
87196
99431
61812
5753
80386
41683
11313
37683
62860
88324
18086
23945
82689
2192
28690
64098
20189
12629
42059
73840
8929
58107
68831
21857
63395
88678
76412
37310
80966
4315
2699
69444
76709
17004
2646
16220
97929
54018
88491
91449
70491
82278
95896
94862
31378
53388
85622
89737
24461
58748
88387
6032
96701
59838
10279
94519
52666
65090
56728
41562
84886
48073
44537
42813
67694
82195
70909
73406
6204
87430
4649
94483
69994
29463
78936
28550
45217
68889
24216
59818
36735
97119
48689
95096
42439
69935
52294
28395
95986
15654
93012
20884
27652
43490
50391
15354
47770
48239
49580
75537
37695
10225
67377
43702
64093
35563
56777
42149
44368
92906
25468
46008
15606
48306
29722
65820
53091
87650
25216
81361
57009
9254
17011
61470
68629
42329
74762
11182
40397
61781
39944
83915
62485
77049
93606
59125
40504
56501
49456
27039
31844
27669
38310
11015
19926
73128
13602
20688
73941
48268
63705
91742
1786
62231
37658
31917
98541
21412
77332
15629
37675
70425
13941
53214
27139
46993
32172
92773
68640
85483
47856
17768
64160
28813
75609
34636
32676
69206
27948
44584
87328
9119
37717
44133
49554
46765
71373
15189
58767
43671
19642
46860
14265
67310
50133
87872
83309
47501
36775
59513
90872
45534
42349
15284
83658
87367
77787
57274
84035
93679
66781
88248
88361
68657
70200
26202
96540
53660
51663
47561
2016
42116
289
61151
31546
52905
11471
11651
62358
91297
51291
44261
59621
18053
41261
84279
15940
45813
40591
91557
19255
88521
9656
86771
46740
91221
54406
65458
98012
53239
81220
18943
96581
55968
74251
51896
2770
52061
90309
63292
92548
22754
74412
65726
21833
93202
30417
1060
92499
66157
10489
36962
51268
17558
28034
73199
31109
34047
57923
60769
88758
92403
75889
29226
88319
79008
61694
86062
84933
62752
95227
21695
15065
66338
5823
2039
76330
41850
53344
12017
60475
13825
25981
29829
56207
4202
37054
45406
15744
12675
40787
63034
18414
71556
24090
91549
71637
38071
89948
14226
31640
78307
52278
24480
87898
53559
57238
52804
67851
74768
16187
58961
97471
13703
95711
8960
71898
31834
18193
77141
86248
50357
13146
79537
84969
26877
34338
73358
5609
36601
75915
85370
68910
57693
19098
65138
55851
72116
4726
95738
3025
25257
82473
13175
95268
36466
36963
87690
2796
61242
5566
47753
11234
84106
54173
29339
19594
39635
81869
51663
82497
93754
7053
86201
53995
36576
93322
50859
79471
57069
13443
18092
82911
13369
21516
43640
70607
73398
34605
57876
48006
78014
41226
68908
9234
38388
56062
22347
69654
3673
94304
87861
30719
32206
97384
1572
53364
68193
52107
6238
26347
87862
67169
38895
26649
73811
17736
12200
57441
57864
29601
80244
19406
22393
94105
62707
69020
4521
45634
22133
82096
52645
50879
85940
33735
63402
91135
48494
20044
39603
20544
19422
86723
29251
52021
87734
62627
96268
97154
51963
58977
95386
24196
75837
28135
32
68077
33010
95971
36764
29133
34318
70556
43528
91789
35648
50687
34080
75989
16780
77559
50444
83758
52385
4315
43497
97793
12726
8866
76568
16669
54406
17649
69314
34904
87460
99541
75206
18957
42877
97388
23297
67460
25865
28126
18137
37327
4461
3881
23078
74800
30449
64858
34365
15320
75385
82391
79163
87946
57602
55513
51338
86878
76186
26647
56979
31362
74940
38269
61280
62491
17927
41019
72012
89065
22779
45850
37258
66184
67343
33450
66703
99731
66705
91607
75677
63811
67451
68570
31180
45461
18926
34668
7031
23081
1838
59381
56033
51910
80378
3554
77282
9531
68390
70772
71186
67873
53175
91349
76432
25565
32474
2502
83439
1217
48513
52596
35966
90290
6459
14890
14002
20036
90671
61503
7027
64417
77109
22255
68448
74217
59921
36552
34431
6674
75437
97531
50501
20625
68753
74930
78014
11153
57602
85793
41690
59232
40020
68853
24981
63914
41581
4009
34945
67516
36088
28119
44049
53898
16419
61867
47524
46285
36469
63283
23372
71364
77967
59731
80475
38427
64478
45014
62985
66313
58586
94430
46981
24083
68415
40700
32437
39278
22629
12315
98859
97954
50718
34103
25126
4810
28139
11851
17026
70615
51611
51496
78525
67060
3554
11873
90471
19493
72881
52803
49989
32904
95992
14915
21250
30334
15925
89167
4083
28387
95415
59302
49477
64952
65268
6307
16454
7874
48579
6740
71564
85228
89430
57610
14214
20039
89144
15497
25117
1489
25759
64511
70598
86739
51982
16914
99719
43909
52714
31345
44099
3404
70359
10188
69124
41892
25166
86144
20804
28568
12029
39242
81816
10414
64955
78525
1434
96384
74854
58095
86609
31557
74139
57293
2495
61134
16081
28207
56327
15020
90867
58567
96344
59438
57112
61042
53467
88488
44577
6097
14837
26960
27630
84529
30041
45186
19069
93510
49101
18724
54816
74487
48119
99459
39162
30034
53605
85916
50550
94720
42966
82519
46563
95699
68295
60941
21488
99164
44637
2346
33312
68346
18956
49453
41354
653
52323
29453
92528
27304
62421
24918
53946
96132
34852
61233
74063
50673
45899
98177
58959
87591
77416
33130
56047
1627
84772
93420
93937
44078
51969
48269
85632
12607
59775
46836
24933
43137
43818
54001
10217
5191
36548
70267
74344
51963
78090
56785
24366
14606
82854
86722
54513
31817
43185
61161
50730
81667
15170
37135
47505
94603
85816
19732
56404
549
83360
76808
13427
77714
52483
89044
40732
9159
94670
2486
20446
82688
87839
85289
79052
39629
18474
55427
62384
65578
5349
52280
16904
6573
48726
60571
96514
25721
58871
78117
48208
9551
24611
34702
20680
87108
37696
40440
795
44269
77737
80204
75568
88374
96566
60060
40060
43027
57130
56775
40032
2894
38297
82235
83774
79967
10580
1300
97433
58810
67859
42339
38633
6561
31197
70570
21656
57722
50071
93667
36892
58940
64135
15168
59089
54915
37891
35694
48178
67779
40507
93363
82484
76025
51232
6934
28800
92220
25871
35805
84938
28850
62846
54353
274
16832
9026
63391
8887
82394
27099
85464
82547
4376
53596
74327
439
33897
30971
63746
92675
7265
49009
85802
76418
17678
29358
83821
27712
75592
6396
34811
81225
77831
58574
13301
42688
38159
20390
69073
3224
4678
89856
44986
76467
15206
1182
71029
8180
48525
99824
22558
79203
66513
55679
16144
73788
88370
52695
2852
72788
11240
17999
58513
2154
94171
2582
34578
67174
50002
5532
7333
4113
15683
10266
46287
7280
83976
31839
85277
61566
20243
47416
93861
14148
83576
76346
97451
81560
90761
46927
79583
66608
70175
25243
53668
56769
60116
69002
61196
57976
19053
73241
4126
24980
39604
77533
15834
86431
67557
68563
22163
75175
55998
48325
42459
63613
91225
26998
88060
3688
32918
48362
43394
69607
91633
94805
6935
27298
97971
41855
67366
35371
48741
31216
9441
71927
40991
15006
98526
62131
89278
95856
46524
4260
87028
65357
11876
12479
4185
6310
17546
31906
94911
82685
20530
74061
26211
45329
34671
55104
38783
24007
79782
98003
76125
3702
85106
5644
37062
36463
80641
47008
25817
16647
43196
92361
4759
79075
74019
14464
95738
19999
2647
39704
7846
39579
10385
79031
56
6946
43439
78193
6203
68344
91119
25218
94489
85119
51604
95688
46222
30822
36678
84923
53337
11823
86198
4906
11756
79643
27518
25907
18114
15861
45959
25119
72720
46680
44036
26328
96660
72541
96156
91015
42922
36485
76773
1358
25214
17439
72204
43519
78107
69910
33137
82423
78370
60506
13390
92507
55318
53354
97240
63245
94004
40507
22719
73067
24417
72104
64944
21092
23227
82582
47065
1112
32177
94177
50988
69227
64398
21801
12445
46949
57937
81139
74438
13961
13496
13885
30186
5648
27067
31458
69909
29761
53749
41382
15746
99184
17276
26303
61079
47984
61938
63328
49643
97366
27220
36131
28104
52684
11471
64561
53291
31470
25107
6769
71177
38916
35872
76972
51435
4477
23165
66393
79961
29540
25415
92362
58613
47810
90406
74257
19230
51855
73084
98608
630
62262
48822
45628
72253
93957
23493
66893
30588
10414
678
80901
17821
77917
90557
29434
37783
89173
43489
37602
27720
34345
37840
79098
6844
36884
5507
99827
96138
83222
34045
40505
55101
44812
17789
52769
52175
9131
2386
79631
42641
8216
63694
89281
58152
967
29523
5308
72082
88942
49547
35697
20775
8772
9268
40651
68282
91580
46199
45847
62749
75512
44601
2672
14148
63020
73739
91015
86370
23761
87740
34380
36945
30754
76271
66971
11085
5686
40743
75301
28383
89818
92158
56090
25656
66314
67189
90992
79731
41196
6214
71795
48957
1578
35381
8905
30768
16074
98085
70593
5947
46795
69959
27159
81373
82430
70348
27878
84240
94783
82140
55275
48291
73934
16128
9329
95552
34638
51897
60319
8172
86554
57331
5434
43212
29279
60884
40696
72005
58778
37743
19394
62524
20846
7093
80197
27100
28450
64971
97558
15189
39861
58454
88383
60834
8287
20211
20779
57379
39205
18531
83529
14601
83480
71587
61088
94512
74571
61050
9232
17542
85711
49388
2368
17354
45358
60140
83434
94352
74912
96174
63423
49505
62700
97306
47736
7806
32383
24892
47002
58533
25026
57432
75813
42445
27611
57818
53785
51020
86371
23756
6246
47256
46815
95394
61231
59145
45309
3087
97817
49885
4781
11994
24438
95542
21113
4650
98248
32766
29987
60862
99732
22058
96762
94746
4453
3197
71639
1532
10842
52003
76090
15853
62957
63326
85277
43955
34561
72285
9041
14946
56551
1640
51805
9010
96589
52505
24848
70380
13604
20772
45023
52735
2892
96087
84383
78639
33278
35676
14945
51821
79317
40059
82725
17025
75290
5084
26972
2659
43499
29995
6206
95594
28136
39828
32196
21436
32314
11470
10788
67780
99583
70964
18055
86977
6262
62638
23400
94811
77795
62510
20011
46192
34688
75703
15319
85709
82465
61944
57617
25432
77954
23413
93079
67370
42767
29798
75894
19034
59216
31577
11721
5012
27214
54483
66926
75081
48550
20564
60646
69504
65674
36601
5001
66090
30670
72250
29092
47955
13750
95411
49584
67381
32057
66560
12464
64006
96881
31202
35719
19217
71106
58366
68051
50338
15685
86981
4330
53787
46289
29742
27471
67236
60740
3039
61233
61151
19443
362
46241
81881
55884
62964
47502
13021
87300
68049
66494
72610
39298
17995
96107
79045
85511
11618
51319
15025
30744
19181
32238
60410
30249
31294
3895
92362
90440
14532
63158
40627
13027
80170
44993
43299
37719
79933
16093
86997
97751
13258
98484
81219
68213
63110
57845
85049
20784
51815
28777
71622
63674
9327
56909
79820
73092
10826
97329
87254
20456
66061
74315
66249
13171
90238
42393
54227
19181
36082
65042
5472
53766
31505
47687
10220
42495
87478
7931
2835
90642
68946
8955
31811
42111
31921
80764
52051
33717
84852
32401
14189
49145
64797
54598
75782
18869
35178
28988
65295
62848
99256
52448
73540
16966
86248
49578
34882
71124
88191
63535
26389
30882
44264
91812
61518
74269
99156
82128
31444
9200
84962
6284
37618
65486
17369
87385
95438
84159
59025
13598
95482
29989
39122
99901
59779
99113
54069
23505
40807
583
53030
68391
38116
67411
54507
18101
66283
53926
53246
37243
90067
17897
63286
405
88265
63324
5220
55162
30149
708
2809
36340
65881
22735
58117
67900
65890
44965
93978
3985
3201
29453
66703
65173
84931
43513
49089
6980
56028
68015
55091
81106
60083
92020
28406
77792
9367
64407
26371
33115
95535
85400
26117
91729
27150
16115
22357
10192
55237
9965
99837
44893
17299
88250
38045
65582
12248
90312
84204
60133
72551
83211
76534
77865
32985
52326
86212
20450
6751
15955
74330
67697
74895
41775
69081
21930
44511
41893
1637
21167
12944
58261
32416
69194
50722
62817
35285
18438
1445
91060
17329
84939
32879
98639
88972
44500
30474
55793
43910
66830
8101
84451
34348
5872
17898
6333
63897
85490
29264
40248
7513
45803
12071
90161
83625
87787
65232
17559
42266
89937
79695
54033
52981
69706
2649
12175
39192
69607
3271
10955
4511
7577
44301
59
477
58380
772
37879
54057
10685
76899
97857
9654
2809
78637
37078
49307
82132
44067
25743
91921
56387
82330
79252
19931
77942
32519
20158
21567
50870
81463
49863
73522
81366
78332
86577
59027
95449
42657
9967
44877
77184
86334
39348
15680
11822
64615
4150
72569
72346
19487
87070
98686
12880
7690
1104
16038
9157
28383
47057
37477
94932
3708
16761
86949
10778
66933
56471
60111
63946
48868
93563
12681
82318
32900
52324
29274
43228
99641
82247
77449
67312
75078
99480
22884
8907
20738
24792
99004
47880
82725
73948
83789
52311
63388
97045
20667
40152
37116
89569
4663
35093
28563
77390
45282
84732
40697
358
20841
66392
54470
87516
38510
32971
97342
1873
99463
50858
67399
4098
95679
95573
21531
15186
95867
82001
2809
28336
39351
13476
82869
15205
21423
20781
73904
11196
73818
65341
94242
36846
78320
55094
81268
55849
59020
38846
18378
89308
64108
29567
88605
47554
24597
5215
30599
28488
3284
49240
73399
21020
72063
68723
89285
5045
24794
91525
95392
54009
86838
16614
96642
55887
70548
42313
80101
13954
50471
95709
75150
29934
78294
67584
94120
49578
4353
84315
66572
34834
40059
38494
93020
59023
98454
57752
95119
91397
44445
12082
454
79898
33850
32809
32477
93086
54296
30343
80638
39931
71618
84061
43503
58170
84426
73247
17835
99087
6023
84252
25358
10147
14773
15960
18314
60988
76096
15368
33719
43371
55899
58569
64680
84945
63946
93949
31928
50799
13985
54019
29922
82217
68867
41042
54160
14901
78156
47185
85676
29414
26026
72502
99058
68560
40870
56346
1606
54391
94785
70294
43202
35801
31929
73372
79016
71860
52011
68979
35830
83989
94130
9968
11703
35326
8877
5454
83477
16755
7007
97515
64973
47586
21264
9438
90267
33804
88465
51864
75412
59124
41149
88950
40531
8739
91162
85216
36779
68502
76351
94434
61979
97957
80816
60996
73727
41264
96164
37575
11715
6984
40904
38271
22674
84791
13756
57064
62061
18541
63643
87398
39736
4136
86456
77501
81198
37951
22211
81481
65812
40395
69451
90523
8843
57618
8606
4593
35647
13138
99276
48017
54173
48007
99818
65730
85153
97273
72018
94214
81837
8165
80327
97880
11573
49765
4854
16702
80919
12319
54072
45675
2345
18919
20
18132
7691
53938
67425
49292
88539
19032
96553
64895
92551
82981
35082
50663
90492
19228
80182
61806
49886
5384
86682
6305
6129
94081
80219
73262
59411
2135
32860
99994
71628
41726
64636
22304
28478
2039
18525
6089
91383
53494
28575
64773
81061
37141
55243
22948
89545
31540
20332
98196
19940
59147
71511
45847
4142
54095
25195
23872
44293
74556
30355
76553
46754
27077
59753
71348
36040
80117
92181
53117
8214
71169
4786
38136
18172
20876
85457
75884
41354
2646
20568
88235
40931
37986
57890
95309
27024
43555
58026
92232
46129
92386
42530
28302
65199
40271
12349
93123
16397
32737
29069
33626
11421
6155
33158
53227
27695
90814
73314
75442
24643
92405
1822
2439
21536
91489
58561
15030
1885
45745
40636
82395
95484
98397
17997
86844
54359
63183
41886
76130
35122
62095
70666
10868
40176
53514
4032
5362
36322
78046
93600
25708
9082
28101
75938
797
66877
1467
55030
30727
34359
64621
39909
54028
83817
15680
11031
88870
65757
4955
80910
69668
18650
38387
58736
3457
92307
71089
80642
62722
29689
74369
99503
22892
8017
12634
38728
24800
72609
23141
51013
66837
36739
3660
52105
32368
50044
13408
31812
87873
1894
15782
59667
28669
63881
12608
65602
63156
89545
10772
92881
32207
4889
54843
41940
27176
94765
70248
67124
86821
87373
50610
18771
93202
98501
8576
50477
25498
85401
26993
3001
32578
86358
41861
33007
10434
56260
62923
4580
448
21496
17255
88689
38123
15973
38239
98834
63378
47538
55267
93066
2431
87367
86807
70723
25043
10241
68575
26835
7134
4101
72582
64474
45115
90097
50730
89544
81446
1678
14535
18364
67003
35938
58110
88678
55532
50498
67458
56174
68383
74276
2144
48782
48994
82802
6920
87482
97900
48250
67004
25504
8625
64995
19732
49802
86049
35547
46827
15681
8797
12139
56649
96619
87799
87724
88654
47445
36294
50002
64312
68203
1987
51654
20273
72452
83555
71058
89817
23996
15985
96150
88651
3929
94694
4311
21934
31022
66312
93399
24730
45661
79932
7136
229
40727
66506
32121
62602
69056
77196
94235
35092
51150
53554
42109
30124
34320
23477
54444
44829
21164
42805
43511
43744
2016
28274
59654
72617
47721
98820
86154
79917
17442
5111
37967
83790
88548
5926
98767
30341
29228
95250
27424
17803
54203
46688
8685
9540
74135
845
4643
73833
93678
28718
52354
83184
89082
4616
1299
55481
71712
44168
67960
88023
8915
17377
74942
85402
22806
85344
71696
97461
734
94125
17478
78289
67797
23360
42490
66893
75387
81502
10011
45040
94407
66287
71706
12237
33996
9084
20162
81938
10742
14250
49605
10797
18324
53358
1169
33658
19375
22124
35521
87245
36440
57872
57231
68153
72673
7816
53384
8060
83585
37724
16728
32903
51227
47979
16261
62765
71160
89507
10487
10311
56592
53597
43188
70561
57736
64274
36522
73925
81078
53726
94982
32610
55584
48368
80385
64280
44482
874
73274
42819
12270
5660
54687
89858
96749
20855
62277
63907
40644
90577
21783
50252
45170
76756
39370
424
88821
93314
84559
51789
45965
71274
9698
37414
36728
82880
35840
82722
66460
3068
6293
39800
25764
78161
8179
49588
74273
56168
56639
20355
5906
68216
58309
97975
93695
68932
53355
44759
38974
48626
76899
33543
77336
59076
35002
65327
64902
31700
78606
96202
44821
21008
75229
2605
60616
49680
34840
76594
16509
3376
57622
74625
45672
45870
80517
93178
27867
42658
36155
71905
45287
59029
89611
76582
81084
65567
61619
67248
1772
61313
2769
5861
35982
15163
98486
76248
5535
96556
65875
18352
51458
73540
94480
75025
41640
89127
68508
21258
10027
53952
21886
86202
58740
25343
24361
24255
55708
33041
63311
85340
10000
13978
54540
18503
56397
50994
10467
9356
54603
40185
87239
34593
48375
56184
85775
43976
3864
36726
23916
69914
37170
96531
91287
17654
94473
23621
61571
44966
49533
7852
74194
95626
84276
18388
89252
10787
38806
22311
50858
81278
51698
16652
98328
59994
90877
85664
80312
53912
79386
80719
99227
49279
3477
86319
34795
10921
60522
32922
11037
83150
3427
42118
75906
61771
18302
53090
93980
13390
56621
28943
26253
99424
91830
60056
24586
82351
4603
4528
5871
68951
29364
57735
14573
15501
56600
38472
51966
77480
12507
35122
1849
87212
721
94129
12545
23668
98577
71800
50328
20475
41908
79454
58928
96104
80989
75954
71138
68627
15795
60027
56888
77784
54857
20209
20196
92439
29150
22130
99508
45222
6912
21026
69789
96500
82508
67426
50068
68282
79408
32427
13788
64416
55154
75207
58905
44648
51017
26605
77507
53659
95241
15863
57238
92335
29468
84129
95462
78578
82188
89441
6480
71222
45725
35805
364
9017
24855
52365
14399
67983
55809
40814
86092
17710
15913
25152
30314
25974
67584
93757
35377
66043
33154
13431
11022
70352
91347
93228
26230
52050
93093
80424
9176
70190
1430
98040
36618
89936
79510
69862
37509
62793
32071
12662
365
11100
52541
56412
55784
81733
11429
407
70961
78310
99393
46414
95748
20112
78513
90502
71609
30058
718
87645
49390
69601
51599
88902
24348
9901
40047
52225
53292
17659
53638
64630
1154
42396
61875
88302
44055
16009
16219
26446
23109
94289
36523
86769
10812
32833
39898
89825
88946
55343
65994
64018
77910
84292
93837
67771
56677
26019
28099
77106
46678
68921
22082
27394
37264
88931
55279
4044
71963
83607
46984
36119
6164
99120
19972
24053
17434
75193
40658
73140
15493
91765
87934
37597
86806
83145
4914
7052
74281
90759
15737
53005
5384
78520
18654
53295
49465
74244
12756
84008
78968
63361
71631
44645
64767
91734
16431
88844
66593
95083
90364
69488
44790
94095
493
87728
30576
6053
76483
2477
61197
54477
69810
59781
43141
97514
14720
11345
87363
23925
27206
54903
99441
14269
36564
35021
48012
96344
62192
38571
3958
56651
18302
43275
55946
3282
61308
62784
59754
9453
64164
69904
81812
30440
85269
55184
19891
51813
5227
95066
2898
6503
36618
14957
33035
34877
19034
28450
77438
43818
21484
62022
93629
17517
37051
82617
55876
68754
35758
90081
27014
11188
98746
19499
64386
653
51140
91104
73716
37211
78115
17696
44072
81745
30052
27870
54698
40087
99943
70360
81529
79231
64743
64497
20761
88102
18583
9484
74440
92418
21960
12903
5736
80302
88743
45330
7515
2415
94787
22890
44077
87586
45132
1975
70603
3173
94391
74526
26289
37439
49854
4644
75009
21068
26884
67872
29360
14888
13366
11962
56186
3479
23917
68774
79190
9807
72496
47064
33124
22979
56951
48515
43266
1454
19274
24594
38974
55032
65704
38881
84326
10119
82627
98073
39227
34020
69160
76838
88004
82281
9020
78167
70399
51173
31010
92946
76754
99788
27034
14257
29696
74941
41283
26333
19159
58033
39169
40773
42117
81853
54074
71739
27435
10148
87674
51051
12746
67901
88310
27353
90746
83676
84813
68630
19642
81151
43755
85151
49953
59959
93767
10034
42035
94193
67628
33389
13359
9920
9269
59717
18501
85161
58578
52223
78053
43819
49959
23951
66674
75561
43763
66667
36886
31253
74893
10475
48367
29786
26027
44960
24455
51494
42717
17358
67617
36850
45078
24327
30767
81616
32266
53029
66785
61840
72083
78083
65848
36495
46734
55449
90200
66108
17666
15570
96860
51336
23585
8043
66371
32938
18022
57835
93768
35724
55454
35641
66767
629
17956
45311
2651
26419
12037
30361
9757
58693
7010
20986
