65739
6915
20257
32025
12006
28096
58850
58156
22594
92598
45198
7876
31995
47672
8908
71072
62654
4407
65506
48009
64524
56123
46849
35992
86232
85281
85599
57086
89354
64172
58403
15795
47590
10857
17336
90814
68230
47683
77636
25726
68260
78655
44339
43731
6068
72661
37708
45164
13710
87692
1093
56206
95849
9873
62930
92477
10819
98804
63417
25034
13405
37343
63425
57849
58979
33107
87369
53070
43754
71488
45909
26420
33681
84449
13250
79305
93290
147
43227
58762
74226
86288
3908
70230
85116
43915
2548
67393
69772
9418
47360
2936
33630
67579
2833
56715
5863
56693
82552
96284
49876
94508
86968
30467
50927
67504
27105
93851
96960
24419
44253
11725
92975
50197
36195
822
49287
98558
13353
71288
44470
12215
28663
7066
46162
44693
23703
64381
51286
2755
78824
70748
6025
30779
96433
77022
13983
26752
84530
36988
41977
25563
64503
10409
94600
69808
98374
46211
76495
86013
13847
67317
34086
82447
64515
62726
68955
60160
96821
65762
73459
54737
82590
28194
84494
80959
74341
63738
70664
55013
6682
76800
9883
41966
32331
90676
16258
15446
96624
11376
12921
53980
13281
86637
1952
97414
90312
38831
21918
31569
7473
25295
28994
74226
10974
54243
51013
85550
2902
48907
79019
87443
10717
30907
19657
52913
12511
16288
40448
50169
49254
67441
45351
36592
48140
10932
61127
57935
69674
3689
45727
87931
63662
61591
94568
22588
96235
68497
46771
48956
58923
58949
70095
56957
44767
24225
32582
47671
60951
25346
22471
92238
61100
16922
63390
65356
93371
31197
84383
51232
33485
29320
30083
30642
98193
26575
64681
56001
45483
13986
80733
51068
92005
92123
28022
94681
42595
82534
92184
70069
74997
48333
17850
34473
85766
21119
4771
87589
88306
90013
18798
811
73044
49665
13356
57195
53596
74315
7720
30071
93728
97897
79749
29698
53770
74754
21732
19130
12719
99903
35394
65918
33983
43382
82366
27742
88600
62293
60184
12142
90165
30888
75701
39526
36708
83686
26271
58649
97397
70814
83786
41360
24815
5306
83569
66883
72733
66509
88606
55955
76133
43806
4200
73222
4536
35857
8535
57824
79269
86222
12163
40603
56713
83921
39706
35043
51713
46957
56033
63505
85632
26205
15154
45793
40411
29609
81283
62386
322
18193
73511
79129
56745
85049
63118
98882
34245
75153
1992
17221
81554
30496
68070
47809
89200
91245
5921
40376
45711
77193
21780
6278
71167
33308
87684
15870
60394
75946
74433
11075
2557
93058
63172
80800
4065
61603
68088
19942
42792
95819
57845
53984
38147
98590
76199
64179
24593
83247
34349
62231
28081
15566
52254
7884
31352
32366
72166
38267
3998
48626
81549
34795
20979
42515
81593
99069
17647
87376
41194
5924
85095
61299
97059
1028
1724
3324
1385
19942
35245
98349
83427
5365
54604
34672
27617
64376
18446
92840
9305
35788
40732
62483
38541
83517
79239
94425
78921
88898
5689
27605
27624
306
46502
32124
84566
45990
95616
56110
52911
76717
61514
728
77094
67462
84612
22276
54307
49373
16806
8798
31012
13349
65448
36355
87684
9230
93533
79432
79480
18244
90656
68228
93046
70244
26343
29308
72817
50747
75220
41929
37343
24764
51819
41607
59
93662
72445
13596
20390
21072
73794
78659
28969
59130
46950
77781
64341
58161
63290
37172
59723
90966
5675
51891
5112
50029
51664
7716
28952
25941
97373
58335
45404
78280
70228
4012
12134
14320
16795
59246
4080
63076
80840
45708
41260
89886
51705
84413
3110
86683
29217
9584
34406
27662
34173
42517
37138
20097
32132
75594
87408
40713
17500
21958
83913
38244
60554
21916
21577
93362
11649
43597
26275
62509
35772
8493
6418
98599
70022
67472
45466
26367
95254
14096
3500
73279
72985
21918
72264
47060
59591
3938
2493
36491
31224
4433
39884
89797
27023
1099
46699
8919
22420
57037
88965
52768
67872
41049
66334
13575
72049
44736
14005
92849
5310
54858
60162
80892
89668
14978
29790
71868
48798
2144
8162
25039
94675
39604
4136
96094
57002
65324
50926
95506
12728
65826
77785
62737
95162
81125
52949
78132
64350
20995
88186
58310
61883
79248
26731
53083
37858
32405
91993
64650
8332
48919
12356
8809
38322
23683
81793
95875
42044
33172
33430
34841
80017
21376
48546
81586
28045
66597
42043
23488
25361
52491
15855
84113
35955
7030
31660
10414
15894
21931
71355
74868
34453
38524
84070
18252
8569
21266
74875
97513
57355
58550
44168
40894
41826
97948
8742
9913
3293
68812
72563
11296
76013
37198
22487
2599
35114
37490
67304
53994
81606
88025
27337
95309
542
35107
36621
87790
35564
64310
53657
74883
57818
99975
87176
60886
47249
6249
5032
44698
19119
41423
85889
73160
61943
50719
76342
73499
95650
78262
21348
31236
14132
7474
5319
61642
5962
87647
42012
97793
32559
22369
67425
45254
97837
2587
48281
3221
89984
49914
34636
36136
60326
35330
75914
16012
21811
93554
33104
7745
65601
21334
5443
86894
62725
40521
43322
92862
51325
7717
5016
75355
68645
51337
74806
81701
51400
27173
60128
99599
62932
74245
13654
58167
97510
25336
30130
24480
65317
53180
69129
96718
97290
71559
90186
13533
7997
41652
68196
3773
22235
5961
52005
24590
38451
27905
49980
23893
39600
6395
26208
43128
96144
10653
71177
69116
7156
39398
63292
16536
73808
20879
79717
12661
12578
5981
22845
1733
97567
82279
25002
56476
21449
73150
99621
32080
58045
64413
39287
88809
91080
68142
65853
7780
38202
44183
82091
87914
96595
64991
7501
8712
39513
12705
13160
29002
43020
38508
82239
11737
57680
5780
79505
69423
20202
23737
65247
54675
6854
58481
77355
49013
93589
49621
34589
33159
37300
9445
42015
5717
71879
58073
13096
1891
14788
28837
4406
93602
79212
44327
20
41071
62869
10800
70203
98184
59842
45613
79317
13260
12148
55730
55516
76270
13049
29506
63553
19540
65763
11517
64585
16882
90388
96454
89618
78559
81749
93167
46387
25681
42214
26147
39233
13594
65231
50544
17134
37310
90869
18032
53899
19823
79529
98226
82447
85415
50906
34474
92528
4577
9675
42545
71821
52629
5407
50234
22990
18734
97328
73427
8131
12842
16990
72884
49962
17357
5
78567
14796
15906
44040
97363
20422
94128
47754
2375
60614
29108
54523
31104
7563
54049
20175
86839
55887
30288
64618
16778
16417
45605
11544
26821
57834
15425
4153
9229
87922
43774
65209
90441
63611
61482
57118
40205
23658
95458
27931
57124
58726
72714
98561
90265
17497
63207
62580
74498
33939
41722
84220
54506
7502
87961
24722
58906
83661
89195
70202
55907
73661
10175
26641
99338
1853
22921
13563
96208
99322
96795
77727
98781
67283
72892
70351
38761
87900
92296
59871
56230
25309
57316
40470
12046
76378
6908
19810
95396
35854
80763
65126
95273
47408
36517
18959
87358
59768
29012
40644
65297
95355
55822
96443
8038
95409
1727
91657
16163
99448
27128
52241
59416
3537
65380
38750
27273
13705
39395
17292
45209
33874
57701
54848
16789
51951
83460
99159
41722
48751
93534
19484
64867
58576
26478
22387
34547
70917
92806
42547
67964
58066
8427
16433
98058
21684
32781
34647
52528
26845
6018
54259
31148
25661
11390
71980
82296
56445
48368
32623
52240
40005
99292
83463
92188
77598
69233
14635
41817
65297
30950
10962
94856
65965
35286
84769
65874
63432
97204
14309
49718
93341
51981
2428
75345
30164
96441
28590
89417
10143
73629
31545
24470
23552
67073
99626
11245
47720
71081
40871
96011
71002
29298
55081
89274
13646
71978
56679
15971
98290
13356
75885
62544
99723
52343
44907
70588
52121
8267
34698
71098
38936
90879
25946
54143
95075
18017
87495
36685
71955
76843
80426
60604
69061
72062
93276
9831
12665
27006
95461
72721
31766
85514
39410
40370
94923
66774
73668
90050
56209
95335
76901
75040
51693
66858
68822
19167
4881
20913
69956
60430
65794
46539
33402
84002
1812
38975
76047
92067
47473
21029
97407
97520
25049
97409
6840
24751
12674
58589
47659
81013
51809
46049
84482
32110
7649
32338
24817
14666
112
51140
45189
89861
69178
95133
46873
42065
66796
80936
98119
865
24634
41491
99003
86740
26013
17765
64995
20316
75796
32479
53379
98891
55371
8430
8486
35449
79129
61738
94926
5589
98243
14415
23372
61381
74782
21877
96235
40891
32114
79246
94407
15414
86394
55323
23771
7218
71623
99403
58776
75469
51236
49106
93393
90647
23157
35361
19091
43157
4248
55944
71891
73298
17358
71493
20927
34723
65395
22023
65398
41813
27656
52260
78035
90422
3378
39155
12484
29340
32476
4934
89050
34870
86999
43912
44601
53101
85473
78991
17839
24374
55075
4734
15266
79735
6901
87418
64801
44403
51260
71783
67644
12052
1204
14814
25744
84468
86376
18541
31386
50504
79678
11563
62573
16202
3600
73750
58911
38753
63861
59755
84509
47183
77534
88897
26367
74615
604
69155
23479
48264
81918
46600
30754
48523
37816
1425
88993
46373
59008
26590
45537
79689
95762
4109
86710
9661
10804
31248
2855
89319
24371
19146
36962
73429
14060
11014
73712
20198
20839
95059
66275
84119
92605
61728
73740
78253
44090
58608
88938
85052
96637
538
35581
45107
4157
36448
79704
83493
84550
74410
72308
63956
97441
47103
45761
31835
98001
49567
1975
26392
37850
96255
12875
90772
23260
46113
80542
11825
26525
17328
84271
82927
46308
52437
14225
68634
62817
93753
11287
14132
18219
71128
95211
46138
48321
74334
47094
30770
74433
26041
87073
96761
99034
62099
84306
92223
89537
81691
93544
3940
85508
55637
7280
78328
8611
53442
41299
25476
74092
56951
4158
30310
24334
93040
63471
85177
64732
94045
29018
96147
69344
73978
59445
83112
84568
29149
51590
38763
88466
233
4647
63061
69728
83039
99763
84286
90520
42196
81904
97864
5419
66205
59449
17532
17728
97574
49670
46668
18732
73859
54138
75575
48432
66046
28265
56171
44238
94799
31748
38532
48809
5610
43107
80851
16985
52401
12909
26842
13448
56778
84135
16275
80044
64620
21431
78768
69185
26419
39603
29086
48994
75731
36299
84259
97988
24393
45808
55366
66736
10220
12959
38797
87386
48162
43886
91905
20226
7952
24786
64879
44839
47210
44907
968
91779
64200
87468
2695
90279
79225
37323
42034
14195
95665
28065
22714
12306
55262
56702
88957
73616
1176
21004
48363
75833
34295
55678
37061
9360
82815
69846
83265
45864
79638
95664
97322
8803
60374
75662
89797
89956
27261
800
40142
23987
74017
90991
85600
67308
25410
33095
79476
68388
76920
3007
98209
79450
84139
94566
73410
38742
59074
60492
97973
7233
35059
16810
30207
30976
39192
92239
25453
62318
23683
85192
63189
37812
51464
96714
98587
61224
43737
78335
60591
48512
85615
19275
89524
73073
28004
35930
69308
45672
6045
94025
47566
49988
11204
7917
93258
31919
18325
90531
34595
38679
39854
66325
17675
58477
79753
49734
16268
21976
75494
20858
77906
52951
60001
85061
47047
21074
36259
65039
7958
54427
62485
17600
78289
4199
95215
35406
14894
71075
65550
85376
87436
72788
6020
57309
72468
91215
76233
4534
80826
48914
23343
13069
24834
52509
95123
82049
57919
97904
71663
2359
74102
355
84429
76678
80930
38172
94198
72479
97617
39600
34697
10039
23244
57625
10727
74547
92115
26448
65866
38991
5255
39496
91926
20427
84289
41127
77928
70706
66783
7361
5931
69320
69407
32210
67785
88783
39524
29080
83742
83830
50390
59883
79081
75743
3174
8058
55548
58507
49646
89923
3506
5765
4759
66671
88480
97288
70868
39144
85412
41549
23692
26039
13466
61493
27317
38334
69262
751
46300
85999
79723
35302
72289
16999
66034
59242
86814
40491
35846
47674
78920
69373
14468
90923
50831
72027
37777
54840
11552
30228
69227
81734
88265
94568
41921
13169
54716
14587
3934
5881
63053
47061
29953
62787
85846
96633
68936
74765
66714
87552
7659
7250
92005
70193
64421
30422
22546
46112
84044
79311
61479
26624
5058
15152
17467
326
59908
20307
40344
5180
57503
26337
83355
96318
47363
86209
1529
20340
58448
8604
95803
26125
98861
74569
65033
468
67703
70298
82437
73586
56278
62401
7310
2655
64940
88672
46118
42534
52614
67436
24621
5397
38709
71805
55660
3774
26550
64501
13677
19981
91373
54410
72807
54885
41041
13970
23672
68665
21184
84714
82284
80004
6067
31043
56602
20070
52461
35657
67373
52348
56205
85905
34335
51675
52098
48927
58177
68776
52798
61073
33240
27735
62243
25612
67714
68830
43771
50017
17207
76084
13028
52187
42538
65452
6919
87495
80173
7176
11849
16448
53108
97212
91067
26775
29682
6273
39884
10524
34657
37522
78111
3115
62653
19750
70775
90549
76303
70730
22286
46666
21160
89274
22405
75200
63555
99548
75158
50659
75085
31706
50885
85177
10752
74810
37621
52465
50763
31195
44151
59367
30989
22030
40668
31254
93056
26319
35692
46363
27315
57566
36752
15713
14064
39902
92233
72463
73980
90730
39747
75018
13308
7343
52164
4616
45429
56682
23551
41170
90892
5758
9221
22549
12844
78770
33051
46822
12837
64869
87942
31951
87858
29423
17635
83771
80883
22837
96627
34681
98361
2440
62611
34320
43712
44923
65482
65344
7606
19551
20892
26384
20314
33406
31420
78522
45760
54160
97534
80303
83793
52060
66890
1704
37806
75247
49836
25002
94357
3442
44904
65557
25437
54283
58826
3017
65276
20947
39516
56726
47944
62799
56434
34719
69433
8525
87359
60393
9101
22429
55690
57382
65094
56937
71994
50872
7854
44595
12110
3332
70170
6730
49482
71829
13901
90215
3788
35146
17139
92650
1917
23965
90350
95405
30083
38705
80685
39809
91378
40823
23416
8589
26690
53469
72169
35072
37596
83476
21140
79887
44431
92988
14503
15727
26559
38542
47884
33585
52829
37189
92715
93909
93169
93322
28588
9036
81139
44379
19931
33614
29626
93176
26116
85524
85580
64074
30558
34580
14132
2927
31236
38423
14033
28646
51070
19000
64459
20659
46270
38139
640
27696
68743
28647
48861
34353
39208
71553
11592
26546
20005
99271
92474
3455
44214
58086
57418
76224
99273
66777
19620
43294
63715
20190
31417
33910
4068
67382
92048
34362
41865
62361
83962
3454
9354
46964
55843
6662
5443
55712
40965
80585
20272
67232
83574
56609
33618
19415
16801
26802
23726
83299
1362
5045
88661
87322
14091
10209
26014
28927
92820
15636
41423
5185
60559
92419
85082
33233
69385
94620
71908
20990
52781
5588
71041
25390
25362
57266
48187
45211
10677
76407
90866
1511
29537
16968
27581
7582
14730
22265
16078
53063
73754
47736
61204
15974
94979
33331
99578
60561
89747
73767
75661
65197
52453
40519
66682
53764
24851
92133
89814
43877
31817
86464
11991
83545
72086
84330
60447
36669
66268
27636
17914
67553
45254
1208
8797
14939
6137
87363
82222
24521
16099
18013
77250
96514
87856
76982
10913
95607
21404
92239
92038
10027
35715
62818
93314
32811
50547
32399
48897
59148
56803
53765
24324
1025
23165
30217
87629
36886
54390
63877
37498
94188
92575
3920
15304
89776
79444
77846
27128
23098
92914
22372
31855
1151
89893
35282
83256
44148
7998
16077
43204
19136
88740
48032
24946
36412
39970
79550
16937
89161
55838
41743
92961
5966
82602
23093
97570
48717
76563
39769
82661
24993
43959
33879
93302
19543
82996
5539
42075
36837
61723
43126
40014
25963
49507
97337
97254
59141
29017
64268
90772
78218
56245
90292
56809
62148
68073
24351
64565
83276
12626
25109
45514
56161
85073
81149
90047
97253
68179
43593
86353
8564
47852
30815
71011
96770
35683
18788
75174
68944
19815
29223
3411
86859
26527
85832
72149
19425
76798
80355
36837
29344
82709
90557
18541
90829
30467
50506
43533
71838
64392
56344
55804
55893
19927
76155
29766
45145
86825
67094
22644
882
86223
10147
44618
52801
23519
7679
78985
31194
34799
53205
87669
14399
3648
52453
20560
5018
50386
16305
1893
65142
42901
70116
91425
48379
21183
75903
74812
70212
56346
84129
23158
13758
42197
78387
28604
46976
70426
35405
60329
50882
30528
97064
33993
49211
29271
77761
68825
29979
9216
47815
45226
18273
37119
19905
97605
1914
45353
90975
7368
93655
26679
79675
37775
34921
37597
87211
29325
4092
33364
54535
59545
85293
3923
28945
16262
50985
84605
50086
68171
16580
41875
25055
51777
47859
72266
81508
53931
25830
20247
98990
43535
78950
75975
54327
30050
72454
54380
65281
45699
69289
54065
14399
32765
76272
47406
3812
96528
39742
2391
75814
19753
72586
66895
85294
99534
23904
20218
16032
25430
47221
12559
71105
71829
98532
7308
69929
12277
36586
68261
97223
40447
29754
27732
12683
72537
32382
13460
23252
49258
17068
27625
63415
72953
76288
3190
65928
94132
36219
68530
88104
2380
96440
91925
18732
27197
68711
45772
29477
18379
24712
41580
18673
10759
80677
20707
97534
17490
90796
54281
81174
66585
52712
79126
13932
94974
30331
56238
94369
34071
98810
20311
10930
46095
86181
61483
37506
15787
14273
49033
55488
54727
33876
54597
80181
81631
8861
47744
61772
82282
10957
47890
61310
23584
18950
57124
80857
79836
8238
77114
37836
83996
93775
22733
19762
58629
47951
35127
64536
88900
49896
16583
59596
59375
6051
27733
60165
12778
8789
9232
23849
71686
80214
58194
71743
10820
81849
9749
43090
15319
6541
89054
3934
1638
83984
8152
68442
58449
67787
79356
2082
84043
9486
63404
94271
37318
62504
2367
95797
97421
52834
69782
906
69674
71353
30573
45710
88552
9495
82030
29035
18226
93389
19583
48298
42010
69039
67643
88959
151
75596
34526
89107
15173
41384
12442
28460
4176
58392
47175
28347
7339
57433
43928
32097
25210
75629
72360
64959
46577
18867
85426
55673
60307
75330
18400
51269
13372
57185
17020
74070
30970
66438
53538
21024
99222
86090
29494
58183
42385
42790
2898
21161
60617
39884
96152
63204
80347
24163
1542
