11159
79308
66151
64589
13836
84768
92126
72102
65922
20325
26683
24656
48545
78371
86380
43357
71715
21104
98346
21245
52931
34291
99570
67093
76693
21620
36366
77016
71919
74210
38291
16580
79269
36416
47236
6588
95795
88397
12883
92413
23411
69614
69479
7136
43502
38714
41562
99499
92399
90754
7417
57748
9747
33308
99951
51251
66845
5099
50843
71522
36038
34092
5725
15348
92241
2878
13776
20463
1980
52239
26417
82791
30547
44960
58269
29944
55871
95220
71257
33536
19708
50746
42251
49528
3464
44692
77030
46221
10711
83396
37219
14398
77763
65106
90026
12404
98784
7740
37552
84569
8238
3579
47930
54710
50151
61677
40800
67118
82393
10853
3917
46672
21934
41643
40835
4605
7782
69713
22331
60919
89798
91059
43850
62977
7530
86154
40607
88985
82294
64045
77640
33870
15306
76164
11061
69600
39827
2603
68340
16979
89086
46432
10715
67567
6984
55433
31621
84440
74034
58309
34259
15012
70928
19533
72308
35870
93919
69734
83487
14999
23702
75334
36989
44291
75478
18464
98340
89719
42363
76494
65021
58301
17141
29434
94087
4657
80016
97545
30005
58300
1582
28196
84434
18762
80215
14372
60645
11434
63719
3002
9039
49761
78662
81401
12241
34380
9492
49953
31691
11408
74979
80392
56703
74015
81791
48102
39060
88938
39144
13757
9655
29501
67488
19267
84155
20604
59392
81934
9665
15640
64005
75867
4115
4109
23464
9051
40266
93403
17131
41851
97487
55231
57358
42382
17534
25806
84002
78105
30823
34574
27157
56539
77935
93584
8204
59702
50675
66189
86543
41694
19820
46204
80893
74429
8750
60430
66240
64001
37930
79590
98172
27651
60564
22136
73121
99125
59679
57885
84321
52743
51427
42800
35771
28853
62657
84712
78772
32785
24541
61651
28231
24520
18282
65995
180
70644
37380
54071
45140
40350
22231
77505
85293
38093
31037
55567
21024
2831
8036
22721
89536
291
60973
7302
477
38465
2929
72250
60286
73671
35806
46432
57934
14689
14879
38360
22765
99091
55450
61726
57191
74982
5427
72735
14369
67821
20078
36888
30415
30322
48946
34060
97731
21122
6984
59106
80641
44178
387
76377
99565
48621
3065
70345
40454
37851
82800
75128
60332
31855
38772
245
6844
17645
88772
7732
30620
64598
99436
3111
68306
39761
82125
9205
29103
33848
50969
33081
32073
61628
39931
52122
11558
98774
36083
47490
76980
29228
64383
64894
32981
54972
55573
99729
3448
29607
96652
32949
10147
50205
64379
48879
27052
78529
64825
54926
76807
14072
39524
23007
77433
81140
74621
8784
28428
15447
32880
98047
56379
91142
56401
46686
12525
93933
11170
5286
27454
65289
11217
75605
70137
98485
69566
67110
3650
20532
73691
91691
94511
12855
78156
74601
23831
57708
59949
97775
82435
96324
49587
48692
28769
71039
16650
27437
53271
91703
35454
51176
29204
15173
29174
87401
10818
10483
33754
71998
57752
56543
7893
74368
73164
73449
49653
34409
58118
98586
86863
35852
82671
69649
81120
39125
70856
8714
84623
97662
68471
66605
33006
30923
12796
31697
2718
6084
93250
97675
48242
46220
48722
30327
46444
14754
34337
74913
64100
67475
7625
73937
96871
80410
25589
28241
98268
87222
24501
53084
25378
74598
92370
59204
39541
90755
68891
16416
51695
17978
21822
29584
94411
3205
63987
44143
79493
18821
14674
23060
24509
85597
62245
4965
14138
5582
33976
33401
61003
42059
90572
51943
72
74360
6155
73520
77464
82532
27189
90150
61772
63296
22329
53016
73800
73595
44672
26395
90018
42139
34212
55702
91395
24218
43710
62538
8714
81339
95132
79580
22800
13799
81552
7489
63462
46153
49510
74533
66810
27426
6894
91703
37497
44297
93943
63092
18350
57731
4413
52303
31528
60026
4857
40506
57306
29918
38103
74876
55285
78437
61647
11183
24160
13095
6716
69822
21035
12423
80022
84352
37200
86857
43207
4889
94474
25949
25787
64128
98545
41678
61311
52380
23158
88151
89045
76903
63836
73685
42968
11669
66385
19416
35622
97389
17384
87027
50286
89494
69909
61651
92343
61741
28004
73708
91211
21746
95862
19182
21439
99555
58841
14455
58336
50688
93314
78722
48987
37806
17578
63837
53896
63831
81506
14008
14708
46030
24500
62361
56266
82896
25112
14733
40894
17350
79184
40601
34518
70183
95745
72238
56117
1019
33454
92091
13636
26810
31890
69724
8703
50514
8570
93424
31290
1415
80253
81225
27982
99157
55385
52349
13284
19762
47723
50553
97213
74319
46249
45716
42235
89596
85952
5089
57488
55563
63910
34911
62881
80876
19483
93035
81910
50168
38849
39477
83681
25194
28021
36016
63432
27751
44105
9538
24913
39486
42111
14619
35369
63243
22628
88675
76816
8213
14246
16652
9605
3671
59027
83687
87594
77084
26352
43314
22964
66435
18835
15151
93297
94402
13694
14160
20821
64775
54777
85933
17923
87514
45130
44536
64981
11070
20979
81288
40009
84246
9256
96114
70312
87364
79659
95127
48627
204
64902
23990
67468
70648
85348
17185
48510
96629
28397
38189
19978
23898
40701
99395
94608
29320
99039
43027
7638
98285
19659
37993
21912
92803
21145
97143
27564
52982
82208
21810
98128
98978
27632
29945
25555
74714
84616
63952
68540
23685
72405
22763
82427
67075
82248
5957
48971
54894
50003
34673
80544
85948
96032
13319
76722
22400
24877
55168
36486
90096
28168
50717
28182
1601
37922
66593
14940
7278
67763
84160
23872
56920
37707
84591
19387
21319
76144
47578
57800
46351
95737
37492
25446
76430
41286
28233
81452
37361
55577
47408
15466
41462
14069
39036
97943
3629
71825
91186
28412
92599
67641
48980
96093
56624
2370
8156
11359
48106
70792
38500
86555
32270
5894
20130
24669
78599
78448
8914
23225
95098
10256
12331
72043
85581
54876
8563
30153
27977
74449
55918
26631
55738
69902
85650
49799
79123
49615
85174
73947
9134
20291
25161
39320
8945
97261
71998
97017
55757
45556
47109
53197
65759
57735
48341
51358
72057
36849
86438
55327
71803
30996
87739
98065
97755
83653
52732
96754
81604
84228
42561
51746
53914
49911
21195
38035
97403
45218
59021
15373
28961
65669
21991
83516
72165
87889
51763
52759
60381
54664
22712
37901
78310
1584
91964
76941
13565
6356
15095
37522
36390
86264
42242
63881
67216
7542
79502
76609
32752
80826
92338
20526
12169
98390
47356
69146
33998
18147
68648
48841
98942
40021
66830
70183
93550
23289
21526
95632
61572
37357
42182
26171
83903
33148
4060
10308
74836
61205
59544
77269
56596
46184
19089
54800
2761
61884
27495
67323
79455
70127
36824
89001
5567
52491
93900
31905
50038
26914
37323
45997
28789
52966
11663
83522
62354
89894
51476
15302
74635
80649
27915
83427
25419
66240
4142
59206
5764
1804
3822
45396
61148
38124
90824
74602
70053
96448
35158
79216
82532
24767
68801
22329
31380
46513
83540
29689
74243
35018
78476
78884
40345
64996
23340
54783
89336
60631
37678
10533
44287
81656
13939
2776
77833
27723
89754
418
62003
4006
58223
55878
5211
25732
65627
26088
88676
46307
61402
18006
82421
54555
73866
67314
5377
56379
87647
86365
68577
22913
82771
83585
70942
54677
88635
55739
60139
37219
58997
18627
24174
89331
55325
79193
90207
4999
31358
17646
5577
16816
95205
53644
6478
88141
99474
27875
99272
97730
61160
58737
67625
76305
65188
38893
67
55255
28618
36337
49540
25509
89434
83553
71130
87193
61186
33660
3764
37561
66445
29822
26537
70444
83769
11727
66929
10485
43974
75436
80497
11148
76778
81328
70740
25755
54114
86526
57301
22802
2819
23342
24986
37255
97679
88145
42586
30189
11586
39363
94686
15312
76876
63021
10501
9707
4345
27571
64322
97606
94156
54240
40128
69487
53066
66924
42438
21107
32275
40776
64406
43290
10091
50822
2639
16412
94774
46599
60178
42916
86307
26210
9601
64383
72031
22030
17699
83777
74602
82637
53317
63060
34631
85941
20123
72158
86028
30107
40163
18478
11706
1886
94282
59714
27878
17934
54344
62553
50486
68727
71623
60336
21671
68430
7681
13371
82891
21846
46311
8129
41680
15439
53566
42452
14043
47581
47747
14156
19764
2384
19344
67200
35131
43125
93942
32928
42520
74456
30026
37201
49712
98708
83836
24742
7476
57625
18530
74391
67571
67865
97332
96673
20015
58991
6513
35354
72429
97452
4735
10255
5126
5855
46863
29564
90299
77728
92126
67622
64645
74842
64215
65785
8010
92755
81559
77978
6348
85145
3305
95144
35323
84970
91215
75219
56235
72384
48866
77272
4256
65495
96240
94169
98885
74397
6917
58838
44508
96597
11365
59754
95376
75303
90293
24196
64775
63047
69529
48607
90195
30305
87928
23809
10695
41118
96348
89197
44711
13366
84821
99845
11544
77106
52637
40191
36438
98780
53654
93730
41157
85862
79152
58174
59391
15763
2374
19078
53771
76934
81928
65163
62607
8869
1428
26710
46972
52521
56477
96481
1000
72357
42254
41202
29145
6897
65704
59797
61373
24978
32294
43829
16471
31559
78146
96759
54196
93906
75856
52724
98491
89697
33608
49873
2114
9145
71905
53404
83549
65086
50105
65156
85938
32993
91185
44565
91048
31271
72117
88015
12222
38033
52697
26083
29208
4173
11839
73450
19091
42329
19254
65345
68506
30703
71292
71172
73169
39281
21955
68998
97871
2994
63282
62058
73161
6687
15394
86882
65064
45545
9705
44769
15132
31823
29524
41311
8651
64876
91020
34377
18466
46842
1051
61953
78892
92290
33865
93049
74336
11234
27391
86728
86836
42585
78028
93415
83632
62898
62661
81227
32318
79882
31687
33151
33725
86399
72953
18109
1108
696
88525
72201
12067
16939
91493
51209
50645
70159
94386
66821
88787
21471
40823
471
28306
35142
57804
68975
59820
84365
64511
11142
33228
12479
30164
51037
94051
60150
66125
47730
83767
30436
12901
11293
72315
66591
12087
66989
61338
55561
45788
36090
2829
15515
58416
99271
1004
7822
15894
87414
77953
99814
32690
2247
23704
50748
52180
84911
62963
56838
40309
70001
75161
74117
66713
90779
6830
12618
50997
85568
44190
33701
84650
67789
79571
51116
71631
16394
88295
95237
62605
43344
99923
74321
28931
76737
85253
4084
53962
69864
38064
91109
38675
48334
16765
27758
25645
85366
26112
81504
84258
60118
57253
11927
5953
30994
16969
61605
78486
93111
71174
14590
53621
39248
59494
11744
93206
79752
57880
13948
86107
64510
38239
63461
59565
63070
82024
14260
84003
89441
84
86614
99364
16227
19252
88723
77668
98045
91827
15995
12523
27935
39725
58894
49875
51724
57341
14824
76080
3089
77843
89992
64106
41123
91301
82748
73893
46740
40156
27051
88322
57202
78032
46558
55486
48380
50126
72620
11864
64514
90069
66688
63984
73304
93792
79017
43979
55478
74045
90046
66035
49967
91036
34316
2523
41644
5860
79901
18273
82949
47391
98886
19116
20507
95510
39374
46068
28405
58103
21782
13760
38645
41202
90154
18699
1365
94819
85698
34656
81508
8266
61109
37253
27959
151
93787
20052
48910
38432
5660
33347
67300
60277
10587
80869
64658
46538
81497
32650
29345
84307
82567
76353
585
84335
66155
58366
15307
8795
58638
47607
67624
14632
