27672
64297
78233
32737
45278
19707
99377
14541
31700
52578
21625
66742
10389
81989
75348
71210
94352
66276
76179
63751
64293
20303
74664
98022
41996
69409
76696
59845
71637
93340
83727
95281
27402
47842
15086
70189
32304
95533
52223
3873
42956
79116
34601
22817
28067
63130
31583
1080
79482
29020
95378
85618
7164
53527
98855
62499
45466
87820
33507
93751
41996
38578
36739
16567
65238
11790
88905
70773
27494
89424
57360
71476
93945
58285
74688
95478
85053
36661
69213
92323
93841
12529
59194
63476
23817
27643
73451
46073
82702
26809
80888
46477
49730
85111
56845
40308
65985
51136
58382
56493
68035
59577
92840
16090
4670
47450
24611
59401
32520
44553
61011
97279
59993
81173
19182
38368
18415
47821
26232
65309
16556
90619
32346
3066
50458
2336
39249
24859
39119
20076
54434
88714
84427
82970
10603
99048
96734
12230
56757
13006
81671
20844
33478
3326
46519
85471
37010
74027
86515
34850
48466
85505
54424
18886
82925
41235
89529
72673
36818
45887
78149
58599
85512
71648
60612
54984
7900
96304
44799
32390
4378
31896
70399
5520
3159
83285
45677
39072
1163
13545
26201
70574
3100
48219
37558
53583
74933
79147
24515
88974
49013
18135
88517
66340
37636
52067
9551
50391
22177
82504
71908
23469
12022
57436
11667
843
49869
38777
23488
1358
13052
64813
64516
4549
72603
89150
16235
54249
35831
69495
36827
94202
53215
37652
6004
2008
63803
73414
6099
74971
71100
25379
58192
55599
76206
69837
50984
8143
8874
31197
90965
5564
80585
51532
95736
40475
42995
4574
5433
17801
40789
76043
37797
27227
73105
97035
61911
17494
66224
93438
15185
62151
79570
50549
77097
18881
16261
51104
25729
23409
67284
74837
45870
23327
93719
40154
6010
5859
62120
4367
8133
30274
76342
65659
96582
94532
73106
64529
51312
81074
84295
88926
79184
58385
6598
61938
57554
22422
51775
45065
46147
95109
44813
48437
74001
74762
40168
32394
6062
30387
99518
13573
49940
8680
83419
82810
97122
60616
8100
7192
84580
18945
26340
40315
86130
22732
88094
83535
79343
87106
91969
90907
29137
44575
60505
87121
49920
11442
41474
53809
68503
74814
80536
80693
36040
89264
48650
84828
15036
19036
15564
94294
25624
96791
39788
3401
7803
29643
83292
58654
23332
24859
846
72043
39248
44851
36670
11006
15456
92074
41801
85922
40506
5047
5691
12497
66662
22221
24102
14359
25465
14837
26510
10174
76910
85094
92418
95515
57040
71492
67909
3253
24084
26098
57930
38477
96931
13045
5118
46766
41302
12838
82495
14547
93786
29331
11563
35695
58515
14708
31763
97981
14492
60197
6254
98276
54988
17316
24746
34215
98548
95113
14589
98503
42757
84637
40057
26261
12239
97624
97790
38711
50021
36091
35050
38006
49948
31559
82348
3362
92017
45720
29174
82019
17738
39841
63056
96413
10900
11685
46184
90430
91532
89039
5608
55656
26010
47119
4416
17750
49304
57202
59810
69164
3920
19004
81453
7903
24899
20517
70241
6206
46278
80205
39665
10876
902
24125
17399
72379
90156
36796
71521
61431
22300
57578
45449
36524
36151
32605
39810
17188
87329
54389
12334
35649
37981
73278
87533
78851
68756
22434
50127
34263
96340
69512
63883
58909
98293
69997
59272
16212
39479
42717
64696
23652
34087
56270
60357
28007
81760
45882
51875
65205
59534
92087
35941
35498
26830
79508
41932
41686
55634
73106
50394
72354
10753
36604
55909
21178
75066
68005
13255
30907
2168
66717
24786
41817
97809
19855
26688
59661
37785
91738
36648
34043
4964
61066
73005
7260
27593
96146
35248
16588
36226
4265
65222
15153
15183
98558
11493
26918
67578
38809
42551
99908
76597
90031
46577
37804
80031
49729
90014
20595
17062
99314
49716
74
18375
99171
17896
16009
73137
21229
41277
27800
5671
45882
95831
83322
54468
2753
24654
26358
45560
93980
13662
34819
48849
34663
86875
99439
33621
75672
43842
4940
29419
49301
83851
42328
23674
80054
6043
42631
8489
19768
52885
21903
87046
88123
89552
22768
2466
38713
34372
82014
52409
15492
77982
97996
1071
76634
92819
18231
3862
78951
82737
40300
8557
27576
93169
1943
2050
58807
60009
649
30487
51080
87294
69572
95554
12063
5974
74151
41423
27163
45323
71697
83649
28419
50524
92787
81397
3036
99454
81495
22663
71460
49647
77479
79342
30734
54699
4123
72578
1850
50775
57027
83166
12720
29627
74413
65504
94521
82797
58227
1710
68379
85864
73988
94451
28815
56508
92173
96742
14464
91199
44356
3755
89057
90336
46833
23699
65355
63900
71834
78463
4531
32394
47817
72738
33413
78577
18107
12708
63423
96057
66024
56610
53291
38174
85547
45331
4794
22241
67757
85414
7738
81626
5202
40455
4468
34728
8607
19616
64580
16648
34693
60348
42038
91844
48719
76679
33529
64930
28997
23185
65635
99933
44731
59249
64705
11314
2649
58662
10905
86705
77287
79897
20350
6195
62900
4414
88975
69002
88131
98873
67597
23284
66099
49726
79094
23209
71306
68625
85507
3028
34141
11883
14266
13759
41246
1854
8561
97126
50915
15248
86656
22830
83343
62019
86017
86126
24639
48821
93671
85547
68531
57763
30904
78306
46358
2248
25545
15167
48748
19140
5332
18858
22232
7703
83032
6849
92391
2701
35310
70944
99388
45364
95619
77597
30553
81256
4791
3344
48359
10703
63152
21775
55714
72064
53435
60249
3107
49247
16129
46440
81803
67011
96802
7305
53513
23001
47377
24872
36297
11617
25932
95268
33498
23382
25046
58305
88569
27052
89682
11965
33919
52273
36062
62330
64388
63125
33450
21786
30574
21862
9108
31049
88762
46292
75905
84276
15141
20468
38073
19703
21400
45056
768
97172
99790
26043
55117
86720
2628
98867
62441
80983
83452
34079
57957
95568
43661
86439
88344
59083
2474
44322
87060
454
66605
218
31620
18927
23552
77069
27108
18932
5800
57965
74749
32342
76847
61607
23291
48444
42572
99425
22061
53380
43153
43548
35737
49780
76497
71320
24473
5966
27276
1719
76534
21026
23416
54649
66847
9822
72270
96295
73222
13313
85038
57804
2743
59309
65135
28061
40054
77466
44999
21914
84468
38311
96020
6284
35214
83691
96741
13902
2594
72746
49927
56808
89998
66659
54704
74614
41159
41190
10370
70311
85267
71299
26588
42785
7779
31133
88579
42210
52593
52286
68328
94978
42098
19716
39799
85460
52951
25881
67419
43243
35078
26208
30545
43193
50160
71979
7335
80371
44623
48522
97200
19344
61566
67742
51016
64016
11957
13643
13183
30521
23391
10859
8291
74493
9113
47072
63054
80312
33130
81057
76617
501
47930
16150
31196
23887
22128
95423
54675
99413
24395
84398
26126
33799
28861
57909
36197
93629
33887
90298
79254
25447
7701
44423
28237
54767
92192
93501
6446
63675
56793
54441
9090
96878
74576
8495
18012
77198
60642
44675
59335
10688
91440
6230
37102
77263
8194
51213
17255
69644
8951
91726
83389
90800
98759
59188
46072
81244
24920
61442
73067
51329
61658
10291
2746
31804
59743
13999
2214
62457
28665
28314
96183
4632
96370
68007
63685
39405
31330
8234
60514
95873
39601
77291
55815
83414
49866
49623
5210
46152
29655
41200
23993
10383
32415
79364
99109
40833
35353
9083
47406
31317
85771
51594
13911
55553
69059
97476
58182
86244
51409
59472
33163
320
19424
26870
40329
13056
67984
74195
36742
20248
12177
31533
39243
66761
5245
53344
60408
36483
2738
68598
48488
2533
47882
42197
91451
26176
27386
44626
12870
25721
33060
78211
95988
15918
19960
19250
51351
53072
67854
9998
69135
51150
61785
80412
47606
33490
93768
75370
80645
46085
68638
70596
60487
15021
94796
67296
61880
33591
49736
52083
10297
19696
7821
24166
75475
72589
85870
33316
98981
2122
95735
91594
80108
63183
22563
38753
36333
39983
27316
3080
97890
93514
58578
457
31711
60755
52835
80590
85889
31019
51235
9389
4242
80428
25376
77727
93563
24226
92853
21390
44006
60179
97313
61452
65198
42048
84547
16096
84421
47523
30773
16796
49602
90520
80258
27018
5062
95928
43524
46181
58153
67329
19966
47427
27878
26065
66323
8496
25823
72529
44738
23606
19022
6543
38879
57432
44746
2755
95119
83838
88338
33043
96607
51179
45529
93938
82560
90634
72718
82915
38211
72295
61382
96955
78926
16730
1769
75332
40057
36317
50006
9406
53448
85247
79507
28609
90916
93618
56757
44285
26776
80414
11336
10050
14821
70136
67291
3324
80931
17965
64396
26837
95060
92921
71500
31102
36902
89589
67182
81097
38534
75660
6641
54350
72603
31470
4647
46989
44838
92669
20865
18323
94068
96741
96282
14069
49821
99785
20125
89881
29308
95864
90867
24693
69291
20927
10509
94063
16027
13336
2890
5027
27981
72479
965
44963
81296
48773
46367
97048
44951
98942
4548
37543
14326
96309
12765
96303
20473
88320
58481
34991
7489
71982
70104
61925
24028
3804
1438
84336
55680
85543
83633
80183
80132
42683
551
73410
21498
52778
91630
84774
69933
8537
11377
28799
99315
17428
20548
30869
78031
23938
67565
14497
20454
16371
10575
3305
96155
81717
67188
73575
1865
64038
23958
98344
55869
50244
70474
8720
85646
48289
58473
53786
94938
59986
18684
60445
72446
75526
20132
93771
21841
77779
98596
78131
98654
75211
57035
62086
44540
80879
18882
79510
13195
68026
94542
1627
64877
39742
26210
12175
41503
26604
21668
41145
70515
63884
91994
81863
69739
63949
81297
59220
96564
90454
10954
56457
10269
69179
60769
69120
24338
43819
37179
7523
50457
61190
58476
15187
24872
6668
87587
93285
5313
84049
88466
76998
33100
73037
28733
2527
64463
22127
76990
33108
41644
34545
20883
12007
23479
98406
50693
32826
56243
45936
24854
86321
29960
9551
63686
4341
98722
5812
34113
22356
72361
18003
87624
91270
30425
24247
27771
83275
42814
53167
31680
52880
89581
31366
35059
70769
62465
14096
72298
66424
40049
14337
70564
68483
15179
39544
4365
99812
61967
82936
45008
67298
10282
38487
57562
62300
13102
75342
59303
18062
35978
90577
87627
42796
52939
85850
45439
63275
49903
74718
80293
6015
30465
31073
32954
92415
1110
87205
89496
34821
52003
57117
40613
39857
42489
91839
49691
9005
75710
24536
7733
27915
21481
79834
69266
50059
89082
35441
90729
95097
24948
19795
970
46867
55352
26101
35949
61992
22462
62042
96729
84891
78482
95558
92147
60423
45289
34545
78048
37565
92991
28792
45721
59848
79023
96493
20235
89170
71886
2638
28199
26943
31364
32051
93548
3255
65384
18145
2607
2081
56438
22139
98757
99371
80784
57305
98253
37926
2415
2800
71517
68110
11204
37233
3239
1736
82895
93614
32839
14308
43066
79798
55756
86049
62900
29730
35968
70160
40614
79880
98294
64464
10995
60173
44240
53912
68720
58360
99081
99124
5950
63041
84933
48647
47168
88968
14963
32975
67133
67490
1117
36421
1300
48397
46252
36227
98935
81861
7770
41217
79398
18320
63349
44216
27816
20787
25677
94663
19112
76776
87963
82036
31018
43751
80077
47082
60712
44192
11730
23808
7118
87275
21055
15515
54606
65143
13819
60970
77249
37343
62829
44879
11515
10331
4128
46493
5354
10642
69137
70716
79498
93612
27925
82537
56871
64582
69321
99675
34801
12415
59511
55969
61333
44815
41441
81287
79710
82552
74190
23448
8007
93332
84718
38717
75419
22542
24492
31075
107
21580
29167
23674
23948
39274
65804
75801
45387
79458
41740
70303
94477
46663
5974
6453
76743
82834
49305
30864
40886
3667
57175
57810
94044
44745
13681
20048
37913
53676
99307
87182
98914
50247
52732
49125
16000
46788
53077
29255
49607
33344
19179
64250
86321
2109
78339
21792
37975
92374
71385
36632
84971
85709
11244
66300
88597
38464
90825
78347
59720
6555
88403
89825
36768
94343
66572
33475
25595
55743
95107
6743
79697
67587
96666
38351
27537
44325
35986
53574
14713
25089
42901
49411
63153
47050
42016
18747
93925
26912
55691
82227
38078
88189
39703
37378
69307
12622
17234
26197
18545
57759
7114
76781
31644
38927
94540
65667
48257
21955
58007
33515
1954
40182
94242
7958
25148
4878
62983
72337
99265
59018
79275
22667
62509
70359
20234
81364
39879
45186
50884
56641
32694
78152
35038
50381
6077
85193
78582
94617
56309
54426
20103
29907
42117
97018
35764
82164
78528
83484
12853
26467
57788
68676
99484
41752
45738
27341
18083
59483
17623
99398
62131
53547
77566
48189
12051
19194
91719
22899
91851
97237
76960
51376
55476
74434
89079
2511
95103
86114
33009
2298
30398
18006
2890
53424
92051
84958
84137
19651
70323
20859
15679
8670
98998
23574
22589
93411
32797
25114
4367
91539
5473
30141
31480
65351
72372
19420
23243
85947
70838
24836
11779
71018
85239
62316
38080
34261
78467
20703
13438
18460
14735
34393
11220
9711
71487
81607
3142
50910
30577
48432
41448
13421
62889
29874
74319
74339
21018
18277
55701
12226
69486
96445
31433
93425
31539
91307
13361
85556
83842
68994
90205
30749
16556
7575
61961
43580
65347
78433
71791
786
35778
38144
6566
80067
59418
75707
69115
97578
51802
34497
50730
22534
91547
42449
14361
12882
62917
49813
29937
47987
33665
95433
70458
94058
68061
6650
95570
87785
75797
9129
63562
8322
90084
84718
2462
27131
35398
3162
57902
75774
39209
24788
55613
13453
39248
69797
20677
70291
14179
89008
27637
46165
49559
65273
14057
22919
63189
52646
73540
83259
97386
51522
39117
14932
58283
14878
43011
81144
84514
64851
16317
50020
80633
32515
30563
25242
84034
90269
45315
81718
25888
54622
84305
54686
67574
95541
67998
77719
65130
67807
97139
74132
66518
40081
45738
90762
10315
59668
48105
94783
92066
43947
54845
72416
26368
40816
36911
72338
8580
64316
85605
97664
55761
1125
32503
36179
39123
50849
95596
48768
75984
16137
55121
56859
11052
82458
36086
68777
86456
84789
61349
6803
41241
16837
20512
33622
2704
1440
74453
79255
75852
58471
72128
83893
40328
4488
20894
74935
19873
20931
29865
62788
21401
43401
60693
13201
67041
95103
4773
71316
16391
70307
97803
21304
98395
82886
30171
67402
31615
72311
11658
76943
70795
45569
22888
12824
48699
82666
27511
20910
59510
74556
9255
41096
70010
78529
84944
81499
71721
83431
35531
89201
3178
89123
81837
62610
48094
76082
2337
94111
27200
16346
46785
71838
70968
33006
58865
45679
39420
63729
64888
25532
63107
29778
37596
92783
64040
34486
8472
80990
89047
73748
64316
51426
93815
20345
33282
422
23508
29324
87912
39290
6952
41707
45519
73478
87909
50164
91951
94364
25793
63584
6260
71526
33247
82313
59098
28767
4854
68653
36768
90750
27840
38794
18412
78220
83873
90345
7195
32343
24946
2360
50403
22015
10601
1423
95047
64013
55687
31157
59798
68452
75101
76762
19968
80079
87516
33892
6614
29082
16984
79144
86621
81693
10712
75054
40655
44819
8732
17912
18414
53033
60779
80603
75845
38481
84729
19979
32766
57078
90193
56757
49401
22026
3717
11397
23055
10139
40399
29704
15908
25381
97890
26060
34402
19553
50066
59204
38712
44954
81469
3432
68783
66272
78388
68409
19652
64406
93194
44673
56838
84102
10072
40697
65710
3860
87883
19012
95894
67759
5835
61209
47768
42340
78920
3134
772
19021
93123
19855
35837
95879
37462
56766
40912
65409
37633
38773
28434
1712
40498
58551
29622
84447
81232
26084
74503
20036
17540
84859
30472
76750
35237
79930
72358
52378
59423
54432
15510
7237
90367
90324
46672
44988
11197
32671
12872
56719
3270
10195
51589
27684
39204
67151
48479
24871
4749
77147
55706
20031
69605
82254
23354
73852
43473
7439
99777
21997
15577
39576
2412
83726
82073
60342
3591
68926
46820
23149
23048
34798
98134
45369
95151
72053
8532
95887
54743
71873
28354
95553
47321
42409
22401
69217
4190
32509
48290
74557
52735
4127
66028
60360
44315
7915
61094
74202
28212
88752
95617
42893
4998
68163
91621
97160
96229
31145
64183
30425
62898
60658
19556
83003
1689
2213
24140
65464
56075
29398
3373
91335
50835
7637
28587
86838
49942
83104
66297
95139
33324
61240
63591
51524
88822
18641
1769
21703
8891
57122
6623
14867
78851
49693
9510
28397
46830
23513
51610
71703
73330
35786
42950
42482
26288
61906
2922
12101
882
68017
37800
99798
2691
4472
25835
38100
7115
38268
94260
58903
41445
18885
51554
96704
85598
4582
67709
75866
78348
91623
4671
3874
11145
55421
83552
99106
78283
7612
7837
20984
20514
86691
4741
87990
23277
32277
13023
73251
16505
69160
47866
29119
90711
72662
58835
7555
52568
85777
12829
99142
21831
5204
94736
67805
54404
52660
59344
8730
27961
49877
95481
5717
35642
94873
80132
57128
38750
72019
44569
9107
91060
66170
86001
97249
76740
53305
3590
45410
30596
49251
38041
73143
76755
62499
99872
50700
96598
76178
29066
46911
12044
72226
72976
95487
61967
64887
59322
73711
59178
58518
15659
14154
96689
75349
1739
2049
90882
91633
27535
58048
52343
14527
39782
19182
47236
47450
97538
2099
54291
91163
47361
14420
11673
60071
11672
65657
82260
59714
90939
11376
92004
94977
34731
35755
22948
37085
54620
3812
46180
52483
83426
58784
83747
65801
10040
82001
21582
51835
29356
64374
75311
88851
60554
99805
83412
54183
36772
28201
97438
92829
98619
18703
27330
39097
98476
17721
93952
73974
24442
31853
20989
82451
28915
30824
1055
2181
32098
29476
36804
28107
47281
27289
64256
71839
34105
96
94641
13704
33512
34482
88576
24428
13581
17102
30007
58082
11618
60026
53049
37957
6007
97537
6818
11045
58807
11099
47805
37368
39801
98602
77468
12846
55334
48448
52663
34978
35329
43358
28420
56300
2904
59256
879
96243
86918
1428
84150
6944
33538
35441
79428
13261
75335
25348
34920
63421
23201
30013
55761
33989
82161
648
24904
97256
65437
46864
21098
85568
98743
49278
88960
78936
50376
15263
87645
2743
65561
32291
11764
92054
67774
46433
74708
89299
62240
16793
54273
8286
84037
14322
58383
32656
98653
56225
57117
35580
85292
97003
64012
28318
64911
44417
63995
17424
38445
79850
78081
15387
13371
98400
62022
10825
76492
73584
17949
74905
19
81412
70082
66445
55639
29566
35532
21342
34450
85754
35535
33263
67525
28662
24754
38654
32732
31854
18568
57655
41465
70431
70508
45155
44960
90734
38174
72862
90655
96961
88756
68069
92215
49674
88383
23694
69195
100
54492
46642
932
66326
36787
23973
92766
27317
87823
68103
3475
80903
47610
67378
97122
15617
33076
90835
57468
41073
80657
33718
43274
92664
75149
63227
58366
22159
2924
2469
86645
72458
69265
30768
56006
60314
58747
40834
63050
40301
26807
87066
54600
54864
8998
45061
92699
6004
80813
92880
38594
43438
55123
26488
16612
53273
36954
83229
98717
66038
84381
54197
54858
54419
54562
83260
781
43082
55259
11113
45501
16160
42271
59677
72622
93454
29857
72948
99032
79004
7338
87485
41766
23529
27479
34918
43262
79688
13713
65233
3336
13252
99269
79587
92860
28227
79808
16539
10509
51497
75945
14304
26348
86324
88027
39698
30234
98660
80765
23683
37357
61309
80351
2719
19326
87301
29395
88262
6733
86185
42822
54906
78290
24220
63898
67731
4897
43295
17857
56176
12697
17083
20216
8937
33449
74283
21949
384
91647
7991
21327
83701
79375
79995
71649
20280
22844
86727
43514
75642
79558
54847
40428
85372
34480
53251
44366
95849
39116
32105
75481
89600
21510
85381
78140
42921
1866
69098
92348
16200
78546
7627
29995
48431
47504
51387
69155
61070
79701
48338
11839
49446
75356
39696
86903
33660
46357
44892
40663
98793
73969
54662
27738
9517
99207
52651
1864
65315
38754
40886
19945
60272
27783
61891
70661
85205
77286
18431
23482
70980
2204
51659
63832
84720
23970
85600
62492
12829
2231
17516
455
99190
19429
33434
74139
26589
22930
74320
369
52445
35077
18738
62586
59355
98994
2755
63632
49739
67396
65836
25560
32383
22022
35829
69559
40154
75022
45937
3886
54179
57159
41366
35219
25589
58490
49545
45837
29651
98648
70648
44652
6521
23815
65345
57314
93453
17350
1073
24194
4917
91806
85606
20692
55714
42695
92597
59730
11561
26420
2472
92738
28914
34044
40319
47823
87466
21734
96759
20166
64243
94928
24264
47179
48476
3228
10281
48950
69323
37304
14190
38254
42198
30376
53041
831
98641
82866
67375
39963
85057
48582
11017
50635
43535
54344
69866
78800
23769
20411
13065
86202
24098
40204
73028
86371
85194
6616
96332
28745
7800
57819
15296
9351
56275
12534
51250
86128
65328
53948
48550
20999
66374
13497
71320
13181
36317
640
84220
15015
93861
10703
4641
1308
81059
7169
78415
87112
85414
2544
53680
72112
5016
38468
17387
20739
4112
81277
42603
17400
16932
46745
81214
24906
28123
23266
37209
96077
36833
79895
99769
67979
3635
32853
45540
45888
56890
27970
56526
13582
48277
59799
36184
57502
54607
38087
93426
72596
2768
84720
70465
68685
76656
50620
52796
25464
47653
74292
83664
73006
6429
14786
62116
45359
45095
67010
2455
89243
2700
12869
33668
18121
33372
6337
1863
711
62050
85112
42074
34319
93369
4322
5977
39906
98872
97978
35812
66437
46504
39203
83330
29172
92695
19381
74881
77671
52869
94760
38972
2688
87548
48763
48214
53357
26812
25922
71843
33856
38228
37770
16902
70056
43853
63497
79829
20556
32800
28711
2521
93892
73288
49827
3473
59348
32178
72068
50325
19942
55953
79261
75736
49187
41838
1179
77031
71182
39900
75790
82543
36252
15945
59601
82939
12019
68817
3704
20730
64318
95533
25238
47647
50059
33449
48840
97922
57922
48851
85410
39972
92194
50158
83763
28208
87545
46374
98007
59132
37823
11103
9305
54703
75376
80262
50243
5884
61764
4489
6340
64397
51053
63522
67516
81115
1357
17166
93415
1209
55345
2716
93379
34225
64077
78369
57792
69510
4053
25257
82116
25657
33878
55080
25304
31751
50671
5422
42482
83118
84527
82552
4127
71120
96204
451
97005
65329
56893
70364
40114
19579
10101
32275
2813
92929
74556
33390
96311
40064
91404
66202
11125
94369
21381
82332
49469
6074
10957
38309
72819
56437
64232
11940
16287
10089
62031
23701
45884
2340
24912
49399
36511
73258
67203
14428
56578
95863
46692
86841
50188
9344
4113
79293
62527
37784
95841
33183
44286
65582
78463
4847
14521
86708
73570
57583
75095
5114
16267
58139
26174
83801
23227
18851
92161
1004
21262
20121
1223
89592
22999
4166
58708
20908
12152
83159
49494
32163
87071
47796
36558
40742
62808
79281
4313
59311
17331
27134
10810
96169
59891
39193
35046
74451
29488
63811
56300
85091
42314
1904
62559
54247
44970
87576
98785
42374
98390
96874
92974
29189
14161
52417
37025
24742
96077
96526
96967
15019
7150
89236
24222
27737
84092
94451
3690
74743
69092
99996
7604
69397
11884
9924
93023
1257
16689
21460
76361
11252
3295
91996
39066
59459
71020
96104
95788
94130
74193
5386
62582
13548
95046
14231
6871
89453
16473
19822
76828
67944
73739
76339
67022
99812
19911
25370
26971
91009
50976
45726
98015
85721
62501
81137
65390
25953
66052
89230
17121
2574
72216
1322
62715
42677
36496
31945
43223
30731
59966
50573
54032
93547
65049
79177
26444
74102
35440
38708
56806
12276
79498
64313
19351
78680
28127
72331
98144
60130
26988
90582
75510
89566
82295
34673
3786
54378
65120
11919
97012
78614
88288
96116
47227
74339
37761
10693
29380
95853
58298
10776
37173
67109
12709
83531
8197
25687
62814
5232
52738
20843
90682
47174
7422
31431
89058
11011
67446
15697
9482
91533
44928
29617
85043
18728
77969
2485
37177
36233
83817
56111
28185
11369
89852
68441
32931
16374
97149
38041
52120
36740
85128
55871
10881
49952
73484
23627
36843
38020
83636
88523
90690
28454
94481
61154
4777
92364
94694
46565
3476
22234
81807
86398
78274
93516
69422
57620
15258
34911
89299
73410
7872
28585
15784
86147
16372
56681
59927
70767
34376
9785
18968
20350
96700
2880
51098
84236
28632
3524
47981
83030
24741
75740
98410
53888
15400
94308
33408
51000
3612
5002
67772
40661
20683
80581
49876
89082
19817
99909
85008
91575
83981
59621
85781
84046
66348
73021
32911
83059
25588
3284
63771
32268
91458
25459
44526
29848
28416
2229
4006
75660
12735
85434
56555
56824
5324
84059
49984
4585
