93608
64851
40872
99209
84682
4719
1125
95141
51453
31130
17818
74702
76177
52944
96880
56700
75935
45144
72908
76392
70262
79133
43465
86147
15107
98071
75185
49315
73756
62441
15831
12408
46537
74211
820
67261
22447
20391
52829
58186
50874
34248
94685
37383
519
3279
71028
70810
3083
30264
28108
97793
8164
41081
67347
21756
67258
15266
20026
7937
20432
45215
72681
62035
18733
28667
21596
87340
9186
88031
24638
12311
90360
55736
60673
30939
90295
57111
55032
41298
64661
98897
74769
86392
26329
50887
69713
55134
62379
15168
90125
75997
65274
19602
74307
82056
38889
51391
28500
77403
28343
95292
20894
12848
10153
19501
97529
94096
35670
2508
39214
27462
99312
56361
51407
26799
52490
89739
51255
68590
68362
4885
36895
67516
38924
22180
43354
99900
90480
38260
6382
69165
81857
32705
72496
25336
12899
10251
96634
24297
36600
34067
87019
78907
71151
86275
98267
86252
26186
45674
14905
70928
83691
16165
10084
57473
11386
28249
58050
32467
21173
26364
54720
30694
29717
627
32167
60053
74169
65622
18743
24971
79185
30672
26211
55701
96648
95139
75176
73714
54511
30920
33771
22792
94018
85972
52591
34256
49626
32246
84591
12945
64462
70236
10942
95594
39174
25270
84792
7273
73310
95122
64677
80377
86388
24966
16074
9880
1806
88365
16683
74598
54091
79240
64801
29881
38212
98310
58900
12238
40574
43614
56437
826
26031
33017
49243
38718
62186
40109
98296
42137
37385
49475
2550
10551
21430
44730
81492
46855
51478
95685
21015
53867
2898
16047
63215
82344
5571
81951
11911
1021
83002
89014
73160
10033
65994
1685
67787
76709
40755
76380
7833
64840
52587
65837
71361
37481
30954
60431
39380
19239
59922
11663
41729
52997
45593
21088
30088
62041
56981
91427
83389
16579
59267
79042
15388
38491
47764
51830
98563
13187
69429
53544
54992
12316
90649
81652
39223
64084
38981
39274
61184
13148
87960
3822
80476
88024
41396
63904
71394
45040
48301
87318
59978
16356
63341
81285
62948
62972
13602
69182
56566
74172
58661
27892
76657
52407
19080
24380
92687
62523
49819
7310
7595
50570
74202
32104
49756
41449
87
86578
26671
22929
57567
19932
20257
59906
55884
74243
78166
86327
77735
87986
29880
59221
67895
92069
85360
69662
91787
67977
76922
46402
36351
30624
68520
69749
69230
57953
34902
38875
58645
53595
43749
35711
96192
14169
51830
91619
42899
58529
74116
82706
64407
599
21662
95377
39519
98143
30112
95252
25429
34432
66990
48526
66214
8355
91629
37984
83719
26363
78877
1266
80611
18174
21206
23519
13282
52113
84861
20042
14135
32579
17220
15279
27014
20400
87740
74133
4432
82533
16023
83231
72508
60163
24574
84417
98884
48316
14252
5968
43289
6747
29829
51122
63380
6656
13239
6261
29243
27881
67531
13628
72364
56460
14792
46291
30408
81344
24229
44035
35647
98140
37096
12673
61940
7479
36735
70465
22540
39983
36698
63721
73657
74053
64291
59680
49981
17477
85916
49381
11550
83843
76180
29563
7941
82081
67749
57986
67122
88941
48877
82529
11871
62791
67814
1567
36367
75488
21892
95122
92659
93726
97035
72654
39673
95869
20299
97087
99730
72784
21369
55666
1822
49924
63595
26317
9527
6085
61103
80319
31094
44345
36200
41682
7109
51371
69799
32125
93442
39715
83234
77430
94029
40944
87283
97349
34799
47207
42640
58195
12423
33701
4194
30593
46706
47920
9284
7381
72917
3612
34074
11312
96394
34346
26219
7739
24837
86027
89949
51359
21954
21986
65836
78611
22733
71495
89318
78864
22574
43847
19782
7681
80591
86473
4843
86294
98283
51724
95316
34264
96980
1100
38938
31607
51553
61763
86986
99966
45619
19116
20829
37800
5442
7266
10262
53804
73320
95559
50296
60596
93930
21602
80097
68076
75167
39423
48999
86357
52894
57850
29422
50553
26760
82774
14083
24249
22543
76328
89079
99682
79042
48817
54427
88766
59030
92648
7989
67558
78642
42805
45085
88373
80279
3322
20022
8888
28394
10925
31116
65730
41248
66592
11910
11708
14501
67009
60264
57849
53256
93148
28233
2216
2054
11135
1931
59299
15506
79510
4252
55140
75006
87861
78216
77558
78665
57108
34905
13225
31909
26292
97580
4032
56931
71584
785
91333
47966
32719
31071
7677
19904
97189
10865
82709
65141
53625
82977
88955
59082
67026
20960
78410
32577
29450
91087
7229
69173
29684
29
29156
66660
71098
8637
43156
38109
58111
2434
11417
80327
1156
46714
56487
41292
18982
56933
84846
84897
69156
19281
45676
77587
21534
92436
43868
29327
10297
39492
79468
40621
18143
41750
13036
31642
22595
68049
23682
18433
29954
29710
96219
39926
453
67311
33276
53823
10819
47449
39766
39039
27747
46799
57496
27743
63616
37580
84447
92123
8933
43709
89384
28647
67799
36792
26757
35292
70258
33405
51118
65731
24843
65448
17423
45373
50965
25968
64480
66029
63360
72959
75218
29570
86683
97678
12292
53476
65626
93917
16053
44890
41459
10796
45780
78422
77602
36248
10612
71230
63500
75925
77179
57208
94944
78917
99418
49585
33369
3122
99574
28778
37185
92110
52997
50271
45872
53572
94420
64469
65042
59130
77989
58496
45894
76614
98774
83278
76930
54218
6300
7603
15796
71853
47375
24178
41348
31352
28414
70917
46741
78921
61700
15818
36650
93047
49458
87754
83365
14019
56684
38822
55562
5176
29872
9600
47555
72895
52656
19043
30077
44673
92033
40656
85039
94297
63628
2503
79002
32533
41826
6062
45612
75913
23628
56481
96799
13968
46080
26838
21662
56321
29199
49483
95912
20010
83388
53807
25261
44843
89479
83210
93877
77553
86023
63785
12192
83821
9431
97834
6600
39281
1351
11808
87138
61542
61587
76835
81764
66509
28496
5848
1216
28720
96291
12889
43567
56484
23244
62496
52905
44734
4927
33589
4912
84847
23699
53649
85228
37725
62995
45871
8785
1215
31859
83022
39005
61076
65244
43941
10685
85569
15720
45412
90383
47653
61226
17986
40770
37787
44708
53833
94682
26988
93276
13562
83376
24142
90728
33405
59478
96316
99974
16362
26840
68563
11272
37869
30142
93863
74605
314
44174
47392
77707
23405
35278
11956
60744
88156
9127
41122
67784
3803
79461
35592
91809
58572
35707
14050
95178
54881
57987
29632
87954
13999
12643
12642
40717
28177
80427
89203
58600
87030
85723
65023
34046
41640
42306
59505
52963
90810
96481
85102
80541
89805
55853
91112
8915
76639
57524
65088
28190
76112
22615
51963
3228
6706
36629
90143
34851
75277
71304
89067
38834
55149
90824
19313
10179
24233
55310
67856
53181
83664
81428
29970
77318
41297
95607
39230
95286
71751
49790
53499
82023
90527
48917
26147
21096
14344
9842
23871
72336
65590
80920
17861
98415
16723
23738
81770
87328
71235
12567
17445
77659
88562
81059
81538
11624
24892
63239
80640
96910
77752
69887
6888
54729
33250
4481
24586
48569
14116
76349
39861
70263
18848
41952
2547
92547
35068
89267
58495
95480
94891
63808
82436
68001
69268
49044
7955
21894
23937
30208
78816
20350
53351
95898
30906
30440
89996
12800
45445
59541
49786
88924
39190
16828
52542
80291
8874
9617
18141
81368
58659
1968
62101
72750
14944
72563
4107
11530
41944
26659
63222
59110
1971
10636
81958
93106
64101
11689
50386
73430
91240
90590
28670
36850
44405
27972
82533
61958
17278
13918
54953
19341
84075
72043
84916
23044
26095
77653
78921
7849
81414
8934
64652
28639
22766
94266
71019
91821
10302
78287
96552
43910
80583
75736
87844
6051
78758
62258
72713
18988
90979
9934
18612
53687
41418
77869
68189
13511
58563
93866
58532
54581
75536
17168
82650
30444
54083
49292
56169
69294
80921
65534
3457
61748
91510
5353
80832
44179
20062
76074
86237
48954
20237
837
65234
92248
95669
63162
37955
5850
41490
24919
45807
96178
72715
57319
83090
8659
24327
40520
17460
42969
94664
48858
72626
42630
70665
38484
51751
37894
38288
6256
51222
13588
60688
55974
13943
94133
27967
38007
61564
77986
67694
44448
99102
46244
41450
1486
5737
51192
41613
65424
69600
98642
27426
86152
63119
35037
6772
28636
9803
64288
24145
89257
80840
60093
27712
52439
22743
71347
32796
63911
95705
64483
87852
18824
92037
49967
34849
20362
68338
41918
28299
34378
738
66429
13912
62763
55915
20287
22794
15558
80546
38149
34100
9624
38694
21433
21361
94810
81959
70772
56065
1742
95377
84352
61568
72533
13401
727
58853
50493
5154
48298
44404
74168
28652
13406
83104
61480
30011
48848
44961
63190
84543
29593
60973
68673
44133
43085
70838
7092
65177
49406
86977
33552
68982
6877
5278
50505
89260
30688
38825
99821
79853
18943
34203
18654
9268
409
83821
55297
22866
91251
8715
67375
45622
48608
86385
49769
86361
72413
60485
70120
1539
62643
9040
96338
88701
86591
17178
88425
34516
20974
86081
88029
16486
2146
6998
37186
31757
57394
22100
68572
55397
25293
27069
5975
95708
99967
26067
83667
47669
21676
11792
49404
38232
45817
35683
56983
1722
56394
31688
30937
88292
87718
97378
61650
37538
70582
79415
19334
43947
53773
55976
82972
70248
35938
10348
60624
19939
99384
73384
81539
53710
77310
10445
31954
89740
25138
92430
51972
29440
69697
81756
39580
31600
83914
37983
91151
20053
87104
15411
46447
49858
70958
38558
28166
52847
2452
81034
64543
53089
49360
3011
82525
10871
19320
38446
6383
95539
56484
63555
95323
16580
18953
59881
66871
37900
62687
41357
59128
11666
25764
44159
1281
55783
6361
49321
48125
2221
138
58252
36455
83560
25323
89176
34374
25413
17758
69512
17399
62658
42642
34360
6018
84633
3205
54277
20111
5932
41897
25119
65073
77294
48389
12109
66336
37548
59474
57341
52165
95287
52806
37350
9742
3022
52270
65820
92385
75116
4723
22383
63565
18571
60159
87233
38236
2516
53785
30914
89445
25445
42733
38090
55839
89373
23815
92818
9327
21735
16701
7343
61730
39264
18092
20876
64054
36582
42651
88738
96722
95392
10876
71735
2167
81668
19377
53073
41774
28841
45515
58005
34848
57898
15181
61985
36196
70770
98895
65538
59251
