59951
71448
11848
91622
15320
84398
27880
5170
12790
53623
99829
32144
81184
42245
77931
71349
21611
67874
36014
80038
69389
18992
50924
11635
46509
49451
35151
65245
50793
65131
30619
79954
89858
16870
61290
81210
99560
96050
81057
76106
49502
91272
77135
14133
76074
39588
10050
57762
16507
81225
19013
20793
41367
47329
3386
61207
87232
49538
62480
31682
75331
21645
51201
60342
74813
39983
80395
69821
44041
98858
6633
32861
26378
11822
71181
6603
60242
17537
39036
84061
83693
31422
13286
7357
13485
6681
65824
99354
87250
90369
78944
71833
66806
82430
86708
41128
32882
42041
63904
69139
72176
52507
78450
82320
10415
94350
51715
69620
7820
75615
45389
51464
31124
83461
37731
14007
17506
84348
2482
79838
74646
36618
65266
2214
1909
52482
34888
52750
60983
12167
1436
59904
27185
61928
70257
31430
31
99946
70342
61046
28910
77795
35689
49961
85987
57570
41971
10249
69644
4845
88580
70632
90017
18402
4251
23374
53749
24543
69617
27434
86431
35037
73587
18985
57056
39414
53435
12965
47792
29351
84170
96372
94090
40689
20772
61442
71120
38586
72615
89657
60860
6032
15145
8700
78981
31918
6638
23123
35818
11927
14819
76129
76318
64446
10938
42033
1936
62920
51618
84655
30805
83818
28449
94323
75124
28236
13617
53431
35310
16463
84053
56394
22409
18826
70711
95294
48568
43152
46175
81723
18600
36750
74418
85430
2504
37296
70372
38141
49686
28995
61339
78121
57794
83605
56770
13558
45570
36217
66758
23470
48498
74598
90289
48993
95845
41375
92640
15729
84012
74861
11139
39082
5922
15369
90961
46767
9714
86166
72422
91151
46693
36490
29562
2935
20076
6061
64830
2177
30278
32315
63989
3273
87342
47652
30477
19936
94629
4242
82746
65082
80375
96618
46829
84034
85836
84747
43926
18158
8430
61492
88627
23789
89426
97602
29939
33180
62853
64983
94347
60344
14804
69654
84308
62605
80024
7051
8224
7213
4796
60872
37815
96477
79852
12585
30866
38345
59484
93337
43987
23896
89138
83150
75455
61146
24081
30639
12313
67390
53251
42261
58909
48415
21954
39535
87445
89278
96131
48704
44571
74252
93567
1764
62668
30014
62271
21552
41349
42659
89764
30998
97789
83025
92177
83400
7295
33467
10613
45524
69186
21919
15832
77165
29830
20763
28098
32234
20686
36160
44834
95816
86516
25471
4194
14059
98125
62272
6693
23745
23227
57298
15417
23431
39753
26684
64351
1254
21414
58162
92979
45621
40833
61220
15802
58850
60317
27120
32168
33226
63633
9719
48972
16485
63807
92108
46168
77408
15150
89289
18768
81666
47527
14076
1262
67536
46953
62495
9520
48076
80233
44773
17407
54999
2793
96144
44284
60151
73395
35840
33609
65844
14387
62054
14834
40061
52207
26358
37078
23496
74851
48347
36758
13238
1501
82948
35608
96692
22930
74972
22168
6366
45563
82935
58764
11070
79439
4681
31155
23666
17086
26577
40985
81932
24360
53394
6793
75698
34104
14850
37936
66438
50880
69467
46697
22624
24466
89678
63819
52375
64568
40280
64011
52608
2864
65869
76719
68205
68840
67889
14673
89110
19826
4870
26028
17172
12868
87263
21414
91306
30990
434
58393
62239
72409
96652
78111
10534
21721
64703
36346
89471
46958
97143
43710
64246
46525
80522
12700
32136
79238
79213
51243
56614
11234
33315
59285
29011
79418
34352
97211
47527
35175
25196
6374
71830
43969
22612
45356
7723
89574
59354
78458
16845
9578
61020
21380
63300
693
86066
51238
70741
60478
68993
214
25896
10434
55724
54729
46411
42944
25291
25790
57519
64308
47188
38411
38704
51278
54869
47490
55282
40462
44227
36063
57159
74911
29036
14321
13294
82893
73513
5762
8437
10564
86000
1637
67583
63366
35974
65147
4096
66153
1298
96738
52709
76779
76492
5339
17296
29458
97236
84854
22593
84453
74911
30652
92881
21216
97355
80377
3768
70488
30036
50532
11438
50124
45120
5164
25135
64003
4308
2849
4983
3048
99146
94843
74348
99231
56090
51531
17851
17251
31861
64989
39355
61789
56208
6694
45998
34915
65533
35216
2566
9931
35350
78911
72964
82698
79219
99455
96091
91853
54811
27500
1683
84403
12246
65662
36458
29413
74625
22063
52981
4435
78267
43498
99876
66413
55484
35313
45827
19002
71558
12651
64892
10616
81043
5896
25786
90225
91758
72594
43913
47831
83038
57395
37017
8156
2396
80573
16450
14672
91269
74362
13281
67127
91339
19664
65088
2278
50983
46896
28627
30138
32105
93468
22719
1654
34544
64275
34613
1783
66420
5722
91036
42901
89280
67976
19949
18712
2110
55726
15256
78740
28971
50625
66659
30883
48873
50661
339
99838
27379
36344
27203
71768
27947
42713
2033
20406
78864
63283
83096
28335
6411
50506
73336
83196
74824
95552
31602
7515
85857
86820
79727
34854
94262
83640
82945
68843
30905
71453
80097
96136
88070
93469
41366
17798
78224
66421
69495
96654
47927
55357
26216
17900
16309
1461
10401
91551
52887
10030
46573
633
66473
3187
43597
99994
12618
50802
65852
29571
88607
82346
95726
40473
85763
28050
82033
55833
45404
95044
3158
88658
1193
32676
84457
31459
80887
92369
71803
58226
1619
78375
33377
55046
25882
39599
65301
30050
28748
76004
63066
48991
84830
25890
60990
2052
98735
50860
61592
95557
8979
15258
14608
78357
63051
66398
5246
71977
84597
81873
40938
46282
31775
97087
72083
3703
60076
17067
35988
20542
79713
79903
42963
27996
96823
57109
50366
94573
80159
43438
98557
88088
32235
25994
85771
34208
90141
66187
79440
29907
14122
40274
75194
98335
80810
85670
34301
36517
13886
87219
73764
92422
27870
56622
49362
26683
77855
39063
1082
4993
93470
3191
87767
2064
63948
63881
44425
556
11701
60021
68333
29012
56014
6999
91831
75864
69019
35742
85295
7848
63674
66449
80645
53416
43439
32972
1746
37567
72013
65096
73036
22735
66462
98136
61990
41535
62159
9871
59490
64979
18075
41504
78292
76157
3827
46429
37908
43213
25318
99265
5279
79620
27539
65545
1643
52614
87848
58140
87109
64878
44469
42188
43433
91291
57106
1173
57341
81224
69226
84418
63435
42042
90467
19535
65305
78866
35627
99336
86566
66562
3873
27889
98787
34333
9596
735
64235
70438
17660
22531
64160
40618
13771
21767
26724
18602
48016
22865
79186
19665
99696
87396
68855
26564
49089
45798
28111
2487
18604
7165
75424
8156
55614
21010
36621
598
60844
24951
41304
49036
62080
356
4056
70776
99716
13277
55474
14399
30282
67184
17463
42364
41365
37275
86106
76021
6056
66890
36780
89999
58409
40222
61590
670
3474
30473
98610
52916
79444
10357
29671
78490
26631
99588
89759
95004
20627
84466
1254
87999
78196
24407
61441
95534
32078
36234
21769
97650
31725
85535
63779
11488
38006
89168
85725
12684
26576
28057
10598
14939
24969
29629
82251
38518
83078
20839
19626
97818
32811
43051
95637
556
52899
65002
67044
17867
54093
64692
25559
51262
10883
7304
88295
72524
16776
88663
10888
30730
76973
92039
64670
69678
37472
19315
8632
28675
54705
56304
71501
13142
50242
5098
76753
77772
93131
52428
25492
15574
6088
69087
50776
56765
48863
41706
97390
70456
84529
33239
35851
48797
87101
3703
48076
69427
5099
91003
61987
23237
51356
66819
20092
35091
75595
79380
17713
46243
2208
7874
62501
60885
58129
13646
44961
15507
32917
57960
45930
5831
24839
47349
99547
25351
99091
61035
40932
23692
18304
44698
6975
12705
67130
80741
394
18326
75035
38446
64230
61075
91285
95791
60811
70282
35230
90820
25158
89157
41625
11495
98896
45503
18813
78451
96460
62287
79140
89802
88028
52254
23538
9874
12353
2682
13376
87290
20621
35587
836
87418
37766
24450
98719
24888
44090
18778
32930
46663
95962
41462
78750
90538
28692
89922
72647
42391
61137
2326
55620
86262
90343
16237
98133
41576
39036
17620
96097
19013
23064
24797
23163
5053
47877
62739
67601
88160
65926
86760
45105
97562
35825
68363
20536
86262
64010
39285
20217
28291
51070
33890
60486
89972
3385
96060
55485
58656
20164
94643
45010
12362
12702
44298
58741
47932
70070
10923
99392
51084
98562
75578
74752
60033
62623
60166
3805
11950
60998
18588
33095
4796
47751
61590
57951
73767
55237
65649
73311
87999
69326
82236
87015
6446
64565
1292
26917
43257
16525
37324
65728
