97188
74930
90054
7059
76941
37186
12839
63842
83956
88146
86766
28908
42609
60455
98732
51515
71382
57711
52561
6696
77377
41042
55599
4402
97264
41303
33501
92699
90612
49135
39287
96928
46301
60130
23843
17970
95253
23093
68526
26742
97706
95829
34645
64725
83075
53347
89696
15456
80979
63963
53896
10757
32811
73826
21209
79270
63434
30475
26675
26012
20752
10439
36299
41096
49392
87975
55534
27505
18820
20975
81829
49055
52890
16376
32819
8723
22155
98594
76444
36801
99916
29653
27744
90731
90814
94898
39173
43643
79361
15835
11411
72252
75589
87483
82840
89302
73760
5235
684
54916
89116
3490
96014
91284
47240
50288
87149
2746
65166
8152
92580
84017
21573
5872
35037
29679
26461
79382
18582
87620
60471
52696
16480
56527
22935
18656
85060
6909
69842
87579
13344
31711
62977
18628
83311
34983
70776
81041
29959
65854
52176
12857
85180
18725
99872
94881
48802
14022
12299
50050
96495
64310
56338
50009
77343
49193
70538
54251
17361
48786
89384
6578
25551
88182
44697
12616
49707
42124
14575
19503
54436
86259
86933
69338
50856
40879
32035
10748
3187
15458
73101
87243
64918
25219
94582
35088
55987
25470
69986
99086
34533
85512
73896
43021
90396
71517
98887
85890
48486
43799
68912
68157
84297
91309
67552
28206
93996
73286
84401
35188
98742
53368
6759
55332
53518
84834
34117
94610
1537
52002
38562
99903
46146
36051
33174
15392
3212
95175
98510
52870
38659
43485
65183
81551
46329
58719
2295
17929
99948
37947
48431
32446
60492
95868
27612
27808
33819
58084
65797
15443
64525
20168
55343
72177
93166
81416
28692
89246
28227
21738
49907
40457
32008
60337
5312
64795
45497
69375
37788
59167
83212
67972
15871
12206
17691
96066
43218
47157
46432
88639
71449
18086
55706
26470
75245
89944
3180
35738
98024
70940
54275
44312
71225
4797
56088
92712
87768
84627
90092
23391
12596
9252
3408
78613
89767
64119
52711
99678
86251
46871
47875
70215
68677
55360
71116
1550
70144
33289
64191
96446
33173
94829
37747
97638
98790
50296
36663
19829
51882
85835
23223
92085
35810
2541
34237
75745
96394
25902
75379
2307
45260
93784
49607
9647
57454
40180
47208
80630
18763
47894
78925
35495
65343
64007
74581
22472
77692
74445
10569
38125
35130
52953
49629
36979
40044
8332
34805
5244
65741
55750
44452
98215
54328
8909
23824
44619
90839
18455
33170
44592
5396
76725
4985
86058
89163
17212
94094
41426
82208
7344
45425
21283
85197
42703
39907
30126
46868
64535
94077
7099
31155
72917
18302
91325
94165
41291
21602
57872
12900
22013
89549
67889
20221
23897
37159
88506
42396
67520
30913
35256
55030
64469
55189
14955
32166
47265
11820
6874
2879
28897
41210
77713
10112
51661
50851
34200
53989
54949
4961
62417
33338
35833
42429
33325
68458
88790
46651
64555
57814
63432
18738
83438
56194
43185
20664
38810
15497
95588
38077
72779
30096
26110
78062
16818
60760
97826
67674
29261
72141
66959
58577
79458
76860
74241
60135
92024
62881
32352
64344
65170
5150
41864
45862
39784
32711
14262
91390
54083
40314
47148
98489
41077
63341
8706
14078
4595
13920
66217
38277
5137
1009
49565
82710
42040
47246
58822
85487
39334
8805
97291
80740
34050
54263
19892
65217
3162
48843
44570
8843
58587
51998
13069
58597
40652
34648
64769
56047
43272
99099
26006
24776
40790
72693
34371
98484
38566
17108
3423
45304
15786
88793
93163
11938
8399
12037
41919
774
88663
2480
60048
92771
78037
25624
67802
27269
38212
62902
57680
80099
12579
98797
14109
30536
32081
1564
62326
19919
65697
65043
17214
75207
60474
76322
88181
49590
51630
29548
3966
41178
81301
2170
92684
50731
68485
22764
68040
55228
49200
37675
27137
96960
56986
74810
73073
92489
71510
36619
86728
16299
88412
7662
98488
25439
89481
94435
78492
22180
59827
3089
62309
62432
4614
62959
84130
32517
33312
30431
84203
47150
11974
77467
91402
79304
3137
77543
93287
18702
3097
21798
38383
14252
42156
95369
46528
34821
24842
72546
15123
11344
14608
7095
37479
37821
37216
32049
22374
26038
16729
16436
86326
98336
65176
33097
57982
98721
76363
92727
37810
73403
41389
36913
94718
70038
76740
64648
66091
78172
34099
31873
12177
93982
75163
73762
69913
78772
97077
31397
51404
98082
28197
50543
7934
10358
90268
78074
37425
79501
12812
1967
89768
90901
32904
44655
58217
30605
40440
10704
53485
22121
18486
34437
74311
55762
69512
55510
54606
10122
88218
95535
50409
56397
94295
92980
68086
65875
10084
96946
49207
56370
72537
817
49658
84128
81693
5638
75300
35926
7741
31076
9849
68848
46312
62578
74666
99600
6698
32248
41883
45507
15139
62803
82192
95035
57859
97800
34932
31484
14181
44277
61541
32690
95365
79747
53343
34911
48159
79384
80867
71731
12678
20425
3332
22676
67677
9196
3023
90941
39157
85131
51764
46210
61540
76276
62069
8177
53630
67246
47433
3380
42099
67015
59758
99219
94213
44392
23593
26039
97540
95242
30459
65417
58535
21825
74818
81081
90729
67702
11560
77883
44126
47827
5388
61899
69489
54456
97868
3569
49403
70026
64140
82944
28002
32075
30373
29432
72940
49637
60557
58827
72574
76543
78206
85181
18677
80178
92550
30308
90208
98102
16395
86479
89816
60757
86393
74947
30046
24481
97577
2688
80047
45185
35535
7715
35942
15430
90080
69989
97998
23932
31198
92352
30306
63613
24162
43953
30084
33887
83013
32697
77526
60078
29419
90877
22520
66356
33804
55566
45406
4980
84576
5923
28781
37174
3431
65122
38259
47356
97714
11549
78272
89203
64945
2777
3076
62982
72826
10346
74246
25005
94355
379
84895
54914
45916
69321
51057
7316
17724
75247
66023
53332
11334
11772
3210
30989
72999
28896
53788
4721
27503
1894
98709
56526
30074
31643
9176
58975
30234
6157
72786
82239
54307
29870
80174
18072
46130
91608
21335
441
95579
94538
33835
62567
64334
68369
74969
53098
97380
9058
27319
55656
25292
72099
96738
64559
85485
68713
53106
65964
77655
27228
50297
87833
7818
21143
42937
87890
18018
39564
39199
80776
32926
9124
16832
4431
85708
9828
44942
56082
49394
77419
68854
18566
76987
55960
23290
61052
27677
94856
8198
14064
16547
36413
46513
35551
124
24890
73138
74005
12190
91690
97852
86756
41304
55777
49720
7633
67860
94107
26814
85416
91365
53824
70607
44591
9042
57065
48497
63576
47710
21116
21544
39025
75668
43410
12046
21589
59660
41562
28303
34597
67100
59063
20867
48337
44158
23780
84168
82256
64794
76632
36060
79024
95568
86149
94484
92391
50212
90874
19292
59560
67014
40648
5068
40145
85660
9537
53442
42944
53455
63068
56834
6182
84655
34453
93415
18036
45348
95410
74084
42866
45618
14369
13628
99919
66568
9276
42970
44626
27237
90799
25198
3790
81287
76848
77829
93333
3217
2892
45476
45059
13432
35427
47264
22107
23243
92714
76380
3056
7485
40942
92480
14265
10033
42136
7891
3495
12288
59468
98613
2291
54505
23883
85212
4272
1494
42457
12713
12064
17190
65881
74501
62467
18845
64084
69853
1834
92132
55320
8695
58569
67454
8125
46896
68650
33417
13955
38452
83198
64141
57015
61369
33327
73988
3188
61113
7442
2950
31335
19882
67256
20624
80299
69179
6819
45840
87346
70605
98101
99759
71589
56075
82083
10811
68066
26408
27177
73904
63813
1876
54616
86147
7810
74682
37450
5515
77070
20793
4438
87852
17437
47197
4095
99329
93829
42138
46023
11525
78018
39396
41920
99614
64051
2701
50723
34311
39234
49084
45754
5273
98753
63046
17943
43797
5904
47532
45128
81904
13275
13553
67554
88604
39295
53878
15898
19086
31533
53588
20083
30449
47751
95926
34769
6375
76040
52816
59596
50967
64096
22783
79712
15608
45981
66431
73345
29208
56869
81571
98188
76201
29120
97300
27865
51881
8050
50185
49517
13036
30374
85888
58731
67464
75814
18966
4010
13405
79655
42569
55906
95807
85889
6407
65408
13537
14044
2162
81978
82496
67558
96115
19292
48361
98241
8535
48448
47144
82746
26698
53307
84046
13459
74639
37652
72190
60707
26138
1745
11316
89715
47306
72266
14418
74249
84486
82590
233
9921
26611
81796
51200
91255
89039
59258
33092
87074
16941
20537
23180
20122
49613
85578
56328
67194
14263
22033
38790
61601
46036
72551
56960
36210
77098
70215
30181
34619
27762
68286
83586
68306
1303
47141
44045
37339
97421
67850
65390
67911
93835
75402
52619
26263
29286
85724
11214
92734
40236
44935
16533
11684
40890
93587
12661
59079
24314
3069
28876
86651
30621
89444
21666
4082
22801
70400
24635
87287
43135
42418
94396
45332
75908
15382
77303
13556
5737
71254
2996
11299
67553
9464
29310
23217
88862
1816
66696
45141
28369
5328
23866
20718
18172
72755
12124
27941
69045
20153
66781
93422
29146
49044
71424
42862
62956
78882
8932
77750
21866
62907
93519
7309
3978
7530
44054
62604
67829
28185
9548
38306
59808
15877
2180
94488
33955
24048
76292
99663
71256
72341
82472
14821
69810
56150
24432
17463
80088
10065
61384
63968
80924
6737
50482
31040
57884
96993
99057
35416
13268
66107
7764
8273
23453
45983
3998
73020
26214
37567
20046
64660
33102
1559
25936
86912
20923
91546
6655
87092
66363
91431
89237
34583
44532
67674
62608
66144
15210
58911
50371
74137
61261
16066
48054
6982
11707
97442
48443
8927
14809
80356
27727
8056
28266
8899
90472
79169
47561
75460
49921
18794
68169
1224
76223
11583
11175
9371
55007
76817
14792
618
7039
35860
85749
97233
97221
3685
78799
25522
9136
82404
46000
30050
27161
26623
12576
15581
63141
975
87888
27962
39306
27963
57143
82777
44347
2554
86183
92696
17618
36183
74571
87941
2649
813
98879
84270
50582
73169
14252
84756
19696
30383
69375
7902
91522
52845
59812
71114
21275
64748
54756
39774
79886
56396
1880
87741
80221
66575
66793
9557
21278
17974
83462
19476
24903
19207
49377
94779
27035
93424
88231
54123
96305
72038
75609
63324
44989
44006
99499
45485
72381
29948
53401
44533
62818
96098
13249
49496
49369
67488
18689
55509
75797
51186
93166
1084
77723
20551
84014
36541
36266
16581
61523
12379
39268
70570
70836
53664
54302
94478
45673
39658
33984
51524
33154
41859
29177
71743
79973
12206
44098
14257
65731
33917
12141
21679
93878
62432
70570
5872
86969
54456
94485
65652
34692
5353
69888
7714
77250
24558
42361
74665
23857
39846
40503
63944
24437
70924
12998
21737
8633
91940
2989
88711
73059
785
57560
22289
38995
53636
40295
4295
53368
86319
10418
84417
94575
34456
26199
80047
74105
21993
2178
78683
74551
61156
57368
16843
58820
51187
98431
70626
21232
24253
13005
62246
76085
92085
96460
47996
19128
18541
14663
10639
36925
36552
19828
16880
1831
18924
97790
8024
42923
3062
173
84232
40463
53256
5812
11665
39781
73629
57975
16464
91774
62078
34167
47089
68269
22573
29884
55956
37945
84573
93950
21965
51902
91461
8527
39877
57600
62922
52200
30335
91469
25593
65359
84725
8238
24342
60322
93696
65706
59150
37539
42230
36632
78313
88607
5709
71262
52636
604
54238
35435
9115
55967
2309
63629
52459
49336
21477
60271
78132
98507
47464
12755
25782
82331
17252
5000
29011
24052
24953
52648
85706
89877
93143
49585
31300
8665
94781
60062
75687
67777
90012
29345
75144
81055
68378
49695
94461
43873
69010
77832
96752
42488
99640
39153
3632
86501
31994
49392
59970
60543
98018
91091
46133
18371
28985
3230
38770
80184
14470
23359
22642
14493
31859
71343
63529
16850
48720
84296
91297
63840
86545
22909
89026
31814
43026
66139
12748
48673
53692
86362
32583
3415
96127
20703
60242
72959
73119
11410
80088
93905
28747
27958
56128
70310
18824
6890
40003
26539
80204
9596
889
60648
20102
30821
20236
7271
62203
87492
29006
92675
4684
82107
44327
20463
61491
73696
33958
72767
54764
10849
5080
12183
40081
34744
96247
68559
1693
11462
65946
13375
16338
30255
66506
92781
46901
87473
97780
27664
46295
49186
52506
53279
52719
15334
74245
59515
42595
32394
23669
28054
31622
20160
58584
58271
16923
67767
3353
82156
71159
17909
11280
63266
18181
60372
61432
39747
1411
27575
88509
33460
50441
32968
88404
52714
32906
14223
57317
79505
17011
91888
94787
7097
71152
30626
56860
2685
28398
55016
59691
97969
76315
69230
38347
8903
75337
30081
82406
29982
80018
17291
78988
18696
6454
56745
32095
30039
18335
22411
51659
61411
44133
2312
71059
36986
46798
61788
83494
59556
78957
2175
57105
16850
28139
11522
6126
99395
9539
40776
55674
42771
64263
21663
69540
92576
35169
22907
45856
25593
8244
76077
76860
42790
56960
1733
29034
82063
58275
99745
86236
43594
35773
38064
83598
10467
13453
97895
61789
56842
57367
81887
71670
54932
57287
25674
29449
78255
71502
50736
56187
83719
52267
46538
97979
61101
20262
57594
79500
87082
52341
29189
7777
37024
54209
80494
50568
36505
75619
12433
50717
87471
72040
47224
17855
77879
6132
38173
36895
56042
62275
36637
46388
26898
6698
39221
95148
38861
76859
51612
65149
34497
47495
33693
86650
69981
81566
84495
84289
43367
54771
74290
1265
81607
571
27336
72888
41327
84435
49454
29098
9189
91201
18582
17007
33711
94131
96515
48019
95834
92996
7807
76033
66471
79293
7964
8425
90739
40664
16613
25374
51489
29375
45505
40573
31718
14579
36036
80711
80
13801
6289
86255
95860
25711
84719
57871
786
13356
87815
87573
15624
91813
62104
13947
84528
64059
52823
76084
34934
57106
56870
57890
89563
84621
17039
3365
61311
67413
47518
40686
36526
61912
56952
43921
74634
43758
33372
38937
63280
32503
85205
95477
77674
4161
56825
43792
66768
66853
49441
97983
66396
53808
63268
99283
91017
80256
33138
55438
66247
70340
63883
39282
69854
26502
79130
88245
90779
62341
80977
47313
79228
19866
46466
89048
39892
21980
80535
8324
46364
73375
50894
44044
2487
36375
96661
50771
45407
96187
93918
93787
85137
80581
97023
99703
11922
99830
96040
79645
46877
15189
52226
57562
56074
86904
65473
19168
37628
87259
30885
64475
38439
78701
32851
21441
25531
76555
89931
24903
77362
61188
12613
77776
69586
4635
29965
22112
78912
779
91800
61231
36098
15813
1794
48186
93902
7284
11686
21107
35156
83554
4569
83064
79172
83731
48995
257
46046
75855
30363
51827
45845
8414
126
51410
77854
82635
74347
45587
33275
52875
29470
91887
43486
49591
69223
4211
18012
77044
89862
61940
73392
77556
14054
897
98825
39286
94643
74993
53938
90760
33497
13658
21915
83212
57050
419
70249
6233
25580
13234
48759
82744
39405
16927
40711
5935
98083
62186
11849
69019
3317
40872
6598
99702
43999
7320
21449
99800
38614
45235
1387
68921
81113
21090
86810
23028
56527
14922
29830
97384
30499
24450
3848
44376
22873
14373
52591
86674
55596
77763
73863
62989
88357
626
712
23883
87290
63041
14873
57374
99776
12045
42879
85319
17999
52685
41222
44313
52817
86888
17546
71612
69062
79655
162
33006
93271
58660
46026
19908
30996
17441
40140
68206
3212
28214
37034
84312
86153
88002
51019
50828
75494
46338
6912
85621
96494
89248
2193
83295
97043
96835
16200
64058
48519
8388
9274
75741
3674
45505
94477
21160
70832
21962
98251
39873
35294
83128
93890
75136
20193
48797
2037
6054
96508
3799
55682
47752
28876
56159
27568
74570
11369
35326
45333
54470
95291
71646
42594
73451
88086
17854
30252
5282
91124
46688
34168
86124
66734
27484
2818
41928
15863
78680
61225
2321
66420
48271
80218
34307
20219
97261
28056
5566
90472
15581
83173
73219
59318
16761
51568
8699
27392
18401
37755
14839
77396
37160
84871
3538
70832
5607
78974
66611
35549
19124
48829
86223
62212
52494
97948
12235
60049
38479
6844
19519
88483
82532
53836
38965
16108
90169
50935
52113
45356
10477
36429
1131
43332
1765
44140
70455
3257
7325
95244
95206
6344
22904
28164
42405
37600
90968
34780
79715
61760
52169
54128
98097
4302
51352
92669
26402
46673
68130
86763
67505
43788
92807
86423
48737
60952
15805
37564
1535
24156
60576
14206
46436
26540
96967
90258
48408
83643
44754
27853
11248
77181
7423
34600
92536
3326
75132
44141
51179
51641
94391
47680
66367
69654
15346
2189
25662
36836
8210
50730
25518
94894
78806
61928
43026
13692
39524
63292
35338
61385
12863
80100
60886
7965
57589
97144
16184
1062
38261
1391
48438
39480
55933
17099
61119
3102
87090
70562
58757
3259
46953
46762
26120
76770
19426
94207
40212
95822
67892
57844
49025
42687
72067
84533
47192
24818
79150
28436
1909
50459
99077
61976
72295
67137
29176
5118
2325
79319
56043
11371
14619
75507
21574
67855
4241
18828
13416
70039
95181
93237
24187
71536
49695
2960
25058
14803
32826
20049
80527
10513
39155
93008
58226
45404
36097
73034
80620
3183
61829
31317
77378
58875
78723
9630
93580
40624
72494
13057
5997
70372
33729
47268
2589
78531
79434
7633
60545
89267
2209
31470
80476
5890
26806
11674
8991
6734
40937
76934
7133
18417
50803
62765
21050
83847
99778
4369
40193
36510
36449
7860
52083
71257
90549
68561
74589
78433
70052
68757
74659
17672
46385
85148
38169
81243
18274
98540
27793
95619
63171
39464
63374
81656
1955
96466
69495
23907
70683
74593
4327
85070
89967
5274
22817
29579
79437
17806
50272
64638
14963
42512
49581
33927
2573
40337
54762
91344
86171
56986
15851
80591
10065
23109
10628
49624
86649
83705
52893
50723
56467
17952
85091
54901
31836
98214
99576
90478
88076
6032
70282
48302
83353
13207
44417
15268
46202
38784
57458
83317
44614
69529
82897
49605
21882
60017
20067
84582
27001
23829
41809
96410
24237
51171
99928
25798
65676
91468
80958
74645
53687
27339
3007
72837
252
5597
77893
38451
53979
7164
89654
63038
23813
16540
92743
59482
89248
74112
99311
91636
10183
77402
93750
85981
56590
25086
89164
10325
66436
64609
24406
50837
61361
60243
86914
67672
16063
12630
88700
327
90516
9178
85466
65504
4189
58743
89266
96194
51559
91782
69643
824
17831
87709
91696
6975
28666
74725
43137
15670
66630
35001
19044
42977
39615
1468
96345
35930
41989
86103
89547
81109
78571
5487
13858
18157
883
23423
67893
49456
27028
41463
37596
55908
53885
99601
51012
90805
57972
31787
86204
3965
25527
9894
44108
2350
47812
4826
17862
72575
27764
28276
60500
53776
43777
96013
41745
28315
40489
3464
5492
65465
89163
7207
29766
19022
52942
84810
36565
62099
30432
39462
99681
13022
99836
42398
23987
47088
58917
14177
66414
45403
36079
9920
43581
83341
10301
33609
33996
10717
41028
92804
57779
81233
78671
71146
42125
76362
10940
30013
15527
16109
66499
62345
5427
73646
66519
58293
1564
21467
17765
70661
81236
41090
75674
23919
54634
41440
87329
40215
37815
39175
65897
51082
47831
51531
39780
11828
50677
96202
37868
16894
34846
80470
14433
15047
952
85472
61582
1182
75468
482
61961
66841
8734
41384
33016
99893
12797
29020
73777
43435
89558
42126
30106
90219
85635
42972
79407
87672
69313
71619
3874
30368
36287
23266
99997
85910
22450
42215
87331
3213
24805
16121
49108
85811
16046
11522
29935
19783
41980
10582
2898
30073
69452
83908
31453
53725
96987
20696
50740
47372
70902
62698
74691
75159
28845
27207
19676
81288
28550
15449
55739
86711
75789
65398
68683
74629
42537
38914
92418
92569
51562
42050
54151
23861
47935
91839
35860
3476
3556
16658
88598
23522
20984
59922
87633
22423
15084
79287
90305
95762
26456
51306
96507
25967
26920
67115
54578
70020
14675
33118
65493
84670
90988
26547
25109
43666
45297
38193
16581
82850
39329
76063
74874
51311
41995
45167
86098
11894
74849
22791
44113
70216
2443
45836
52166
58185
83352
6061
84172
70981
96944
41481
39276
22058
34532
63807
50496
20486
17543
47856
84050
34526
38358
1747
2915
23271
39154
59413
25448
20549
21135
93962
41807
43134
29348
82356
56127
85402
44163
56751
47261
51066
42627
26071
19211
98993
39960
78423
83147
45859
37317
79119
20545
82041
11719
74817
37398
18142
75122
31576
41177
33978
44154
4661
4032
24360
25576
78263
63180
76501
37164
27302
97738
83000
80625
41821
9366
60360
51820
72562
71162
77183
84686
46498
69012
29545
55513
26078
25974
98504
20783
81356
1031
18856
78502
24156
57095
25594
60280
32200
95631
27503
73911
35686
44311
84723
31070
57709
38033
5091
62274
75746
13330
41740
51239
65758
12241
8962
70095
32765
71816
17113
91277
3334
21304
16356
60408
59730
29769
31592
61019
25979
9198
89243
64841
18690
5735
79646
28046
11869
98272
63189
87648
86395
96279
48575
52148
61077
87963
63574
93997
13236
90639
90117
54384
37657
1678
65601
71603
50892
35433
79045
47443
61444
27372
494
72837
60687
23326
11055
3812
93376
79815
44786
96841
10451
73420
64492
18841
7005
47126
28092
27064
18036
79568
29920
93339
40216
71407
70067
42459
46046
99628
25223
69350
53975
38925
74011
96111
18625
87042
21657
78245
10793
32266
48335
24642
6204
45750
65191
66938
83497
60677
45125
41235
17044
86831
46813
25651
90361
6878
57551
90805
76411
76725
7936
38070
59049
36852
38966
3980
52363
67892
34447
28021
49039
36013
18815
4205
11754
64312
85124
93850
34925
73294
94503
93122
97446
58703
41074
74460
28912
7678
15784
69060
97944
61065
9734
94919
6380
34919
83476
16414
16642
49467
67911
77368
16771
73621
1558
15248
11378
36407
55063
51646
22045
3732
42646
42473
12511
7412
80177
63194
70191
29589
7155
97996
59432
3564
68139
5695
16182
7401
71752
7563
74746
98488
87123
17618
98458
56100
31625
22478
68168
20758
44052
84170
47117
92123
55717
56077
70130
19811
35664
81008
58827
59718
8131
27057
91425
22785
86340
43168
23002
75614
44999
85751
59334
65298
34473
50214
27785
607
64075
75020
44640
57242
34350
88482
71986
93895
47304
82961
41333
19712
19585
85988
569
12084
27789
28472
70389
5133
89925
11983
50860
83050
96932
42724
2139
27146
51003
40281
2210
30314
76273
81613
89613
22054
19003
40553
56478
71580
91764
82329
57625
7470
31545
30072
72460
36421
67395
85220
72888
50451
69602
77904
24896
33649
98451
17752
61773
8583
8190
60943
33339
40170
27438
14101
98596
82847
68877
94341
75303
33246
6684
6442
61013
18641
88972
72689
23384
59996
26396
81977
84864
70263
35375
55815
38090
53271
47881
47318
22287
62891
13990
64556
73031
72257
71991
68456
71257
93768
98426
14296
89856
15985
95348
19878
44731
25295
686
14226
86673
11837
31210
86139
49982
51550
56704
20311
87199
28768
70361
25891
37014
30618
63911
77396
40731
53268
32031
72331
26047
59654
41172
63014
80285
3449
31281
55508
79360
72745
72755
69153
15787
12684
30561
17359
13353
38572
46824
91397
10930
90384
10103
88769
28694
40921
48116
90442
95721
25224
72666
48257
46507
58365
89328
4085
30579
86554
902
25077
27767
30021
10478
26272
33946
80045
26197
58104
96755
29284
83997
73589
84758
67979
53560
40598
32994
91883
70851
88083
23174
42079
52829
25262
84720
77552
4770
96551
10388
7288
19080
15567
47317
37383
83477
48628
6835
68164
55675
50843
38417
24395
11506
72011
81505
92469
29104
67590
16559
71765
25895
21971
85255
4863
46235
38838
94564
62403
83454
37282
26230
80279
6570
91109
64558
67570
86907
24065
92777
84725
94182
85306
49847
7364
54458
96491
90439
89330
39506
66483
71153
44763
67987
75629
86015
97290
88776
61086
89400
12411
56600
58472
16587
30171
20225
46075
2581
89771
18611
93802
52464
13540
73835
92507
68024
60692
84522
91704
83898
29894
52690
89923
98683
43104
72989
39623
64866
12742
92281
55689
66051
36284
41540
93181
20169
8648
30624
98325
97215
58006
64979
78836
36156
97621
72957
26945
24649
11262
36055
2487
60687
94837
7045
90329
23266
89065
61303
26531
23972
77941
90370
77532
98487
74121
67701
28711
18883
7138
52475
66328
51424
53173
88269
49763
28545
24460
39185
53681
12637
81159
31795
52620
53339
11812
62430
31130
26873
27097
42742
31078
15033
37181
95957
13497
66985
61382
99425
93416
53965
34702
55143
2791
43947
20591
24534
30907
54739
73581
31610
27373
35081
243
81971
75131
26609
19733
45617
12840
77429
14804
8302
11828
45526
65953
41801
35206
57004
58233
99322
15013
2364
42542
74999
95814
23317
39174
95586
13280
29447
35484
82284
7003
16865
22309
74731
68647
10917
9101
92371
33801
33322
25920
27028
38160
9741
43236
52815
11174
26230
6211
26838
14210
89794
77223
9791
93850
12722
87998
741
32661
30799
5437
58524
46207
51577
55841
70799
25398
88651
88976
18551
82113
22124
64958
6137
55040
71988
73324
63069
45374
75928
50283
55335
16995
33237
51581
80244
47238
59989
62748
6259
11232
86561
83253
93629
2939
92836
80108
42290
87146
51895
11747
18674
78578
10190
37269
72596
96710
25534
80764
33735
75216
70345
35378
9922
20491
52808
5973
90026
40846
85843
87652
29024
60547
17680
742
54884
75701
97270
24906
99402
83463
80317
61032
62679
83554
68485
87366
1592
38311
87359
3895
83007
81474
82427
37503
74748
28415
29423
23697
89428
92343
77280
60953
70752
99010
25040
51381
76196
6256
44613
21182
8426
36307
37650
93605
85562
7636
41860
56184
50105
8998
17707
81635
66044
37496
16515
52979
35495
3619
97246
20407
31750
59811
59087
63167
28198
48931
22870
98598
48145
29041
62275
64364
99525
28688
6569
95388
75216
82477
79968
39309
21034
12169
93686
2371
66863
25076
91956
4021
9592
26715
34761
53097
71764
80408
97909
98876
19304
62536
75092
4510
3488
1531
8805
13977
432
88708
25813
27954
20428
20975
26349
33321
63233
39890
54837
62459
56622
18556
54627
53383
78914
88139
56036
3085
22291
34714
82566
83057
21816
62166
31168
2687
27364
32242
92638
58793
23424
90513
65708
52620
6147
37600
83615
30289
38576
76198
88283
90607
31149
86515
65732
749
91963
17110
82372
94917
32727
11307
36917
46500
42316
42129
1356
58670
81202
22394
37155
81791
63751
83195
87682
77740
36200
90787
67625
69544
41293
82025
36795
78083
82142
98174
83914
57388
50294
45921
32380
7511
14994
76913
8983
18457
46774
2973
60398
39920
82141
21559
79144
8896
67706
22152
27721
52792
3280
69117
57887
68435
31498
14270
9963
25755
29400
76319
91946
33351
86438
13008
59744
21221
87675
14063
76256
93779
8939
27294
74265
40807
47097
66158
97216
8463
61197
46618
29238
85651
2734
15921
69655
46838
90172
28395
87455
31547
53996
40476
18616
53891
22305
79335
91172
53365
83907
35402
94563
44599
49183
75383
59106
35289
77883
60866
71744
72657
49844
90486
83518
70176
28214
81315
87651
45108
88343
49746
74441
43783
76144
14841
85063
55716
33529
5577
46620
84393
12064
59844
10293
34728
58470
36877
92187
50024
23542
13944
94876
521
77699
90240
84980
6181
58301
12663
21496
33905
10415
77464
49118
54947
34008
22680
66444
94221
99971
24379
25116
5223
96550
67267
3593
76715
16564
2244
56922
79642
3871
46290
10183
79292
41134
58876
46860
80645
45110
5170
8297
39474
24408
22529
62387
77683
39895
14687
57915
99747
25684
36929
56505
498
5960
65995
9397
75268
75229
73919
58129
42577
59209
70774
51446
18349
63240
91533
46170
21187
73749
9143
459
57019
73637
80272
80571
77563
72001
51089
92423
75625
26782
26623
4326
25966
24890
55166
51178
29685
1076
13636
34902
11763
8584
98120
29309
95873
19623
69816
45426
98213
43887
79146
53490
12239
15308
69738
62058
24575
25290
48531
79173
45251
8918
9625
14486
18014
16880
50850
90911
8197
38127
63989
45596
51299
23441
76586
49775
10972
95773
30529
29193
79182
3928
12527
97137
96499
31488
72915
11572
30307
65224
82599
90121
77431
27120
37106
84255
64616
78175
19610
67846
95766
58944
87959
34071
11620
4056
9154
31521
13921
59360
67692
64561
49794
54466
66315
90173
17450
68756
93647
1069
22091
91564
71475
21862
40614
18879
1679
75157
10319
66267
63243
10100
46508
71965
49965
33468
96060
73423
55443
36807
90932
15042
64380
12928
87300
93668
10657
44042
35865
66589
79938
17321
88380
37740
31578
36369
2711
54201
28212
31722
51575
88439
94615
82236
62412
48216
82173
18525
24270
59372
43842
1204
10682
41496
41495
80169
730
77199
44277
42731
21699
67248
67823
12605
91896
11099
97985
28062
96267
6065
68837
42259
20836
28615
95492
71060
40186
87878
41385
