85020
10398
83558
14148
45493
17846
69033
33389
43284
29460
86989
77320
63556
32007
13401
13670
69441
27919
37866
2312
45382
81927
10321
12221
11428
25328
5591
17081
2702
4471
70464
51918
1457
6818
14189
9065
85890
29180
57787
44299
72239
47482
70634
25570
26423
92521
43544
33188
98613
12246
42059
22728
18040
44250
81869
78273
52430
83904
95057
40343
98014
86613
24117
21379
20821
13162
83936
25383
20505
54665
50442
60937
45977
61426
18555
46186
91621
64048
56459
93830
74266
12637
39145
8138
28149
3438
75671
27597
65961
74300
2995
22253
64588
37009
97008
56168
13356
98732
26626
69971
15486
76816
19097
76953
74807
65679
65381
67636
95635
75918
34296
62593
51539
1942
99913
36675
52900
70903
15092
6583
31642
88760
53566
39279
58524
58463
6551
66062
66488
28665
31224
63935
35095
871
83980
76178
68939
71110
91787
39795
49765
34073
94785
26408
72420
6069
98286
41224
4968
12937
49350
89395
13572
94152
71993
20209
25265
28724
57708
40811
12031
15048
67046
13088
14182
57185
72679
81285
2491
9739
96338
71357
13823
76388
85964
13648
86417
48207
76541
31051
34532
74200
96211
78580
49995
92927
21349
59847
82192
54530
95189
93970
53764
68011
79151
90730
21424
35667
63502
79848
11435
61969
65406
78852
94148
71908
82236
35692
84031
11128
67961
45729
19997
53208
3229
64654
91219
93905
59305
42277
83869
9663
78837
32312
29675
81111
69943
41873
67705
83375
18309
16751
61661
99149
3122
81565
40474
73099
21716
26865
39569
59396
42023
37886
80439
11902
73162
97814
2465
36596
42150
86591
2331
13278
87567
56144
68921
47519
28932
68969
68773
85099
99472
33165
55
65043
94003
55229
14275
48494
81402
18897
3243
94118
21482
88245
74869
88157
71453
18623
29432
25338
48771
18537
4496
24947
62857
70735
5457
65208
54359
71782
54936
36026
74419
37302
8380
23574
89124
49846
76099
82818
24433
95523
68018
49363
74823
13020
39581
75080
16121
98941
45148
33335
66370
79094
13790
45394
82662
77704
49911
1878
21110
99579
69621
1168
73490
89023
74769
12779
96041
99005
91552
6554
85181
18072
53033
23006
95073
40070
83377
85013
86212
11013
96018
65569
65319
9916
85258
19472
40298
77519
34479
69004
36709
26654
45793
15937
33490
99867
84376
95846
6728
44262
58140
64074
44673
96614
43540
16541
23165
26470
82518
98552
39680
70314
25373
44425
86711
61229
79352
77535
21048
86553
87134
70095
16551
58401
89472
89825
94549
28702
60343
20250
43714
65476
48893
7430
74659
13857
31063
40129
53887
44850
35439
32867
88211
93985
63521
17734
64310
23774
83787
93525
98198
79705
38599
74419
27105
71418
6517
34884
86464
94685
42161
41276
66270
46349
95077
28706
75782
29180
30199
12161
22858
43836
33538
40331
79584
12893
48130
24106
97575
66851
86921
34277
63271
31235
80655
17771
97398
57115
38406
13663
11735
67595
45163
51744
89117
9428
2040
3571
64270
53675
73623
56751
76098
93625
42673
15749
20619
66578
92869
82570
24494
2288
44468
92835
41103
1292
22616
75884
84011
97465
6677
28293
72799
61021
8360
76121
97670
53612
69564
38796
36383
52483
36571
12096
84141
91197
68033
13764
74967
4661
66253
35738
9008
3577
32337
58275
4530
33224
64552
15818
4355
56840
48135
79977
12314
66438
76236
90972
10395
30315
65459
96384
17853
3671
74120
53127
9804
32412
9590
7580
65002
49114
75358
86445
48369
49042
80227
40602
75796
96586
70562
69048
21571
29884
97088
69633
12109
75675
65115
38716
66624
18339
81666
58149
87308
66171
18752
59609
33093
43754
37396
43393
19623
68659
21372
71576
95092
73007
2032
99450
43929
95654
22315
19019
97711
50761
52675
50689
41661
95214
47130
18671
65274
39305
31021
81358
2928
4260
58026
47594
98940
30011
6526
68839
58866
77558
43660
27471
13310
57348
59834
54905
66949
34320
27365
73910
85962
91139
11477
24923
61452
28758
55244
75174
10764
73681
59223
92944
21325
90277
56167
95374
56660
50787
8217
6211
53359
95575
6737
10757
658
10916
61190
76970
75580
82973
3958
37519
69144
5086
5338
39524
28703
4453
2101
57336
60795
46287
13830
64093
32231
27411
41309
69272
16594
11061
46185
83335
24354
19753
70095
10767
95509
95013
82456
18785
61794
20001
36962
32648
22782
13645
84342
59889
90683
19439
56409
46935
97675
65239
26556
66795
56482
36257
14638
74749
87769
80583
94418
43817
20495
2656
53771
15488
15146
14713
98355
44850
16027
36911
81355
40853
9984
83494
70413
45525
45794
12712
80317
72408
15967
99549
5438
14540
57922
92260
47201
89104
30862
96492
83928
80348
45850
78897
86760
54637
46582
92726
53949
6769
53003
40091
14839
58219
46177
12571
27138
50756
28730
55301
9860
90991
53819
86261
40304
68630
84011
47055
29431
6918
57588
72759
21918
63732
19399
14479
67530
45322
35612
41806
88120
10226
51639
47001
58121
69374
66725
95329
63739
93938
75974
68762
80051
42479
6021
16499
14325
75804
5890
31510
57398
48851
96336
31229
52489
45925
85786
18895
58326
65771
10273
68758
70537
15018
14369
93470
60678
88482
78865
74829
6202
2419
17257
59097
38316
1965
13438
81866
16307
89714
36201
91726
59201
97642
4230
39474
2589
9731
37399
98276
71438
46115
18888
62530
57427
91724
77038
8382
1360
81994
32873
61873
35267
76956
81961
82776
10133
20540
66892
65168
40812
74669
62725
28746
36060
66656
80025
31882
85853
5091
7842
40482
27640
5479
22646
26470
38812
78732
3618
59212
74605
62155
63088
20866
42524
48223
13224
75339
30993
34161
89299
60663
39973
9567
76122
30974
80044
28329
19661
43225
8047
70391
91200
35582
19160
89770
66287
16694
26566
79550
66082
68732
56897
58488
62635
6356
69703
1842
97004
12101
30565
76832
48598
69461
93953
55870
99021
30431
6484
42456
60071
5331
46741
38485
67283
82987
30352
88481
54262
37190
32054
9526
56272
86211
42478
96518
27997
53723
15145
28200
49784
634
3315
25468
79770
75388
51334
76701
40032
86305
95736
75202
31050
74476
99892
25840
36320
32094
95622
35840
19471
91977
50000
1096
68465
76948
41082
54473
55531
80298
8998
42677
86640
1567
94849
69211
25058
97889
24630
52688
56
39510
49629
87131
77148
21880
8656
8284
57739
9578
31389
23674
19487
12245
68408
89257
81226
86435
12200
72501
24184
62647
2754
47021
49847
17639
42003
24878
14099
39864
15478
69067
19866
47381
89957
79254
5854
85739
47212
63534
32985
31139
56250
65925
86986
55004
64593
41100
73469
37317
97852
96477
60969
91573
13056
77477
48659
60135
30539
62412
60368
45237
84266
77506
47272
85583
89910
71624
73110
8376
90606
33016
27020
65310
16000
7570
42259
94964
78208
81925
78192
973
37179
70550
31010
13975
45254
75823
94215
48978
21071
7271
68606
53356
63893
82026
12872
50298
29300
58181
93224
29269
80408
83184
81033
32654
67923
36152
12767
4271
55913
30824
97445
1904
97768
29683
4678
41747
22166
16353
31159
59388
76226
71060
40321
63120
83388
50581
56188
27625
961
12384
69751
81428
50159
4361
65717
89736
66167
86761
25457
90882
71152
34729
9698
82273
8935
95657
69433
78331
76244
21166
9671
16666
6985
59110
37436
75703
23076
32505
29578
59473
22723
67214
36328
31082
1463
72598
9394
64831
73680
67865
46382
10337
48280
10044
22089
81013
22429
1996
35104
95972
77766
80458
57979
70239
69318
38994
64147
97940
57582
17961
34292
31397
67837
62306
81982
47755
7155
71086
48486
47591
77123
27774
72953
1568
12743
17334
76704
20254
95213
24239
65630
46978
11950
48553
11639
86912
98239
85996
55979
58906
99585
70553
68896
20442
84628
34642
55582
5067
28648
52546
87411
93973
26451
43818
20663
94227
12895
9001
7401
44691
1563
55495
57080
92969
75761
4671
74111
85008
6616
73159
52456
99742
67872
20189
42545
15875
67306
56239
20171
60990
62234
30375
97183
17820
10181
37714
68107
78414
580
95563
81482
66374
96171
3688
22002
51789
89043
78752
35991
5956
55987
89240
46157
15029
83182
8969
33322
67221
50597
944
86442
85176
48621
78066
56140
70673
42747
24329
78234
7557
16060
50319
90022
76907
8450
85030
21935
9570
43576
7425
60131
45006
75798
32051
62558
81873
92144
17458
62385
70594
53641
41863
63390
49389
96965
20885
80320
33383
49179
75940
39527
32876
31690
47081
77761
66966
89731
55540
73556
88828
13635
69493
5287
52101
20036
15243
83553
5959
20874
25739
13161
33281
65944
43305
37164
14065
70245
57862
79613
83378
63753
83415
7319
87350
1841
7373
34238
31452
38834
20550
52036
10638
22714
69808
52135
6330
6882
66837
38231
73547
34655
52967
82710
60259
15320
34314
1688
79863
99602
54008
18025
59271
95143
16533
44910
83033
36982
76912
26371
96432
31475
35090
33444
63790
40927
19014
84167
46083
28466
73893
66278
53137
98357
86428
43547
734
61516
7517
33829
17109
32976
32031
52551
95449
34491
83123
62926
94343
65756
97092
41331
97127
78987
45770
54487
4494
34807
63563
34475
7380
10938
51630
50514
54029
41038
34366
74110
51206
69944
37943
85751
60221
7043
50640
6970
76029
82792
50852
62270
85525
74057
89407
54514
81460
23581
92738
7522
41060
15077
40532
7544
30464
10045
95173
72990
67250
4943
21151
46850
69486
14881
7019
5459
81925
71694
82333
26152
5958
37554
53374
40704
75031
31092
42404
95468
11981
53136
22088
36546
55055
53779
15984
11067
91616
1021
72943
12438
65979
55284
84971
41482
60874
77358
43709
79615
5111
12380
48916
66889
31486
59123
1145
9473
19843
14775
51340
94274
23840
91782
14414
12733
90679
73022
24984
52634
96614
91276
42761
1676
71288
72434
13277
80943
86199
29332
52632
76096
65024
84448
24930
28569
81391
57175
41836
43687
88921
32060
80368
2218
60281
22552
88855
35593
21986
86952
62645
63216
58387
23940
62286
9287
64648
69548
73884
78192
26669
93712
88968
34364
79629
34717
19350
90282
70857
54815
82813
77533
5221
4632
69043
49497
89116
44283
76488
73146
30803
81157
3433
86033
55435
20441
38437
7644
45328
79414
70636
47233
53935
62456
74418
50279
58340
60071
79731
28753
10449
94047
5073
695
13514
43069
97433
72418
99245
1827
5508
98340
18128
84553
52121
25650
12595
15712
61136
92576
51252
3588
96625
78455
92385
32029
62490
93877
58536
52754
86911
10689
17226
79819
44268
61513
65838
353
27558
41114
26193
37988
79856
64315
4891
58856
66250
89575
59758
56301
86579
93029
20888
34826
72175
98501
90663
6646
78819
63161
72156
54642
2749
60846
84344
41654
29809
7334
3283
71319
89726
1812
25195
41681
69520
61171
21593
89271
46366
11010
18880
71988
34931
84800
48639
72477
14986
23168
28006
99445
31506
51945
53829
45276
38321
62029
22815
41589
11205
1732
51261
86803
57478
46564
60703
14015
25415
41343
43086
85512
33979
19737
81229
95432
98996
88517
53550
27375
57222
35707
93441
60879
16938
95576
65062
31267
96959
77906
44292
33756
98987
62293
80754
86441
20256
44703
78034
85314
9721
77429
95870
401
71619
57664
33050
55326
25
57224
72329
1462
58279
19787
48860
74231
40912
83545
61861
5946
92459
3983
95882
17438
90984
26223
68564
86157
11985
38232
27911
66413
79723
57799
10540
73253
90748
64522
51338
17577
87206
97276
16628
40549
99089
72579
99547
25506
37127
31746
292
55672
22009
79770
37877
27312
11295
34628
21672
40659
17245
66244
67490
63477
7233
45483
97693
78264
98248
88107
66274
32703
69824
76951
70994
81936
39400
3319
15875
24100
2868
5253
65352
56494
16173
27207
57161
15269
5685
11913
66002
69808
86184
14902
85351
98157
33278
74835
68981
63102
50509
81016
61060
16785
25803
2956
24265
36811
5649
79292
58679
97840
93691
82519
68725
50193
78187
97449
74475
54962
13198
82098
37654
8919
76086
2114
2971
56683
56487
78772
94200
5068
97165
42052
20182
2166
41034
53838
86907
53034
92750
40933
10524
24347
57311
22924
6319
76086
45592
82292
50878
3339
94189
45651
67479
43068
52620
2237
45441
44288
27807
88386
60138
14069
12430
38468
82363
72640
92386
93875
61933
47298
60004
64358
74164
16633
40964
24792
46329
51375
14134
81117
40902
33955
87414
58656
84475
48979
83148
19930
45277
83043
9739
26641
61678
14796
77843
62187
9240
37572
30678
29389
52706
15781
97528
42068
44197
81501
19727
1231
64505
54450
94698
14231
93960
29168
52462
8973
81700
17136
6075
42414
60756
18790
40014
78229
76425
10311
87200
63085
75087
21333
21803
45553
53248
81481
62892
94723
98738
13948
51140
99269
24401
24018
19928
28215
35143
93155
61369
25549
84663
1607
94142
69804
45577
2302
79917
674
42655
10361
51960
83551
21318
40712
4164
34675
95561
87329
24773
70277
91328
46122
16198
85870
88485
97667
83876
96720
28871
7475
42874
33782
29399
33741
91863
56553
16704
30494
32459
95243
660
4630
45185
71988
66625
34129
87910
72263
79458
58689
29640
19473
35826
3354
52057
9949
59771
11545
76627
78678
87340
7442
21141
98746
77610
76149
48812
20280
55293
94555
94253
4646
55659
69907
64190
61121
98242
44228
5076
84577
41167
60702
86135
78808
89644
43681
72994
31272
15925
74057
57607
57502
80059
99157
78191
76111
76082
62579
74207
72397
58629
4489
95478
17701
53161
52994
31731
45369
35215
66740
34227
14901
55379
43242
27224
97168
77138
73619
50373
10881
63224
88101
5637
84859
86295
50191
43500
36455
34932
90651
23830
1661
72315
73404
71659
86334
59538
73081
30372
35600
21835
5557
90471
28471
76084
80731
4493
82509
31464
45539
77093
48286
79208
76259
38482
7330
15908
71861
5423
80919
1075
18721
90003
95867
91715
39847
41776
64003
89642
99851
42677
84027
45915
26781
61043
68955
92596
15907
94812
95969
60243
486
62119
65713
75177
87222
78320
32230
58631
2203
51677
12019
66869
82905
72956
123
76354
55551
34535
25641
37749
14572
10122
17293
85345
35326
2491
69940
60856
96568
71847
98755
91318
57999
40302
6415
16574
25298
35781
72539
14307
20788
97049
81327
39388
99992
8083
47858
17210
72855
20983
7140
39190
85296
46886
56059
77603
32269
50724
65144
64387
69101
71700
28196
98934
49492
12287
43564
61325
77515
90835
182
20764
78709
7464
57727
97709
76048
21758
91923
84273
50372
44322
77288
20850
4907
19535
77368
21317
31229
61842
24697
66875
14039
10822
28474
6230
35111
17949
6972
88760
43670
57664
80298
80886
40274
11277
21591
41644
64439
10336
93971
41451
25626
90669
45609
62221
92338
52649
47160
82537
37251
62056
53676
61698
36520
94272
75929
17210
45916
5325
18515
97443
33157
13678
75500
16246
96478
23277
97771
63069
15072
65948
13925
59978
53100
6075
51707
30859
76759
96566
42736
82133
66483
48522
16709
47677
86197
76264
24435
12454
76840
65778
27141
79124
48398
12515
34895
23711
33582
23211
98158
25059
7647
7256
6782
68372
78447
89072
59698
28399
43056
57563
81843
55180
48480
30077
10360
99888
11923
47521
95
35934
19423
82897
40005
6861
51396
26594
36744
91317
60886
63372
50230
61731
39656
40631
70449
11565
76215
11249
32258
43679
60272
4604
41718
58771
65535
53477
59705
33982
78581
73038
44910
67591
65461
98574
16713
35764
33243
61070
12105
15229
9961
12468
38933
40609
49328
93596
914
17655
76567
80642
91518
16413
87691
71229
15564
68172
27459
85893
13628
32877
55183
38421
58838
32292
15837
54444
59683
68842
81223
91693
76841
43258
56604
81382
16321
41921
95209
44109
47510
24792
35396
84102
30652
91629
47541
88738
26282
3165
32450
66562
29717
65055
65109
99449
12843
12794
7436
39823
2217
15350
87228
10530
8121
72304
36259
34278
22636
16775
19753
23981
8208
60947
44370
70594
8526
84661
77219
74255
46819
46505
63406
14687
8824
18073
52891
21982
40192
68267
32661
78524
9037
99771
49999
13840
12944
52227
92849
12409
60683
96854
16707
16256
77844
3948
20852
82649
13289
85943
60711
72105
75883
5141
3035
4609
53817
72734
67862
25096
64169
53053
58797
22167
58180
46940
35027
59453
26687
10936
43099
97987
81650
1235
69931
26730
18135
78056
66687
75920
41729
78265
76023
31826
2039
81796
51711
17355
25163
55988
64345
81851
89563
42868
56328
67907
17123
85118
64763
55596
83548
87794
3189
3335
40565
9186
28725
2255
62381
96202
76039
37835
47562
42877
72742
4911
59642
23898
31404
6626
73539
5565
47639
6939
30569
10290
43450
95236
18492
54117
30013
48161
69850
19061
67378
16458
28616
62791
18102
3059
94793
4182
44799
47180
58328
76167
10888
29125
22216
30043
74134
43050
83734
29694
74918
76
51527
60541
6838
14623
13668
2452
33516
6720
49230
17189
65319
61199
9695
53797
38400
40090
95327
6992
61756
45370
4607
48029
68273
66134
18486
88524
65682
70981
11926
56539
16377
10866
11370
12760
54960
632
7726
7793
3773
45452
50571
51207
67559
89914
52046
74881
16201
66376
93731
27933
3218
15927
58099
54433
23605
92135
22327
432
53684
27226
38040
35320
85765
61297
69957
8871
98590
18642
55920
13470
73762
39051
82534
70014
75400
43569
25768
18655
60932
33409
74634
33504
23860
95783
45544
7928
40809
39901
49024
5899
29232
25131
91344
41624
85884
18637
16365
55375
96562
54290
59741
24768
66385
75424
74354
77710
6107
13525
1091
75683
5477
34249
86184
43901
52919
91023
87857
26118
96384
64890
54372
94913
42041
80476
91122
48864
37940
13386
40821
3411
94145
87451
6280
25051
41020
68783
26883
70076
27895
16045
43313
14833
3424
46244
70800
70937
1070
59027
49700
56175
42573
75364
78456
19383
85348
20978
27890
22164
56671
89388
12242
65527
61246
48818
7175
29650
65049
78716
42734
70251
24846
88602
6632
60748
75721
58582
34070
28983
74543
29654
12371
97334
95334
55741
23087
6128
48964
2993
77924
29336
29459
15351
68599
38016
90526
73850
82732
59595
30139
36811
28294
92863
29845
47971
63002
39193
83156
17699
46446
38747
83563
39996
9972
28608
58110
3019
41213
40305
60302
97372
7388
57936
57571
28527
74520
88880
11701
57560
92813
75112
26198
30208
78623
25597
1919
70122
40572
50332
11766
92112
39693
85833
72505
61003
87001
63409
37706
89137
92695
15164
57078
31576
56941
61983
99491
56153
95498
89742
96566
68304
47484
90606
78335
10944
1518
55559
22530
80947
68226
77177
18658
33087
81415
43206
62603
3076
35575
29517
79612
54642
44752
66711
84464
99048
3373
69482
76392
38231
90272
27835
51286
31589
82670
33056
88648
9389
20679
27555
1679
3395
11456
7507
76300
44053
29871
26421
16374
97197
37730
41368
28138
93716
26205
29413
56623
77681
67118
52309
99812
75246
32398
43708
95625
25723
13687
85668
59271
26316
87228
32693
88509
15421
47050
89071
57096
27607
34169
31002
30958
4074
5582
97685
71398
37786
20721
5739
89864
48246
29509
69475
57709
44515
2825
36438
47682
27351
86475
87516
71183
76225
88580
61599
57118
29766
81939
63665
67370
55719
61914
73658
36806
66110
91983
6025
98534
95911
50336
74987
20302
69084
12263
27482
73654
25112
78949
39821
30166
1533
75902
53037
9684
78480
94576
71623
80519
70082
88849
70973
56230
84842
76005
26328
90706
5646
13497
47128
70717
46593
65279
50539
25846
21830
99398
63100
91699
75090
58196
18915
78393
10896
79875
16699
29290
32414
4758
51344
61579
32404
8119
29399
41137
79749
35118
88664
92392
80478
98591
17126
71680
66219
38529
90863
63508
76921
92471
6766
18040
33622
47277
88510
40894
52980
60528
59145
81637
21997
98314
99071
37631
44865
97144
68418
4574
14970
45226
57118
95482
18352
78967
93206
75809
78121
17627
60825
14811
81080
69870
55828
37401
59078
4193
31809
61626
80174
48503
45949
50106
6370
17854
65943
25719
81932
29642
92643
43904
48495
53036
95983
40125
45227
36916
11725
24694
70974
48512
95823
42753
99176
79423
26513
53514
73800
40262
10224
7617
33378
77966
15129
96507
72642
6825
45724
5030
87577
93471
9982
26926
93190
37641
54094
49156
90609
34185
49647
6769
35920
72964
32564
93335
74284
24381
13867
53376
30334
64208
89744
59974
58259
68359
55266
49086
7247
97084
63794
43745
74990
85452
40567
45881
60485
27732
1727
60420
52070
93099
54912
78120
76802
14428
26317
41364
64137
75166
68772
62894
84366
49777
42052
48446
35238
407
54395
2582
80526
17421
43645
42940
82380
41221
95442
97302
32590
2562
82342
40849
56975
93774
80132
19086
86296
53787
69404
77034
41059
94612
44577
11848
19930
29088
43984
87709
41118
9939
88554
90423
66212
66704
25410
94091
88986
94782
97650
11257
57927
83878
46152
53055
95952
9127
77790
84855
95158
93526
10631
26093
4765
41813
62693
51874
15912
76782
19032
2486
91744
39469
60977
89109
6835
77143
60004
69985
7289
5803
40380
86295
27922
9716
16776
1793
22764
50312
4435
20791
54656
81024
43250
57971
56763
67443
82390
71184
50363
52625
62721
72638
67247
25850
2965
25541
48641
91257
22600
94642
11536
14720
89396
75683
22293
86593
27147
36715
93223
4678
33543
59171
10362
49165
30335
9230
71266
89572
4022
78662
25974
4093
73550
85320
14544
45678
70682
18425
55121
61639
1712
97588
99072
36657
87933
97585
72179
19776
82835
14867
17670
67796
75486
95118
39944
36210
9396
29586
78646
46490
94698
82809
2559
38084
35107
54281
5382
45820
21859
88039
22758
49975
58562
47129
69744
30321
89533
9109
91759
72901
63814
70411
72621
98824
93595
93003
49614
55682
5460
45141
61754
95434
47382
7356
32441
9245
89285
15413
16918
48058
41270
81826
75398
45085
92866
33397
85282
87478
76982
75363
58543
58501
20935
62343
89503
86293
41796
59472
69169
59986
23396
42281
81139
86440
76893
3618
2855
40921
58774
3904
16900
24379
7733
74014
95411
49388
13490
99582
50522
52114
74605
65904
65910
3156
43547
11197
20801
6414
31035
92208
71091
6869
63174
34210
94884
16680
2181
63041
34095
95438
60669
76829
77043
44498
13669
57167
787
53592
68376
4678
72733
5467
64902
64430
20552
80036
38181
62783
50582
24521
932
97216
20953
35967
48960
68278
94770
61822
98192
95661
97236
46192
52987
31809
85351
26741
57002
62473
71593
39542
91895
16193
8175
49923
63940
73171
81353
99723
11081
93761
96899
19832
89413
82
88359
79013
13845
95799
49632
2333
15779
25112
56794
95282
72310
54751
88517
97622
5735
4673
77080
60601
95124
54500
23251
26079
52045
10386
59516
99229
80043
58713
78699
57136
3776
7516
20001
49307
33002
51865
99635
43163
5794
64023
14725
64040
55281
81900
18801
51018
31105
37481
50278
15605
26385
81603
73709
41251
46883
73631
41895
58477
90095
46329
36243
12614
75291
60976
4076
81203
45186
95761
59630
62954
27568
58783
48537
59911
82032
89084
47214
85221
47996
68247
94038
82111
40116
57906
49378
4099
13611
94254
61101
13103
40250
44405
21694
79276
15223
44356
53418
46979
88065
79603
71542
23936
96178
80099
81562
48930
23607
97155
6720
55931
93116
15806
40236
94155
17760
77988
20598
32339
1064
55763
3282
29304
97744
95715
6737
79383
3451
107
57984
92895
40139
77587
14894
9455
77612
82935
65580
55501
42123
19092
9037
5248
4773
62162
69356
79307
98874
74382
31948
1159
49600
23555
13626
75003
57939
80917
58479
21883
78506
77401
90643
1690
76485
74276
51899
22188
10146
28591
93715
2365
11279
90596
45910
92136
13370
78183
99578
7541
13317
49412
66857
99315
8629
20273
8713
34829
8073
25055
54397
64939
78439
28995
549
39688
80146
49979
79745
62828
86200
43455
94867
26917
75144
27878
69537
98887
47968
79602
40026
13853
7301
24089
73968
91338
40268
10641
15523
6945
2069
47446
43551
9021
32183
19995
74300
48574
67350
23276
84739
65665
29585
56251
23824
84890
92696
67055
55570
37168
66139
55141
26096
69174
37822
18850
98982
38370
83625
52054
68236
9099
73787
2446
34264
46020
83486
85335
19258
89071
2965
57930
85413
34784
18770
55608
31022
85103
69701
12499
63500
31961
89199
90358
71776
23156
26357
14866
43662
23213
56143
52759
35465
66528
10400
30907
58892
84211
50880
66442
14661
9168
62484
45194
28428
67965
97983
42473
66353
9689
78226
19621
12340
3189
75200
16440
36750
11596
64589
12606
48557
3200
64644
79429
1500
9075
66086
66032
48704
51264
52928
45672
84895
84372
82358
79423
40732
97547
25532
19202
73309
47147
79844
86618
2734
27127
79057
54719
8606
3025
46698
42042
2886
99984
37066
54101
28938
33817
99380
53698
53144
38493
20451
45477
5966
49807
60640
12862
50872
55488
24429
24439
4598
29113
34590
27814
39900
95508
68679
66015
85364
93592
20976
922
41662
31599
47558
20636
8023
27845
3659
8933
69207
19391
86605
39797
19668
49622
60436
71035
15621
53487
82805
53724
60801
47256
48196
25148
17477
1568
28230
97581
5812
73812
31524
42801
8344
34290
11323
47693
40199
3723
77649
86860
82498
64122
69602
13836
79063
49308
94488
10826
99398
69067
62297
25893
64960
39291
39674
61265
69483
78511
1042
71355
98402
94553
50345
80564
17305
24717
72815
84892
20959
64288
52585
