3806
52146
72728
32029
7169
46545
66628
49413
42999
68575
55454
34260
6396
53492
17463
74752
28395
69340
47290
20459
13212
80147
70050
51950
88430
24056
23335
73698
64992
86161
65808
24171
49690
75227
62668
61538
69993
32011
85244
81085
90855
56742
4072
40029
42936
29626
6738
72467
59408
46295
30791
12623
21011
96526
36209
55687
88021
64388
99689
33313
39776
25042
69546
41022
5203
96157
31585
45890
98599
269
76289
45668
29485
71372
87092
83246
49075
92636
68107
60945
20870
17845
33750
65417
71570
74331
9007
63624
98052
48728
24176
39074
97328
48123
37125
50293
5998
95084
4124
94226
44991
56458
60825
72108
16558
41604
83430
95004
92178
49648
38824
45839
79184
37067
15308
32749
33501
49870
11840
11398
90145
34089
90815
46202
80854
32222
90948
69701
2992
38333
83648
28390
9911
41528
93990
43083
76143
6370
53859
23163
11993
78889
47915
37983
88114
7276
41870
46670
8697
48538
60554
70643
26382
16362
33178
57725
25334
38097
54860
97059
26171
8579
47377
74482
58768
75657
20525
43316
91826
17051
15886
53983
37002
14842
41337
91223
31248
21292
76063
7904
85161
74261
14255
26149
34673
28815
72454
42846
35731
35910
41377
87266
44948
65075
11795
95049
61296
25714
9170
22715
26813
78274
89771
2619
5228
40376
52278
65034
43246
38144
3108
91705
46098
1426
94164
69551
88908
20717
62278
29682
55026
6706
58759
96086
12800
12224
57323
78591
91067
11527
36696
67093
37970
57995
55614
69027
86017
23895
60325
73900
74960
2555
21952
8971
80856
21828
39357
57060
59653
23319
46366
81485
53206
43466
23137
10515
28577
98206
72315
86058
65076
72668
3652
1940
29431
70315
32524
62733
53453
45228
79436
59601
20986
65394
42998
51883
70366
41281
95950
36571
73406
12322
90898
66
60804
28160
92373
44045
25501
50882
38089
83580
94144
37573
48794
20142
20271
25685
34264
58411
29941
68425
34765
35789
23792
83384
16013
25612
72552
49467
46954
69605
89565
88513
19015
41638
85023
61225
4965
69464
15190
33055
569
21513
87842
71414
95230
42742
82557
55742
97927
22226
81405
36002
2893
6421
74870
83298
79078
64547
31291
88520
39095
8183
20549
40424
48992
98220
39596
97849
87861
51145
26674
63946
35790
97831
23071
93603
27956
36352
79015
54585
21787
99797
46184
77389
39023
1755
59760
41890
57863
3780
89115
96730
33943
80998
2329
25164
52769
54986
91822
3971
24043
14867
29363
45558
65548
96744
81627
88511
54047
98208
36464
78331
92538
45993
37563
87869
34873
59285
12674
12079
34995
49570
54283
98150
57902
34500
75423
80320
3695
13169
35914
37341
68873
97001
36543
87959
50551
17344
86009
55008
94245
46922
635
10167
72647
94338
57977
38086
47181
54934
20656
13914
67855
72370
87952
69216
9218
3431
48986
70393
73549
25400
54596
28154
77173
2305
62009
21218
33715
26533
69629
14616
38952
97234
14190
36513
60743
88371
56039
21339
40560
26354
49918
57337
45661
64232
96653
2204
61941
32482
26318
98890
20671
74577
54175
53933
95408
71887
20740
77323
30149
81833
30796
23901
4812
75053
39628
84910
77533
68977
97128
98738
966
50269
23600
11488
93091
71607
77575
25582
61517
45641
78878
38599
96553
19889
55167
64940
48257
43429
48134
20388
98096
65920
2857
98305
21111
81902
54457
74897
57453
21776
22081
82141
94323
77324
54410
89442
15076
74292
87393
24969
68268
15729
49008
74693
90704
35436
90985
34633
41227
72536
85282
32387
72921
54560
6233
5625
98507
34249
29625
97918
18683
49667
6869
13073
99546
84497
77745
63155
35301
21522
27424
68163
41558
16204
84807
86135
26679
63157
27585
11609
72113
79037
60796
81756
83938
98139
71328
85401
29485
34002
74544
75626
69708
36255
24841
30371
68480
56098
92519
93832
45065
83399
88807
83598
55505
73168
20071
70738
81922
62144
7530
47536
95000
19815
24215
61986
32401
20261
55905
41717
73025
48477
67266
65449
96130
70904
28192
35685
25641
15026
82353
57908
13140
92165
14011
22752
4415
97744
86388
77705
58774
70371
82312
8322
5668
39434
77849
64041
70569
60755
35233
92737
32619
37886
20435
91726
14852
60897
81055
45836
96761
62485
13652
24939
2218
80576
47295
61515
23429
71487
19346
63697
10101
77264
36384
95875
32376
29050
5477
86054
58287
39513
3043
28241
22286
25002
12263
93293
59443
41711
60873
8427
9843
55391
46738
43682
66480
95661
7160
3748
84423
26644
66085
25565
1637
81660
64854
69447
82650
93931
37855
7660
53350
60971
77964
5657
58639
14227
38818
12986
69365
5205
96931
40792
90429
23044
89296
32909
21161
25920
78570
1792
54280
12128
85073
7553
79882
71290
61133
26626
24364
18577
44011
89039
12082
74012
71711
39628
90002
16367
96744
87242
22957
62409
75281
13958
14905
5145
48403
29470
60537
83789
25272
68465
28430
74488
12634
65042
72934
22239
5418
2151
26611
34785
46765
32708
9239
25345
95457
11840
18875
75633
3645
24785
8863
71389
82710
25353
90732
30961
39325
8396
13317
90855
9318
36844
95931
22705
74532
55587
49727
5471
99600
75436
83923
72846
78505
66239
82586
13581
95253
7079
28750
51405
34437
21890
41232
32421
64278
69364
9177
67007
27508
25640
30095
47267
94201
42340
28884
87837
80659
68264
79481
27789
35716
95907
98383
33932
75651
60690
98686
56918
74688
22390
53326
34936
77124
83089
64291
53910
40022
43805
61446
7769
10970
83816
61053
20244
89781
7279
34205
23122
28300
98550
96726
49054
57993
84354
65229
92783
2687
787
25127
43277
46597
65986
15488
55396
37246
92914
66108
27108
98746
39766
25429
85874
52245
4223
10995
20560
62589
62240
66201
60547
92273
94208
19388
79110
29508
33851
98095
5227
9217
5270
7609
61353
90249
14781
12456
86279
12695
29563
16319
44547
69221
65492
66795
54239
32488
3618
86515
61640
91701
35307
83278
9765
38119
61179
21486
89337
88665
55875
37626
66132
2125
68174
20761
30460
53935
59804
50570
57491
17204
9469
78449
10918
52124
55531
92460
42386
73366
13764
40643
57587
18915
29027
30
13482
89458
44250
57008
69322
79467
56814
72689
17471
34407
82991
40170
43995
59260
28467
77193
36990
57847
26638
46197
41058
45730
62959
87579
17441
15717
51002
20294
20163
30024
99869
65230
77895
69335
49490
91239
45325
53374
94256
8474
59646
9107
22350
71792
64537
56500
78358
96843
83515
10277
55585
88911
74282
65052
2292
3037
82814
96792
16023
98625
78349
14059
58094
35201
77841
26552
88630
65014
80344
44951
98269
78007
80231
65334
80446
18928
45132
12474
82360
82546
32383
31619
47147
37380
73939
87437
61006
59159
34399
51570
9071
26551
96868
2669
51880
9565
33211
88826
70874
1025
17725
88282
68681
87981
82189
13970
7476
88333
87749
96658
70831
89666
23452
54739
40735
27862
39537
95386
61745
52746
3511
63609
8055
16332
51869
54773
6464
24004
98457
31746
45587
57516
91920
3402
8424
24352
67876
55468
6819
86731
95227
72769
14158
46721
11208
36538
51217
51851
58808
40166
40305
27517
91931
5360
29378
15396
18156
86756
98474
25531
70527
27378
8756
58620
11719
59979
96398
72115
51457
96393
55039
40110
25792
15627
44136
66897
98773
54909
37654
86087
70459
57366
43489
49747
57213
29915
741
8451
68293
33473
67034
4774
42593
39503
15058
57620
48979
58178
14638
14988
79926
82635
2877
81403
8361
69971
86802
69272
4985
76062
66785
6285
83215
85005
93687
96367
26578
1278
18547
93486
48667
20206
76420
8872
10804
49438
98976
38488
96075
72307
80414
14669
47961
94903
50000
1205
9481
36446
30305
69784
71751
35939
89191
64768
38247
64400
2245
13686
61071
23228
82688
73480
30946
30831
84668
45990
94122
95777
68818
21421
30721
62593
18160
19067
21372
17490
33453
79456
62933
77519
4231
83797
88115
10222
75611
39239
97080
65603
38880
8684
28167
28731
81345
99990
11568
56137
10901
21381
72601
59198
46269
22998
49514
62321
34457
51993
39925
45406
55271
96513
81793
54346
12217
47477
70962
82085
4306
41667
38294
8168
76925
58100
12078
64158
5993
1627
68375
87391
10501
12230
55092
97656
75060
32919
74266
20518
98253
64525
90391
17632
23794
78011
85984
50869
43307
83450
64310
80299
19263
98330
10516
55558
270
1043
63320
1353
49133
15355
79755
20887
30750
92304
99983
92050
77068
16436
28932
50821
95200
16889
97335
25213
86979
882
10407
76017
83761
1641
75125
66019
92278
26447
97991
59583
66024
98446
36921
79104
44800
33498
86466
46098
92566
97254
98078
24050
44824
49714
20157
70481
16166
5666
65895
56151
26573
82218
10314
22341
93151
97222
78658
22643
41420
12774
75139
25656
28863
77927
37190
70567
97462
22748
50542
41046
52703
86891
92150
31675
63212
28052
57593
45551
56339
88812
7709
2580
11589
12936
69276
84499
64553
30901
64081
12573
98644
21508
53564
42548
57574
10914
81937
65634
2756
7942
71363
51271
55566
15428
7689
49872
51229
57982
26891
91618
28379
55994
53419
4727
47230
27119
82386
66879
63490
57273
94934
18823
37570
73324
72773
53079
9523
24229
9744
93717
34590
9595
64215
94248
20215
49621
22221
8727
16574
42357
51528
49903
22642
47698
81031
20675
97581
12387
27584
54862
20160
84567
28101
69876
64875
51842
30514
56614
99193
13106
4790
79717
80694
31744
16124
14718
98734
27585
60277
67603
48548
94588
58243
31482
81451
48566
81796
87646
72933
74185
44921
36835
14869
691
31250
51272
39139
81227
73177
65061
90059
86798
15671
89460
75362
19895
53254
28972
98727
16462
77877
8807
70946
13175
98609
91590
34908
67883
90998
21643
38042
24740
54898
9987
34999
81617
9746
98567
71548
49449
62284
43511
17023
99261
89896
75623
95094
51046
16395
72886
1078
74270
56321
79769
84204
23754
39622
19223
34391
43349
39922
8621
21504
42296
19327
85906
41528
94996
97432
27956
35820
84450
13631
88033
12039
12418
55195
13122
71557
95697
68125
71618
87119
98038
69133
98508
2135
57530
77718
56818
65842
46455
5418
72394
93229
71369
2899
45363
23437
89890
38648
15573
58087
59610
81704
86214
43960
62755
14629
51337
16515
44634
71600
62098
12005
41529
91022
74916
43318
2890
70868
2523
28031
45750
15252
44741
77618
76924
64707
29386
94378
14429
54246
79853
3424
52115
98489
16747
98055
73058
88507
88513
45829
40423
53850
39082
54798
33709
61750
73317
734
40574
79637
26197
86835
88054
34690
81442
20389
90516
1411
92092
95459
3242
47894
77984
24107
48883
61350
64468
65958
22212
88336
81228
82718
73659
38796
17519
80156
3284
12155
12851
16994
68379
57132
35300
98274
55803
39690
31460
85433
41173
67526
26285
5708
7276
10844
60146
51677
19837
53284
56195
93546
41901
35704
41455
61986
51226
64797
38596
45925
83859
43184
58194
68631
45892
66158
34381
89312
91401
22272
66513
43683
31075
14657
83520
58649
95273
34285
50407
5449
71446
81415
97567
6535
69472
96839
68687
27974
63913
24735
22926
69499
79886
16137
27974
41520
57693
28911
89172
40129
44867
35318
65676
8374
94083
75143
48698
68445
97635
40283
18115
8356
55041
49763
30666
43056
29602
96690
71534
84413
89547
84967
69296
74675
58505
30522
64595
99009
51306
34690
15100
58744
26862
33089
60377
74887
15416
64653
27358
25678
5599
16540
63370
2881
67970
46475
74408
14907
21176
81387
4274
70716
97380
16137
33263
29985
4071
64056
19869
39295
55248
32988
68522
8059
81230
18454
48892
12649
54311
45543
87505
71871
27265
53379
89216
92564
27773
1812
85726
73883
34851
58344
45693
57462
22585
33656
65775
36697
16813
80149
83816
63741
91954
84593
17089
88765
81159
69479
56761
6896
73106
92809
46838
41763
84460
2788
89801
81714
22838
58706
54448
75971
90314
39452
92885
35616
21868
97225
35411
71823
88639
68615
49400
99855
38100
94293
60006
25617
95805
72746
15764
38033
38495
37158
14514
37167
82822
72404
8906
58926
1490
48664
20865
32393
87855
56250
95452
55757
35683
92975
41472
97143
23073
1025
83953
37098
59674
56315
92828
29709
9459
36018
56113
94495
96497
43379
78312
99384
88113
41541
45253
76925
55796
62011
55925
74847
30584
98329
4664
81169
64258
36287
77977
10660
83286
19287
54776
64513
63625
46775
74984
9379
84142
58580
33556
37678
50413
51363
46333
62256
28594
12173
97375
78098
43809
9006
33298
91258
60967
7338
66795
21761
15627
40877
72162
60300
2500
40765
45071
90377
7908
41439
56302
9960
54610
28098
2401
71443
65334
83243
35989
74860
81613
31006
55260
32705
37340
6119
98649
28558
49760
74114
76699
65488
51140
28685
39296
34625
35053
27431
38523
80021
42575
37093
24497
2160
64899
95281
74396
74370
24688
64127
97394
50112
42853
97454
96960
71839
93705
38711
94320
27599
68457
46134
93803
41555
53904
2258
48471
48505
6326
24394
81632
73786
11151
94461
44373
62799
41060
56822
39882
7661
78751
59891
85947
68544
8735
60944
64688
33056
71244
65237
50395
77937
44932
1593
3870
13821
45652
76177
17290
24038
36034
93273
76323
8683
32103
66493
34335
7961
21786
30596
23853
2155
61543
26682
36594
42591
8767
83993
31406
18998
97737
61363
31165
72040
53558
50175
6714
56930
39123
89213
35774
48189
76727
82247
86790
85596
58843
51959
18259
2146
5097
44815
22538
84493
87117
46665
52699
15923
69289
96507
79615
17751
19077
11270
78811
44776
57699
69628
51554
77111
26289
71755
88342
9331
25655
25546
27567
74786
34288
99839
47380
48766
54805
46475
74885
53481
43157
55347
47548
92463
8929
50444
68744
66999
17187
513
98009
12325
97359
83492
80090
50287
34802
46799
33943
45082
51847
12309
62048
97744
91240
37131
99430
9472
75874
43884
12675
75475
82209
58925
16790
51398
49098
63806
67563
69225
24552
74298
5049
96370
34877
9227
70053
90399
67450
86204
4389
83526
80203
50301
69662
32891
49225
32973
62254
90366
29427
19431
63782
97245
26583
74027
61647
39053
7145
30407
6030
61409
40694
82850
48706
49605
78483
96550
33641
31258
29966
65927
93538
97613
23494
33588
3374
81270
53367
2553
45616
85962
16653
89006
50419
47070
21818
41120
30475
14041
37250
90042
43091
21300
45267
23024
81142
30032
92819
3463
16425
56852
39953
27460
95509
18338
89630
72368
1362
37845
97140
45444
61135
75578
36948
2743
73231
16807
36526
94913
25549
87516
3033
60651
39456
81013
98626
16054
82329
78473
74753
46148
20329
79778
42408
3655
37504
95705
83989
24868
72688
90093
85286
76546
79472
28416
98604
23221
8604
15854
43512
90178
8090
84011
32497
98191
58903
55192
53480
34377
85456
61218
83459
84656
92493
15287
86230
19939
25191
67525
56208
25987
651
5841
13296
56871
73878
8241
52792
44988
40896
42567
65498
86454
25109
9946
21040
20376
25502
29330
35784
80956
90431
34128
15643
2591
19961
7240
11103
7084
17295
92348
58386
34371
74854
97462
70711
98694
71814
74177
63741
77088
22333
23781
49306
2643
98019
62845
84088
72604
47736
64534
7782
15780
58249
17159
36943
18822
75793
96840
44423
56664
81916
24816
45857
10808
53543
9903
79229
39732
29411
93668
69503
30422
55257
22748
92060
14122
63879
82824
39566
57742
41928
25977
65702
34869
78994
79643
91168
62359
52761
59627
74002
89945
92753
87862
25855
78580
72880
85072
69096
57093
28466
69806
93378
86352
67446
68000
75715
5298
82182
55470
90933
60930
24468
27790
81229
65634
38943
99520
67605
44680
66709
3494
98117
67587
29075
36387
44977
67981
37447
64526
41244
33900
79926
99059
82410
4740
73306
46854
71859
97373
59683
29957
40051
1772
56159
21770
1534
96512
57524
47785
95217
62507
80201
2252
34979
47372
30053
19657
44667
59125
72143
4988
69595
98398
49908
23238
78298
94981
31911
70786
71184
44127
40771
70304
84266
65184
2540
15104
72957
4707
92564
52556
58423
48982
10297
4690
76849
48134
3787
605
37248
74338
40844
30287
1707
83022
59504
50237
13495
75527
39971
90983
15934
75885
64938
85394
76031
63410
13633
1092
21358
21982
49988
33628
94508
18813
44041
13771
1681
10789
39755
22899
15398
19783
75521
12474
85103
90545
58061
46986
10789
98302
54353
233
75266
24059
91675
12272
66742
20087
36001
51595
27190
94790
7079
18540
43412
98290
85246
41324
80361
52991
24998
87742
34991
93016
88468
23953
77484
76411
66479
86723
71592
28894
98580
84989
5343
77533
6938
43599
64050
91138
46128
4232
20760
84335
94914
61841
62802
81994
8986
65575
8765
84389
227
9268
29504
39786
94984
51497
46148
58272
65051
86714
33123
71516
84434
47414
19642
21510
31628
75681
38808
56775
79634
82384
55865
44620
59768
80448
13772
56122
32930
31475
2703
48238
34115
14248
97788
76751
70113
97622
83997
41715
82133
14756
18076
37162
1166
46792
27637
22667
13525
15131
45484
46554
1931
87926
54555
89490
14510
90315
8036
66740
59898
37505
48517
92780
53869
20397
74345
30749
64899
94794
2171
87657
60064
4374
51285
87358
32396
39848
32758
65952
66520
26225
61394
90255
38239
28654
30276
54005
56391
42855
62239
54670
90087
97991
194
32500
77634
89817
5673
93030
40338
39707
19136
79573
42048
36898
68883
53803
28048
25962
16960
68504
97081
51351
35630
16282
46929
38573
14839
46696
54696
31848
48353
699
2635
57305
35914
10234
88713
99390
41825
6400
77202
73085
26418
17932
16155
66844
59865
86437
69373
93184
66328
12520
94366
37569
75043
75888
52231
94502
80121
77920
90324
14562
12813
72015
41451
99690
90050
78065
24196
15249
35925
85566
54503
30499
19956
47170
14866
65114
69325
91873
72665
30784
99649
73476
5672
90978
25463
31267
2021
76493
47244
28145
14288
52425
30120
28031
3084
58158
30125
64622
92823
18790
57001
70389
20181
6017
89866
73386
88107
19951
32209
2129
51463
99198
90847
98111
10141
47888
37132
4073
37805
11991
92374
28814
39904
16848
55990
78365
61552
35354
58287
44805
70791
20401
78080
8567
12192
17676
41241
18361
15466
73967
19690
29962
68395
44493
57910
46958
96033
61213
74438
36853
69668
9080
87163
30316
92263
141
31323
16575
13469
25377
8685
10377
61368
92038
44895
60538
90060
38615
58884
29699
10130
51629
83356
58273
96457
21185
47563
19332
48823
20031
48235
82203
65294
59011
19453
49822
34793
6034
71259
55096
41877
47576
85705
63119
1645
87513
68906
62736
477
62742
35791
59996
58248
6463
59178
32457
68037
45103
68193
73686
95716
98824
70429
86608
62191
60524
17826
57178
75115
94357
52217
3228
18622
63058
63529
72362
76490
28798
68229
80367
69719
83230
10975
69431
35536
75063
22137
17654
33379
70954
69468
50552
62860
58125
33058
20230
73867
29800
3565
40657
78801
23560
53211
48223
7194
3171
79377
73327
36244
49225
65588
36778
11871
25667
40214
97384
61196
34474
33325
28124
75975
30759
55744
72606
50609
42147
78811
3283
21094
34090
48355
25242
27838
98336
60547
42933
71407
98944
643
95250
70671
37293
68762
32342
82103
77687
23322
24773
76259
66381
70410
86928
19158
80633
24146
96379
57978
9564
57679
89033
8069
41798
41158
39943
58071
62258
43157
80211
51840
38844
40453
99495
64638
68192
89820
87109
13060
53136
82575
68928
91927
57362
1524
41380
4082
63156
7509
93924
43369
28589
46113
49054
87178
81777
62716
37645
53919
64688
58615
61291
64464
76555
26970
78273
83014
3220
14142
25804
61706
70946
14007
7565
66124
56910
24270
92462
29984
88781
9293
65996
47074
88841
17716
96869
7034
66238
50985
43872
73019
21775
29771
45267
81509
16130
4775
46996
68106
76927
91875
86592
88334
54080
24472
15170
97223
36917
99102
61761
45700
2007
21343
70728
51946
10214
90925
11955
43450
26658
74191
80083
95438
770
35734
79966
5570
67285
75535
82774
15375
19443
79185
2996
15218
90366
72373
77521
11372
94458
15110
25201
54402
1191
55630
18412
91365
54071
48336
54970
50156
76816
13076
44827
70109
67615
38876
12032
73130
8887
1558
69113
47224
50181
85578
78780
66491
97041
45107
57006
21726
3219
50186
66066
71487
90287
56958
76107
75254
60367
47488
81456
94357
39772
65211
71307
34891
72313
77121
94765
33091
71644
50528
8786
28586
88489
85491
52332
85774
32716
58421
46767
26561
61043
78064
9272
91901
4358
46003
62267
81633
7236
70595
14055
39066
87515
27688
42808
82909
62980
59560
44345
58480
65464
52177
88180
84360
19315
56080
19416
55149
60228
57887
12102
48474
33293
55258
62360
30753
46878
10610
47405
82572
63784
49371
29557
50525
38880
32704
49942
37110
59699
25463
40985
14933
56832
45198
11700
40407
94071
59140
29077
4478
42444
91349
55303
77869
10583
22189
70436
71472
68107
76478
26552
70264
12529
26925
88109
32292
10400
63398
42232
22043
35035
8496
62112
27766
7208
37978
71302
13563
19208
2069
5205
93123
70712
18076
47624
41181
64195
47725
23122
54540
42690
60699
85166
15627
32337
31229
77251
33457
37998
4350
66803
9264
38001
13399
29665
73111
97923
43226
69725
63575
78108
75653
8558
29186
93565
7126
86554
9871
93862
24382
97461
24730
82646
19150
355
10665
36541
51054
81772
20010
35263
57869
5179
58072
46695
97874
3890
85884
79621
73585
76974
41231
60806
1721
89843
10205
12654
34058
20244
93894
62549
21411
18241
98783
2427
64154
53805
45237
69673
37957
50138
67505
89862
42101
46244
33655
91442
17859
72999
57225
91842
29379
75085
80168
72313
77748
32312
21498
26112
72505
15464
81607
87106
74082
36042
46301
3014
72227
29054
14772
43017
79910
88643
35116
29239
73181
6369
69618
24838
92495
94994
65122
76336
32884
54381
39590
54443
96732
21905
54076
8326
47625
5291
96853
81346
45309
57284
21914
73482
62093
87787
98857
61489
17333
19418
10046
9991
14726
20294
71437
66071
34362
62408
27211
24032
83656
77892
19596
98798
29427
70419
61958
86196
68061
33169
67893
42409
58073
57412
76056
78908
99261
46823
67001
91220
14422
78739
618
40041
73014
44585
779
21081
50344
4734
23240
33992
64164
66435
78366
5975
16446
51760
8254
51807
87065
27629
78922
53066
16537
31613
69853
33039
34390
1415
59048
32936
70988
50274
17974
42737
12335
82780
84400
95232
54940
66599
19581
6011
64587
928
7489
25242
73665
40286
83335
87930
42146
4212
2617
76379
97955
94083
66732
22711
53756
31007
7225
37920
56892
4027
68069
4692
1560
23123
2018
65471
56092
36215
14350
28846
41570
47247
74553
32875
54655
94928
44485
97242
56570
32633
98918
37359
84217
80234
79080
84329
28916
85890
49200
62479
72522
51986
54299
80006
93458
14340
82402
94060
18858
2402
70111
67508
47083
59940
71049
11102
79262
63642
27643
44370
86695
31153
91060
93209
60416
66630
7991
99384
27521
74565
51954
79466
46330
44060
88539
12825
53475
19393
78455
20025
87147
92700
79764
97121
38412
48754
65910
83943
33664
48112
31567
18006
31149
26192
11623
74223
42363
91979
19804
89209
59815
28219
90178
15718
9360
31660
61867
16292
39502
60126
36034
73948
48706
25593
40146
19498
29321
85646
11523
51770
5770
25254
39492
38555
67599
71850
58532
98787
50992
79502
19514
34431
33450
84154
37381
10069
21295
53334
41934
20760
94615
72593
72586
5063
5333
27470
7867
8034
2212
58252
20789
48170
6560
92497
64158
4085
20561
52914
35535
73514
13825
11297
40855
20703
43983
15508
27871
82828
93628
71694
28136
92875
10947
65836
82224
80751
8358
59918
62868
20862
96067
51263
16783
48365
26757
88099
46689
63574
5847
94941
39115
67480
755
36794
534
29260
93817
59805
47795
72991
13403
32392
35325
91216
88277
29731
87099
31048
46522
66477
35969
24081
71721
35900
84278
48981
97694
18898
11537
95764
38757
77950
9756
24417
17706
33196
20091
21050
8460
79338
64358
72450
94896
41688
84369
78332
78225
78988
46029
51078
31828
27839
46023
83248
85626
56471
61166
81143
52911
44849
28114
82595
67968
71658
66120
28889
85546
81771
62858
29214
50412
34831
16795
11593
1054
33363
88552
162
43291
58777
44010
97565
5082
18264
1064
99534
42843
74083
64442
62216
44892
40180
22824
4598
93291
74325
36272
77716
93238
83563
85703
14315
83198
92832
78231
56359
92874
34091
28582
21847
1496
92190
53463
41377
6702
88684
41770
79551
74863
92981
57982
33690
95241
7567
70743
12641
56299
24083
2650
9158
52595
87169
40470
44277
43717
80976
64829
9522
46648
21942
41679
32814
82091
34608
47415
83333
99925
69264
65263
33496
76538
25792
36639
1250
32697
23639
50275
7161
63874
62935
29610
48034
78213
39583
41146
37073
52166
22260
46641
37884
1036
83335
82919
40955
19704
55427
29711
42399
42931
62166
91228
6956
22561
88570
68481
10036
31889
50078
12048
10097
88406
7829
39299
12382
67120
1947
13433
77170
30275
55552
7641
36411
55658
59346
82418
50547
77796
77643
35395
5250
13356
21076
10262
91983
41158
56756
4295
9508
25461
45242
61730
75133
15370
23459
17290
19692
56439
68232
77334
94733
87938
65927
40151
22049
63029
10604
42068
65737
6770
91963
68246
33761
81731
73757
21696
37238
98159
98117
12533
17030
62217
6782
71549
10770
49315
18483
50179
1858
95232
18010
75670
36821
38278
50302
70223
11651
8498
4231
95410
26834
49638
65256
84589
31985
86365
43941
20957
86453
43936
15647
12336
21997
42417
31134
7622
74404
69124
10777
13072
23474
94349
53925
90331
83103
10036
13016
53894
60406
99877
52089
72462
70273
16932
3398
5451
56583
8094
20032
29235
3390
97755
20279
68476
21391
48144
56846
18687
42757
76273
83403
50680
88721
92355
7837
51626
71806
75823
27530
2495
57324
43186
71060
13229
90571
74577
95880
69332
68501
13770
70307
36196
21352
66086
93440
98844
81406
83531
86402
24301
22507
6830
91355
61117
2547
13925
80727
35367
68294
94043
9832
27903
77465
13628
10990
84275
7714
17360
27395
98862
93520
48677
55872
52310
44580
47364
99536
60213
26736
77350
13903
62548
22794
36448
42686
75203
89612
62553
326
3990
11180
95612
29029
35082
89331
78088
90202
25733
3837
6309
7658
75354
27820
14034
24717
8812
96232
68826
19096
66666
92407
44517
11111
40985
45909
83690
99591
111
63760
54785
16285
68123
19299
6358
9527
1859
90061
45563
78541
23397
48973
91669
49970
41727
32285
93430
1629
98089
65416
78987
66447
47936
3272
95499
86656
10622
94592
55408
66443
62277
57139
21474
25650
43131
39744
77742
37679
4110
93915
70998
73529
89240
28808
81539
68015
33438
57366
17173
26500
49139
64310
53947
44391
27834
79575
51805
54541
10440
44672
25046
66974
14664
67145
70688
70457
7864
60534
87848
94628
28176
79376
36128
42292
68899
94210
98003
55989
50366
71149
53555
88502
88717
39081
75694
48821
57053
90296
78559
8514
2236
1608
51105
59347
74108
12070
62910
228
9335
11513
34342
42664
14221
93314
16411
34576
75816
14638
27977
17783
25888
36213
25459
43240
57691
23570
93416
30476
49708
97983
70325
73044
57756
91565
79476
3903
92198
37277
17090
21064
20540
80830
79470
37776
84936
97411
92268
67203
99533
2400
12490
15977
36907
40641
88474
23884
62145
10311
87630
19201
76140
51360
6850
90965
23598
65314
4179
54325
21642
48323
47214
46106
42316
52344
37955
28431
88838
82345
62775
94080
26164
89837
96089
68001
27425
92295
61388
35288
28738
796
33667
74536
90273
18479
94764
75163
20
89499
91843
68779
99819
43661
91367
96109
91049
44156
49641
15130
12554
15430
21888
45755
98435
28296
63738
78449
38470
67225
7501
11263
45764
54819
69868
31508
13229
2240
60949
11384
83060
50733
33767
58931
44174
74285
93328
1397
68793
31581
64229
79845
75000
17647
51595
41961
22492
23685
92561
69518
53471
74188
33729
2005
57514
2739
48780
89114
37047
12806
66466
39554
38800
96107
96323
9889
32086
70264
42063
41350
29918
89487
25209
74339
21366
57784
10299
69916
96037
93817
1763
14891
31728
4116
38635
91982
97176
91389
40231
77646
17345
6039
88503
73644
37166
19242
27867
72618
41640
92322
76326
97844
48414
20967
96716
29321
51813
28789
9205
53866
34176
76792
53875
86205
42876
28389
29200
66206
1970
23735
19297
68707
16912
95173
57463
32747
21649
19229
16820
9026
78759
54079
69178
46227
36443
34296
78879
57067
33644
72058
12861
6726
32947
64948
88774
37560
36615
18547
53812
72378
3292
66773
24382
31374
58375
77573
25607
23281
36668
68632
91793
9533
96056
49219
75727
45784
5051
10007
62328
5692
60749
51226
78646
91204
65153
4323
5246
37199
48022
61970
3995
64116
48154
71402
29123
61859
25898
2027
10955
3476
41813
70736
50870
97902
48991
14722
26185
67733
16384
81655
36602
76081
67596
22955
38662
77496
61038
17785
11809
35351
72717
82646
14120
91010
62929
58666
6419
30389
43262
36651
70855
48038
30879
95032
20360
90314
29278
71984
65803
20832
27120
39405
25129
21278
88622
93696
18671
94102
90461
81097
74130
62884
59375
43442
15393
53399
97443
67018
51571
46873
82727
57209
50815
93213
25214
18309
59050
59940
64540
65632
9306
81804
52333
65547
70345
45014
4854
20620
52278
26162
97204
4423
48054
17065
88449
84284
85928
36679
44085
18781
99429
45667
52168
70633
64886
67564
20917
74794
6400
72114
82619
29288
73018
23373
42589
90952
65503
46222
21481
47588
77439
74209
63702
81224
41936
59899
2822
9126
6050
77638
6443
29399
69839
9254
31238
26255
47537
35847
39274
13787
78126
39461
23903
52794
86895
32664
28643
50741
65550
13626
14411
89053
99277
7606
49927
11775
1060
5454
91971
59782
76978
8425
41065
52237
19669
38071
47428
45887
40852
10371
71296
17293
87481
84116
16429
58155
38972
7071
79363
62792
48475
2797
5887
12521
646
63941
93515
10433
82998
36117
24283
54894
10141
18082
16051
49810
90425
95722
53991
7021
18627
28274
87131
72308
83108
18001
53705
42352
95942
75096
78208
52629
55720
73980
80169
19901
17100
44994
49445
20225
26123
5957
71251
81171
12584
91719
24526
67867
15297
18578
49650
61228
94849
78058
74175
72290
94355
81137
80598
98043
72498
12886
45632
84783
28347
67099
75438
61997
12452
36641
60155
43891
7174
56658
10638
17065
63125
81707
84124
1307
70832
15236
65578
42162
20020
6493
58288
22349
58571
47079
16537
31969
45985
205
14630
77034
29815
2941
32114
99053
497
29110
30608
67788
24683
91631
35985
45188
29896
42050
56770
48487
67914
14004
90387
70385
10910
96801
17234
40905
74094
20968
55957
95830
68890
23057
99382
68283
7905
70583
86584
47280
16377
28470
17448
351
40638
89745
16160
40568
66055
27488
87173
4529
7508
83893
751
18878
20995
88841
81001
95881
69826
35528
53230
98510
92031
50326
20820
51061
61500
59228
50277
85900
54238
66579
88519
19777
60580
13708
59358
53305
77684
21177
14439
77616
26641
19996
79109
40781
40553
23402
38809
41153
47659
43451
1194
63484
87478
20592
5156
96044
33932
41697
88860
35700
67109
18627
32945
5445
26656
92659
92559
16123
53524
63586
96750
46166
56325
53308
51447
55922
4722
93910
82054
85638
8779
22196
14282
83926
12993
55796
57578
53781
89173
85978
52194
63515
34962
86425
54155
74783
28982
62939
80024
9841
52427
55245
82108
35223
69717
6698
46761
52417
18660
5891
23124
44395
22024
89639
17845
73935
96324
34133
27146
32068
124
2075
67930
39991
13224
58473
66295
40356
48203
68600
73597
41169
16157
15440
55671
86567
27747
60858
60256
77870
84993
27491
48263
26148
90566
54154
78540
1114
75493
89799
59432
19724
3396
65975
89641
27034
62061
48360
57242
39687
49058
52797
69345
41933
58157
45566
65857
80731
64053
97216
89152
31181
68493
80460
29955
82694
9703
88111
55382
78797
40678
55614
27784
67777
33489
80803
90354
65721
10819
77224
51224
14237
21503
92575
12360
66171
94016
81131
45280
69095
79
1775
52108
76658
63054
56785
7949
62021
57585
3115
42805
94330
86828
30606
34094
31511
70631
64146
61562
93896
99471
21983
43701
13945
74726
57233
73303
6765
49786
84908
43158
41533
83123
31452
17737
73200
26694
73894
62503
92499
46215
15953
68973
44182
96795
10603
53598
40995
4491
87034
72100
31515
24404
36543
13845
36463
42236
77384
58642
95480
57279
41299
3497
53203
21863
53914
378
45917
71706
6464
70742
17958
50669
67222
82339
21461
69783
74602
51068
63289
60608
59212
1685
97574
42968
89726
80349
71828
59972
19352
7100
37008
16531
44694
36508
5117
93870
53694
12132
87275
71886
91377
91710
47474
51432
28782
31802
61195
31267
1437
73740
74891
73514
98783
16081
58301
82365
27119
31055
81819
69954
90389
21690
93705
57817
21735
68498
65614
17901
91676
84042
17039
6662
91055
99940
8874
38587
80236
31351
21676
88228
23994
99282
96943
28238
11653
16923
74228
76488
49639
14160
70297
96955
96402
53359
22583
3542
31228
5137
47514
14535
34632
94481
8222
91493
62637
47722
78594
25354
94373
69246
23564
47614
84788
42259
36889
8239
26419
86007
47711
3325
48728
39717
4577
1649
12260
3872
77454
84398
96072
87644
40630
98880
85301
97500
17098
94224
20127
75893
69967
47385
4205
85330
39519
63765
58015
33873
60188
33745
18940
49514
49201
68544
58264
86096
58599
39498
42974
14896
14273
84325
98367
76823
18197
10684
66167
9328
66664
3115
69689
18730
63268
63853
48151
11127
61720
85549
23920
11153
3084
88280
77877
5880
80448
91540
14041
87831
43616
63402
60981
23492
45286
7038
90198
1093
15020
92863
89316
96720
81324
99066
70607
61131
57718
48073
29528
74291
34381
77737
27865
59288
99070
50057
8978
24548
79966
35774
28081
63004
26080
81140
16061
56639
63663
56894
63807
63180
61294
43918
43502
54273
60554
12225
51158
35198
87256
47217
19587
35015
96848
11278
24432
67176
9925
31687
13030
90131
18272
6978
72403
18245
31161
91179
8778
73926
64114
23081
92176
78095
91919
47692
85546
18182
85557
50083
52032
5573
54494
95082
44046
5049
95479
11456
71623
83302
74230
39222
20806
52040
51739
64836
93971
27860
37249
55030
16431
32925
19521
10851
10748
51538
73124
27966
16235
85316
48547
75365
57379
59590
61149
65015
94923
27597
16788
24003
61044
54007
25860
74107
67078
17640
46081
35239
20870
43407
86892
82550
17120
2727
71793
10672
33079
75129
42944
51463
44198
1439
16903
22699
53394
53475
60424
4828
91278
27238
27740
90042
32778
92893
60772
52569
56218
85462
45895
1425
85182
71736
5069
53809
17267
18408
58614
63475
29653
94760
32536
17323
30511
40282
81588
16025
9121
63362
87636
13758
85388
35209
53667
37098
6110
67230
77544
53460
97685
5591
30177
97572
2513
72789
52152
19306
91706
63525
72644
98417
4138
79427
66751
45934
75993
31641
64351
90194
15620
23174
9012
52351
97689
84697
24957
48120
49666
82780
82567
16240
2283
80110
77411
79396
914
89385
16898
4037
63722
46370
56623
66734
14571
77646
83914
88820
71001
449
3517
46011
98287
72978
54396
94405
15401
67035
85278
28325
79979
51037
81554
81874
64658
56128
85824
48151
75636
78519
60478
8167
93878
20610
81867
95278
95754
59885
47435
37890
53315
36630
49504
29592
22135
88556
98945
75347
54511
5075
79258
82776
17710
5827
23135
71293
6556
9808
86862
2560
40462
96677
16896
93299
61619
65098
28076
21684
59293
99524
92985
55739
28522
57691
40829
74093
19279
6967
94134
2798
48960
71107
5476
60947
72286
51380
77826
70293
37149
6627
11935
74978
72145
64630
79037
14413
88373
59005
95590
34758
91063
52407
87621
19780
67683
22229
6184
83998
43979
67926
16944
12633
56016
42098
47026
42843
35151
94355
18126
19295
26955
68989
54281
64674
36978
37198
6505
71994
35183
48831
71788
25414
13740
29643
4357
40255
32898
66983
12405
67310
95167
47407
66466
19928
19666
95682
86
59412
66837
89091
52247
76830
15159
1825
65854
4387
90342
56272
53686
60764
94678
96278
44404
12024
12176
67106
26925
57490
94618
11158
87576
24770
6783
80005
13280
99055
53979
76183
16550
56386
74404
68714
89778
53302
46904
62035
32979
56715
62144
88674
85019
4025
55678
30563
36272
76322
72888
35361
20912
96673
62400
20773
93796
36030
1823
33276
78015
42307
47998
56118
40884
55945
37425
36619
13810
38603
93024
51320
88925
94716
11475
96327
10473
33653
11194
85389
70645
55462
88278
1004
65922
18222
25640
52857
54959
72038
28659
74616
31859
96727
88720
63939
64821
80044
36911
98538
15819
61634
67044
49076
19694
45051
36342
11395
59190
75826
91903
54806
23351
81130
89440
42887
88696
42047
36677
45205
68779
69789
83088
24701
73422
81359
29509
56321
21566
73456
32785
32970
73490
12862
91928
92586
90395
66284
85306
41850
56982
60406
57473
68322
74698
3727
78281
19767
75493
34679
7660
53278
73838
33289
76169
81455
62150
80816
52688
27765
68897
68345
80781
71377
71162
17027
13135
75262
15768
4179
40564
14704
91035
58052
64307
1270
11746
83740
71877
58238
99901
53946
15184
98071
68170
80524
36850
54482
95375
19261
95815
11906
9906
15850
12342
2274
14168
83349
79678
59477
33048
18643
70233
67913
60252
88161
40202
69813
99507
35476
62504
61282
29909
72877
84103
44773
64629
98411
78623
80714
58268
12602
26843
18252
18983
95689
3009
63073
22271
5881
35001
25683
4529
2130
1115
45353
16554
54544
2713
63108
18865
32314
22598
69797
35937
42899
82883
74156
81441
96585
19204
85115
33793
15563
26371
48057
23667
23576
89344
77842
78628
92306
12339
85179
55158
86034
95280
7764
22651
86517
69974
9159
53296
71891
41748
42860
25299
89104
8824
55823
71427
1868
76822
10025
50963
99797
22545
60074
55274
85724
7049
79033
77978
59237
72609
96466
70650
75031
61579
63118
68067
5844
93203
28769
98915
48067
94149
76508
46817
59273
74139
26770
84527
15094
72359
67544
29573
72155
16698
64518
26463
73049
26670
27962
95765
23252
95830
77947
67123
31047
91104
80251
34324
51921
20036
86710
1312
99182
19852
39351
36319
55904
29056
6394
3577
61452
42701
78796
43115
62369
8817
87022
73800
58802
94149
17369
7434
40197
47783
40571
70291
72580
91108
87327
2053
96337
10366
85707
48409
50519
1887
83203
34176
89307
67547
16811
27860
54129
72507
5417
31002
81707
33867
57033
78199
92269
19905
89082
77708
23867
85736
51414
15247
40019
10153
71806
25479
68503
33941
53860
79428
11043
10002
83106
76440
60862
73855
5032
15446
14987
6373
98739
27078
51038
61468
17145
19553
68588
89111
52001
16399
49435
88461
82606
6747
56184
30917
97949
96016
50536
87773
93124
44211
2710
22039
54266
23420
71115
82465
57878
56946
61372
30367
41199
21089
83517
8311
75106
21819
49235
85913
82482
38792
14248
7081
91210
67371
91223
66794
56638
75124
86983
26121
55824
13243
40276
44643
32974
63743
23464
78868
14968
55227
15369
15709
56383
89282
36685
48529
93129
52407
7688
73436
21265
41611
70790
76689
53612
27955
35316
62638
5702
83557
80152
44878
94795
23568
94625
46187
32545
4918
83480
99309
7154
89383
44598
31828
27656
84986
53776
82078
17969
42858
60334
4085
89282
83563
49721
95960
76152
38599
93970
64708
85946
90714
61919
31359
96281
38918
75776
5378
81497
39380
3008
51200
45866
84648
61927
21558
69071
87647
5260
39441
82911
98408
53384
69271
34602
16060
53190
51187
14995
42075
42070
62049
13212
78596
73152
97425
49984
98577
79286
4795
34841
97037
50851
50752
3297
30099
3903
80313
4854
77252
54180
75167
17815
30724
4219
95798
43531
16626
40111
77494
70337
65923
47684
29783
98993
73177
86912
96248
20097
45861
86919
74700
51269
40598
89989
34115
10814
55132
19043
62800
99298
30718
5373
81372
63772
90228
15083
30726
53930
23426
63483
27989
37029
24114
42047
76540
75998
83085
33602
7944
69859
10741
14358
12585
63584
80098
59498
47354
29955
21015
85783
44655
64408
47456
29433
57371
61235
29131
55675
74779
47147
23424
52491
65635
18851
92126
39181
12034
72389
22035
24619
5076
36136
41271
64137
56772
93008
62918
39478
62780
76244
18392
22047
93387
85242
11359
34078
31985
44639
76636
87280
69642
25811
72479
42885
28468
11776
89689
18032
2431
21804
87647
59709
7153
75764
87261
7362
66579
93208
33941
20686
75995
48310
81747
75423
28822
51950
16558
30384
25618
28740
92029
72143
1093
4836
38259
88620
50238
99936
35064
8973
76678
72981
76838
67422
78514
76396
83709
19718
89224
5500
89443
4341
7276
44396
93468
21306
92870
96918
62305
77233
46769
44839
37472
89785
5090
2756
7792
36228
41811
57062
43472
20807
71563
53414
4763
43729
51692
75571
2825
15449
51545
7296
13701
59472
71106
33243
2982
8949
25133
71320
60685
71591
15747
92620
55738
54933
40628
64501
99595
47762
55048
76983
60563
41316
80579
47073
78578
91035
8627
58766
38518
35615
54809
42792
45806
92194
17330
77767
53735
13588
82433
92182
15333
35221
51739
72694
53184
11558
98255
68156
93272
55640
78512
73110
27478
61958
37728
9804
58400
8191
20058
31073
28665
65147
45276
59480
45555
56175
53040
98643
8881
56603
44053
96150
29342
94400
21679
65578
87652
10287
26311
61278
27210
27709
48352
59816
9869
6930
39736
82441
87545
42529
97494
55279
55108
22418
67735
94196
71303
58683
7151
23395
33882
60685
97374
63771
98635
90666
21648
46091
10683
43701
25521
83069
15637
51618
23724
2800
27691
73804
70494
43486
95503
63973
63099
76156
52523
77608
14908
85120
9726
7818
39236
91740
77812
60463
92878
66824
3712
84569
32661
5822
83833
34172
26719
65183
68366
78477
77383
65811
32614
42040
63909
23022
2904
99280
19581
80334
95012
27233
43489
80480
97421
55329
9283
11842
60628
78949
26714
20771
19570
41393
29104
98439
96465
63239
89767
85671
75176
18529
16230
46485
66065
93081
50756
7132
15560
88357
56239
91430
53186
46528
49560
54968
79943
62371
42655
92952
79278
43091
61815
41999
56692
75284
43318
7529
92249
33404
32764
83320
65847
79746
20797
21112
37855
83860
13100
5454
4146
712
67589
49834
18297
65290
61591
26636
62689
97333
84909
41539
83286
83389
9272
93839
3867
91720
31899
4584
29828
75229
690
77976
80112
91156
43615
98659
96134
29997
4498
40039
72970
57629
93685
31518
44028
5219
45649
12320
64622
71065
57473
19334
69184
36134
13681
88329
85722
6608
67314
96809
3141
84975
98941
49354
31494
3676
46657
98168
19800
42408
94123
15595
14373
81769
73009
78533
71681
55183
42651
50840
98435
20533
17646
83110
62656
84435
16982
58496
38438
12785
62064
63183
95922
56597
95217
3601
81070
8381
12118
53659
20490
8201
93002
27390
17622
50607
66125
41508
40314
95410
99591
15673
2611
48109
33929
98950
52234
47144
42619
39224
32881
72205
87336
65887
44893
48053
41027
18483
37819
64988
24980
75121
16081
24979
73378
99587
32626
79188
10143
30046
47580
23119
85643
93509
34514
74691
83910
74731
10705
92105
58197
98517
34162
57418
55023
64445
20795
87249
76005
58067
5378
49659
67277
67806
46463
61195
35594
46784
53548
39418
76633
26072
44571
27083
67641
86881
80789
32125
36664
16152
84427
97305
56567
28283
74010
67788
61529
25356
1760
48782
51853
47797
33365
60192
76597
80581
42601
2613
98899
13144
71704
57735
42127
56021
97708
98218
21383
82673
61487
4030
37588
978
37642
3646
19188
71054
26879
62293
80474
63377
80864
86672
22734
39196
84299
26062
21954
39627
43523
79541
92626
52975
86731
51198
80310
56794
53825
5456
16776
44698
71636
53098
45037
60476
62820
30074
61442
87986
47925
81547
31653
47471
33327
68699
38940
82126
25205
59498
76581
13075
77280
41806
38588
23497
32312
7364
50434
87979
84878
91297
40688
21214
78169
65990
71288
11771
33419
98578
43860
28203
49295
71921
47950
89354
34241
70514
7019
86670
29162
91287
37045
62881
8086
49093
97347
15274
78420
67995
40135
66763
55977
98048
10004
27459
41713
68341
38825
64691
84308
72489
50847
41309
71009
66187
87691
11176
1354
18522
83984
10816
3419
53273
95876
93051
67544
94558
58557
49558
99058
76681
37176
1950
54789
64690
22374
26763
10097
37243
44724
61287
38387
19109
98837
23948
90144
48030
44942
95786
90269
94423
43645
37768
31230
23572
54855
50498
46393
7325
11517
93169
16518
28402
57482
16073
60630
54427
80828
68444
65644
38557
87532
93627
93564
20232
48428
76828
40959
38477
1484
1687
47408
2989
87720
60810
6
4013
79250
56861
25071
73798
23319
23936
74661
81112
32913
1200
27759
20158
70537
93464
791
74269
85894
50484
35811
39703
27702
93905
40626
19036
82392
9616
48085
3392
81892
25098
32488
94887
56216
27534
79244
54204
84639
66501
76130
71169
22624
28246
69990
15105
45921
27685
41829
56577
61557
42294
34588
57110
57641
63919
9550
93104
98567
31932
10594
3763
87589
78892
18711
32742
28750
85177
24165
67012
12170
7621
64946
92656
4300
22687
46925
43238
84376
59237
21098
10253
44943
75140
11514
89320
76152
20442
95399
14891
27469
22813
75273
17419
82239
26996
32744
78318
19335
80579
84942
52226
459
69252
18312
44074
50600
30256
67865
38514
35874
74558
30011
47011
30629
82882
40467
63698
11351
36983
44559
9459
17277
16663
97951
67852
11719
66598
70350
80100
7128
87855
87387
20794
63093
59238
89464
22577
71018
28909
95454
32969
2707
40178
2283
73833
37166
26550
22810
11864
20763
54248
8125
91084
23596
18287
20952
20794
80335
70598
34941
42731
67797
76194
11264
30063
10718
45200
6903
38411
89891
65369
34288
19022
33344
61415
45295
69506
444
35521
59458
80542
96118
52466
78946
41912
73358
52072
93064
99640
54765
20633
79050
18215
12178
6880
93041
79942
14617
75204
8312
5820
6186
21593
19267
53479
99260
72352
3546
62419
38692
81385
99968
64840
17726
72218
16052
38013
12214
34023
68963
91467
23764
24065
77736
1981
22178
68492
43874
4291
90779
37991
65456
25222
52945
73104
74443
88438
63867
98944
52000
11167
51033
93586
19272
24025
43622
47618
12710
17470
26297
15376
19229
40183
22776
9603
73868
19024
71033
26698
35335
95594
55062
68094
90930
89039
76877
59011
35132
91072
3601
73549
3286
68170
20368
76928
38735
70679
75330
71663
4685
14112
63819
6
43722
30272
61485
59715
55337
65860
71629
92095
94707
43103
80607
74155
21426
46074
81137
27541
91466
43144
39346
53386
32207
47992
82525
18037
27687
7748
47718
55686
71196
84230
18463
18958
55294
19305
18151
21670
20499
75261
25520
86287
73692
6149
26347
81332
17445
40491
20947
11499
78856
29396
69074
92315
59392
93133
52564
10040
45509
89924
9926
71913
41480
13396
41546
25931
54284
83064
20538
37134
59199
16672
34615
27901
92084
80801
16813
11355
3039
74759
82532
10057
40844
87430
92582
98308
56028
95470
29928
69963
47836
221
46743
90142
81476
50862
34208
51777
89705
74831
42683
1344
5664
59664
15445
96717
2032
21815
13177
9382
72946
30833
11131
36945
55208
13763
70145
27881
56791
49758
80877
86930
86146
48977
41995
15751
47748
56761
37556
29014
25674
95411
71901
24481
72395
34705
72319
21509
96452
5099
64515
94039
58004
49901
91498
71210
12337
33263
95286
51757
24678
28194
81529
81330
87818
71717
47800
1706
23421
44183
80827
58987
63713
62856
40692
71667
25107
6024
56713
11398
21669
80065
37728
19668
7001
1184
24646
94486
27932
53677
79451
53718
44156
68797
38174
13006
74855
69565
30417
96489
6882
17711
98568
81766
84771
91025
81716
39772
85836
47448
56614
58103
15973
13436
23906
45407
43156
78477
95458
12601
91611
54627
50787
37159
15278
88627
2801
13003
1455
10141
3722
69802
13320
72226
54897
74219
48996
37043
27537
78238
11691
8325
17387
52761
19705
37409
8895
49182
69753
34808
81811
45464
95139
43443
86851
30244
6927
57992
96709
35405
62932
56552
24823
68528
12674
39126
2184
30686
15224
37458
35327
30367
69059
17011
43532
88115
78548
74804
71241
48531
1341
26597
70925
55991
328
78178
21165
64177
82099
99488
14863
98135
54315
58756
59052
35998
96772
58222
65057
24673
49043
82482
56339
53217
81577
43623
1148
7975
108
66680
7862
68228
45971
83353
22883
25305
2909
41108
38423
19251
94895
33568
71043
74670
85833
69235
90750
47066
52067
33518
73297
2203
19753
13527
30336
23370
26384
12932
48464
76633
40180
78835
23578
61908
25584
64854
68426
52515
17848
95756
59892
44012
77782
79755
7380
11189
80768
57529
87072
69991
41426
94555
23820
5230
2254
4100
90201
3068
34956
80302
1660
95566
87583
8871
95527
33319
16614
14947
90390
19000
46156
63599
30040
38433
86109
55334
77399
25456
79269
81788
89350
46024
60710
41623
20486
95902
16885
35070
26100
79645
93170
39530
77811
5481
82467
23097
37938
58752
61452
17281
39418
8093
93964
13217
99031
97622
78167
47923
9792
51269
10060
57278
93956
93923
53458
67625
95826
90768
57844
35049
76165
28848
13238
59131
42314
70255
33170
77645
56240
94629
34708
47670
64139
91157
7694
72902
2661
1295
7224
16344
63938
28149
66216
32869
58830
1339
33067
41778
43301
99591
26845
64201
44030
2392
19338
36069
13301
13508
62785
18470
17876
18969
62098
97573
30333
67173
47012
21122
72758
63792
28981
49017
64274
52967
97903
33650
13976
57492
30371
71864
80530
53992
71717
16001
8308
39419
74308
76044
56071
49643
8996
51114
30705
7072
94138
39474
83491
54256
68227
98552
45023
62558
22882
52536
77347
96924
80244
75052
35990
85298
66961
64798
75886
75287
28353
42295
42556
83932
36376
44053
34517
56840
68080
69211
54461
75678
67041
34466
67666
49147
51136
69037
62739
12699
12497
30491
2315
13403
27082
26742
39133
20441
84710
92776
18637
34039
22307
47245
61769
13567
89657
5027
50675
24384
57591
54654
1548
61335
49243
63480
7838
56873
1709
63749
98053
67180
46936
74213
83996
98598
79879
49907
97728
37069
33752
63418
21635
63277
51744
41064
93839
86920
35515
67450
61396
74647
8749
87446
56432
16303
97146
66136
93850
4735
10815
94404
14411
97686
85099
94714
10442
41121
29917
98792
37939
69490
87739
93593
83907
63420
66508
91563
46722
87738
79699
22718
63021
44944
26568
8969
33439
87722
39893
72422
31643
75520
94442
82382
99385
3003
22717
1151
12938
22513
79169
81145
6154
84268
97410
69000
36738
44521
77595
21020
31382
18491
60212
14516
36817
74864
46971
13177
2187
52684
9821
72807
26869
10577
20769
38662
22305
10656
20354
51287
50512
10489
16231
13737
61465
42655
20513
92972
64115
62103
62752
84509
49632
94574
52722
89471
82550
73594
43418
54731
18730
12665
20200
83070
3099
79286
506
45201
11352
26186
27023
17670
656
1214
69284
22334
8277
84495
59213
35495
90315
37482
20721
91667
35858
86007
22370
47012
92685
56243
65112
88835
42575
82229
35818
96623
37954
52978
33256
17939
55443
57435
37463
58513
30781
19716
3050
69434
20304
53408
41145
91583
27390
38984
85121
62753
47298
74234
63800
83077
31085
78398
92010
9764
57518
86148
41781
15199
46397
96201
49854
7727
58277
4729
59503
51450
43180
54862
43725
75522
22944
54134
36889
3383
6143
33171
72515
26253
75491
27483
40422
51272
39752
21440
19525
70164
78363
32554
23424
99729
69378
78784
27090
46411
35426
5926
35210
3079
35312
1536
49795
69978
65144
24117
59458
91636
95939
27791
6477
83481
22633
54750
79203
3408
28051
61628
61915
33621
96043
63691
91580
17833
73154
19707
80150
83657
96286
18440
2940
35836
66303
37376
25279
15365
16940
769
31016
36409
97310
52033
75825
65674
66408
45639
62784
43714
77409
6295
67137
8012
6737
29868
37215
25963
4916
20957
14879
99758
85421
3297
96826
99707
71466
6703
97108
32456
5552
19327
15261
16234
86915
79436
68868
92676
36884
88827
28083
31617
77544
60980
17675
12124
64928
26543
66013
66396
28266
33195
70337
76478
57828
78871
21751
63178
1288
39027
16696
80392
64568
26513
66104
94635
51655
37173
7226
73163
36610
10972
45871
65489
25337
83800
77421
70219
36814
20025
25833
82527
11225
42216
72112
96700
66421
64077
14823
10764
90187
91088
27517
84742
32377
2780
60234
85185
77022
57984
24839
37282
19940
76015
90473
27542
26315
19815
39003
61883
8462
70894
66967
30776
45045
7353
12416
80110
97910
52870
98687
72614
98792
90761
55001
57193
165
87780
96937
94767
39067
2128
11967
47311
30032
21272
4916
31701
89584
20740
84457
79697
47157
27795
60667
78092
33777
84193
18917
53334
2650
31048
37683
5979
40722
55459
29726
30420
11058
79822
94376
45369
36147
89289
18838
91668
17081
23099
58085
96144
9021
30195
64586
7601
99253
86250
1419
47006
14658
84773
5075
85049
94901
7990
5974
45231
44510
92257
51169
80810
70451
22204
40540
8675
6042
65904
44416
69525
94099
30173
31919
51534
86981
54297
89780
27198
59459
36089
14648
78994
63707
87496
56382
41082
8699
5172
36508
5638
67328
9000
15574
53808
45852
12596
22424
35538
66499
49737
17520
27960
6643
9984
64134
43088
97085
12250
57754
10174
91092
37410
35608
94444
99441
879
99993
88127
7777
61510
18425
964
47627
90780
69905
7913
8738
82936
42577
81897
8451
93527
44828
73343
25611
81193
55583
33756
3993
41465
23567
4051
19643
70698
8158
89169
40984
80797
24730
31914
38521
95471
26242
366
22165
34559
60742
44955
82263
20622
15770
76748
61710
7646
67574
51631
86705
40957
51373
50293
20364
80795
75752
4066
26380
66422
20127
25636
95107
44951
70003
56832
16857
16725
93707
50055
83823
67416
62089
60904
81937
58328
16551
73984
64279
54660
70675
84652
34712
45406
1093
32319
10124
10179
22009
3919
47963
88648
95054
97225
97671
28257
14170
30821
7220
59963
74151
1556
52880
41161
47181
95541
45794
37820
94349
11688
36851
84650
16904
28122
67283
1457
11034
6047
23242
50166
93590
48989
12573
67334
51327
34372
34936
37341
97217
13596
39230
37445
41738
50008
23658
41398
2728
8326
39296
46172
35679
86120
77270
73271
15239
16476
30712
79067
24576
28279
11421
34199
46676
31953
10980
35571
52295
49146
35626
58546
46653
62859
79979
46423
13800
68375
40977
23908
43756
98399
51614
38558
63090
69636
62067
6220
30629
29432
49787
34814
43628
22382
60823
9963
64196
76400
89670
46322
5530
11022
93808
99618
83010
9236
62255
26101
97718
31573
17403
81815
14287
1731
82993
740
46617
8705
98783
11728
80758
49136
44238
37696
98354
82629
3820
9717
54653
81083
13493
77769
89546
20837
76990
86802
81380
14748
1086
40547
9832
52854
31226
7378
25091
85240
87019
18260
35624
82210
36301
23108
72334
680
93735
24483
54180
39714
31442
37114
51378
99353
64839
87323
25902
36065
66922
75493
61623
49062
66221
40069
33361
46591
48898
35513
95517
14272
25985
14257
70452
7147
76914
93103
89793
68742
73112
24589
68984
76392
84827
86525
25143
48396
12336
1419
64279
96168
18310
3711
52846
63736
10223
34079
48357
15891
28201
45458
61329
18944
61032
79519
28912
20961
28162
18163
92706
48524
38039
28961
54850
36987
47387
97091
48159
33530
52546
4927
80251
93597
50246
6309
17375
22612
50616
93365
4441
86743
94913
64286
39443
17499
71731
71169
40017
78567
58289
63572
98311
21888
79031
63074
53525
88927
99624
71984
4128
22437
66482
922
33197
34181
55552
88347
67229
59135
27772
45612
27200
65101
67518
92099
9623
54870
28694
19933
45130
24129
56882
85943
70850
33188
9548
71254
3877
43545
58292
48743
620
83505
20181
84544
57026
39395
42822
28388
23739
57117
