66641
45146
57191
77109
30462
65278
69550
57477
96650
53089
29844
55746
46052
70741
66808
49639
43320
79563
75932
8799
80108
44193
68501
21353
75094
2968
55377
69563
40920
79780
82916
72227
24857
32829
10545
81481
3457
71731
8850
92080
28977
5470
54885
75643
29437
90899
60691
18988
26215
87026
41789
91688
15673
51932
39653
20502
7231
47427
55798
75718
8543
95801
70641
9038
86709
82154
78774
85200
49519
76934
94667
4151
32257
94422
51596
8128
88518
59408
70063
62582
54165
24678
75314
65301
73532
52280
62436
92816
43579
62890
21100
39790
38271
27568
31674
9711
58073
59749
86665
65453
77498
74427
21101
85406
7438
81453
76318
9077
72019
32721
89441
49224
25300
88873
33488
2252
74982
97048
64197
89756
1822
73841
89864
39481
44684
63915
30258
62667
14425
10226
22750
65894
47353
33271
1355
65928
35276
17543
36496
48190
17463
5785
51197
77990
2457
61824
30441
24080
37261
79200
51037
31870
5532
77502
96349
62218
68091
98096
67278
9702
36168
93492
12489
52862
94301
6173
2010
97594
43407
30983
25141
42623
3846
13260
51446
28086
27384
28015
99379
97732
55332
45141
67904
46680
38888
24723
11583
36708
24416
50883
78786
95395
11708
11952
926
85688
32956
32337
55278
85655
40458
20435
60289
27581
63444
44558
16737
43257
24549
92921
4065
15150
91168
23578
74882
94833
99096
95254
71042
88717
56206
63942
95297
38342
37511
94570
64625
73722
37961
60503
60250
73827
18771
45965
31016
61658
29175
98180
84178
56117
38260
20708
15911
30481
55732
12787
48790
37003
79518
38120
50874
22632
37273
19775
56512
94964
2271
36230
34967
82023
41081
17652
62131
97668
5916
72473
97502
71035
57440
35409
40604
47022
61273
43410
22393
2417
31156
98916
84625
70826
32272
55440
67195
7128
60214
26257
32083
14320
17110
97736
34371
74723
35615
81547
53165
24155
3067
12989
46711
79364
23013
20473
73300
44743
58344
19912
4843
41330
1973
18226
91494
63315
26944
36881
20153
21219
10264
17056
32397
3744
99073
40979
54696
23410
48208
48001
88027
43215
4866
71515
54952
21785
20217
92768
30701
27109
1396
99113
94738
61528
93834
99424
68266
82218
7011
35662
79305
88044
23923
65713
27299
16293
96884
92044
35997
83992
1631
87512
51730
10849
89798
71289
6052
17599
34257
78379
12893
12492
66931
85723
99360
7494
70344
31698
24657
73810
42381
29804
97406
3639
84860
44519
1993
16325
71875
90423
83667
58713
10368
9206
56454
44216
41115
68121
78046
23288
73568
31773
17366
85854
75863
42944
73259
46882
39266
269
83919
41520
12338
6671
32812
16967
807
51782
90066
66884
39426
17112
4191
43001
69064
50622
12906
37494
21909
92543
25740
9609
3130
84091
20236
82946
46550
61309
93670
10447
98604
94803
78135
85447
33670
58
98407
41410
54214
16595
41811
46149
80037
55986
46582
70044
88234
9397
10483
44159
15336
82705
9762
22807
71508
54311
27188
7162
57538
84534
63493
27665
41115
83467
45246
60955
55677
36115
51843
99275
99311
19153
20607
67469
61855
68650
44170
45862
24731
62429
37365
45464
68040
95121
74322
18948
89794
17959
7042
22794
7152
17871
50940
76588
35171
30902
14903
30866
80235
78972
67029
30470
83862
25060
67308
63039
65542
88100
63985
61979
8526
81660
31427
5445
47785
87940
87826
45910
36982
87742
98826
30007
48212
40651
74976
63973
43926
12666
30647
18477
99684
68858
92207
36087
99086
592
43627
87520
36941
54788
87294
98591
31543
86390
81778
77545
6174
65710
46644
18607
51847
2673
66879
32549
3234
5103
11075
68702
24619
73593
30098
74323
78011
94513
56583
610
88875
40058
27187
68947
11271
75278
66917
7222
14571
23021
46645
61288
20989
82195
29166
7285
83942
45475
96758
56375
87470
53823
24539
33724
95091
49914
92283
74565
82566
90788
49072
1867
70818
45188
49078
94045
63241
23301
15707
98340
5405
66887
58370
48935
59960
918
25587
2698
29225
66584
20930
24529
65260
88927
7771
68451
49636
84350
8391
49482
40823
86905
78302
46774
14630
96501
86857
60961
59496
92334
84370
77645
53186
18791
39083
69354
26053
82940
36215
10708
44931
7508
52569
33880
12335
14578
45111
17911
43953
6859
23434
29124
14979
30834
68261
13063
17932
43982
16416
48164
75350
28941
59776
34485
30317
72690
23620
70932
22294
50601
80110
72821
47177
59708
16428
6352
42253
9182
50819
76956
91055
6468
32151
17175
3487
80692
89913
65858
37543
6101
99150
48873
61032
99398
65175
80833
99762
92554
44066
54537
98112
7425
4941
18035
36878
90131
71474
72828
26201
23781
47187
69335
97361
68749
11235
65640
42173
86722
59279
14827
20011
90029
64487
58133
55858
18844
31853
26035
26150
64149
85049
94575
759
3176
54342
24273
10279
73341
28701
17089
25990
42828
17692
88170
26092
89931
44162
28666
81362
60418
20538
95239
20365
34650
44065
74476
51912
15604
7285
240
86972
21399
86205
57255
4463
73313
40271
74642
79559
17342
78946
85122
51241
22102
18512
54138
13427
71105
93031
15314
64466
83286
15725
5944
34560
76673
17614
19633
71069
7090
81892
48189
5577
29426
31745
10744
99388
54417
5563
25180
63586
16123
34132
52580
66230
87113
12261
14924
66682
5427
66791
90644
31632
49923
1086
73155
72985
37637
75907
72840
11655
94522
88780
22620
71680
60428
68954
48867
87250
39420
5950
69298
52269
14135
72840
94090
2690
59591
45614
47906
13366
14597
85526
24803
75810
5453
21088
1964
47659
84970
62707
76022
22905
85584
71139
78866
16374
58920
66619
86575
5924
98118
67820
77240
10235
59126
72274
76121
5919
62709
79967
36833
64954
76444
6535
21251
38331
29847
45448
88248
82250
64884
70259
17087
30822
86839
4379
3652
89117
50762
505
21790
60712
80882
14490
1425
37761
88925
59014
82516
52258
1559
69773
68078
66139
1787
99311
80410
58798
34855
60040
1961
84843
40136
91767
67750
77379
73140
87818
97908
7468
23319
27816
87252
15408
56837
922
53027
83602
2799
93335
18304
69054
24240
8362
51819
91500
18759
13122
73257
31793
58751
40950
47172
80001
19753
96595
85008
78405
43147
56515
4488
76084
83986
41531
81334
44754
37123
2498
50097
37090
17712
77977
9697
42345
39974
52268
44574
60353
91938
93491
34006
65046
55460
82405
42542
52641
22555
15290
16192
9278
2784
29946
60962
62124
22559
62791
7079
91968
96144
43045
65855
70246
45636
11170
31418
55958
87003
67749
82185
17263
30706
76823
97317
97266
48793
55016
47721
65662
54659
41664
82138
43907
51159
31780
97320
36133
86563
93024
75756
22255
63440
27863
32177
6321
50096
51524
17647
91288
22932
53931
61330
63433
30522
64738
85401
33785
64708
5334
73723
7628
33348
32123
65828
70568
94419
93651
89564
73109
7585
75194
65801
50579
62598
1548
63371
42136
94839
59891
29221
22021
62964
53553
84316
84580
23551
78439
25207
89024
28679
81920
57446
48800
57634
54749
48320
62913
62073
66525
27396
86351
9757
82088
80865
12576
53495
88792
80433
78606
53501
32965
57280
34927
42465
58572
1450
84403
94915
25499
99138
15961
22855
20987
3824
25325
47201
17402
60850
76898
83949
65109
52259
34056
85595
8062
79608
44330
7111
82000
8423
5063
44103
70444
15875
31147
62013
85134
63874
61706
71820
95729
56671
44312
77512
9500
75771
97192
55078
80168
38943
991
4210
17966
95004
29779
70336
42546
88243
54341
65434
93638
41617
75416
26424
44636
69138
69902
54893
12589
79623
25822
82078
87711
28690
50995
87693
5941
33517
40004
36116
81401
92682
85131
88718
85279
98389
5509
99983
63350
1174
71653
15699
37168
96243
70805
5972
54571
18482
76330
86133
6331
92732
90274
50907
62518
68125
57533
96860
40444
5384
70261
38255
11649
91576
88380
34851
35129
41073
96849
556
93503
64388
4414
69847
40001
98289
5040
84479
69963
2343
38932
43160
21038
30983
88395
97961
97293
76967
63529
89367
70692
93490
91888
47708
19414
20300
21668
60214
32721
62804
99051
79291
61536
14242
54467
40075
3277
93487
65599
638
88624
25140
91264
7068
91513
98699
48940
78283
47766
8626
36013
51843
833
74414
92616
93406
83018
63499
43833
10155
22716
38273
74088
63393
92590
64403
11562
1360
42728
57778
81046
82772
51024
67966
99585
80899
14608
67116
79193
34181
76038
25858
34843
6916
92648
20319
8786
19833
77841
26873
67213
58629
44621
57822
83291
89793
86621
66428
19941
19277
58119
97244
42248
11877
37469
57416
14637
434
73480
93454
6183
27516
7440
32156
30473
17725
52299
96811
45665
2769
46145
40153
85717
29770
37527
67502
36440
9759
9184
16608
24553
13828
52956
64882
29897
92821
20555
18039
33143
51053
1971
39444
76329
50195
32522
40452
23177
99379
9344
50421
9578
84363
60363
29071
77861
63740
77905
87061
62644
28160
3916
54692
71402
53979
31837
83192
65006
52265
32944
33870
39794
99799
73095
51268
62260
94958
40005
19069
1808
64714
26042
3649
66624
49226
21702
32736
97681
66815
75916
34455
36035
88391
50292
59819
56700
57395
13469
67251
298
99460
41341
8050
89780
51765
29526
88001
62651
91794
11224
89452
58738
27942
93261
55987
78615
72690
21380
93776
93453
74937
53853
95576
72311
13976
28622
83610
11923
68051
6864
71845
63505
9995
54057
68007
22735
54379
69014
78767
9235
86402
78229
17492
91491
11787
60461
28974
14660
8199
35290
10242
63341
17837
97561
20636
59975
24759
42892
53429
70371
91870
68618
18963
12632
21472
98278
32240
53720
91421
75578
79346
13998
98754
61617
23929
9623
59676
34030
97112
60090
12270
14012
23803
2372
29342
26450
9159
82532
58825
20034
25375
38816
91991
5119
2178
57587
21321
98217
6321
57251
75887
85495
4654
12867
76534
86495
55649
13826
2366
9700
99284
11725
45066
91773
22526
24712
25553
1918
76349
8100
23729
1638
7452
97822
56547
43268
87732
61076
81129
26758
11567
48485
34468
17311
80807
25667
46915
96404
57805
47575
13269
7908
32262
92498
90303
56178
79952
57132
27306
87056
24418
86331
49683
91945
52593
76336
99014
93291
23343
54929
28389
35952
2669
90159
54401
36648
71170
83653
22956
61732
25092
68172
67269
90401
61202
50524
99826
20526
90516
58723
37932
28412
95290
94491
73940
2082
67138
2124
90820
12778
82069
86622
17600
97500
5425
11160
72874
1380
5633
40602
64949
2434
86535
73971
73778
99919
95868
26592
24806
22311
59503
62754
26941
39991
24489
27355
92535
14083
25650
79300
13952
13748
59180
15822
57022
5725
61660
38259
63395
57961
233
82296
80034
5251
34845
22082
9503
46530
96424
58929
57151
42542
87460
42877
5471
58355
98420
67052
59584
92097
33893
39822
78527
56477
36790
4661
81955
21352
6836
86644
46480
1770
79998
86866
52856
22523
9416
45643
45585
15150
99674
85316
53762
67610
27384
3369
58615
32678
10941
47684
55827
31632
14496
73020
74821
82586
74457
59912
34612
63313
40381
96334
66484
23195
10372
16221
72986
81853
52812
99939
90796
72551
5687
2604
56529
55613
70959
91832
65736
38722
70505
16247
21077
37731
24423
29091
61334
85821
29176
19834
74164
74060
28698
61975
88980
48561
46336
62124
71373
26430
41038
6206
92628
93666
35809
39933
29778
43340
52844
37823
63192
40349
10364
55608
70377
57551
95133
98743
48949
42236
83094
7392
93383
16556
912
77697
82516
85022
73748
35924
88147
17138
1745
40624
58220
71025
83773
38412
6025
26906
22387
79345
96937
60490
14747
20155
92307
43751
2663
37868
57608
23337
22649
79085
98161
26534
59042
86050
73752
27608
37573
12936
2290
16268
8122
88301
14937
45386
87247
60844
52952
64796
31497
49860
64704
85182
31752
82549
49240
52160
80520
62710
52721
70522
21636
91093
44567
49261
17397
64012
99555
68338
25848
73308
86989
31137
58829
26089
39839
99360
28955
58866
97765
54566
71698
67627
13473
73291
33032
11385
88667
24974
11557
77481
1269
70722
26650
26445
55132
95094
3564
43892
50714
18432
24175
95653
97929
6597
68205
86744
81634
57767
21766
37425
72755
66540
63825
87449
48527
15655
47616
9019
94848
55397
75233
5176
60471
24149
97409
74088
25380
65077
72268
22254
47201
67190
78799
14454
54568
61099
9823
50029
96806
1939
57938
56541
32711
32929
60426
38404
26736
38276
89682
47600
65995
68632
79521
48953
51549
31496
80252
99803
25940
78973
50008
52782
35868
1128
44669
79300
99633
71656
66534
18942
32942
21561
9636
85131
62724
95833
86338
71134
61414
216
44132
47019
62593
40924
13609
42239
66057
5933
73007
38201
64079
53219
5141
94472
5230
96267
91131
61538
39013
86000
90470
53693
75295
82348
91713
6574
76078
74186
8317
78557
64246
19190
80696
36609
68677
12932
30523
11165
40960
37274
21150
76566
71641
36027
36166
94704
88093
52433
78159
64644
43529
32694
45636
39872
4061
80319
61291
58107
47817
76998
24606
73299
96900
11986
42196
24165
56955
92101
56222
76680
15334
50114
5325
57895
85110
6873
99920
7513
64907
15184
39259
63775
60034
58447
66116
34489
35020
28264
45031
74789
7577
15426
1802
71253
25107
58817
75802
65068
14056
34899
44948
68980
8639
77657
43808
61311
55851
80304
39735
36057
73213
45403
51269
63494
39091
65263
76745
93373
52655
97978
35898
81760
86339
95729
15300
19287
86216
68021
23984
73320
87854
14273
55393
30678
76846
47763
37275
65203
32347
63444
91870
20962
30390
87206
61776
72110
70113
54665
63992
76448
10283
74570
86790
25665
69610
12936
2449
23405
55431
62820
60345
98096
80467
38052
29738
66880
92024
68324
93922
7862
39914
30395
69897
71114
49916
20005
34239
92298
49423
42834
11188
36246
6308
17482
37201
38011
22771
5275
35636
92139
43764
53953
79480
93141
43195
83376
57011
65767
99777
73921
29593
47196
99709
83031
80189
44099
70929
59820
5464
61038
23073
46333
45602
82419
27486
2767
54973
86755
6496
43901
9970
96740
78323
50719
2803
17102
51720
31128
72031
51614
67437
90044
17444
14170
28855
32476
15358
14370
10234
24624
73342
7727
11643
87808
4582
47723
33725
51950
12976
8876
78807
68931
16302
75534
97959
21429
22029
12236
34208
1937
75155
6427
91871
38475
10727
36387
96220
12256
76911
76603
15035
1764
29652
8768
28033
43340
78947
95410
44484
78618
26157
363
23676
7937
12493
60732
29366
30612
89449
61221
96007
57583
32882
24017
48988
47649
31462
53516
41072
34133
95989
69474
21752
61180
77856
62230
59000
22360
75453
95387
66712
68775
10935
52594
80721
8042
12723
14817
29474
54577
45869
24236
79007
38565
70337
34579
86504
36882
66821
51912
83864
37263
44947
34635
28148
39884
92165
93572
57923
7446
87321
90844
40733
62569
54036
95192
17820
68723
75043
51026
93839
26561
48156
5078
68558
48840
42723
27127
23815
1810
80456
76620
30711
65572
18094
14346
42612
68456
45255
28606
15783
10331
87610
35527
11319
6260
69063
70798
57632
69968
76161
36356
27555
25623
16218
61078
4215
93068
31357
40527
29725
77462
82484
11626
2705
40326
19625
15123
12156
54340
11850
32121
45254
53210
79717
54193
98473
52733
80755
63498
10561
33844
80690
27721
84032
27846
94059
11233
99678
46564
53266
56176
39981
35248
98059
35609
29994
89865
67881
77337
58384
25396
90001
81032
93958
68137
1534
4527
29881
48599
78750
28352
28932
66964
83162
52278
907
70468
50387
69898
53992
10469
44423
57391
19964
90294
74482
33354
32327
78306
57745
96370
61363
42829
81890
68608
83403
19833
6856
49651
36585
88085
84555
7267
36780
85411
60860
42911
18280
74533
42357
47877
20984
30435
74783
88542
99886
42683
90669
27956
82603
73157
24902
64176
86058
43554
75968
61460
80855
13889
47624
95634
77630
2573
18846
27751
77085
69623
15772
50584
61371
84251
84279
26247
68082
53361
51423
19282
55143
61747
72449
72456
58779
62854
49995
62408
69242
53831
4975
53017
29616
30259
35297
90528
80763
562
49275
73537
87452
69026
78304
59029
56455
13948
30396
15811
46202
31300
20778
51903
75531
6162
22800
44028
93241
11320
13701
59599
52740
44912
70707
53409
61273
71076
35768
39345
8326
77881
75078
70788
42284
3928
98217
10889
92977
7930
95336
71054
47125
43280
77221
39448
81501
36140
27104
30307
61483
80688
93592
94487
75279
78193
48432
41251
15414
4839
59760
13272
57441
25492
53826
44292
56113
49870
82877
5386
4477
46315
55936
42555
22886
84424
52500
28723
9154
43190
7923
3794
68244
58338
10023
28821
43357
45215
3338
88304
61452
73969
70413
56587
85393
58489
17813
74774
4367
2872
53536
20010
42863
96482
8966
82014
90769
5697
78810
10275
29694
41155
1966
84636
22009
50209
15702
86301
97204
75148
72166
95103
7774
45910
70005
24285
71194
95514
32578
93486
72587
76202
85397
56575
57035
23059
22815
67500
36795
35407
98139
66235
52084
23878
4822
62550
25213
62082
99690
60995
51990
8206
26054
12033
47600
31369
69258
48225
14911
6541
61421
8735
70248
12631
63841
43995
48500
14610
81551
1432
86567
87813
14428
21361
74634
49557
70573
21587
1860
81720
18727
95547
3303
69240
9263
42444
43111
25983
37680
50348
91429
60133
39355
20637
42218
60916
22536
30835
78511
99668
55642
43255
56377
664
90113
57335
41794
93603
97433
89447
24498
16280
26640
96152
5997
3486
64773
65811
44389
6540
85548
4531
29392
8246
67502
18748
12117
67764
52429
3772
5024
14060
81412
49436
73557
61723
1837
17698
78817
77253
33661
91527
60364
10454
12842
99088
2826
85460
50220
37259
32177
46852
8673
41736
71620
70517
35179
16977
70478
84972
5204
75688
20235
41229
1746
46267
28032
64227
75141
6854
82571
48333
67612
64102
37013
89062
26328
75893
91875
67982
22473
27271
26252
39130
68596
38400
97189
70548
13366
55024
80344
90160
69506
70764
66995
85613
62694
60937
40285
33092
78316
28759
75747
54129
25500
1177
90641
47675
86751
37277
92828
6241
49022
90588
52219
36898
48136
31759
8630
73577
92211
4395
44023
73620
74330
91771
41342
86303
40517
3641
62416
98290
60647
5225
97103
82756
448
47890
17540
49449
33826
79450
37561
56575
69776
35037
75811
34226
95202
69353
80797
41543
86150
39065
69040
6059
65185
2603
55662
47416
90035
73376
79262
4384
17113
82960
7921
31225
56555
25704
44723
4582
14757
43649
74045
81118
51076
8862
75464
68380
91014
48994
56604
40482
72371
96235
80774
56106
42011
43951
20679
43338
41653
61937
89769
34531
15719
20224
32622
91078
64259
71437
81665
54084
24462
99846
80109
12689
91996
18804
84300
24212
88343
96685
88087
48974
76767
83511
50653
35876
84331
45978
55375
36906
17805
70913
43160
72526
63860
94925
66537
93407
27051
75381
29586
70776
2047
63773
72269
7308
22877
83026
86741
96559
61594
33120
9876
33375
42284
27120
1849
16430
72757
76034
17608
27181
65377
39459
67916
91894
59333
10570
36072
22390
57735
64084
2667
82837
29148
87194
73473
91556
70604
333
35462
1537
55826
10830
88789
27882
81247
99243
34303
53052
97727
46873
93496
57318
58483
83179
41099
35855
76605
5421
71309
22817
27803
51391
23151
78096
84522
28657
96045
97547
19883
34104
21091
84222
49507
90858
7743
93953
40893
37339
7122
96769
31882
63701
74785
17449
15337
67693
48600
24333
70433
10440
53021
6930
31754
17802
13922
65469
35084
50326
30708
74519
37504
48999
13201
4153
34451
73737
40246
86458
71112
24341
93142
99346
87804
46184
45927
78730
3717
2111
3959
33603
53108
94096
19292
55263
95610
54312
28488
86319
32263
78941
83515
71674
10829
44143
72275
871
5699
86336
77438
33768
87174
79084
72624
71811
24921
21991
73616
51326
44173
54610
76364
72165
67035
19482
79245
53275
45646
89293
31270
28251
59263
58265
22630
66826
16568
6371
29197
90108
88729
88417
13018
89983
69241
40309
80867
1863
72580
97190
42494
42743
83587
38876
55196
76425
65530
10296
55574
1850
6858
45262
47999
41653
89303
82016
1945
97114
52836
59960
55843
70827
91065
20609
46128
15571
73223
26306
33331
26707
38786
98169
91446
72811
82829
67920
45770
69889
90836
76319
64985
32785
28946
74910
97239
93265
56403
50980
63735
2815
52436
34529
35898
48457
60391
37492
74818
84857
94770
8266
82660
62875
65910
21236
96060
21708
78542
17123
67035
95010
76718
94915
80283
12594
23786
81745
63091
2370
4440
98042
18149
22283
90254
33202
75829
81546
97893
65742
25717
1795
79200
4542
22395
91474
88421
55626
51668
69232
71593
87368
43985
88415
79083
57688
26591
18611
81366
69052
77942
50492
17930
15382
50791
52819
42933
98816
81496
15681
94458
29155
57932
26247
48083
76052
89883
2317
8659
65137
35265
32523
6020
55380
73106
12429
367
69393
12043
39878
46267
4274
66532
71829
45548
53357
90785
93484
55244
98622
62344
73539
74920
35206
17613
26776
75537
75296
30344
58880
50723
41276
88136
95023
45698
48058
96993
82816
91007
12004
92609
28321
58139
80904
98177
33534
89027
19665
90583
70185
76985
90689
81095
44771
63283
59309
34042
42058
46588
9077
62023
5790
72665
98686
6285
52145
88679
238
84707
67275
77375
97507
69510
94839
99899
28497
306
33230
3026
33846
82604
28254
57503
23260
31036
21334
39648
25194
86520
38001
79706
93223
51547
11612
2074
93036
69812
64518
77366
85509
72251
12867
35986
14788
6302
4733
28159
52897
98394
15287
74846
16658
63973
89055
25218
35939
11624
28880
99859
32051
74410
86049
67886
70059
74024
8878
82793
64827
14688
75105
82837
50578
59725
11484
41341
85369
9357
68997
62315
8237
80733
57166
98762
65592
43622
41376
93958
41003
11569
36293
10639
61434
92566
91919
32956
81396
34290
98343
10443
85533
25239
86741
84999
35273
66717
79785
27331
95000
97206
16709
19395
33737
77023
41831
83035
85404
62771
13206
52398
8423
59418
30472
30968
65524
80990
76333
12903
40758
87358
19676
11780
84391
36315
87192
6768
83519
28015
91647
89577
50451
65982
46927
60396
69447
8965
12789
64116
33713
32495
10996
63968
45484
97959
1966
96243
82325
6919
55249
15253
61126
87311
51777
98391
59277
56177
49086
98804
19816
33096
23186
68627
97695
25481
30873
49672
89629
21970
20877
55418
9037
93728
6605
17151
98349
56956
28554
52324
52337
57621
41262
3465
96375
88233
12233
95049
99043
66364
79257
41783
69527
69452
37717
72195
12464
82267
22550
38396
64127
56171
15299
21520
86594
57864
60919
2607
99167
37118
86033
52366
92988
204
75320
63847
5534
37104
73833
76989
42781
56738
8383
31933
8192
44285
32349
96512
70426
11639
56122
32141
35488
96658
46538
17755
9125
57227
5829
75284
49589
88624
56951
87190
74538
15663
48803
40083
16270
51433
7252
49144
83246
23045
48258
20586
7479
95585
88029
70348
38800
23811
51738
29693
62452
15853
95287
6175
47498
74255
52204
72274
17123
86423
52079
11135
22927
18179
21316
80977
9308
92631
11872
83357
7212
99658
36536
67810
10161
77787
17707
45323
33128
88129
38920
64242
71632
44159
29597
20543
30789
78647
19742
4973
18846
51029
60654
85102
38559
34188
10605
74053
51131
20350
72767
62961
12681
20245
1940
35593
14306
71407
50649
29026
58997
16918
59482
15790
15815
63565
6290
56767
11562
81606
9169
70505
17945
95024
62408
47782
7437
11982
14676
25075
33151
11747
69349
72759
79387
80905
586
24035
59453
3746
14875
13461
71754
56421
82339
56759
54926
66010
31399
14244
2509
76033
32791
35563
73032
2475
23089
5964
32015
60268
4140
88831
75517
10761
13959
58004
18036
63948
85358
52756
50934
71542
21158
93479
19293
22900
52567
7183
90775
67402
85011
77106
97346
30283
99974
61525
83936
17707
80700
51139
68855
70092
79465
45837
68200
7732
89273
48907
38249
66016
33813
32481
2529
62130
79726
35260
19168
94885
17770
50140
11897
51809
17704
13676
30365
84234
13809
79980
73908
14163
49821
11536
67770
60048
16703
15841
29557
34569
66607
3201
44302
50378
41842
96300
21043
25591
85831
98298
38920
66941
68560
11488
22982
38596
82459
17718
69297
29728
55404
78708
35609
72615
83946
32342
21549
92285
61763
82655
2166
39306
90332
63289
2392
23694
41272
75834
21792
43531
52484
91074
88713
24992
63901
16193
18994
97974
18047
82358
97780
80754
28428
5361
80802
26891
21301
40410
64322
9910
43975
88491
96962
43517
59541
632
64632
18703
83229
67887
22491
18033
97594
47546
55544
86929
12070
5186
92945
69371
51530
48493
47480
58820
42211
79720
50052
64228
90578
53504
64174
96129
23745
90569
76523
9926
75821
87298
2949
99506
12724
11408
98872
6285
76380
70022
13286
61014
58494
83526
71992
81047
88717
38722
52530
68058
87815
41883
46258
62325
65559
90379
15333
89376
92196
68989
37605
45703
35449
25818
63218
9243
76306
7775
53292
24451
37376
78377
41610
87793
61913
92627
21787
39823
52671
47510
55511
85527
54539
7151
11840
97378
95990
43647
24602
65464
21252
66060
12708
99622
60653
37028
78355
73070
86345
65857
46954
31800
70871
54600
88023
83463
91883
32012
26316
34630
62994
65936
15609
8544
86563
9673
60579
54223
54659
2529
46435
81389
83957
42296
74653
74758
36924
38917
56379
57999
2030
57691
39462
35023
31896
48390
38785
32155
83784
54197
88834
97600
30459
80913
72109
51801
63683
18187
71342
76641
60724
71093
44947
66018
88747
45638
41956
71532
89403
19937
5408
89921
85238
66223
32245
69037
57525
8904
16603
48851
29636
9105
90030
95330
55949
25344
91815
81382
9599
4059
36470
50587
19227
52734
57405
23389
36794
17467
85324
46299
1790
15899
70100
78441
36628
60035
48234
18100
73187
42962
18011
20145
95604
79846
1894
41199
13917
68159
69915
459
2284
70715
88398
78529
53228
66624
50071
17472
42359
24409
73321
63799
5145
17816
86796
78763
8508
76473
31770
29770
93301
70471
14003
54010
55178
98839
56926
23403
40159
24466
53148
24715
30140
64305
64586
70360
68476
26625
39027
82128
59861
98021
46191
36228
76511
66971
1053
65163
83458
48119
23128
67283
78208
18891
55769
87282
20124
24488
23976
55930
34918
52766
76160
20139
19429
13055
32447
25411
28927
86754
41734
1840
23016
12836
83571
19686
91076
26216
22105
39628
58651
4959
29369
7601
20024
65859
60031
36732
83325
79965
74043
41473
41383
23207
93114
85263
72890
98795
21760
63750
30217
34666
73444
46566
90692
57816
82121
13602
510
11461
68661
84788
30521
19895
91824
90474
66544
4498
50426
75166
10337
1594
34440
40931
1142
42096
86013
12123
59503
91767
33442
99525
33037
80602
92578
77364
57661
13479
59748
37659
64831
11955
71749
70245
72562
97249
48017
16929
23134
58782
76606
49210
12029
36771
32933
9572
56102
43677
17342
20594
53816
81129
19320
61701
63648
81785
74610
93567
84647
53235
37048
75222
28699
54425
68893
3204
7800
2723
57521
15130
78195
68744
42207
24021
11203
29468
97542
68713
90892
21811
14130
60761
24521
68740
74742
26025
21462
9448
14792
45067
11511
19586
45338
94261
63816
8825
53456
63316
76289
87296
71299
19194
6630
74806
57713
51442
77737
42697
29950
93109
56316
99990
39723
3124
70711
47947
2193
43445
90242
71438
48698
40860
91616
6294
30141
20318
75864
1463
33556
1947
33761
36219
64987
51844
44041
93964
36775
99671
90402
83022
16353
53996
84233
19241
51710
76711
60213
70820
85852
94222
19897
22733
95931
37173
40149
33653
93845
68725
28511
53400
78843
23771
6922
30202
17550
69084
59056
7661
2967
73670
98018
12975
97444
94194
97960
33553
63903
49750
97366
71442
88108
9559
13774
51657
25438
87259
21868
93250
70295
28860
95475
11743
76859
98201
83697
27904
68336
8711
27217
23294
17972
60612
76477
81872
73946
6028
99629
41425
41634
7300
11120
95897
91604
82452
37494
3079
58457
58194
83609
40544
22198
24025
96934
4337
77254
40569
58219
62513
86803
17191
37566
18466
74929
86197
85095
28182
89527
26845
51179
2925
4891
18614
52439
33597
10408
11465
62213
60939
76702
89214
97294
2229
52231
8879
65900
70994
29234
84766
94411
77873
20653
13090
51755
89694
78627
61405
33300
291
31024
37353
66903
49483
77341
37936
15805
24481
15901
21147
51439
16824
21027
17058
27584
67876
71549
89666
64347
85413
23217
45773
95268
44100
58514
98044
59374
34805
39903
21887
48537
30588
73336
59316
15973
91757
63326
44086
84503
53099
80838
97133
13095
97874
56954
93795
42724
12721
12813
83895
61989
19054
9368
24587
56140
43565
67253
67799
87673
21548
7831
10624
87209
80773
8932
92547
71112
20247
19793
46187
1882
98430
54488
94115
95138
17214
50808
40838
53805
51903
20745
51857
66718
81234
18459
30073
7351
74738
63978
72697
9408
40838
32480
51332
65079
54947
54727
96537
96181
56814
54313
44533
64505
37886
90534
47810
95475
10752
12721
40716
60751
45972
19912
16660
32155
64693
14318
50782
59063
38966
60774
12805
19545
64456
65454
32431
26937
18520
43574
31515
18272
46101
70875
59478
90344
57999
36869
90604
975
53115
15641
83292
61310
54195
88955
43525
51440
71162
77540
90844
99010
96061
27772
44128
24534
18197
40053
98116
23139
83018
60420
62379
71420
14225
39868
64531
47227
19285
98280
2024
40778
23476
81220
2552
15822
2656
85017
52871
11793
22278
86195
3001
77994
39307
12609
92428
6123
94066
25705
33641
23527
33179
28485
83695
21054
87493
83134
1935
83366
78740
24547
82999
81271
48622
76294
64070
42292
36639
5427
43614
68017
1436
84398
73143
82853
66308
45512
7055
43021
94275
90941
90400
19994
67120
7406
9450
80185
9206
99574
89872
21917
62736
56971
81311
57387
50638
25298
28584
18178
87796
63103
86734
42181
33825
25864
83739
93414
58573
98885
24269
8976
97931
60775
56174
37489
46094
43282
71297
55394
81896
56760
26616
57621
1325
98419
71651
43674
35351
49630
82594
10606
21827
4880
8924
46016
42680
38039
77832
47041
36808
50765
70568
12360
92238
48025
48822
95295
91895
43269
75895
84557
44126
88504
780
31937
94704
76399
56039
76152
67150
57532
77786
64235
22960
88827
81099
42072
80198
99565
3811
1642
26842
53715
73638
26632
60977
60809
69598
64184
59281
38556
39920
88014
38141
25737
36880
95797
75675
80596
18863
99480
6582
75394
70162
68493
6111
90035
80639
29470
85614
83615
42513
73558
17607
20172
714
98789
2904
87753
98152
37360
23326
55531
18768
9592
42888
49697
26855
83557
86035
24245
98496
48558
95956
66050
53551
80584
31252
99981
7548
68425
30517
81857
31443
75800
76915
51595
82553
46802
23782
6542
81753
82811
90852
6148
41852
91200
68963
45715
62326
89029
48956
98215
19197
53552
9611
2961
25525
78800
30995
50588
92583
78411
44159
14407
91472
94691
97666
63940
52245
2341
43872
2893
13365
25806
45030
4734
30903
84441
691
79314
7521
23785
89882
97981
70410
32176
35840
80451
11208
55258
73088
84692
57411
78873
93294
16645
12267
85101
47129
7884
51396
40592
93513
98392
89471
43611
63111
87626
21093
79448
12700
54676
85516
41062
2482
96140
93516
52578
7127
99948
41515
55288
87071
67562
84980
12390
23785
62959
9383
38665
66778
70903
18442
8199
40518
56068
38524
61432
45
59262
81514
88977
57537
64587
90683
74638
64998
84039
19750
67132
76499
55808
85507
39904
73013
28465
7327
1575
40370
85593
41993
66828
40618
35735
9737
21951
25786
56453
47377
24088
12507
88269
40363
98776
5767
37228
45265
79799
46939
42594
15580
86000
27736
15379
2580
43973
76292
41406
38183
86544
48205
12183
82133
44296
28526
42722
37383
94508
76010
57038
58335
68911
34357
52012
58539
38624
24401
58091
51348
52788
55478
53298
93715
85138
98987
47705
38082
73819
97297
3204
72080
74101
67168
63804
62830
32722
22792
39340
23463
67361
44729
71285
27725
8977
70494
76430
58894
5182
11588
25212
54246
37881
52057
67338
31565
23256
20112
62821
33105
4311
43264
3575
44606
42345
6028
42782
45050
13855
31326
31720
1837
40020
79532
59949
26142
33906
80508
75272
34713
70917
47620
90227
81163
11067
74122
31263
8176
42260
83562
3469
28644
93355
38934
56076
44694
18625
9399
93583
45275
35618
87826
78090
40126
84406
66662
80329
31029
20999
29778
21101
83023
44842
55027
54756
76809
20524
98123
90884
79424
42074
10750
58083
36768
48717
42869
37398
51579
61968
50085
20772
16502
36847
37674
96775
5469
8318
20012
29598
93655
63939
93892
44625
33492
21217
42296
18019
81570
50882
71170
33485
88031
73536
35599
46333
36969
30479
88003
73066
58385
89931
75961
65586
57167
34010
14312
85298
54254
4094
61986
11457
18536
26298
17942
18633
18508
25341
73013
59651
39355
62511
305
90031
64691
72951
99937
76877
55875
67463
64322
80539
73213
40742
85912
3083
20649
68344
64306
68511
61846
13643
1579
15108
46187
50976
76300
35657
87900
52979
49454
95770
46104
21897
77726
10269
27519
31094
33370
8488
57681
14952
56599
93309
84834
77972
42053
18052
5545
65915
89930
25123
78168
60440
2443
82972
17510
23369
72810
37539
81191
70391
41736
33754
48093
54211
32811
99724
7208
18319
61339
1634
99704
57191
58855
87685
9668
50634
47493
32305
95571
92697
60566
79729
8824
63290
15463
41661
41499
90473
88628
6029
64625
24348
78567
16633
28077
41682
16318
25807
5104
80599
14027
22479
98653
65654
25620
47174
3367
28508
74843
27077
80235
55268
41625
34878
16410
22725
66723
21691
77295
88436
39662
19739
72895
81943
36398
84425
43118
89448
62330
71354
24157
57090
79788
4643
29313
22219
36420
25781
84496
72765
92972
2358
57845
78290
6742
5117
53027
48908
28226
24106
3205
69439
81660
57663
97396
43900
4642
57791
48354
39098
84258
91874
85619
50371
28610
47026
66667
98104
76922
47013
92002
3842
64635
96727
70228
78550
36691
40131
76502
548
94952
23006
32771
59037
39362
34480
50260
22270
81990
71343
23405
637
97660
83738
84020
71055
59986
85744
95005
44883
