48658
18057
7864
58618
19717
37894
97732
95777
15391
21681
85567
81017
26355
77151
47103
13202
67295
1980
87128
12881
35134
18292
16698
3013
72906
95246
56646
1880
11051
29874
66958
26465
19905
37642
87656
41654
5226
82151
62383
73950
39088
29499
79159
47077
41842
50883
93771
47720
7885
90856
86980
29296
16551
55995
61352
40445
79160
32733
7260
75671
65654
92065
73063
99785
42299
71113
2661
36586
86581
62765
49893
87056
1994
89850
92768
75593
56453
50806
18550
612
2818
44738
91335
26890
1873
20601
54026
95403
69258
63605
1486
59954
22670
89585
27914
50682
51190
93192
38595
12442
56315
85948
64154
43419
75169
29939
15471
90155
45984
54108
9078
79850
18128
19663
9460
22562
13616
81651
97334
8052
65939
87865
4750
42956
89417
82501
19916
23158
54021
84909
11381
68490
3632
72569
29282
14691
42761
7498
92055
44206
45238
83384
99038
96830
55148
31764
90143
4476
36760
20268
52895
54523
42888
47597
99411
66602
15032
53634
68895
56866
57372
88410
7183
41855
69575
66408
16176
2092
82582
49892
60236
33975
19773
86319
92289
69635
56459
66099
76829
55708
604
21993
21816
85382
63739
94100
42062
89550
72210
97771
92792
63970
72496
85140
97221
13468
67445
57708
3258
44185
6237
84739
88995
98024
51238
86244
29268
90718
39232
53970
39266
45255
49617
53933
79319
72759
96834
11796
56405
75070
54249
19973
3882
68377
75763
42336
43404
21477
12174
55049
96850
24367
93072
10796
35951
10663
39784
96347
92204
93267
88991
80659
1472
17536
43210
61149
56270
97299
47535
26256
36188
88957
78322
81011
12843
22125
11131
52064
78744
25823
2373
56165
51150
72722
81797
76708
40453
7256
50869
19226
85307
31046
19132
34620
48109
49259
75324
51133
44051
98494
51832
1708
50997
58768
2176
6618
82478
65888
65754
5882
15068
29325
89327
30593
33376
49350
25103
16365
33816
23517
48321
10082
37430
77051
38028
83311
45405
86541
26715
91856
93496
79291
52912
88076
60247
24857
50824
23742
36454
50295
5862
43793
87148
31699
18783
86820
84733
89358
32770
59437
3516
83068
4514
96345
63345
15509
63649
39538
53059
69512
84218
18042
53522
23152
4427
90196
64595
1790
87486
60610
3241
3253
242
22472
78844
92917
94283
2191
13977
45680
96018
63910
7238
13432
13130
71619
80192
5529
82257
74568
54483
68003
10958
83712
40309
67263
93213
6696
16511
51682
94517
42986
96809
5248
87635
8741
98241
27608
7620
17193
52200
91662
34932
25694
6281
46774
46350
15236
791
36203
3662
87156
43426
37407
99883
39302
44277
4557
70459
21868
48143
45898
482
85051
48891
12538
15387
25002
3983
74207
47457
79923
38334
43500
23354
91991
1658
63544
12737
55326
45642
69710
58670
17468
77987
71170
76356
38703
49382
7293
440
48964
13046
9753
64377
94713
81780
88328
72959
68989
31545
15278
54932
69396
67759
36784
22394
68087
4012
4516
61432
70072
51916
61416
13221
2435
76554
6158
53263
36287
92091
30389
3239
81204
92392
88275
75181
38951
59718
96302
27508
54657
83283
37994
22834
67150
4334
57468
60583
15328
73524
9374
54343
18004
82899
33371
20933
57772
61004
90058
18813
83036
50922
36311
82334
90432
80442
9436
57619
41834
51910
22256
41741
23610
89489
76598
29199
29701
57425
98038
84277
51320
42692
74632
15457
55542
50769
73868
10595
19677
29245
85303
7685
10759
71878
83368
44272
49836
54623
70329
42303
7973
57768
88913
6430
16043
14985
96918
94334
54590
51275
95135
7544
48866
78291
85288
66395
1827
23484
6751
81236
29529
22191
36923
21209
64486
93634
33676
54162
57149
55691
4461
76676
27709
41887
98838
6139
90202
67532
32046
55924
98205
63151
61566
50532
51585
40658
69569
6376
72543
28646
41495
44715
92740
87385
42329
36557
26717
24979
28295
99606
63669
87091
2812
67639
44213
47617
39715
85144
21482
39216
5347
69444
5445
53842
68950
22606
51803
14871
74583
60190
61037
25124
87386
61435
738
71628
99477
41079
86063
87406
27324
6802
52825
73450
85195
79435
84082
87649
97596
28330
66399
98696
73816
26659
56570
97736
88266
65032
5235
92086
32367
54223
23025
86122
99402
39930
90615
90142
28052
59401
65057
28197
53648
83320
77389
21925
9021
97814
13367
98738
85348
91332
87965
12649
77009
79301
58593
7142
48351
54792
7949
20866
81420
78735
90352
86476
24684
62268
37095
46755
48889
22039
61527
15021
68935
11166
26102
26327
42838
84042
46409
86026
9888
63897
80520
72806
35251
957
23038
72542
35929
64161
57293
41391
93106
59955
73870
50462
78819
24275
31221
75885
71016
59478
12659
17370
16805
33815
67190
90453
44570
58715
25387
35259
23797
15199
55972
1235
73537
86849
2708
13445
13595
17895
11574
75186
90022
34767
9838
50996
4469
1589
56775
4754
4229
6938
74524
18560
141
11767
72242
12433
71822
44606
54562
29082
81124
56009
78549
24741
78367
73570
31176
28814
30283
6190
99118
12190
81802
69815
28149
73121
45348
46868
88000
86438
77397
45303
24276
16467
76517
68307
33327
866
47829
6599
88882
63932
26644
82828
28255
47632
94737
33207
23165
90799
47787
95243
91480
20648
62084
50494
51494
45243
69845
78246
68709
85852
539
42048
75935
3878
85871
7549
58575
55738
41235
30538
42686
7475
42119
53338
47430
42662
90652
99986
26712
39931
78016
91696
27928
72578
57496
94233
96230
30869
6220
830
79992
54824
83579
10090
88034
70287
63600
71755
11960
48429
34220
2938
52778
36532
73187
14889
63182
89405
43555
40488
85276
19845
34414
39283
36786
39235
35912
37436
69592
75522
82156
52144
85534
60095
95098
64745
50241
66945
4139
85392
84364
79087
89989
44076
30779
1074
13257
11467
62107
65385
14410
23692
69870
17251
63288
52999
8042
38621
81210
12122
74273
95927
4827
64272
36603
65813
14235
16848
78207
62543
38886
25888
37777
18613
74017
58291
17013
68707
37216
92758
6289
33693
90869
49043
37489
41415
89316
69120
79172
83812
49298
45288
52740
24361
32731
48051
3699
18012
8130
47636
54689
7438
4867
10063
82665
29907
23716
90501
7323
26042
41195
87229
1589
83373
50793
25297
41322
21479
2580
98162
55876
99692
70514
15257
59046
78922
2513
30443
31402
87370
11315
68840
62538
24979
54791
92785
12122
55483
41043
63443
16018
97034
62957
42708
74505
878
31337
9273
52796
47061
83693
10034
78735
27914
98720
65346
23210
38031
29312
12078
7301
10163
89139
97250
45726
62320
76086
32250
3783
31523
98929
88436
11741
32681
44843
98288
1330
43347
81913
58912
51756
43046
99378
74962
26663
61906
77823
5335
68245
59084
65870
59727
52230
89385
48421
67315
80482
48218
87795
16543
58387
23007
68770
42394
38528
19561
26377
7363
78580
8369
24606
80826
42942
69422
36137
83784
29809
22934
34867
88491
43659
15797
82333
6370
24594
26787
66733
21746
58106
63141
9987
71283
91652
16098
14571
81882
42497
76096
12139
41059
13012
91098
14811
59450
75189
55297
89908
91303
55729
98925
90561
94644
44303
99837
6706
82427
78702
98706
68912
58385
8713
98117
43723
48682
97373
98912
73550
92615
69249
80224
52948
91843
34676
37861
42036
64341
72469
10803
24632
6306
54059
40680
98252
34083
74629
21018
33169
7407
22716
30124
54897
87781
89492
76845
60012
30392
94657
99534
3409
57750
81383
41406
85961
94007
82393
17924
47278
20831
98467
69399
23289
21008
72580
4509
65752
79535
18418
22719
27518
59888
61441
10629
93044
97985
62943
17491
13805
42577
46390
10527
67000
28923
15893
83918
88078
58803
26728
60939
49739
42475
98403
60899
71354
3490
17310
3199
72905
98826
37562
30463
49532
26164
89666
26832
11933
30042
72332
53962
83313
37609
31007
74472
14469
83370
25199
72580
53671
59147
65379
45262
86353
61454
78168
96649
33
80525
16702
34211
21060
50217
7136
81135
70576
12750
88577
69409
12369
7876
7138
67941
87195
86101
50912
86812
39294
81910
27258
37204
38456
98163
25264
33698
29828
69820
26119
34495
80144
32454
29865
1757
29228
27487
65065
52644
93662
31890
36260
23885
4915
33587
291
78521
72368
37447
59613
59727
13542
65843
37401
37586
23908
74464
49585
45659
70438
93288
19347
94263
59436
94784
58881
16095
45797
36865
14424
90576
36042
89300
41389
19687
73287
66074
13523
91643
34388
5173
76442
3318
13378
50935
78449
8977
51600
49509
28076
60396
56221
55751
74496
96423
63128
6447
54219
68479
37748
87235
5746
35304
77783
61257
54530
10115
10449
1550
23703
25373
39274
71730
19995
35108
7444
31380
3366
49991
41600
62646
77635
36521
82444
63756
86836
36801
8954
48423
26124
1553
66492
95832
22906
46080
58411
53795
53573
63414
96918
2786
28083
93108
26967
3634
31044
25102
86434
93438
79835
25574
82680
95399
84380
15430
6776
63469
73616
39194
85428
8892
98150
53511
86497
61941
16309
92876
23176
36792
43260
2996
37305
95659
1482
50036
70944
31338
77689
65383
70000
75531
72916
92292
6587
52620
26906
91960
79139
99356
93115
3782
22603
9826
64799
66904
99719
48526
21414
26976
82802
94746
90474
36751
86239
67261
90624
59153
79207
43212
49982
77156
7680
19757
20438
91507
48590
9241
28256
48819
13619
49133
18903
86265
49955
58222
62361
3893
34707
70230
8210
4848
73807
66911
42802
55645
69002
62123
56634
38783
57104
76974
89623
76919
22584
35289
92005
62984
79509
21059
58292
11082
60588
5717
53320
91046
75679
7827
40090
73332
43144
56610
1564
88879
81345
38714
66522
39634
55072
98250
42108
82482
9633
74275
9128
29143
79899
24258
53316
60983
69300
39485
11929
64465
84400
88264
14419
9603
69477
47396
44581
17129
57546
50662
63337
52339
97230
71584
67845
12737
28260
46670
809
7613
20028
83678
74997
23477
36525
97501
3416
90772
9551
86554
37779
57181
94149
18458
29403
74787
35927
13911
57309
43015
84638
37301
29020
93902
89528
51363
49943
40030
9755
32682
51942
41718
89862
41270
84130
89415
11763
5629
29828
63987
31049
33904
11845
69345
61742
22110
66949
7481
40410
1504
27144
61890
7046
70660
73434
90997
23683
58777
67699
41086
10472
64147
15286
24975
49763
19772
87891
37377
6416
10904
52973
23464
98503
43891
43381
15025
58448
30601
26965
48379
91026
9809
54121
26287
37032
98631
81895
44477
13461
74836
5663
78036
36303
17949
18078
81278
17174
20709
23885
17110
10248
88896
8598
21511
18573
14677
40262
26306
33485
58574
36526
98459
7650
73567
71971
87873
47720
4465
64902
45752
5168
57354
84542
94677
73620
86203
35585
54453
42981
49542
29970
4410
25152
54601
32068
51299
70335
34635
61244
22823
23659
83362
15828
93646
46991
78815
29084
88780
89064
60087
12891
20795
91705
86990
74548
77364
25788
78754
85188
65929
3282
19377
65991
72450
25723
3881
794
46162
87424
77194
23963
77781
86797
11353
23276
39112
63837
29508
35511
57509
28494
81997
78156
9178
45428
35349
53637
36133
48169
20006
5098
52014
96386
37660
83152
56833
17309
59217
42045
35782
9782
37701
18055
71327
88248
68103
83162
59517
30192
82498
75704
18527
80062
13350
13178
23753
60709
98833
90837
58557
17794
20282
2936
55320
70489
70490
86642
5259
35242
83640
35376
99221
70723
57904
74020
73113
41999
8095
59777
78081
37772
83885
20003
28463
23674
10519
1547
27132
84495
58327
72584
29103
99624
88691
3409
99579
54682
91808
11311
88213
88711
31664
78552
44017
22795
14463
2614
93976
35670
28117
14118
26056
94868
41017
36444
3976
27304
37587
81763
5158
40216
20988
37794
75952
33025
71461
53274
31179
2410
22784
6957
28851
29463
66510
80793
65775
76948
40358
24577
52336
13905
55007
23372
64678
37389
26682
81190
61759
30347
65327
76197
73533
54146
84083
74183
65075
80240
50019
23511
95036
43918
10799
36654
90135
67038
18118
37750
66531
18848
93977
21833
91475
11045
49583
35832
39407
1563
4485
11303
1159
75239
98239
49430
66963
26065
35664
88731
21772
11417
79010
66891
30017
45479
13090
35639
1303
88704
36363
33811
69953
87573
48525
26194
13431
23957
70490
84813
77462
78114
19117
37762
29748
53057
84055
4441
59582
36971
59047
88450
64880
18945
85941
58298
43984
12220
69036
15949
74279
78754
5202
75189
44381
45909
58037
31424
45520
19685
5171
72592
35889
62694
24166
53659
35291
81020
71434
22643
592
66482
88588
37184
37618
51979
8882
41385
79451
17839
62657
15250
41178
26151
33774
66688
42827
80324
94661
93751
88881
99610
7919
64292
41970
67658
25764
86295
80527
24796
50125
29191
50366
63659
56692
6362
65575
12987
46730
5148
89687
55910
4565
24140
67300
46003
41140
21143
79742
29032
99025
68316
36142
12886
88706
17198
35118
48339
96475
87960
28005
5542
53779
14714
78941
62106
53745
65298
62274
58133
65780
50486
72729
5507
24252
41278
99674
56683
3512
76062
44876
52291
14445
7025
3804
62879
96511
54609
17465
43493
54079
70755
89615
66204
47122
51504
50495
30243
50361
18285
61879
92382
15074
90460
15827
16522
45355
6987
25679
89010
60526
30363
19303
49050
1517
70331
80910
77337
82363
24178
54984
91876
12485
29148
38884
57156
8475
15180
35641
51401
81599
97583
15835
3033
85481
36753
30522
60257
38548
99289
34520
32844
82121
51823
26661
50417
5734
18654
77977
38854
40522
84437
5549
15827
95647
88327
64310
32034
14885
51762
60638
37202
24311
68605
34881
20682
24732
68890
16386
16042
41069
39211
54184
15742
98238
55584
57624
22988
38186
68671
59504
46380
98559
8509
30236
82871
9155
42184
18169
75480
51522
81031
66180
19808
89301
76537
7582
67670
47121
28026
31743
21258
88457
9476
91251
86314
36288
37010
74869
3726
72815
61952
9447
18766
50991
34254
13323
63252
21988
49795
39073
95820
45703
98127
4990
81240
55662
68680
18949
68543
33753
38774
7525
28453
78332
35306
13486
80598
72388
57353
95056
6332
76872
82118
78387
47601
74510
80653
1997
34670
42422
37885
57411
15041
56007
11437
48991
8733
36276
60111
27338
80715
7339
73841
19047
38431
62746
72928
18924
23942
57662
87559
82109
28346
6985
49750
32839
59384
86767
25086
85590
50249
34926
61784
3475
54524
67767
25893
31517
19861
18205
93296
55906
38078
84953
81296
4699
91387
56215
82218
96802
34140
72769
33811
17520
31628
20199
67698
53559
23207
37703
85220
45465
51816
14846
39673
65764
54559
80139
15388
21098
66530
36124
4561
95169
80219
52504
52758
20531
52255
88680
5164
58627
27390
44930
6735
34781
36150
70740
9568
81272
55202
11722
41668
60780
48304
20572
61669
4810
87728
14006
22358
44764
55913
20645
19092
69177
94597
19067
70568
27301
52205
59680
10217
28387
39951
20213
55999
94360
38107
17990
7650
17054
17550
25931
63361
17601
37573
74170
4894
80697
40659
13357
30134
8325
1197
75916
20095
45504
29859
74679
16010
13411
42601
17331
77063
51959
72756
22222
97640
41045
28768
22063
87806
33660
96013
59359
12063
94029
95243
8814
90698
54342
87754
31012
13409
33466
91156
3173
46484
59786
18326
78944
69087
17602
3225
7700
81865
49298
31599
94976
6765
67239
50217
34245
83670
25158
90278
27289
47716
26660
5061
64555
15147
51525
2491
27951
26874
59119
20352
18981
62841
16778
22468
2154
87595
87542
32127
81690
88339
36777
57574
13951
53939
76868
17242
56795
95920
2096
80922
1039
25489
38586
74520
18182
54375
35273
26089
89697
22918
94232
54518
84831
78032
5972
57840
64520
95987
52627
4224
5014
88361
74063
22269
54273
6942
22526
14486
66789
38415
55791
45679
25683
66637
36163
8360
83313
24960
24646
39161
19822
89256
98345
93050
66022
65023
28317
87166
29806
33403
50925
95168
9341
50287
48440
60374
54104
23377
55818
39618
40152
5494
4631
66792
32281
922
94355
32729
24450
88348
1745
59917
3340
68453
82741
97488
67312
16777
68312
9139
9650
15270
72216
92195
30180
98569
34617
68951
4376
79729
22012
5410
39718
60747
74907
20361
31702
82844
29086
79119
59499
75709
36189
76171
65453
28192
21170
82523
67024
85105
11801
18354
42406
84888
18696
52013
53214
35675
73733
9507
68311
38433
33289
55130
23621
34353
78127
75031
84702
30392
61944
717
29090
75081
95934
40375
29125
46142
32083
95008
7803
86429
45621
43615
97150
62231
65424
45665
61855
11658
95153
25790
41735
35045
68067
53198
97576
3532
42984
21716
4549
86641
19060
83128
83290
18818
90025
27379
88138
291
21387
98883
22307
96144
46336
57375
21392
17316
58566
85028
46075
1432
75696
68173
94140
38019
18110
89153
3843
1695
25561
14566
54142
56716
53160
69268
36999
2510
19697
42661
60717
914
60239
35528
30014
20590
72845
61652
61102
6214
75004
52634
59622
31594
5175
80915
50540
59388
41584
56888
39626
59760
23254
22833
57438
61933
54502
64165
10046
22448
23051
58672
58661
99087
76180
6387
87198
61403
97136
30628
91756
31614
39880
43942
7700
80356
91257
77780
86761
74551
18604
49079
79441
23330
52468
79512
3480
7671
34052
35694
1361
57132
62666
83416
38916
2239
62956
45479
57081
57467
69725
46067
58176
51571
89148
33070
48442
77962
5226
35253
51079
7413
25318
88514
23149
7705
11782
42783
35809
52078
8116
76981
82454
52869
75971
42690
34175
31654
67212
1609
65858
31825
43369
38467
54300
41734
53581
50964
90251
12929
46943
19385
30107
75581
45073
96636
84432
90393
25249
15850
48941
50135
93579
86748
90368
88001
64776
92657
2410
23495
13992
21149
97134
5507
78632
39290
13652
76830
40623
15965
90363
20523
38123
83076
57369
33617
16355
80747
21296
26982
5752
34301
1040
69622
86365
38376
74530
55683
400
47977
2584
710
23572
46183
4943
61588
58668
86075
90686
63741
3094
15181
43614
80845
47394
29690
35317
27285
32270
5585
88768
71812
31199
75389
21085
64206
64958
54332
92147
59887
652
5679
7550
75881
67108
44042
16122
29000
71404
91467
50924
26535
89398
36359
10792
29964
80153
79808
49090
43982
76807
54643
35508
36471
40779
87661
81289
69380
79042
18366
73828
95369
71475
84581
94064
23057
66443
35851
31140
14691
97145
14189
37522
61345
15171
81392
35309
46058
16547
38905
26421
26975
81826
90324
88033
87683
44048
24274
78471
55515
65085
74832
56010
42741
20438
60466
51745
13253
12607
5518
18048
55529
30889
26629
77445
8590
12657
35980
30274
19693
77781
82633
54690
83949
2579
1946
78841
33964
33728
11118
31628
99992
59618
67671
16314
29271
53131
51383
85510
53510
95762
58679
86658
38687
81136
18967
65945
11411
72595
66207
24953
60727
11618
28564
64252
92060
44782
40007
13106
68022
27697
73351
90348
5758
75943
66519
6503
88435
74117
64121
4242
73275
72090
80330
90430
3399
65024
48967
90658
60628
45599
71277
63400
74894
69727
25535
16088
99183
32231
52768
11966
94149
47383
76608
8474
86130
76638
48819
43108
87085
68889
7165
53882
96101
42121
22282
23048
80390
47280
28314
48467
56724
17799
83289
93282
46196
6111
11213
6665
87082
71250
39912
61683
669
76293
77566
26731
94135
60445
99888
91879
96649
59578
15751
53106
58667
96820
42140
10005
79968
28305
3667
5761
7416
64225
37641
76059
34255
65494
52674
44420
65363
8515
97829
70212
48194
22255
56484
55187
3634
79542
40050
60836
21259
41661
43417
87886
51599
44304
70212
80407
50489
57849
94391
13088
13315
76447
55871
89255
79361
11033
28163
74269
58155
67469
10905
49765
17401
57898
40854
50213
53222
67422
33245
89037
66135
74293
14713
94177
69237
20655
13478
64612
34549
46876
88521
85219
34457
51606
68319
11707
58960
25627
67955
44808
7128
45414
50793
55851
74500
66729
12920
20214
38136
937
73653
23831
11953
6358
78986
66784
3234
12198
34661
55727
97433
55949
11756
50079
97760
2874
98287
86441
29823
50673
72886
52472
50878
5536
74521
34056
98120
81921
41007
13274
50476
38347
72029
79351
84189
86965
7088
70814
74009
32936
21190
47884
33159
14528
23879
10247
85337
86015
18705
3015
41777
65710
75633
46626
86048
80561
45037
57906
87402
16229
76477
64388
83781
24248
48987
1728
57375
93413
58352
30256
24287
9675
43725
89327
81156
18665
2651
93456
94571
94553
53962
37352
37132
7398
79654
64441
37539
4043
85192
39868
82444
33673
76393
91913
69575
5092
66353
28134
21628
31035
37645
2794
36024
56898
22814
75789
405
57726
73390
33902
80919
69148
88830
76448
1523
94798
73595
21042
45034
51395
35920
86266
563
28706
59092
39133
78263
42403
96291
38077
36918
30378
6347
82687
38343
10272
66877
93272
54204
35856
91427
53237
23428
46651
69713
20707
73418
41145
5108
513
9562
79629
17031
39808
99364
65379
48996
75731
82809
5768
93911
409
96786
34502
19886
37061
26289
48027
52909
53958
70655
24373
37535
27096
38388
70540
33126
87494
64788
93948
33907
67577
70839
5757
90321
98722
8449
20224
74460
68288
8784
98121
78703
8815
96149
83620
99067
4845
17753
89189
29459
45034
95520
90656
49892
18603
64747
91969
57315
39483
78807
57802
58718
47439
11939
36743
7060
74452
86064
7150
52960
57848
41537
6072
64752
65841
77729
38903
46197
81966
23107
96052
74899
87000
22693
41606
18072
75396
99566
97616
8394
99768
53174
63767
72504
40759
12997
52574
63442
11499
26131
2273
94741
86382
72559
19019
34366
4469
31643
70932
27712
49050
85716
69850
83633
90436
47856
10906
13566
33877
54272
62731
76927
91760
16821
86872
58886
75972
63039
10072
176
91098
77648
67116
64862
1399
4863
40596
13309
90926
39016
54606
17953
18086
560
99724
85585
71298
19879
60848
51515
64979
10022
65575
58088
63959
74136
77472
69674
29451
6389
81576
97458
33525
77993
8227
76287
9447
91892
83368
69328
83280
52394
26809
78619
25381
56570
57726
64694
97383
27980
9725
17906
61745
13988
23288
40487
43297
49731
58980
39818
97472
28972
96129
48668
18832
49540
65978
8668
54929
57459
25051
95933
18447
22087
19722
79250
74284
20599
26980
41509
44262
55813
92021
15399
21252
20029
41970
2113
69570
31802
70263
99818
23447
30120
53912
23793
86079
77476
39782
76410
82410
14623
78785
72294
26048
73761
22292
87978
56911
46987
61426
3842
98738
54965
60522
89086
64576
23125
39145
86010
58447
86721
41709
63916
40483
17932
21154
887
1942
32684
44379
71484
58821
80061
41294
22864
66901
82910
99116
21544
78465
28760
46011
5296
20833
34431
55826
70876
36632
5489
93009
95638
49338
10588
50555
93750
52856
55548
177
18064
44298
10434
84300
88230
77271
21968
93462
2174
82020
51520
6661
63695
56791
23493
35637
75381
55174
69513
13985
89348
93121
74549
51486
22808
96313
50127
58932
88715
108
98270
47226
58944
84110
97769
92109
57501
4404
72637
73132
81238
35424
28781
99603
10147
60997
71732
80083
64787
66326
8438
94378
10810
18287
12612
772
44358
74687
60542
47533
90159
94641
97939
32721
11469
16885
38468
70355
46436
94896
54439
67622
42778
81917
86824
18155
14633
58014
39145
44040
18607
39875
53129
63969
49602
11541
36643
22614
82210
83488
32717
66585
37447
56411
32769
14698
90969
96213
44953
79057
14751
96670
19539
82231
59823
95983
89556
29025
63395
12695
85833
29481
86605
74755
66632
98011
42305
6792
69717
18634
21489
49136
6433
64204
43510
4767
37132
36441
22153
11202
40459
26907
89490
74195
92325
91986
99480
74698
183
34791
48887
32323
6520
9483
59536
75912
5622
55371
72954
26044
18815
34066
86358
2980
5756
83003
5920
81969
54903
41073
48865
2478
13566
58950
96290
73442
3552
20332
95611
38243
63572
85971
4617
62776
3577
82624
9822
18088
97815
55846
78513
65700
4548
15843
8503
96526
7619
34074
66378
33861
29255
57512
90181
54798
90422
46085
23570
19393
43560
33753
12090
17004
61903
43257
59324
45448
41616
86013
74617
62774
7983
77375
58187
51733
40617
6577
6166
90532
99866
71931
93143
69390
30464
37969
87801
95511
13655
74829
45126
75329
94626
46990
7674
38171
63403
26092
15827
95015
69506
81718
59589
13575
87234
9962
28395
42019
50737
54641
86648
47193
74374
81428
9995
48353
20164
83167
50720
2332
75461
67825
92003
98201
96850
95133
42399
33507
91534
96960
49205
34187
95027
67231
54280
55565
72532
43964
96053
66721
55425
58260
8416
65377
73161
63737
66378
95154
39162
68167
42143
49681
42916
22853
48171
6715
74939
65371
1933
77432
70907
79178
47875
18469
88582
8395
64389
349
87721
80488
46702
30308
23293
27601
52212
98832
55112
36189
1241
73492
62500
57790
78138
82570
15448
68126
81028
12796
84066
95611
63463
15471
95542
61341
74019
52524
23200
32848
57535
33356
63973
12643
67288
69856
63272
31803
2710
35674
99336
63892
66299
39900
29030
4406
37716
43515
94661
15952
77458
14831
16618
32755
63186
86522
73859
20813
15960
41810
31012
91201
27835
48589
41612
43360
16505
91336
97702
94822
84459
46388
43595
86963
95828
72669
89189
86276
82771
63480
69967
18221
14711
72521
93432
57846
54386
39279
43174
62799
76230
41484
75895
49809
19229
52916
93250
41363
13429
27601
58108
94470
30391
38384
61271
16013
97512
12333
41733
77308
91321
69366
65626
36619
4153
57982
83215
38167
18059
73280
79171
33175
35250
2222
91644
49398
38696
41461
10059
15473
6414
76239
45486
26606
830
50148
6094
54071
91708
14013
23273
75602
47787
90120
69002
31006
86172
6689
22804
62572
47776
90467
27710
59479
52575
33419
74680
93378
77282
75236
45835
47181
11242
73589
47871
23475
87907
33699
30006
3108
57299
42148
5013
61529
99405
97634
38467
95225
81602
77383
49258
52807
52503
73259
9595
18502
74577
46968
52974
24042
84525
46230
4070
56028
78572
1464
71475
68010
1291
58401
32305
49832
40433
26132
40398
30951
51426
42488
10761
12976
43377
95460
67382
59966
946
89484
51454
81077
96045
80040
62339
22786
5422
12029
50113
55953
99833
95435
45455
31461
22970
88627
34757
66904
86203
62114
1720
29039
12111
11902
33281
24632
99276
88971
92603
35043
214
38299
5931
99834
15637
71408
826
32798
17960
52495
86462
44448
4051
65699
91191
72409
30772
15467
4341
60711
67796
55585
55062
53572
43801
80648
66893
34244
94903
40817
98462
51915
34246
41194
12454
25096
23247
47588
70360
76850
16833
59487
98434
51870
31488
59764
46958
10042
50685
45951
68
18217
54944
44711
71373
11676
29185
65931
79090
60201
42231
15306
55811
71722
83720
26831
83795
78196
17695
76984
47425
8242
14075
1473
64850
72606
12676
99346
42649
24220
16280
77121
36632
49427
12548
64453
75872
46025
61902
11705
73077
89594
88495
55625
76621
8724
42206
37053
96727
5777
72679
70335
59224
9682
20475
86601
6384
36277
40609
42736
78939
29811
5994
82343
4820
98105
5890
91442
35476
79904
34082
58728
41784
45419
70531
963
47616
39453
28269
17928
77652
56916
49421
81869
5249
76262
27557
652
98945
48214
66589
39619
38265
46995
20215
11396
39580
95278
52384
29632
15372
51861
15523
76747
74176
43025
74999
76428
37697
44152
26521
77252
74095
73936
41204
38520
64193
60833
33852
10748
24714
19030
69083
11358
53078
9360
36227
37389
97683
97350
14498
60356
75501
79900
80755
17014
53778
21023
51344
69911
95188
24219
28389
94373
72108
56985
46369
71730
988
54425
8230
60303
2669
12519
51903
56438
36727
18909
35665
86644
83039
70773
86378
98577
19834
69993
25846
92349
74896
14281
61457
12569
66044
57592
14423
65664
64944
75012
75094
75440
40949
63648
30213
78776
25968
33600
93390
79487
89855
73456
79014
27982
47011
24848
7198
48124
32728
70480
34994
95765
67424
35972
49374
66374
3774
89893
87249
63943
53181
1444
84633
52197
58513
4907
67358
17259
11509
83634
26795
16524
18483
22683
99782
97808
85443
91083
51841
30425
88203
85253
69545
12049
75812
48868
16860
97041
85853
99988
31608
90160
94233
94382
30094
50854
36851
77359
44085
82524
56354
39443
57210
47315
78551
47539
29365
51885
79875
1625
97368
43035
11702
34715
4928
51556
42850
63932
49838
19439
1726
86843
90447
654
99654
87029
61911
57799
38304
7390
397
95007
6329
34295
89568
20293
32142
84652
94423
81849
51815
81550
15877
93559
78301
73640
10139
60612
98556
44512
83416
62964
12708
8780
15260
10325
51017
55341
87930
16251
47579
51725
25707
14441
96896
60689
76831
99193
44636
6779
8463
96776
8371
72926
77742
47009
3653
9630
73246
19524
57656
5124
21534
60339
56436
82396
3553
91513
59815
61323
14874
46263
60361
21104
46067
20237
91737
26069
83038
73185
30022
50162
3234
302
21067
36254
99479
97612
98418
25651
67564
86392
98265
97597
7781
87201
68497
64703
59619
45006
49698
24483
74556
27375
59149
50011
72041
77758
59018
30328
62750
35890
51600
96038
72564
16448
26835
91234
81858
37709
33671
88697
34923
26645
5762
77343
69072
77937
14016
43977
22310
35945
64512
36231
91106
81974
69100
15905
99985
92050
94422
12589
55365
97087
21789
15402
54121
61936
80431
43709
94549
83800
55336
93349
73117
21069
12345
71453
94147
55833
56548
33965
70830
67261
31364
51501
2130
54017
99209
57336
90318
14748
34688
70729
99605
12349
40978
53460
58212
81684
45379
55715
50995
83328
7706
60651
89511
77814
48929
94219
1283
26890
4226
58561
77406
18014
65841
39657
90064
72100
16329
41554
15558
38449
32398
48287
57205
78080
882
42743
50859
99967
69043
69001
97120
64154
5985
88223
29900
90179
14749
50014
75411
84187
54845
36056
56219
2912
50509
14510
29086
26130
53583
78181
85339
58723
3011
79651
11494
95419
45185
55910
65664
32869
79875
86114
4737
28282
1568
86517
86097
78248
88243
47113
25271
59550
89274
59525
26505
80375
90139
70800
95074
91872
49728
35203
92145
27368
71523
17098
7886
50499
9157
52631
6439
34651
68791
6850
80665
20979
96348
19137
46075
47385
73862
98880
93619
56840
12861
58558
19084
65431
18206
68964
42047
70978
24800
84673
66734
4114
3954
1639
32784
10732
2079
68028
60390
87155
43668
53086
31500
66170
17048
45655
57420
26794
24762
23320
7596
75948
61513
71573
17191
38325
34844
59069
56121
62539
70354
65204
19668
83223
54803
64782
3568
88393
52310
46154
159
25026
66076
20041
23967
71555
87641
66602
17000
94128
48595
9860
78373
56768
4834
17727
22495
29027
96056
2095
43253
66480
25050
57806
10792
51242
35820
23156
47955
24015
75020
94902
216
51133
79380
44856
2805
1889
61794
89200
6645
96509
91061
66265
75554
11989
32174
28464
88121
44631
14262
46735
45430
34821
97534
96772
55758
5184
82496
54989
25244
31410
6341
55122
71027
40631
832
52542
73426
40233
37048
78907
18549
88423
69860
3850
18152
79874
68430
15132
44150
39940
81177
56368
39712
36541
25599
42954
91306
83627
56339
69451
4239
31685
9254
40243
62292
35236
57861
88432
87386
15471
63615
95233
99661
53441
68164
33643
22074
49497
5480
8823
6493
79998
47303
55079
49368
57741
49955
26675
79487
90944
32297
25157
52240
99837
43986
41037
63841
22360
19173
58817
12754
17798
49370
69972
31073
6335
45785
849
82428
22319
65248
38165
63760
64057
60227
58439
21504
62568
24270
32917
68754
19988
52774
23276
60580
65741
44750
33587
26524
91880
2758
41733
39997
15075
59469
78505
77332
29973
9863
97552
95986
46231
58265
46634
43733
92426
77777
90629
82207
22148
19683
92611
12231
98714
83150
17110
48526
62315
79230
1467
15370
94118
31530
56881
19935
73497
64989
8244
72652
8952
35954
13722
32929
53222
44952
94986
59726
40035
17973
68084
43702
87922
3975
16208
61090
69862
52133
47223
40210
58889
96165
46648
62607
38984
31287
89336
91932
60893
84301
87433
5963
99898
34174
31877
99692
53168
55904
25224
54783
11258
54899
55016
87146
36777
62365
15122
60391
78220
42672
25729
99797
59995
21095
12733
42255
49153
58063
19566
91321
39875
71587
23676
99478
45681
12911
10981
3927
11112
14902
20378
72942
50498
49487
65334
30144
71259
25674
32731
91097
90944
67697
11563
23322
42198
42089
13280
87981
54404
69688
60072
30713
25375
18208
73889
64081
60880
5833
83181
72198
86339
90109
45938
62909
13903
28109
74801
90012
79005
60241
46912
45373
7223
12781
20422
90661
83374
43631
92563
69006
38120
43092
32922
25952
82980
99338
20204
64575
79403
12816
1425
22622
51157
95162
19813
59761
67925
26897
41229
78944
63618
94135
49429
33591
70179
81864
74760
6874
84759
79548
36715
78454
43166
35817
48246
16083
91655
741
81072
67430
85942
36873
85446
59426
36881
20337
63943
80814
63464
18463
4095
43986
65568
90656
76718
55435
98938
91654
86565
85438
85444
45045
2844
41385
79003
25977
12947
91477
45371
90804
8195
9064
47942
87830
71455
65846
65197
46308
781
15864
85917
87995
43131
75381
40072
76367
55903
53660
41167
69100
51248
71796
458
36829
410
53515
39124
96426
54818
50570
22901
19900
20535
32170
62221
43644
72785
8255
17402
53402
47785
51730
33639
40810
12563
90541
8657
12648
316
66544
45782
64828
70557
77984
85884
12344
86809
27039
3356
48319
91353
64759
25449
37952
91457
28111
65633
82239
62479
69440
90927
66261
75023
36449
86777
10222
56350
88287
33101
58256
121
12041
21539
53307
2945
2855
27567
71692
51693
77834
97671
91579
1388
20958
18923
17317
36470
25341
629
21924
66829
76765
79262
8473
91605
30601
71817
96876
11629
27758
63057
75403
84458
36043
84971
48974
30383
99852
75095
87707
46314
39888
75337
32068
37645
41509
44046
93870
8808
5910
57437
77613
99104
26779
69979
59915
48046
98286
32843
41096
76822
59358
89712
6716
74914
77884
23136
39895
14267
95795
95592
75081
70788
70165
71926
50109
62259
94320
94631
68128
40908
33407
1965
13056
84091
2812
84411
40399
98286
66996
65809
8455
2541
33203
24063
15847
96055
48990
51384
41180
71546
26400
92917
91291
4494
47996
96130
12202
53999
84129
83817
2558
62902
72508
69625
57919
92019
25510
49874
28744
63176
12670
75888
46731
65380
57714
30290
82609
9979
94199
31206
47679
39935
2680
95731
43860
78046
64906
63618
55855
71191
66718
60233
64461
1593
40080
73813
37232
63291
8925
99092
44635
68082
60817
65117
34073
77106
37598
65500
41630
56995
2697
1342
20901
41343
94078
92725
45785
90278
39779
81160
56656
90111
7754
63067
83280
36331
96960
31254
14741
8007
69667
2164
29419
16542
98353
90283
51382
62248
25499
45650
44721
20324
14200
38164
80883
74637
97206
22256
9997
46683
11883
59338
37648
27993
84714
41522
652
20895
20337
20239
66868
14540
25278
56551
6045
5345
52450
22190
11300
72988
5870
46760
85007
66096
78538
90940
24716
21086
99300
9144
91989
44754
6406
73627
40821
61660
736
49667
36773
78632
18692
2900
54223
63709
74577
46081
7124
41071
76327
89626
11433
68674
76154
50546
6395
38204
8577
82859
55699
75364
12813
19392
22421
66301
96087
37711
61026
12505
70482
36482
82206
47260
74528
51449
87244
72143
38305
90677
80245
48988
38533
22819
64295
18157
5475
25347
13178
44796
51970
72468
71854
94902
72020
82205
20592
12913
33475
10715
7419
8870
54404
94946
55067
13261
66120
65490
76813
21109
47152
44984
96003
65180
68225
1725
62180
83121
30893
69711
95791
68803
76369
58858
95871
54661
82526
46275
48842
15682
30222
47473
92740
51255
32312
91864
52834
12305
82463
98963
26168
34659
22788
26077
15043
39267
3932
18269
71586
42466
76445
22092
56703
935
4274
83747
82668
36616
51021
50534
45929
57252
8892
99079
84705
3967
74420
87544
67636
51962
80778
59921
58736
23118
6273
53594
92408
87653
81981
61653
82695
10262
26102
16844
70701
98587
28648
44594
17432
44784
16999
49305
84974
33546
65328
91055
85239
38674
49787
19861
12535
85981
77453
67103
89145
94121
46761
86241
8199
4534
93798
64795
66389
31230
74236
75523
59774
32626
59928
19084
11399
67539
48367
82736
46879
93226
54480
37343
71816
69796
1425
80068
78575
8974
75883
50416
8150
47241
21250
21670
99060
43561
68412
10306
53618
4400
40692
8007
71574
76450
73926
37123
66108
83716
55370
36225
14528
33174
23262
77194
48409
45579
26107
16505
86463
2657
27754
88090
16397
99681
63663
7198
3393
20788
21955
13950
9729
96863
67136
99850
52344
1149
5590
25837
55517
85176
1115
45118
82452
42788
61214
49765
78670
29112
33404
33831
52684
88042
18636
40561
53857
32037
57685
17661
21877
6505
99647
80228
78309
87584
78022
78656
94504
29304
9067
24092
76589
21154
99590
88411
91072
65926
85622
28098
8587
49505
80504
34627
15641
92700
34198
17255
25270
12298
24470
5751
57106
72958
1140
92038
85412
70502
69994
79262
58571
25704
67403
838
32208
97431
92047
93134
23559
46258
44424
68791
5973
46777
84372
54625
10827
42221
16139
43889
8688
58147
6808
90559
55965
94469
16581
1402
15169
51205
86031
40760
69733
50463
81112
59326
19050
28106
41691
78665
92686
75802
33466
24822
40366
34069
93331
78676
20485
50383
18865
11716
74483
93861
62623
84010
9113
72627
76855
52371
96736
68306
65208
51394
8889
14482
91927
12441
11295
42191
94156
46336
26776
90387
53549
74069
10587
55464
17753
11985
92428
33528
53994
41747
20163
80099
56813
2667
91562
30236
32782
61605
93445
14049
13676
25295
58219
77173
85419
92969
83891
44699
89001
7080
43754
72081
76168
7207
32833
10183
89354
19499
31459
56346
33723
83762
66596
69106
13384
72151
23893
12084
48493
76420
70579
73956
80172
10740
24865
84891
28794
55107
49898
96065
16851
38005
58888
27464
36462
86016
90882
5092
95947
33144
58063
34570
56744
12053
88282
83748
80371
64098
74558
72719
40122
39556
67248
34897
89246
62949
88316
698
52966
5244
51848
66198
82288
77019
95093
25708
67554
75541
79555
91830
8319
63690
27124
70973
5589
23248
35849
23856
73298
42079
19304
21985
61367
35193
61343
12188
64549
99349
56738
87397
4404
78695
67185
86733
24963
15565
61525
79792
58345
95704
12169
81294
37290
64117
77429
97317
53829
79927
76245
10855
64138
58307
86968
53789
36265
88856
40484
77816
85925
35737
63351
69327
57608
11128
36905
81690
48336
91040
3917
67402
92935
99615
70294
42755
46416
93838
92150
82327
70237
7263
76098
76064
14206
92002
17105
69113
36948
66804
80515
91353
60483
86660
8223
31086
13701
86755
55444
92562
92188
64744
1185
49676
56896
83901
17520
13030
43926
5481
90108
29254
63617
86395
53716
72812
5394
20303
16568
82247
41307
78369
80928
15636
90978
15883
87292
58516
26961
19580
67414
34632
74378
83160
88500
91276
94359
29510
39161
92173
1375
96058
28011
6760
59189
47999
5071
97633
97099
67328
80752
53981
39428
77779
26079
67836
39942
67426
50453
51222
50158
89400
11123
13137
80158
70053
24746
33020
1137
90894
11383
14635
64111
82580
84422
36688
82940
48127
82071
51634
81483
67526
95550
89773
48849
36222
85092
88006
62196
26557
97804
30184
91489
30985
50704
87008
69788
23906
51848
62065
81234
95529
98156
6933
23051
7468
36466
45970
75644
44239
81297
27284
13496
38008
22214
66764
47782
13398
86611
79493
29326
16079
21317
94878
73966
43429
71375
94345
50057
44293
34962
20192
57630
11948
77630
69854
29206
70293
18258
93665
82135
35267
48543
37274
73814
87176
61035
44014
49865
48368
34129
79405
73498
37037
68325
62924
88152
36319
30613
21697
31400
61695
25355
93275
81048
77161
43504
16347
340
20132
6667
45778
55794
71056
44774
17849
41127
77610
48881
95911
80509
33534
96160
2835
74172
44714
64879
42886
83844
79723
5158
57083
81629
49095
87800
35095
7462
8950
72293
32063
41450
41549
72448
92506
1808
5704
44234
88676
60881
27156
86493
1771
27493
26166
35109
68074
96854
67163
81064
2176
51318
40061
44871
64812
81613
18767
85244
28935
75466
61190
47363
75230
19002
86724
22230
11371
70231
56769
10320
90959
41591
31544
63155
89422
93158
41163
29220
44647
40174
97396
21588
39182
43410
3434
22426
64167
28506
33548
9756
10561
85097
13101
99789
82829
85482
32028
44240
21850
38761
73774
56442
45615
33150
23338
33142
65796
71780
65009
33218
47741
87815
40681
21846
81315
89052
68484
38917
62593
40938
39793
5339
81816
41926
3423
22343
97855
90398
31689
90163
24251
27083
96227
97230
42519
94345
37952
32938
72576
77602
83677
64737
57344
83238
909
42226
38229
43863
61313
41642
7212
44449
94675
69726
52895
39079
96624
14773
73961
41592
63201
95330
75362
35521
86356
70254
96988
29788
65036
23188
59672
65349
35489
62150
133
76557
78676
11278
64598
17736
83444
99694
45567
7938
98822
64393
6060
49806
77685
5978
11870
69374
630
22466
82947
64302
53238
15392
71921
16059
72354
16696
34686
34098
39571
4662
88767
26914
884
38187
8891
55827
67377
40790
15371
96848
8830
38143
91793
45408
48097
5596
44242
39059
83453
3510
4306
40792
84347
39174
85418
60779
65975
16697
11976
90922
51141
32723
91235
95241
82175
90479
42776
63836
48844
44004
98215
57234
87822
57028
42628
7361
63015
65182
17722
55644
27753
8771
29090
78273
50265
71366
80284
3726
92127
75772
72296
46964
94285
48962
55716
57924
36138
53598
23682
84806
79353
81182
388
2089
50347
33373
70359
10069
71517
70692
21545
60283
98351
83341
35369
57166
85987
57474
66426
50891
20654
10308
72979
7859
68734
55912
52918
27225
98216
77723
68811
38455
53549
10471
30360
93979
14504
42893
17407
85247
16247
24434
17108
4438
43427
5175
77113
74274
94445
59840
23257
81379
39319
57622
66813
96586
52365
86823
2862
94475
83918
88235
2568
79313
64283
69474
72566
97227
97466
73625
53200
56932
85223
29388
61262
68657
37240
14213
46824
10691
24747
25474
89452
89148
47951
3093
38746
85150
45004
7877
37375
59903
42384
46929
93420
31865
36022
6069
5011
93693
18229
15781
95774
88936
86562
10166
14220
4302
52643
63164
67688
20563
25458
64366
51079
32185
94250
66310
2238
11507
38768
97124
99870
39959
27009
13362
96877
79090
2324
72355
80482
66230
76460
14228
58269
88463
79133
87284
92128
56403
25336
70144
30062
22167
5300
96423
13311
80030
9435
89932
11549
3436
15246
78474
91518
57497
10486
24242
42622
78946
14472
74511
2520
14905
40468
61899
6176
87580
60715
4426
36961
9443
15210
29460
39246
73363
50663
56049
37799
70640
20151
38508
35562
38607
1913
48762
60371
60393
55267
20116
56690
48715
8647
85791
32296
4426
25729
41357
23133
99092
73728
74428
63776
96034
24846
55069
72988
69482
85118
65359
47284
16529
60209
18250
47547
95230
22693
76215
67698
90313
73723
91996
13343
79186
87907
82710
88358
64462
17126
70815
34631
64731
54000
14735
94483
28533
82392
33118
54060
72770
34797
34215
95865
51079
91294
53929
56323
86078
73158
8359
29966
79935
76435
7983
38327
33051
46354
58840
44583
35623
81752
51140
44049
61397
66287
83333
32494
79071
65243
58108
12434
733
21320
43356
41098
58710
7154
21325
91733
5106
6225
53197
7228
49358
81247
78064
90895
71241
40806
47336
20990
84699
7179
66369
57424
19846
97297
2275
58468
47940
20812
76250
97122
9568
58691
3410
28924
96161
28513
20443
13286
19072
95320
17004
63375
81914
41266
11492
15451
83617
90197
21068
23711
51086
17714
17913
53241
14001
17227
99917
17897
78505
60799
63389
10319
87438
94099
51725
49602
30348
52542
69687
52970
6346
55217
84586
76572
99176
99041
83407
53712
43816
2354
48647
26879
60578
43170
28625
93790
79067
51632
93576
95186
62353
21735
44712
76751
12013
69034
3057
39185
65435
87390
9988
1366
77205
23982
21546
86966
80763
28863
26740
61088
21279
14034
31837
3666
70365
54927
98796
46964
71336
70867
85238
46866
92864
13497
63488
31540
46783
11742
23618
1052
39314
61396
77062
11580
19301
4485
35376
92689
85239
87010
80536
32639
17453
9287
13330
99243
48674
34380
32015
64079
3964
38923
50524
37661
72538
1384
26184
47060
21769
11618
93572
89336
58358
1013
18210
79185
79326
97833
76800
68674
97569
82811
65438
16899
55380
47302
82250
3838
52918
59630
60125
55555
22555
98057
77183
52040
85092
57930
29317
43713
18415
75882
23707
16183
66986
63285
60892
3496
67971
81903
98046
50108
61307
61441
82891
90207
15482
6948
19209
33119
75196
59145
41819
67908
60488
45538
23873
26855
57793
52048
62683
35920
22517
4682
78795
49840
73747
42695
42199
79575
82841
47209
2317
55059
39244
1862
6914
49735
20961
86068
86259
92323
51704
79888
7501
96965
48520
11595
83207
57580
19381
55089
79853
53237
30398
28343
55128
3860
44915
26912
6456
36977
91140
94221
33843
88092
22293
81215
66888
87150
20334
53962
72748
31358
41390
60792
12374
65916
4127
47702
30486
9293
82820
33279
24927
23716
74063
48579
64742
69978
21904
28788
31010
89097
12072
73549
42771
99403
1436
52480
73856
79081
5124
91322
57144
67299
17570
16916
19450
37692
77008
32441
58448
52190
89043
77199
61142
32401
99596
7268
6521
5619
4301
20087
69210
16693
91721
83807
70513
43186
89795
70332
1359
56333
86312
65112
70044
97862
12441
63546
56190
16088
5153
71335
83259
1842
93765
64821
73974
29488
48185
8237
93045
50613
42255
4988
56163
45639
93994
99766
15601
40583
71281
17704
29912
10028
44319
76441
7738
80379
58198
1915
2950
55429
78004
96020
52858
16701
80702
12516
57858
11732
39450
86738
17150
63955
27193
28023
64386
4149
4176
5351
99864
90910
35847
93111
11424
25563
86794
74191
48855
19991
30110
10286
85877
15576
77486
75636
75600
82100
17859
75985
77406
691
22802
62759
23288
89762
57295
7326
3995
28945
44767
7876
80520
5706
21195
67870
79018
35246
92528
45424
68727
25230
53492
12997
19856
23587
58835
94844
323
38922
42103
73743
63184
65279
85830
23777
98472
94229
3189
69603
76561
65360
20282
24418
33670
23775
77568
85841
80571
82393
85172
51407
26015
85395
28988
38517
90490
95195
43878
23934
36821
94996
33982
74995
63737
71982
92346
62418
73680
97185
81104
24890
37032
83686
45415
47542
12630
81746
88042
51300
86583
24240
91193
73120
28817
68154
89050
57361
49656
66708
17645
59344
91276
99397
22717
28305
50432
79378
79345
23440
57429
92889
91651
8441
42021
73095
14728
35987
95900
83862
26382
8394
58241
24295
25764
24407
56690
38936
72722
90767
51981
17538
57546
5317
9387
99473
97782
54652
78534
45856
18225
89262
14396
14481
33362
754
93580
66279
39362
15533
95516
9056
57807
90487
55229
36337
81113
68937
29447
31360
46089
13696
23134
86808
31298
75025
1750
44429
67023
97641
66514
61517
33020
