40990
65250
86566
78590
42112
44490
91186
68872
71302
79005
84068
86823
19711
36115
32061
26377
37896
21368
15900
59459
41726
36761
64933
67118
29357
63631
83908
82684
9959
74341
26346
37397
12337
60871
3478
69778
90007
10281
57616
32693
42592
51633
42766
15875
72508
77986
52345
58271
75609
23718
62346
36229
27541
29783
31470
671
12398
53258
27881
41031
9813
10968
98582
5914
11489
85322
57741
20885
34176
88001
96605
76079
29545
72960
73688
65139
68108
39670
3150
66712
81258
62988
52146
29311
25281
82855
25977
21032
85376
87162
71360
33488
41977
31211
21325
20011
5876
38720
46286
43035
69568
38118
76126
56971
98788
79230
7910
25290
70004
63844
44928
71399
80351
14013
4566
53541
68549
24317
17705
27643
84070
69811
76942
58635
87574
38225
78322
30012
99084
50395
69663
86039
21178
53419
43831
61371
37366
57247
79196
1181
34199
78112
11026
3583
63260
12879
11068
20651
35430
21966
40483
72909
66533
49929
33397
48203
98128
74975
22954
85377
56302
50321
70466
63133
25170
56421
94219
50676
38692
45239
22782
16895
27993
52189
82088
34102
75140
20694
21382
65510
88326
26254
32426
46066
95713
46064
