42012
53846
95789
52113
30901
94229
56472
35342
49988
63857
19404
55621
10094
26010
7021
4292
20226
67337
40390
84308
24415
25481
91879
75591
1955
28722
989
19182
85298
83472
34029
27623
1247
72610
44204
41812
9370
35774
34750
67143
8438
99378
26729
73049
79670
47782
79765
37178
94483
61629
44130
32610
88748
48315
5862
95590
8971
73504
13762
56487
81456
56369
24127
16324
63196
75832
50698
64367
14908
6370
78410
53405
49776
70886
80346
47191
47319
9638
34087
28878
23865
42190
6695
41163
73649
60889
74676
66340
84052
13842
91812
83563
76450
95288
61222
37504
6376
54395
18939
28167
38544
50467
18895
13332
66118
30737
44403
81315
32455
84444
81240
30756
98920
85437
53961
63891
75680
64775
4325
66214
17299
31373
99064
72095
72316
91560
83094
93473
71127
62960
3923
15872
66184
88039
68866
17521
94123
24885
86535
66497
41561
30158
72411
14849
10323
21040
35228
44638
13775
88233
48238
91567
89212
74485
3027
23527
82035
98212
48098
41515
53436
81466
49734
2942
83034
4849
93846
54551
57396
32345
90476
38036
71489
32447
63685
1096
42191
1739
85812
58703
77456
10019
82499
42467
41154
76333
66279
37287
70618
60018
63422
7040
58668
57662
54248
73988
24665
39588
8575
7786
91349
31807
69109
70817
65619
24915
48392
11997
61616
33905
3845
41356
74393
59769
82358
40486
19322
74714
60265
32259
41988
28533
31519
98854
87834
83168
49772
98903
14681
22278
52466
64079
65313
59275
58165
98828
55908
50765
82331
14756
80841
69159
81218
97975
20989
15407
26749
36733
32152
6431
97933
3582
60647
36657
62200
80928
34716
30435
28872
43291
69166
25881
73410
21993
38061
7330
61313
73625
77926
85715
7184
25442
62831
22128
14145
31989
85137
26185
67596
64523
15823
99745
19494
99997
70071
56297
2909
60755
62691
92427
67886
20436
71372
3779
39748
60860
74093
48104
24942
99787
35311
33160
48571
49690
50422
49265
86100
39977
55655
49100
65494
16884
13204
61443
46090
83684
47782
52035
81827
85153
94310
97661
79284
44869
78600
71271
11531
76652
80756
85312
78798
54600
71794
51664
32432
3665
24401
39341
81328
75513
60117
47418
53711
37885
93595
29290
73996
65367
22569
14114
89277
36304
31511
13501
29004
92884
48372
74825
39948
80574
71543
75278
42806
53906
8995
52815
23204
69673
65045
93929
52489
43687
31373
80568
19500
84072
20503
82617
49311
52729
75541
40266
70080
67940
37643
57518
31691
33827
65990
72652
24153
95285
48329
97143
48794
55022
26390
43977
14923
99336
77174
23336
84275
33560
85989
27210
95488
54459
43869
3829
17785
23152
58045
13215
70559
59999
99189
78868
61861
31862
56785
84790
41
99381
11680
6527
44750
32863
72448
98018
46007
2353
20551
99823
64002
81295
82192
14133
72159
88730
20192
47105
6060
93406
7893
90533
31086
44263
81994
82324
24718
20403
32457
87210
66286
83970
6446
72969
97638
80555
99699
82398
28607
48233
18269
38849
80874
18386
80930
80219
16638
64807
28182
25314
10765
82855
15153
79488
16930
66687
89214
24210
12090
65244
40354
44620
9628
93985
28135
66234
60501
68788
18405
60513
56340
4562
54124
23139
46687
70691
11600
11650
96208
52072
43121
4124
84432
71729
53541
85876
41807
20715
57157
30865
99773
29303
94001
20000
69319
61461
48224
11925
7313
89407
37673
43599
8364
4594
15271
40313
98037
75271
77356
59340
11914
12993
90405
96082
82089
18302
12326
64197
66215
33648
71090
56310
62698
46182
26696
86346
98916
41795
67533
10431
81164
30704
25171
92876
64539
84077
72931
75910
18079
46146
66988
67870
82175
23924
8743
82024
2796
73044
75590
80183
53888
74929
22713
31620
82455
11693
24477
2574
50886
76557
88546
25179
42908
67754
39831
55900
84211
47397
10259
56462
7091
25144
37187
80989
22020
31751
74283
28675
89965
51669
85659
3598
35726
81010
51120
67968
56278
33266
16739
40688
9506
6457
30258
87054
49491
17171
64905
89635
12459
72160
53677
97014
39875
32620
52325
42251
55980
27805
52645
51815
64992
21509
55768
29743
1028
89560
74473
69613
31101
97303
26094
7924
11979
80042
98450
64347
34630
59725
46717
13957
84532
55649
65827
13154
21029
54211
92742
76014
75659
6682
60936
42935
64953
61258
63121
2300
41494
72005
74360
80432
39070
94433
63314
89342
68790
77957
96597
85351
938
56317
1064
21063
88580
36205
96713
8565
43403
74625
75258
92489
32854
11523
8617
57816
82795
21446
62266
93818
60889
73535
19923
78765
58126
97300
14212
18098
21334
16589
41264
90005
30737
2886
78141
48011
28463
5542
27284
6964
62666
14762
54773
42335
89920
11355
95515
1293
60652
40062
9671
54829
68288
4266
10060
2023
24993
28948
35126
49812
671
34566
89207
37962
10224
9486
5808
54230
12136
28690
85656
94146
56822
85058
3500
62614
93118
50438
59763
6650
69294
55126
74029
40730
69696
3272
40952
70562
54987
81860
60478
80969
38022
5812
46942
41930
70426
83703
62453
64044
70947
5813
43209
4420
69123
23916
76946
19441
3203
62376
80997
80389
40711
45362
77886
36227
96076
2847
24362
59555
48832
96777
51631
36819
60030
73820
77560
10264
92453
76614
46432
12274
6389
90705
97786
98909
70533
83181
2811
43891
45219
88934
64293
39727
35881
80405
55824
59437
25976
2098
13015
17294
55348
24871
39581
88855
37660
41408
40954
47544
62244
94719
2149
5802
35057
85772
20416
41074
85456
20713
23931
15554
52019
47267
32198
31839
85801
50052
11254
30845
97401
69702
44051
678
88443
98754
41660
39897
17971
16295
80343
78863
40554
76294
81081
88217
75531
59081
5486
13158
24439
85284
49670
21089
92390
36451
97500
13110
78395
86691
73412
54613
46978
25182
58737
6191
50920
21438
94080
24286
93175
14034
93156
52225
98797
17374
92143
69476
84408
88844
35385
44318
27312
43169
59472
42196
94801
55947
60445
61083
57043
15830
2031
64763
87432
67582
20134
83470
92465
96830
1885
73800
3517
12999
11733
62769
51871
11212
68763
60525
52491
79034
30357
48861
31533
66245
31214
73311
70215
83486
84795
79120
97701
85345
77737
49
30589
62538
25253
97191
12808
43591
57576
47740
59192
70505
72157
36868
9686
4660
43537
5658
97305
69718
31061
92520
36
58004
39954
48581
46876
97600
67531
64569
61156
86343
87304
27357
79512
94983
15172
2365
28003
87005
79028
16159
97981
5436
9265
25469
56484
86266
88645
50637
17653
85828
49999
66947
6983
26610
14194
47628
6053
39445
3744
40731
94950
72877
12862
77441
86283
14839
63285
2549
83764
81380
28661
36179
94623
9317
36005
4481
34398
3873
12907
61388
28147
78761
86452
77777
35851
95875
11585
47063
13397
57634
8687
66778
72062
53143
48673
45539
77034
79169
26924
54162
99216
77759
39327
99710
69426
74822
3692
66163
69272
17711
77432
45754
37544
91944
95835
24566
98948
28682
3091
32554
14785
39530
40684
25945
17631
81417
56452
53381
73449
72838
11710
53721
39467
73108
17670
59778
21579
16262
61083
55928
68006
15686
82366
72986
41640
17349
38902
57815
87495
90220
43901
40297
80604
58257
75530
97340
86911
56070
64604
45261
87166
74700
66559
22125
4121
53861
90686
8133
6973
94918
25158
29075
60060
11339
72243
47250
92677
94212
18073
80696
59493
21773
18193
24440
81818
91708
1886
65768
45712
81843
20475
92670
39578
51350
4003
37267
40846
55542
62460
98761
40733
34476
7328
20233
41293
7777
47018
48037
83318
31402
44570
76924
41813
21617
3365
72155
27056
55374
84508
88129
73159
91028
4758
34875
5491
65576
40477
65582
95006
63917
44915
91860
97086
39419
11102
69213
80207
26030
57111
20822
74412
70106
74411
34279
19114
87419
60940
93719
2545
41771
95639
10410
46808
59725
33506
44426
33116
59559
25442
38147
51644
52332
67926
92776
64756
74583
56244
4852
91925
15732
71438
36523
53693
41240
9825
92383
20632
63857
61402
62126
87538
73687
68964
8552
1015
52194
38642
43054
36970
38293
21285
64086
9758
42360
63451
91275
34292
60260
88853
21745
25522
79288
13092
1191
87324
92104
20463
20709
46642
20917
52067
7589
39878
45783
50647
32734
2264
76630
99610
13579
18064
76825
61372
84746
67159
66037
29014
99552
40914
12103
17942
82265
86395
98493
84363
1806
87902
93295
93546
4511
3470
19179
9819
98048
6114
47310
25763
20817
79503
48910
39054
42084
38754
60404
36856
65187
6810
4231
12377
8810
21056
84003
41707
74992
86437
3561
41177
67715
22486
14864
56646
42737
16542
87545
4182
72675
19992
26016
39933
69924
38735
55182
55170
88799
94069
15756
30832
97510
40924
41074
12057
55279
77268
35645
27335
83961
98434
81086
76993
876
38969
15439
45750
6686
51991
8065
27017
95986
41855
78450
98233
89756
16270
55130
65259
60319
17564
9860
15830
19479
89234
94521
66315
24914
87618
84791
84287
14328
36391
40769
3287
74572
99770
593
44079
74187
61581
11337
50791
81298
872
17926
8362
17820
30687
14901
85948
55816
36492
21600
92991
95929
18798
81217
70562
4023
7101
4375
42055
45202
91016
68246
39503
48103
64685
10521
35365
42748
41845
11699
51587
67493
31018
68898
99205
79913
60885
17189
24616
32830
28792
29988
69438
2896
14213
39246
70674
95617
82745
71616
19506
71595
7481
7745
52413
897
66599
78859
42347
67284
96417
71235
78931
81488
75286
53450
87421
30758
53669
15436
60325
48933
41973
60789
88008
3458
60299
3427
50127
69110
73291
23575
64117
89894
18350
61669
84822
830
69051
18923
97974
13303
79877
52639
57643
88600
50946
22432
33896
23544
22820
81551
99462
37441
50293
49718
78833
44528
24371
20262
40205
24793
2694
68511
70212
8936
53370
34472
84621
6434
65726
81086
34521
79946
79383
84521
32733
79551
97505
29674
64567
25026
46884
34225
53600
91702
92079
45804
34349
29024
63571
31769
46049
24366
67262
5564
46962
820
659
15468
92374
52369
14627
21223
54474
91312
59562
80998
68350
57963
22184
99884
32065
94121
7514
24280
46789
36264
6964
47673
51439
74390
84606
35457
75645
21785
7432
61874
81748
60975
83115
85813
25476
56207
59454
42186
72154
24942
28850
42906
85987
51902
60810
86792
90776
20529
42874
84262
23051
4731
24347
81891
47947
32021
61255
42114
17367
56382
87896
7206
40701
11740
17048
29833
73678
55648
89444
26220
16992
72104
3682
95049
91327
24030
83388
63364
63665
30621
41592
20608
36132
4499
821
30573
99159
91170
36996
13503
89634
15489
89536
20603
9890
44128
492
90634
40229
34345
21000
9584
93070
22657
75888
37782
56710
40397
625
16707
6176
530
35431
84521
23110
71829
39640
82812
12165
11041
19975
63294
86290
10278
24183
49013
75575
4990
54812
79133
59806
92620
61183
80826
33017
28894
77934
69222
57644
52305
33373
56809
43640
20147
83453
85415
91076
13795
95639
53619
87498
86420
44870
85057
81531
19217
99534
36184
63344
6011
10460
74534
80302
77870
540
37614
8181
43010
4209
38141
19653
55052
46549
15515
40366
64324
69357
84956
40498
24226
94887
26678
4185
10690
45331
98221
59473
77446
54075
25289
14432
27163
62369
98345
55976
90675
84019
67217
16789
4625
75437
83839
29862
10692
80556
92028
91285
98634
24906
99085
67077
35574
5211
28137
55591
86829
91427
86501
54217
86602
7569
17355
69980
76577
18556
28906
17056
48704
60281
36486
10158
98161
46550
90352
79041
94844
81782
86768
47170
10569
33834
46046
16623
63012
37800
29873
59624
68505
23210
50511
85621
17727
18021
17890
61655
93937
38500
87564
54474
97399
29217
54545
17011
76611
72160
27635
17452
43991
28712
36475
76873
22468
43583
22515
85734
98926
52513
80017
88911
69291
14684
40269
48971
52874
52330
39315
42918
42992
95532
85492
30106
74685
96800
26743
18425
58957
82783
56141
41146
57659
57110
15650
95837
64480
59422
38319
24541
52473
57786
44717
22513
14535
66605
69188
36830
19791
96117
11713
57469
65826
78056
54726
16612
91639
50153
36027
73716
22899
85959
69314
26655
35659
66355
24776
70003
12896
44507
15735
87144
70346
32488
99177
83010
63248
64272
85944
67618
14354
11833
45616
86703
42602
331
27269
66557
97991
17937
11809
13304
91353
59884
1366
26959
37515
22963
97713
96671
4873
36906
63727
49531
18947
93310
75210
49845
90890
80507
17132
40716
99736
3338
19461
45042
11180
52075
61943
91000
65490
3786
91661
46040
61441
73825
1900
34078
24126
61610
22914
13589
2175
5279
62043
73290
51561
47633
9011
72511
89338
10913
14981
34766
44259
26877
39202
58039
45037
55738
21182
20200
23389
6955
41572
39177
80082
82812
77705
70241
41738
1581
73118
85000
64005
72462
46047
7881
16801
61108
14632
56211
95044
85141
8552
34398
68696
75813
20717
55669
72817
62606
60991
88259
9898
43045
32553
41726
9230
83695
21521
11083
20850
26128
96041
97676
52511
59467
26558
34925
52045
94363
88494
20327
3563
79628
61879
61774
48604
46359
77066
95550
21595
60345
54493
83517
59423
92207
26752
64108
23257
76303
69608
88368
80954
28198
29895
21335
47378
48330
12317
69289
36403
3483
72296
25581
24852
39035
84662
7636
75153
42470
44891
35942
5552
81008
14174
8424
5758
43642
3566
70375
12344
24337
64530
6500
70342
51779
81789
73371
27681
16318
54880
85841
28662
75015
99802
90361
45058
82804
98955
32579
56541
94439
84870
55043
18227
56967
25700
68697
57549
34876
77013
41186
65167
82983
15922
73147
77146
48668
61774
813
59057
3453
74123
17465
46521
59348
67432
95872
78138
85836
60280
98640
28834
18540
86702
56519
86537
26354
20692
6533
67695
21928
38651
16658
79617
60870
79053
61897
42746
16388
99902
52128
2854
69625
42657
82517
65410
24149
54135
9366
38431
95223
83810
9485
18086
55788
28023
32038
99445
86437
39058
48639
27847
91411
57156
42667
98098
50626
84199
68898
11818
84239
47858
95177
28707
17735
16263
63417
58580
86046
32362
81743
23190
4745
74029
9840
84843
51736
94470
97462
60028
47443
81218
78203
75099
72720
3442
98912
89095
42830
67460
36123
84750
78610
77
61500
96269
24667
74178
32922
89490
29668
62917
81470
65122
30837
28636
11755
85335
49990
66238
20617
14081
81490
70023
56269
54574
92148
16107
95846
20612
6688
15911
37799
75882
21952
17683
2156
62375
69097
54451
31531
45474
23162
97261
66392
58408
97265
93109
63764
11277
24874
14851
723
71305
8436
64198
34345
10563
92498
59698
18769
96236
23275
1621
96986
21282
92782
31656
53550
2645
67141
66465
25279
58279
19189
61797
42801
42156
39504
7738
95934
68368
11447
1018
45066
81016
60495
1603
32772
19104
78270
70476
9973
48484
1858
26226
81672
26938
21231
40017
31158
95005
8611
98510
98316
80357
5224
84209
31580
6385
63109
5328
93341
29638
60225
2822
44480
55153
79989
77666
93968
98152
9997
66076
96165
63951
63259
23554
34789
48247
27383
64113
535
99392
80983
84287
76806
33567
2855
20021
34190
2619
43814
17723
25318
27474
87357
72043
11497
27576
81404
49863
50499
8255
40498
89830
21237
96562
26408
56457
63621
30043
11515
97036
59878
32101
43029
84600
69375
29979
67335
52022
25850
64431
28773
32990
55947
40631
47614
8237
88379
60658
32118
30197
68016
65417
34881
750
7963
47216
25470
18858
14077
25099
21710
98567
30678
72781
57233
91485
22540
28604
87067
40855
63029
47057
44951
10494
43042
67099
41208
44593
79432
69923
93656
89265
4907
93514
63279
87481
8680
98830
81106
33898
88000
89515
24325
13060
29117
78655
51742
31186
27266
2598
83352
64828
52723
42372
30672
32159
83774
40993
56000
80474
73348
81518
83510
9951
77640
90790
79216
4010
99379
32239
36886
91885
12642
25760
48051
99273
12845
49629
73809
7802
38612
22269
91825
61834
52391
33068
50404
60677
16082
4493
94473
65996
22532
75031
64772
38243
61051
99425
38007
421
99246
15736
82559
82455
16695
33420
13
70554
90266
53451
92895
78490
32054
99493
95099
60483
97095
36655
71079
32020
35925
23811
87048
76683
75964
39012
38101
85568
77977
74719
31608
75406
31726
93708
40577
48300
96851
91253
57350
94137
36025
47054
9722
2038
54652
64290
55336
78765
93764
70414
70701
40431
66520
23718
88272
60284
91072
31958
61503
42715
21941
40996
32679
87338
92807
28784
59599
55119
70794
67069
10706
98924
58302
94409
64055
69937
29242
53752
77903
79212
71605
9967
57546
8667
27088
86236
95830
8258
13603
70483
90677
28920
3778
28884
36857
41820
82828
94024
67487
28421
53425
20553
17798
48023
68541
29633
50314
41649
4420
49483
27777
40643
70700
99606
72594
30588
57362
33288
48653
44706
32730
57535
30826
68891
14966
50259
81538
99432
7154
55095
35044
22898
55994
52158
25237
97756
52041
65658
31911
33432
24847
41855
42453
6549
17566
90822
84312
17238
70513
6222
84329
43742
42520
37790
72564
6888
65829
54565
95573
80083
73069
98721
62769
13370
55643
65054
2323
39681
61111
983
61538
42187
45454
62904
99484
62633
87966
63428
52210
813
81984
12946
57375
80668
94995
91218
41157
46850
53025
71854
60070
20256
61200
2059
29308
63584
57031
34799
41205
65545
5306
35516
18415
37326
565
95098
76748
9216
60449
11348
80850
56580
30261
6520
49506
60639
39421
6658
15410
45934
5695
6386
83753
75923
5744
82937
48439
2121
20594
28531
18063
93240
17064
2735
51490
42372
568
46858
20184
30112
86075
43704
44525
64448
91780
96772
42662
48428
55082
75312
56111
3280
95476
64117
85651
62000
30976
40078
83991
25209
53968
80944
73491
84883
47122
27281
88654
64466
65259
54890
38837
21772
85343
65047
16855
92261
56959
58779
49440
57446
4879
80608
38704
65708
35859
47100
96120
4764
83989
6895
42480
24884
17206
19785
19320
95069
751
31592
70153
80892
86626
20575
19958
37128
77666
40051
5637
16855
94716
94495
57220
9041
64160
42583
81065
97829
51088
36489
16139
47162
5475
97151
23670
25821
58454
48129
46383
23834
89297
37144
78821
24454
93714
91405
7888
38777
85208
2768
59913
32249
65517
54773
27813
65521
37680
73080
55374
34496
99807
36801
7520
99790
94846
45955
30621
29274
14374
43486
11566
18030
2413
61892
63703
9524
97869
5401
68406
32258
5748
34003
47703
97488
6568
32769
45399
68043
84501
21960
80627
14017
31764
10665
59628
95709
49881
58974
4953
38637
71833
79075
40265
95646
15734
61393
9556
87753
38185
17061
51452
77863
76267
15936
89605
87968
12704
34087
38222
99169
14656
81291
66540
95596
21283
60355
88898
7273
82473
91573
90782
84571
98115
45588
24466
98413
19233
88130
48782
13643
76505
69943
4727
31596
87313
73114
79398
53709
91305
18316
95743
46522
77416
82436
34316
37413
11777
30644
63926
99513
7009
19819
52800
51879
95928
80660
40032
3839
93602
72508
37498
56124
74385
65233
34714
62774
55385
39749
62414
60987
63863
50002
26846
62167
4959
183
43529
46351
40801
93025
28765
12814
8630
23173
75858
75127
94221
78697
4868
65529
62029
56642
90380
18112
86918
46136
38714
88200
29752
62438
15376
11981
88735
4670
15390
37566
96698
98826
93973
70127
57910
16652
51786
33102
65884
75398
51402
46701
49332
26646
58196
9150
88117
2649
45048
87613
71210
92721
96874
11911
24578
63777
67650
62248
48787
86165
14931
6962
91724
89054
64453
8233
72118
20667
74642
22140
67719
83635
12698
99278
78179
38367
82596
27762
47310
49957
36177
13141
11731
67166
71710
83381
83594
90457
91254
16208
78473
46201
8081
919
2026
37497
97614
69057
12277
33360
35848
20860
21354
99216
5976
13310
70957
78472
43366
81849
48238
81705
66445
59757
45843
85829
16683
79544
71973
24147
50529
71401
35668
82543
72333
95602
62760
92735
36162
45819
13285
61649
94465
45522
87193
60288
59414
19040
54118
37589
23505
62232
58375
58409
68959
71177
51488
58057
74020
52435
66150
25906
33143
6166
65768
90332
8635
77605
45177
62067
70550
2202
49819
1984
77455
89603
2730
75367
24521
54362
10850
78858
92342
45106
30573
26122
68410
34509
73421
86413
67134
2539
21795
6907
77228
67036
10553
59330
27374
53591
88498
84634
39934
62339
79532
79811
94441
36754
19023
18570
46181
17198
57493
68555
67915
24427
32022
40912
15475
79996
77006
31767
80396
83170
39725
38353
79860
99551
72828
89735
33594
61001
57959
28247
95533
26842
84715
44925
61665
10307
7933
51309
5086
42913
24628
98076
33124
52776
26900
69726
36287
65148
20440
23433
69986
16094
8091
16633
99779
60547
78659
68366
96660
56289
72747
11503
29849
60482
21548
80913
22283
35739
65575
22963
39784
39767
10449
35329
9140
12396
10523
22040
24336
83183
23709
54313
91029
68995
28031
69559
26989
10348
46340
69082
41167
85986
62003
49606
39349
54977
35107
19557
12347
57917
72066
28833
92054
34931
73410
36670
15311
39995
95297
94372
61915
84793
76115
64474
92280
76883
15598
85133
61062
33597
83762
26161
20415
88112
5171
78303
34772
12473
32900
51068
41350
32941
11010
81658
95422
43962
29850
39191
41034
69145
51928
92739
16692
91520
67565
66336
43456
47380
17980
44930
74561
39995
8865
80949
9241
7247
16766
48702
83020
56975
73220
41178
61855
13136
28922
91362
72531
1776
92781
95312
33048
75499
80436
51643
20655
38790
94911
38174
28224
36969
9756
83768
52468
13802
34981
21612
50480
23588
35625
2088
49487
80935
12021
95010
61243
53800
23583
74719
10248
82489
93647
4077
94701
5012
42091
16528
22304
12465
26653
40986
55372
29366
34275
19411
80241
21230
59122
77913
17017
97554
87496
97376
53746
52484
80973
7674
55117
80411
54085
4050
7154
66297
18197
19347
88062
88632
51951
69925
2970
15042
55259
76631
1049
55936
23172
73976
44366
21322
67997
25439
94759
10142
37646
4107
27562
77964
25919
81765
2826
46765
61567
5986
67942
93331
56145
87396
60574
74588
46804
39327
53811
54304
13518
29081
20122
28906
33972
65355
14237
49188
12376
61220
99438
35178
464
78893
98825
37665
74623
46055
77477
80608
15426
48304
68310
46316
79417
45061
58210
79842
17488
16034
47741
83630
40136
48836
37668
69464
41927
10479
1939
2718
97305
23371
63395
90972
55426
7401
65252
62408
81281
75684
3346
44122
33730
91299
85015
42216
37952
79994
83293
40912
31060
70192
53806
30159
94911
7868
9578
83247
71953
60233
37956
68957
60787
80248
37946
9399
36407
17220
43055
34276
2201
13536
86150
94462
45458
63709
29117
14315
65850
67816
84100
3978
51959
78704
82968
21800
6790
26661
63297
43282
99269
66332
90180
35716
1018
16463
53157
13312
60068
1537
36189
8059
30012
23935
6932
75505
47079
17634
44380
54233
86843
7857
76554
94226
2059
65668
9040
3965
85969
37187
76859
75045
88247
63500
743
30265
55619
2868
22138
82458
78524
48293
68004
76975
77277
18597
78001
62486
80821
58967
76168
97205
64695
97435
44867
75438
36069
21104
35499
24337
7253
74586
50639
47084
21981
96191
64257
21246
82240
12459
20973
42185
38388
65683
47927
24517
82159
94774
44240
68657
9167
56799
52660
14468
38467
8488
25220
90690
23129
68697
55675
19946
836
48174
68334
78220
80745
15318
25765
84152
42119
40376
98705
22417
29504
9360
15017
53281
67272
80246
30117
72134
76458
77407
7638
65258
66225
862
53920
91408
11034
89795
77077
39562
34483
10339
70799
3144
14960
1304
67273
46378
13930
67935
59194
10487
56404
9759
87632
50854
2332
6857
15717
72058
17657
82747
13696
41450
53623
39839
9291
80254
45725
2097
86253
72182
5015
6653
49923
87300
83397
55238
66815
95834
32607
45220
25853
37758
84995
82885
37118
49050
69053
90899
74819
81295
54225
33398
87848
20874
27400
15729
9242
11535
73397
41767
28726
72466
1059
52800
53472
164
16701
1895
78813
18186
38329
21483
60013
25514
8194
88389
2216
85599
64448
76633
27540
81163
53510
76149
11328
45964
6328
65814
96897
3559
65175
49290
29478
61441
58763
12849
11865
37805
98988
77213
85077
48607
17772
75864
96767
68415
25156
44068
60194
95674
55418
1117
33003
47282
7948
68731
19901
62037
53564
18484
65554
24875
57111
11582
46736
58761
25251
71634
28739
34658
91109
43980
19932
35805
22829
44975
83494
42626
35679
32933
36800
20334
57278
89476
18588
35559
12374
69068
92020
46313
42790
56077
26435
10686
96393
55014
64423
37388
94912
88360
87793
12008
19165
24697
80454
67720
14286
69044
52214
31382
64548
99405
27670
59265
59808
73362
30972
92142
77497
49102
91127
31147
1996
63431
59144
2212
2880
31175
1569
95374
37076
46199
10840
15681
8456
46279
78119
31523
17573
16683
12868
13599
37546
74560
38424
62453
13716
37964
38206
87019
90536
22178
71227
1665
94944
13381
75988
83521
69553
82468
76720
48181
67605
34052
64843
1139
64441
20187
10163
29620
34277
30104
78531
84386
34563
23201
68922
62383
13678
92212
73719
73474
79321
44079
22131
69357
72728
90794
52667
39418
96527
4226
91209
39972
71606
22417
67326
64385
29957
32505
86814
1021
34914
98016
97096
20354
79908
18100
52688
61523
74498
51183
62170
71192
7197
11254
76085
20084
83143
66140
36338
79986
80335
53956
98240
91806
8427
7907
46438
18384
11456
2148
29180
62242
23824
98021
29350
29667
40544
70654
87661
13157
5733
92642
21820
7920
71403
65406
54068
23577
19330
25822
38284
51597
32997
35087
92713
32328
49544
29855
26422
78818
94077
1856
57600
4521
83427
50348
49873
12298
79756
39651
5767
71976
59306
58479
81456
84783
64949
64457
91715
99106
36923
35700
71262
30928
62020
17158
19576
38309
98721
26631
87875
84669
60337
12723
99712
79732
8848
42969
81758
21369
36988
76326
19344
54369
79364
95708
6538
151
41968
39739
53976
58993
16135
45026
22395
40030
94657
94030
68321
68379
12362
47713
4352
22469
79408
72318
3438
4264
21897
17105
15776
83766
75683
2252
88157
54004
55945
60587
9087
31758
97519
88761
29381
91947
72219
88972
66967
58875
93904
62187
6136
8492
248
1679
49985
87260
20141
60135
73472
6313
91780
5878
32556
41957
10134
37976
12323
32517
15469
62306
13954
91832
83559
3238
62112
91540
78154
98869
70599
79083
6181
88000
58832
79773
11998
12791
70875
32776
81853
74738
78088
5595
67860
654
60149
85896
67625
95310
64052
47255
31394
18851
59783
58711
72076
16359
81915
24495
53960
45635
99614
51347
64275
60497
85151
87026
20272
29851
41953
38188
32499
64578
10267
3777
53741
72411
47183
53317
27695
75092
78021
39664
88061
52436
74595
81489
72626
18016
39115
42242
33641
38073
17905
92278
23854
34979
96951
687
71458
27297
20328
16909
66501
52412
22925
89089
93411
86211
44367
27647
80350
92107
64202
60722
48339
82648
33225
10185
62444
89268
33700
1455
15105
23547
42931
3192
4300
25658
70894
59320
16744
56684
18691
40078
17125
27843
16562
37181
29514
19752
79560
64058
12327
89146
95670
89729
23511
55378
91278
98947
20014
73959
53274
44219
87717
43533
20921
79134
46751
25625
9782
72848
47158
8639
26150
69395
90407
17116
17374
42522
10167
25968
92143
15035
45025
96451
35231
55555
99805
22312
933
87620
91342
31198
72385
67049
61063
71411
95797
31723
92827
92196
26212
99164
21569
8864
63590
71936
69984
22923
91429
76859
66013
16061
30135
4197
478
78410
4312
69466
79737
56189
52323
34319
6846
63357
38701
55199
36765
10802
95422
355
64214
23104
24940
68640
33244
6354
21046
26073
27108
72274
32954
49285
37712
72117
4724
43036
69938
76596
57972
27724
223
31092
47707
81096
63666
39399
58929
51103
30554
37772
29797
11818
13858
18193
11330
14719
20314
81209
62315
78563
66983
36280
72339
38653
4484
9083
23899
36165
57682
7332
16649
7515
30916
7699
50273
36019
27776
59137
71587
89998
39282
72774
90240
62853
76147
31962
45690
21599
98449
91832
11576
39905
14876
25279
74595
47717
81325
35506
34431
58403
14834
70079
22249
81707
47418
48957
67626
86453
66906
81998
48437
4272
74554
12804
58627
98295
72351
91488
89096
94338
51893
94549
76433
81816
3960
84811
39293
95041
33631
32832
26613
20378
95590
79529
1929
30722
88503
57078
6121
81585
35988
29427
21149
74857
6692
58698
52193
46756
65976
58022
49824
76877
97656
68019
98251
25802
39406
88961
60150
94039
76847
11432
61808
77038
3457
41221
87038
4034
86318
40962
47314
60620
44356
82611
16493
87836
58981
55485
78414
86481
7986
21265
15605
10723
28207
75478
75385
11837
42195
65349
2435
6249
11759
88973
15589
35364
78136
32631
25274
60560
11411
90469
44314
52104
42748
57619
35002
54446
14130
7743
58143
83200
28162
68132
57565
27082
3407
17314
64656
45557
40251
33850
70838
28924
41045
78229
58151
57823
5119
62372
62482
78800
29114
44642
20117
82443
22896
57622
5464
83459
69118
60853
60711
76407
52796
69732
18090
92228
10251
37819
19235
25556
22938
95205
48004
7796
27124
62627
35850
99619
14985
2160
5082
27622
50615
68671
24214
26616
6102
641
13691
37087
67677
4420
70810
53978
50292
40949
70386
55510
71863
36741
90311
45440
37219
47817
5281
33205
9248
99483
20835
58037
72715
45950
46469
72213
79039
73855
89297
15252
93440
93560
59959
39269
35875
78062
85581
24267
54045
36474
29255
50596
69575
4196
97871
30684
71083
72682
67776
81538
47437
76385
96389
51799
91289
58195
77833
58915
68453
80902
93402
65665
37666
81662
72480
29115
89669
32088
29012
78448
64172
19447
31678
64754
1679
93084
65263
97420
58501
13806
37175
52608
43888
13497
28612
99951
49766
83858
30233
2514
8700
91641
25926
91269
45937
26199
82249
23331
16629
86759
9121
48429
6389
64657
39691
12323
20675
80273
22876
29685
53414
41206
63193
19635
71099
49831
86389
30753
70247
29312
80968
34182
59642
4058
75433
80228
16801
73832
39464
20034
44105
1149
28938
89604
55275
36235
23746
76220
41784
50823
26537
29530
10786
44009
45753
44351
97604
44623
35116
53615
82959
72288
44044
68229
91091
21294
17558
52480
77190
57877
40368
11547
46964
89664
38371
24603
16579
99914
23095
37281
9825
67202
92202
51007
3980
24360
32973
86471
83934
44437
44123
46591
31987
44599
57623
15025
75929
16537
30369
89791
88275
69409
26484
7764
96489
95314
90815
95509
37424
91538
52062
2454
73842
34502
81844
41609
81913
34010
15271
94641
12669
99965
65976
57844
71015
91080
71934
27215
52449
79295
55102
7684
65789
80304
32649
48367
77791
63481
24306
97206
10151
54726
48746
8254
71039
94040
5626
67578
9693
82785
68125
40799
19541
13963
98647
53491
32415
1304
99573
43043
90816
48388
53538
67700
69208
3431
69060
11153
15655
88791
29169
62595
36764
85739
53265
53887
63740
65786
87857
61144
52811
20545
5409
72502
9562
6179
19563
14015
35406
53995
70032
97553
63337
93613
92513
31537
5399
33706
72247
92862
3510
44242
93039
83647
88899
43716
46662
75035
73085
4721
54892
4455
77528
7391
83272
6777
41505
9417
98760
27996
18505
81379
42851
10780
49680
35068
59662
6465
37615
48316
71831
35161
24481
52621
12257
51630
42863
6486
52060
34743
33047
51297
32096
84489
25624
26526
94470
23694
95517
15297
89571
65230
11043
97191
92290
63946
82377
43862
73597
65320
21523
2274
42552
88552
40955
36395
66170
29396
77492
55268
45544
18486
19164
66895
15584
99140
9118
16195
51599
86999
78273
36688
94639
67290
28977
60953
52513
34397
58088
62239
56131
72232
81176
13951
73966
41549
76248
13682
57806
12022
48968
70355
61982
11742
70562
26909
85728
88988
75583
62514
40663
31769
9379
32408
25825
97346
75175
54973
16052
18554
89153
6972
84467
4967
79314
33368
56236
34956
48428
21733
66514
68567
24669
94054
47059
52817
66556
17072
77205
49171
62607
42190
28945
42648
96247
3326
8620
9325
16824
17753
60078
15492
73737
26767
3553
60968
94900
98576
85480
74123
30827
51912
34265
74075
30472
49890
67769
15348
12894
54701
43634
1551
22849
29916
81587
2871
22927
63302
45860
43612
63546
20910
75013
43809
86131
88222
71234
61903
9460
74796
1557
13709
46473
28543
29336
20807
89788
80010
87365
98763
51772
76694
76876
65203
85418
86463
12336
97404
11072
34357
25950
56565
42750
49698
39179
57491
20242
21451
45321
27457
86179
14352
61766
53013
89211
1133
63778
85118
92398
24387
82410
50297
12299
7185
37270
1667
91614
78747
24763
54153
78495
49389
72141
94811
90171
99993
61205
44127
38780
6844
17931
76545
23224
1246
28753
71112
46035
31416
33547
93700
36786
65392
71454
44036
19325
39104
5828
60420
65104
80597
40489
59427
18911
44531
56454
19698
72227
75094
35767
1992
4549
23379
28219
1555
99813
98301
98088
74442
62471
55395
48904
27229
38747
16054
56884
7854
26376
42569
98315
80856
56469
54545
68815
5805
13876
42700
85468
43839
72618
13470
99782
19604
21215
54422
6030
35420
14751
11631
3584
542
76458
94930
87468
5134
95262
90041
41919
74684
88703
27438
66686
78150
22177
83506
26879
50733
14962
28666
34403
66852
27110
5620
1940
34149
21599
53191
57463
24415
97593
10520
62285
65066
95280
93385
68364
44250
96399
64380
44437
98033
95030
77973
46066
87503
77927
30653
35822
9413
58125
64387
53072
55912
59017
21757
58229
57792
30842
20428
83242
44736
99688
11805
33667
66832
39118
49868
69147
94821
28962
58499
20520
42771
74017
74369
38138
6745
37372
83765
34768
71002
66553
43017
54710
43724
8168
43068
17023
80969
46275
87016
6300
6563
39616
54242
14742
21685
29526
77535
27341
3220
58986
55059
68493
54628
4693
22869
76554
46375
6963
78719
19865
67344
32875
70610
91146
71318
13398
23926
46629
14628
90286
27038
48512
38381
26612
21034
16666
32380
44542
44134
70295
19306
73275
20752
55257
90505
41860
70871
8631
98077
769
5567
19388
50538
91733
35552
63679
46377
4872
57678
46875
40276
30831
92148
98410
5953
7577
34106
64675
58347
51416
20261
95052
10379
18027
52541
45118
43846
39812
46954
26356
59744
60474
44696
8367
19278
55373
71097
67466
31913
66290
55145
68692
48030
40346
45549
46287
60611
41123
31125
90212
54180
5978
77152
43841
56251
27307
56575
83633
94334
58312
36850
31926
75186
97234
69230
93861
90494
4998
71040
55261
99546
25159
10347
6790
18950
22308
97165
59331
76919
27909
65215
82867
71532
29624
90300
96873
32671
66866
19833
10982
41975
21604
67986
1648
68730
2236
10214
90705
1535
30676
2264
22095
94881
25532
44343
63843
24304
47263
5719
42392
48578
37204
1886
20034
68103
36580
76251
7929
43162
498
30800
88848
94419
70380
95376
51670
41657
48301
55331
47785
57653
55948
52199
36337
54913
65284
40081
11680
56544
99905
34833
71492
40999
2308
56883
50727
43545
55155
4418
77380
88272
22688
76519
85765
71383
19604
47023
189
14485
60184
43114
19487
93667
98400
71248
95482
66463
85045
2526
81
26265
72093
88606
43771
54954
65032
63973
11828
96933
50202
56533
702
36070
79216
37731
74072
98790
43889
36083
49720
31089
23090
90687
2152
48238
65894
52023
79259
94877
81409
9794
15403
70752
17863
88642
53008
26768
56341
16342
12958
84112
70379
42873
17948
42622
4981
44039
7356
1766
48597
18080
444
23121
14607
67941
46520
1370
99441
3551
74634
6593
10172
89568
56000
66873
3443
43137
32535
25116
89567
56170
88377
90942
16764
20848
58833
42910
15204
96344
89383
54649
4982
96634
79836
91001
3779
87009
38947
8171
24693
78638
98138
72655
64795
21116
51812
20968
35605
26591
87237
49778
77209
86886
17497
59251
34368
99295
56081
91722
83025
61881
88907
60676
36455
6949
39853
25070
91841
40054
91325
79493
46310
12551
77504
71753
90162
95292
73709
92016
50434
53472
60237
94294
56536
877
26898
94098
6763
79723
16017
40388
17647
71119
33405
76107
1596
16997
21346
8723
54686
1416
30586
40587
36472
31214
92271
55989
91701
49185
32270
97462
67853
56840
25156
10573
89712
28004
79192
23745
10098
68790
79428
81746
79827
23742
61265
94834
13833
37278
47663
81837
59693
59837
33390
89475
15327
5319
42876
12374
96151
27953
49979
66782
35497
31995
41981
37402
92852
68751
45279
10114
51975
74917
37791
79992
16144
25417
5724
26492
37731
31924
7497
18878
15107
51510
25805
31438
7344
6646
29658
60016
73101
33872
61223
43116
40236
85085
74988
14561
1241
13585
26970
8186
4320
59773
54229
68760
77788
19188
53616
4238
74780
56619
46787
81772
46612
54042
9930
29587
26078
43007
56573
71976
42763
73633
45447
69124
59978
61202
23334
42599
81714
12366
30303
77772
33680
8480
78203
83160
27304
14948
99393
51436
25802
14215
2705
54746
57395
83114
73755
82485
16605
13638
83194
97
93572
40041
42832
33481
81237
95678
79102
97391
17685
17387
91104
76926
80235
22004
42916
12859
62571
95293
12325
45306
73664
67980
61160
39469
95285
80877
46194
85143
59073
90383
97636
42751
4269
75596
1236
54432
7938
93926
67209
37533
37556
38092
49363
44210
17893
8124
41988
19941
10487
3106
27887
53947
79090
92671
72731
81224
88910
43525
82532
47902
46270
39454
72367
48262
39321
72364
22024
23981
52326
85420
94522
35701
99427
54964
10442
73293
90130
82011
90736
45115
56129
72824
72466
90453
27604
97698
61311
18895
23633
71414
62341
84206
91496
99799
24592
59355
85309
912
57280
54548
68052
22581
29893
35548
4727
97928
53210
98419
50823
79863
97531
62336
8924
27074
43076
87562
56859
55418
54695
53414
86515
42021
52394
56267
59508
52990
24923
78817
60653
61050
65648
20856
98080
51909
95295
47029
836
94603
94199
19367
44342
98482
36122
21784
51454
66052
53079
40351
4281
85163
28008
89074
52936
74613
63813
38680
74932
664
12514
59836
78876
61646
59820
35102
30174
1089
71516
71044
43454
37794
96789
4590
88757
49810
97216
90311
12696
22276
4001
36759
47684
7802
99893
42358
54819
13995
43402
56282
22942
47943
74844
99313
90880
53073
10760
21130
69090
18219
62126
26030
84440
71888
3720
52076
85719
72218
39137
98482
20129
8067
52276
72504
84431
8873
90594
39990
10649
58795
88143
90901
45637
29008
64762
72195
60618
57895
39799
20000
65408
8776
57547
22102
84807
80250
65572
8261
47920
42286
50450
17788
10859
46664
69381
70180
72750
84829
3876
68150
37086
6936
32231
96941
10557
54999
35026
70678
68849
37843
38543
41732
95661
30365
91975
2560
53182
77059
39740
32093
18644
8753
48134
26217
72555
77813
17032
64512
24181
17979
16110
80091
2245
63895
20806
14790
93147
5953
75512
783
21351
6201
25698
5049
13564
63180
29333
18480
25778
47312
72806
97015
61719
61545
67602
24126
43412
79694
26449
79216
27352
99941
74741
67496
64355
68139
72575
31427
82289
24944
18846
14608
81441
96607
64422
17636
3488
91099
29513
36075
88183
95044
33268
72697
74382
37433
39209
34686
40027
50872
82004
17175
90187
161
87564
59425
84780
77464
32904
53321
14261
25449
97787
36447
39666
24422
65645
44393
39631
23884
43640
7956
58784
19588
27676
79269
72428
79013
91199
72877
78900
23030
72453
40347
60611
66577
3143
85003
8179
7108
93779
57340
31641
49969
87360
73632
27919
71828
70156
70924
29181
80965
2197
31887
41059
67347
21840
54016
30980
64913
39145
68239
76786
51981
62903
34046
83923
87707
2171
94505
17037
63344
40725
26912
70643
92810
33347
19349
19788
18317
49367
2192
44828
16328
70548
87905
92209
31734
39781
21389
62956
40481
16282
34153
26442
55809
36256
10021
56911
5121
90651
15263
55214
92386
17538
76888
55158
55898
47288
60324
38844
56532
68482
87227
92225
68507
77194
28332
44321
90257
35055
95601
71384
70649
41287
45598
51216
96693
37138
22835
33099
34505
42396
29489
74921
44894
99726
98249
86519
19683
24306
23632
6004
24590
35649
82767
48545
8288
93066
13462
5381
58951
61826
51953
39418
27869
12483
45202
69623
95405
52611
96110
24731
22646
43345
19620
18131
86600
67533
11639
74568
30731
89093
28381
96712
21854
77032
24721
37871
54909
20041
36611
47409
34908
61714
79791
26919
18577
3010
88586
38772
36654
95365
80312
74131
13003
65070
72059
90591
59138
56851
20614
97150
37108
68485
78416
31531
90249
1643
56804
92159
10101
59418
72821
92699
86966
54163
22447
4724
91897
67961
40009
38587
43580
7341
80150
87208
45326
25640
28314
1091
3347
77012
90074
15374
91396
59495
59884
47634
15507
8446
14158
99973
93323
9746
37074
85269
87318
75289
64215
95476
25241
1531
3539
87711
41210
47599
86476
36332
49378
63314
80070
95216
98173
86340
77238
21067
99613
20159
94293
87345
6527
79444
98737
77269
76613
26372
17085
11380
22114
2007
4297
68507
21077
38845
53580
83861
89069
53439
43197
43605
21770
46657
95298
19773
49476
54710
69567
87177
56005
25024
96432
47451
14801
35171
95218
85700
91686
8452
44539
37963
93918
44771
63338
59517
82481
9682
37401
72081
2744
32945
65871
31606
13260
81128
86418
32636
88781
81984
56985
84956
23743
78046
58848
82053
46414
10749
91253
62276
47346
53351
95631
83759
37741
70863
24094
42414
83505
67694
58781
57574
95552
65369
15428
70883
99147
86683
27738
8674
42043
3444
31176
20441
34190
37294
35529
80643
48697
55991
7421
45611
6573
49184
44509
75668
76116
67377
21032
44194
90
24358
17308
30089
9160
83883
54401
47761
27435
68079
13055
92994
24723
36648
50000
3122
32088
97059
88623
68904
73111
43493
49775
77036
57563
3940
95081
19565
91510
65563
51502
10094
21326
72878
61499
96398
78773
80634
43818
92402
50096
10903
99012
15666
90521
44206
61684
37693
90240
69201
18007
15561
43596
763
84656
34779
89727
63686
34904
41871
17656
72162
99346
62725
35730
84120
64860
77160
23754
61468
20706
12732
64798
84776
86733
19171
88176
9051
81561
44204
51882
83533
17412
12890
53979
62925
21633
8428
20255
81818
65549
43694
31869
94810
78201
97019
99755
43450
81189
93644
87276
43075
32622
86722
7033
86741
20031
67468
55581
91043
22915
50357
77145
40267
84474
97870
19913
38767
20617
73747
70910
62933
71404
25725
53706
76311
25607
65380
63067
57704
26586
69774
17758
10500
72914
46072
18117
97491
43900
47647
23843
94170
84149
85163
33555
14205
20862
10522
59865
93589
52363
7781
62688
39498
66841
60305
38947
4749
13023
49588
10663
37653
2334
56737
52165
88148
52882
83666
65478
72117
59467
6033
24071
84276
57365
4483
23323
11001
53618
63953
79696
27155
88810
35125
29897
23149
98169
34237
83691
81520
57606
75743
10804
34261
13684
7514
39205
20197
23730
99588
87872
61935
39213
24053
85868
15493
89477
70767
56565
75155
81180
64169
20881
6812
24811
18262
99261
7027
54767
87831
89190
34388
84481
63130
63428
66781
47747
88428
62497
78988
73781
62114
25591
7318
40552
63136
75030
41792
17578
66565
92133
82782
87776
43475
45025
59238
49810
79070
23041
24496
36895
41041
69497
21164
37937
48823
21693
20992
92556
91564
72829
37533
88064
32417
26543
74173
59550
18566
53771
37243
24136
42103
91663
88014
86272
27302
16611
15459
34562
75073
9879
42551
18222
83135
21736
9230
63261
33644
95745
4691
4565
2446
54974
64332
99511
73428
53676
79672
70422
87642
47437
83144
13602
98523
26775
17688
27522
30964
52860
20169
80385
98065
11556
11612
26655
406
4598
98508
68295
49132
82454
9801
62593
50342
83464
69741
55358
58895
51922
28924
21521
99633
35648
98461
10749
54244
30305
23439
3561
71602
41007
88650
38161
72771
38284
68244
40022
106
12167
36636
55637
64107
57246
46198
39380
46535
47518
23699
73273
46470
49189
89948
11445
94623
29801
88076
15006
16167
84337
29256
68250
95603
20801
29883
20695
28812
13555
41426
34647
70543
39617
42992
20105
32381
10143
98511
41363
72518
99524
23124
79979
18285
16874
30541
61893
93079
27819
16106
72742
46582
54155
20086
53656
72141
1717
70096
52118
23647
94013
13642
10407
39288
46117
92221
49543
7095
78491
72871
33345
25334
21728
50786
39609
85560
48067
58850
85093
1742
20683
13387
9340
55046
57108
11437
1991
96529
30928
55069
77940
53296
41455
18225
90697
69434
24089
39319
3477
50923
22008
15698
33282
25420
32819
96435
79015
62588
29877
25840
95162
93880
59853
44611
10019
35020
26446
56258
58699
16310
24918
87478
93907
1459
78091
26106
78753
31944
83905
89746
68053
94671
61817
22437
4538
99836
96388
73177
57529
35563
64261
17002
1447
87496
76468
93286
95038
39931
30206
3880
17577
81614
71978
77583
35512
70748
61238
83290
56180
21719
75744
25570
85068
75382
12738
51028
22030
62586
36564
77865
13554
84443
33909
55012
92976
36275
77796
20808
10962
91431
99528
76115
25155
49070
47408
94363
55495
90687
41269
5028
90660
96923
28795
92987
57278
22836
10390
94514
84897
52089
20938
44855
4663
85183
18538
71507
23129
83885
46402
79837
30754
23300
44720
62712
69824
46473
48653
80944
94691
5937
71690
40844
14808
76488
29493
64112
13327
74621
68027
38259
66583
334
34311
63895
61004
46763
36105
44522
50823
80073
81970
81656
20884
26726
99003
70443
99393
89108
12325
3168
86162
39397
35195
39655
67025
50193
96979
60151
63426
57830
9940
45483
757
40940
21618
73149
97621
10355
54548
70462
83805
43772
45847
70671
86442
96642
48107
18591
86924
75075
31035
27873
92918
39310
56426
24104
68917
92203
64889
14242
98301
64737
32709
76463
66270
67144
85197
81757
89141
36108
59281
99842
76576
71642
33781
34644
79498
79434
24037
44680
10532
81321
54004
70789
91508
15714
47069
48644
15655
54473
62250
30279
46178
62404
65042
19699
42550
94102
53116
53067
70674
1128
9442
76746
63122
93622
65842
5725
52757
5364
48206
20123
14157
55035
5715
4961
5552
58997
54006
63054
86539
30912
15178
12216
58581
28962
82495
89450
82273
22057
3748
99163
52014
34141
15309
89227
31705
22981
37231
99100
29298
73299
22376
41515
65964
89389
68220
6089
88909
35225
23451
61595
66629
52356
16862
60426
48508
74767
24559
2536
36228
3830
55720
87008
23470
12286
71764
59896
12440
6203
71827
87718
15716
34619
38169
84684
46755
61939
50677
58385
20432
96291
84494
39486
6810
85000
105
18417
61177
57535
66632
37857
62754
78577
36141
88592
74997
10943
47517
61926
10708
79947
52959
53007
80398
64032
48835
99795
3321
73728
71583
13709
68477
44808
64981
33131
11277
57761
8977
86594
66353
78566
25165
58826
71135
28109
95959
42685
6953
66644
93899
58888
53359
80682
55034
69771
91573
31447
59596
18259
82735
49160
28257
96753
16056
54075
28691
49431
63459
45923
78679
71918
77576
44025
21475
85815
36992
32191
19945
95196
56044
7474
45889
71890
26031
94091
70629
32494
91549
6034
47542
18945
95115
40353
29949
76081
88453
73616
24715
31669
12062
81825
78049
19084
78498
72714
91308
78683
13256
11803
32872
65601
11011
47499
24485
34073
63512
73508
38439
17708
76009
99719
18343
6192
95696
39421
67255
1345
76071
86011
45571
81785
62852
56433
91091
30415
12611
50671
5901
73098
33275
91508
34903
93857
59858
85173
14938
90640
43788
98119
83042
53176
44095
90025
5089
94292
40642
78896
94228
39060
76100
73200
61022
64504
48792
64292
99504
28907
41710
66843
87850
41401
74909
78719
84123
95150
77757
76451
79043
4492
84209
51144
88218
90440
20833
15052
24074
74850
64069
7376
32311
89024
11166
95716
44287
38918
51199
37489
67773
32019
4232
11938
22119
23611
65811
14896
39095
80668
62855
50249
12486
54560
94154
3196
65748
67823
83060
84292
89061
37773
96094
69647
19685
19415
1401
97737
10444
71925
53979
59466
80189
34013
25973
92952
78216
84868
86176
10938
66799
673
80053
13083
48806
57984
95227
31959
75988
42208
75931
92389
96950
91498
18448
12993
96898
46062
80795
10613
76136
75356
48883
65955
96789
95259
94200
58034
76561
57481
92552
67090
10601
71824
52683
79693
93959
84993
32553
16237
9341
29520
80092
65092
8416
38732
42880
12443
25329
32281
50598
49499
663
45068
35464
58482
93928
27522
4279
57154
18855
78589
6416
66348
72646
41277
9325
76500
43981
13975
66167
13489
33971
79380
22265
77331
47113
16840
29008
91377
70870
49228
56895
22927
81085
23739
10431
74152
25659
69862
51444
43934
42508
75957
76634
63067
74541
87867
49598
52802
92988
11956
8233
62679
24539
25758
34615
67016
79380
77393
24966
42839
56918
5883
25354
84549
63294
96444
84413
82492
35153
40380
78740
29625
8261
34916
53869
99796
48800
92768
79555
84941
62648
40814
89412
37909
40825
20867
41178
22838
59685
46715
45606
46208
98933
41434
3787
36177
5214
60868
18918
22208
19631
96822
19163
14727
44567
80735
71562
66474
88451
27102
15105
51720
5637
52409
50923
11005
16304
30583
27654
2385
60352
76539
75378
51873
4534
85405
9061
50984
88673
66790
41660
15945
12632
58568
44908
52636
90564
56601
91703
38803
49435
14698
73273
70087
26791
94984
87778
95716
34981
94861
20030
20493
14184
41060
57840
28558
79070
12888
61
33533
54475
91831
83973
39435
21681
84648
45420
92812
81361
67974
89878
42625
9259
24376
80562
69374
47426
8495
46637
37341
30747
98747
81159
71679
41379
24106
28067
44058
56464
71294
5943
50915
31424
39306
29284
72409
95870
80425
59711
88684
30019
73499
1326
62888
41976
21020
87374
42146
89242
29315
9425
65725
44183
26612
97925
69977
93108
38242
78863
41338
21073
65733
94903
98832
39492
39635
63549
34728
52610
76671
55721
1422
51836
40395
11936
47805
36838
15370
14003
17253
63027
3991
33457
26392
52828
43339
88252
24753
39135
64799
88121
49921
7652
15903
129
6071
72475
88327
75125
53324
16065
6493
63950
53992
54530
64650
73778
37460
82328
87062
37282
76797
97073
57663
24497
93281
87823
26038
80464
1210
28712
93142
47268
8996
4910
71618
86264
8525
69257
5753
87406
32600
80160
69113
25425
93645
34231
6637
81927
24097
91987
22740
41506
75165
55928
58960
51861
8686
62387
53511
96132
45800
26323
15450
83572
74871
6354
36320
20225
43364
50098
49854
39023
6593
87043
89605
75704
8465
22913
20456
43107
18615
46554
29304
44598
40345
74956
54014
78210
55728
66541
99092
74461
69295
86116
51552
83533
89198
97429
45454
69952
29106
37755
34281
51513
9050
26349
36566
10501
1417
56099
37069
56587
97803
30737
27637
21249
8133
9138
98843
65979
88862
91904
97583
78143
23684
19424
82107
26484
35324
39003
69184
21977
18666
80102
13935
24434
92568
49923
50208
71004
81959
93888
39283
3234
77904
31581
37825
99432
69430
77548
58973
47557
49738
22737
46381
46413
53081
17321
60895
86572
35286
38086
8330
59631
67232
75832
63362
85245
16591
94760
26487
78115
4481
80510
55915
93996
65147
642
79438
90351
56094
22079
72824
72098
90152
38820
66242
25805
9540
33572
49921
43065
18575
82205
92640
94664
27848
79637
2425
82974
84467
33985
82735
35420
53225
67872
15115
64909
83552
61411
96017
89882
52467
31024
4351
17976
80366
53756
47170
99041
55448
20725
37396
46464
66140
60994
6870
26790
25334
63298
65765
87609
47479
70641
8252
79212
23093
34249
2407
76810
65234
29605
43679
97100
78152
89473
21094
61738
73550
14173
17473
44462
14473
77536
58413
56452
42513
47673
88383
87469
23326
76385
86844
16915
76176
59517
81938
19255
68952
30495
8689
98054
48807
29643
89450
71594
83888
80119
45122
49181
90204
16108
83474
4280
78283
35082
34975
50121
3170
57063
16081
29859
58965
73560
58482
67087
65969
22728
25829
88225
61510
54085
82976
24645
58512
5754
4551
73272
82210
96407
33158
4691
42350
65933
59691
21730
8978
34069
49534
42292
6370
59696
89086
4874
81389
43369
7962
23666
24495
58743
89192
49197
82772
36223
93317
97836
22276
47510
34698
8250
40239
85955
74887
10003
24853
62243
16831
87058
82834
75430
37887
19495
32933
5175
15004
79656
92476
7418
99592
72510
29726
45165
72305
48288
91572
54896
41526
11966
90613
59041
1831
24532
27404
39041
91512
37566
1256
34866
40385
48618
44224
13058
68405
55240
77793
72705
49565
93087
44213
99021
881
60217
98770
2255
44306
56159
30588
44638
86087
68831
10808
60930
44497
30121
7054
96659
48717
2393
85657
53888
86918
34703
70031
68875
4149
73531
51368
41553
84214
41139
18189
32360
25224
89191
14846
50209
51680
38315
38015
50476
35210
4051
63584
82939
9790
9982
97448
96095
71771
37705
37341
34158
87427
76964
93299
73702
85906
24482
32591
43404
17787
93610
63606
49229
7393
25674
97654
94470
6352
46987
78705
43998
66326
80095
28002
24016
49345
23
96782
39847
58677
70801
53352
73347
62858
22543
84544
30456
65408
93731
17289
49109
56000
26214
1061
90882
20945
27976
11792
35618
44276
60033
3878
65368
30172
14822
23314
39622
66893
76280
75700
71249
60880
4502
37325
67232
37648
84274
14314
35843
92180
22049
34571
88273
31513
69612
66607
31113
10187
69412
89630
76474
98241
90482
40978
80286
15922
43980
93507
41601
20823
99236
1134
84128
63903
35291
865
11372
16361
63250
69637
42637
65025
76993
91273
35939
51802
70016
72519
97960
65956
32386
74005
70130
59403
94050
64938
79252
84556
53814
88938
25380
27348
93472
27632
26583
15414
75140
92120
96360
38217
40275
51718
94904
75516
83813
51702
64816
82071
3206
24705
27714
34191
31783
57128
63309
34789
29045
34176
22590
63261
45735
21467
99028
35030
47856
34479
71516
91594
26389
56901
38523
49443
76153
62112
38410
63288
75699
78151
82843
25155
98241
75057
89306
80897
73014
57548
33487
93541
97902
69642
96960
55257
7587
67625
66676
67218
65528
85021
64914
88910
62194
74173
53255
66093
28039
4742
22214
43209
35982
24944
52649
18228
47286
61259
55478
8141
92211
93333
3102
92766
75699
71547
83039
65365
29550
28937
32040
70428
69020
60720
55356
41623
74496
60563
49328
74810
60162
23566
38959
964
76027
91364
29054
75548
61609
48836
62553
95623
80130
60598
12923
8483
52998
24423
85629
4516
12173
56623
41846
61448
57055
19291
70464
13752
29442
49244
65851
71229
19662
72428
74603
40381
74269
28120
11165
84497
11806
78894
86183
40452
37256
55428
74412
64426
82028
9058
91295
10010
53635
66158
47455
64042
32838
43922
90913
96645
88445
1356
93708
36332
72207
91634
29533
48230
79864
20927
79818
13061
28664
67167
50980
89783
14504
53971
15829
13093
53544
35457
19241
46604
92660
67163
22762
13557
29301
83882
85859
53971
54931
11927
76134
37849
39208
96597
18312
96309
48560
27631
18794
1421
92029
41450
76243
88021
83239
35926
3545
51145
27968
64438
21727
5101
50789
99498
67576
16543
95152
18901
15114
17590
3082
13744
61069
80313
58335
22250
4338
91806
73994
23258
66657
83229
62063
13987
37338
35121
74535
97026
59005
34219
46262
70391
90310
81778
10168
84686
18224
9083
92346
80361
58138
30848
14022
41132
77926
34880
63862
81412
13118
68724
67561
500
37906
11113
31219
10494
30460
8511
590
57739
52773
60669
80623
21591
44320
89902
76244
99900
9043
6620
68825
65433
28023
95591
14121
9918
20853
83202
6673
80823
16944
91115
53841
12723
94881
73509
2252
13999
3997
77876
57951
42724
74100
89332
93838
40042
28946
1142
10554
34567
8392
68855
13743
40729
92165
64703
16985
24603
56413
88243
94102
12759
29004
81016
25287
3208
81428
83013
21536
85451
73153
36387
63839
21922
46766
57028
25881
24164
42721
17180
10064
2245
3665
5185
544
4317
81704
89307
69433
32535
66691
50215
20359
75384
85238
9134
85421
27882
47564
43485
36529
48197
72236
6561
10768
60761
85848
15616
89170
52889
58255
60535
45912
51463
97298
11564
81714
69945
5764
9615
84813
7173
36938
20274
63978
50447
37522
59297
80233
64267
83087
84896
59492
30992
70082
11617
66840
59036
35349
66910
19998
21790
23330
71672
28569
50084
848
47917
36775
13409
3517
35024
45722
78362
45943
66632
95969
58766
32708
92134
36319
97568
74881
93284
6301
44066
75975
74295
14459
35392
44874
2673
44289
38598
53340
61814
48756
1326
70863
16152
71973
70058
72119
20689
28643
40746
31757
47484
69456
91307
4880
76849
72753
43933
7749
44923
88671
77230
90464
11992
30939
35064
45403
5996
28447
5476
91523
75810
81263
31418
46610
74945
7790
14567
59510
76742
63404
60137
45681
54596
54621
50745
51578
26004
46757
98005
38016
50075
85264
233
61135
26647
60382
14041
96811
77893
13723
26094
22169
35858
28045
10811
25821
24315
67206
22667
53214
63300
16442
7082
63366
12754
20522
35916
6886
16646
80638
35901
12534
950
13362
19749
5305
41897
62023
30135
18143
74318
35674
46616
53508
35545
40562
81607
46069
43324
68147
82445
68595
16223
72399
55681
33233
33531
62236
280
34968
92408
51457
28008
7625
45601
63082
83896
66594
65793
11483
45062
5978
15580
7008
59860
22758
12844
17891
98415
34974
79319
311
73118
14874
73129
26962
9604
20373
57619
27703
58929
98452
90336
78321
19787
98976
67920
83099
79861
56654
55507
65916
84377
19200
42659
58481
72311
50725
87902
16771
93674
82395
43135
57143
89619
42357
1240
25188
76997
14807
35119
35167
98540
16446
63154
25234
7930
16861
9911
12555
13648
14434
85588
16656
53701
918
29559
21169
36182
85860
32612
50006
41930
34289
19370
82999
87489
69321
21696
76490
70712
71707
12641
77751
35868
1178
93536
32392
35465
99620
79946
13532
46461
48704
87383
16443
34813
85024
89740
66787
62564
50694
3089
67872
63044
88419
68138
79227
22618
41050
86644
37129
77555
50564
38237
67684
32020
44012
18304
64920
96683
83418
58013
82419
98736
34605
93905
99807
52503
72609
24118
27756
44916
41265
5817
76934
55179
80918
58260
5318
11316
99341
36456
63685
49064
66198
76921
14826
20682
83865
32038
4516
95604
21059
34115
47380
76221
24270
1141
59810
53988
91134
79497
53296
85660
10664
41169
23627
72372
23757
57340
73565
52514
86052
11601
19584
14155
24246
42120
48621
6577
75939
31429
9491
14266
38978
60018
91875
31001
78757
73175
99687
26395
43579
46681
30803
80272
13134
15180
787
79059
82125
4214
73380
68408
89829
40866
19904
78706
52136
19486
56113
14366
40975
69873
86886
34543
55995
54268
33475
11862
97719
27276
75442
94094
