75572
6965
25137
54328
57259
32825
24595
73999
87449
76339
50694
18608
44120
56968
4660
32371
38657
52986
86845
91708
18562
98831
17720
56628
96398
42586
31671
34598
19247
48264
69896
34963
39990
86376
5432
36595
37427
4952
94867
98409
9856
35753
2566
41537
62999
66702
37670
95336
98885
94214
63657
71944
81942
27588
10993
98879
22703
6455
94921
81275
49530
42235
76936
19764
59324
22619
25491
66822
35363
83264
17151
14633
66779
59419
3188
207
64
5163
33613
81465
77229
95020
8379
56854
36563
3900
72233
28633
22053
91403
55611
57110
30672
23615
25584
85498
48136
59712
20070
78692
75102
4678
96860
34915
2701
13502
4530
37069
1812
58035
34605
1720
31518
21503
80536
91193
11101
20365
45700
3416
28021
42121
73839
73900
53236
91495
33890
38648
14591
57389
19765
81281
2504
11550
34093
843
38236
94340
46438
16719
11512
32793
61067
33403
28124
92786
62818
61702
27832
66025
55333
57774
21411
57797
12747
95568
44650
85416
90085
68643
17157
32885
54884
13042
34501
49276
84535
16084
38890
34019
41426
14506
13009
94130
15211
97012
68139
51131
39294
42960
60872
22085
57969
35888
86226
58356
38961
89047
94455
49366
75227
47823
75582
85708
41559
53034
65562
39283
73150
39796
8156
35374
42588
8849
25698
52050
74672
1880
18606
20525
57585
89643
1170
3924
83787
1042
8039
47272
95303
53555
17981
1124
6664
83665
27021
81798
75570
87838
19114
67351
80485
7677
12149
74489
71015
37337
5072
38796
90431
84155
79946
60989
89789
652
75097
5707
22168
67560
42118
16567
52976
29851
82050
81479
82481
68859
40215
8087
75705
19361
10905
76254
14480
64645
43035
69112
46454
89237
61726
23989
9467
78961
29507
80541
93736
82470
86146
3870
13019
73126
27731
84852
19663
35040
18154
41491
63098
52834
38336
66324
49296
8199
82476
42906
54884
76094
83184
79967
75599
27193
36880
352
3593
84910
46589
75586
1908
750
64943
14144
83513
75455
68434
75666
10762
32089
63063
7739
68326
92889
63532
6479
58235
61669
3174
76191
34117
97949
8121
25155
23477
61690
78122
40355
53837
30086
99132
12609
67303
80183
71302
11238
70165
5705
42182
94280
60164
55703
70575
87508
31706
61366
86622
97534
43646
6446
42283
97411
7094
94486
37370
65815
15435
7531
22608
8975
57354
12141
28227
70989
65892
10838
20939
96388
75636
27991
48501
48551
59584
89264
52566
17362
84761
65132
87419
54196
45373
3991
20383
77880
39260
98589
11511
52047
34807
23905
13191
27259
26372
41750
45239
43482
23310
33597
704
80397
72506
75772
63457
31780
21092
14487
89294
53544
31240
2862
16679
55717
67548
68819
20135
40914
20058
85190
97011
40095
51164
36463
72946
63065
40480
92887
41212
16060
43
84899
90251
49142
92714
41517
33582
82324
53715
81313
69021
20235
20458
22066
10438
96741
4383
80503
41702
2727
7189
52549
35507
86139
29790
28521
28982
68830
7297
72802
27126
38119
47998
85977
21263
8083
456
8639
79490
41674
77713
97697
47814
50575
25092
77418
85980
34025
95691
80277
48416
46889
67376
18606
88155
13239
69857
10500
76405
97469
45676
82476
37384
53808
11114
56821
28656
45719
63321
91428
34655
71065
1986
57868
5965
36487
1721
70603
8428
34371
75330
77732
26265
37708
27792
43412
22543
3943
74760
45907
93461
18124
40805
62186
44024
91018
30069
11115
86515
55927
76065
80785
64970
15607
24682
23189
4471
85736
57710
62538
20731
63721
33033
9397
82678
63397
42232
46509
45618
96864
217
70027
64122
71676
23727
64014
21576
31624
58306
4814
88827
33958
48035
45114
36039
94232
96940
8784
41895
40614
48006
65209
78861
46638
3748
9311
26426
56520
51597
1323
30121
63637
52759
97855
99014
13540
6415
5709
53469
1024
12981
36786
13068
43898
94179
11859
30426
71758
91598
71826
94945
83732
12870
36717
13926
16006
66584
94995
68586
25993
57234
59107
19737
37018
96806
61220
65695
28918
73960
69723
56378
91749
90066
1196
95883
92485
22407
13008
12646
54895
85971
89230
21065
9223
80113
10650
37866
67717
76935
16359
22856
29883
74124
49898
9507
84771
15914
80428
68200
15207
97727
69132
78821
55436
30717
73711
75259
63707
24528
96772
58576
88589
82303
71609
50404
60915
90028
57587
55932
3679
86199
21902
94234
96243
45983
94770
90510
38468
78823
68878
50405
42538
91159
38611
86880
28871
49913
85935
77504
19505
14500
56069
52732
25374
76887
64742
70613
72395
1179
33774
39105
49001
14794
85949
97859
19333
91150
78768
2492
64306
45217
88539
15963
61332
35604
43238
20400
30284
67308
64481
54366
81371
35655
70341
78894
11413
83197
5545
50080
4868
4417
10974
56125
39254
94533
18599
808
100
90269
20664
99827
7071
25341
85578
90285
2457
81500
63288
21849
69581
85881
9209
64954
61709
15228
64186
49674
12838
50870
12727
6826
54194
97634
26198
28979
96377
47949
40481
45004
96645
59473
83262
43669
28961
12029
13324
97215
13708
70513
80508
86590
81664
69028
87050
24151
25146
22472
30262
27539
26085
93414
3011
95702
41256
88867
30860
49897
13032
87908
54686
25779
55419
96174
17014
72838
48587
70374
84439
94102
34178
16695
5799
32996
55448
67346
12168
46777
48663
39471
19950
50190
61223
58929
40162
94088
33147
76488
57906
89089
5462
17712
48914
609
97691
26711
93235
908
45905
77788
43134
58036
39535
23059
41070
30447
87849
11141
45479
58244
46263
70132
29111
81983
7391
42267
73095
22244
20638
86676
90269
94816
25752
73492
31282
20795
88633
44849
1451
26601
18279
7235
99286
77664
76135
59048
18979
27043
31592
85346
11324
97181
10703
27291
69827
20650
75008
9385
94214
92975
71750
26348
61761
18794
8000
61427
92561
27908
63561
50239
40112
84866
65985
46400
68146
77915
15101
91675
40379
38980
33383
86509
66203
41159
32339
57993
37255
95474
18208
93949
54132
48780
27143
26067
12114
19458
75780
24691
54916
71296
34910
28678
20504
64091
79796
58133
37351
55978
44293
73775
5994
70453
20636
27594
37494
69670
38807
65121
62454
69821
48498
8028
74596
77375
20661
29230
5284
52206
16215
70615
81661
41299
5420
17865
27541
13048
25298
74951
39528
28178
82133
20521
49572
95228
58426
12285
12356
17503
42638
48968
93030
71597
48779
6794
88875
47405
58051
22176
69195
26800
15340
42050
51507
72578
80297
92940
81180
61148
29297
3995
84905
89975
63903
28589
63389
86971
4053
53322
12950
83605
11597
45154
10698
7942
94941
18252
31292
57112
90022
12462
16987
80685
92793
69082
64888
48688
36519
75893
20129
97612
46596
49683
66815
21467
60599
98046
21448
9366
84673
27638
21858
61164
79655
33426
42069
9742
8637
45220
99500
84967
39697
95227
36872
86760
14130
97634
82080
23937
21947
30150
18872
49484
77919
95892
29085
69540
26866
47841
699
56883
70642
26467
30299
26952
46097
42812
57309
60359
52224
61272
36974
4187
60889
36908
16325
46247
4361
45598
38687
15674
95224
26211
76053
98432
33623
71235
51608
46581
12292
99417
81705
4372
6525
9558
98166
31758
33503
27654
78356
3255
56761
15402
86358
50170
81586
61508
296
63180
39124
88690
31274
79262
15603
47185
38060
12748
35966
92098
19811
18418
83553
4874
27205
40030
54164
17876
89702
1025
50212
3505
25968
68416
72060
99840
28440
49927
98384
72456
65507
5884
33285
90177
94837
35249
2496
26995
26673
20019
14346
23383
75826
59776
79100
77850
94852
7189
75181
94175
4640
87525
28021
43235
74435
43078
18973
86332
95754
4422
68710
60667
16203
48187
27314
42097
99475
33943
79538
50510
52856
62298
37197
13220
2618
51778
56458
99754
42299
82301
43771
43837
1335
15999
64358
78272
79714
12207
63729
47588
51677
85755
72232
62658
41269
99500
5678
84933
24440
82869
41214
15270
81780
90053
7933
81871
60878
10492
39359
46976
82812
25273
98930
85328
64416
65362
23338
43691
98881
25021
8970
14490
44167
50763
39244
55809
61971
30997
58285
89729
65849
82702
83864
6078
53179
22264
62957
68251
20515
73874
73838
93440
16892
15055
94278
77406
64429
40994
74006
15881
64756
51413
26974
29156
77819
53113
28100
40155
59322
56056
61380
49481
40009
26086
75604
378
3871
79894
46290
26859
81388
39881
18764
99534
98063
28641
18124
66761
63893
68243
71102
72029
21039
44283
38495
57669
25966
24650
36933
35317
71934
90458
99589
257
4060
50210
94405
82719
39957
67268
91934
69765
21341
10148
76141
61932
58313
52500
62070
46999
29801
26954
23957
27724
92485
24467
4867
94880
75571
18752
15362
84082
8083
52382
74726
71725
70343
90629
35903
93777
69681
10470
13670
24396
98891
1191
74084
13313
414
2827
79994
19818
10783
88970
56976
98266
19372
77248
12894
43355
97695
73889
12368
87478
95564
89322
55737
12690
5373
21555
22072
35635
13000
29184
67999
85443
36041
63063
40518
3087
82593
98348
40843
4008
35179
98551
7299
36202
57815
98503
56642
73689
34405
22832
18499
44614
29407
95744
48116
80626
8083
60912
30561
78922
88172
45430
93692
98928
84684
14582
94950
93434
88328
89113
22749
10163
61184
37526
15937
7040
11673
3372
64868
71550
43961
89362
49902
27782
73726
41317
55402
75410
36188
98337
24913
9849
80721
94923
22609
76854
44199
86027
12729
34471
88485
21495
37444
46865
76850
84298
88799
79553
97607
6579
3321
31501
44208
12394
24806
40313
43199
73533
9200
67862
62764
86057
40026
97349
34701
73444
18066
56601
60750
78391
94803
72954
35758
28361
59508
12709
70390
6647
16593
1424
39830
43263
61044
24972
34365
92188
96287
15364
40564
47244
58584
72482
50136
38252
64721
30929
9971
55013
84467
76445
26838
13760
73480
74710
4277
68021
2274
65075
19519
50273
50154
54898
50840
10518
42376
13118
94900
47628
64908
59082
39155
10357
28024
538
50196
24110
34282
94978
29079
75890
4489
30405
80786
51305
72747
62367
96111
75773
18688
9342
29089
8301
16415
66955
56322
71450
42955
99239
67690
26398
60226
54832
6990
36573
51042
37219
23922
53012
50904
50267
24748
24974
61991
51799
22839
28982
26609
15866
70928
95046
45060
52268
77073
55710
6148
81246
56968
27120
33297
77035
14259
95415
5941
11802
90362
94152
39692
19263
87336
38945
95888
50017
60616
67327
47200
30838
63896
87211
95373
90155
80908
21140
4353
53792
37762
13784
55180
84560
67166
49115
73548
85710
52418
84155
33784
38186
20747
79962
11529
85715
93002
22458
89862
12215
97853
21255
60202
40806
74506
83661
60084
79317
28823
10091
5195
77598
64265
28543
42668
64228
25208
65537
88658
28212
74763
24588
82944
27943
54165
56854
54285
43620
88907
86305
26509
10146
57056
88650
80344
32875
33792
91903
49498
79645
42053
29070
78422
60234
1049
64728
2967
83583
45769
25860
89173
10785
41794
74832
66464
88467
26315
54434
97101
41428
94655
16060
87034
72006
58725
87950
70431
6793
93102
23878
41426
64550
77322
44866
29463
56968
84711
44582
21859
21060
92967
48137
36107
62009
91484
59530
84814
49138
78531
42336
3099
10185
22331
68878
11776
62246
87936
22102
43057
82916
43369
17988
16753
13141
21242
31883
11904
44572
94918
38669
93538
14776
32164
65204
69671
60576
7117
43006
28444
8905
81264
97717
84877
24997
14674
1692
19861
55654
75973
32805
30916
82816
60708
36543
2283
79565
86984
36461
98663
64362
91690
30418
63848
68862
84118
69576
14781
38778
52520
913
25630
15676
10149
79844
74038
36174
95225
96873
69642
11403
4264
26240
1002
62178
23027
77882
852
34259
92298
62603
25279
38518
86504
52824
32394
12443
55983
88171
48545
94731
47329
26533
77417
52046
41624
82547
82826
36998
35778
7065
32598
54297
57981
30346
23737
52268
88523
48794
93919
13258
82706
93899
79868
79492
34323
82531
93724
40498
76548
26783
30056
440
42348
51937
23377
20131
26267
42820
99677
17523
17572
35856
24363
92467
85592
76425
53284
19107
96127
15138
94944
21175
3349
40623
32498
87160
57568
69592
70098
7368
10217
73321
92165
47523
4126
85542
94474
45313
38307
78236
46051
40535
44369
19379
51102
73085
75372
79583
77247
16747
76900
16534
46317
76829
81416
2908
45814
90006
9249
61081
46847
32960
20499
21741
26379
90673
81387
66426
13095
17449
964
13215
83536
16120
32925
25509
29378
23581
5167
74321
79455
56360
52781
75610
65176
28897
59101
44629
72250
55810
17101
58508
35800
30783
16019
58510
17168
14310
13382
67744
94653
65
69715
17744
47641
34873
88060
23178
35821
1940
88979
67203
4822
69439
15471
16595
81845
81511
84329
50656
18036
15552
66870
36373
8592
30441
78752
31409
65607
76839
38339
65948
127
38637
44225
84021
31857
99709
87811
34694
32176
10505
67885
95609
20954
88690
58077
2372
10810
87986
72128
74687
10135
3988
17552
61814
54268
54657
72877
82746
29733
12694
27479
28306
20995
11696
85381
33776
51244
14442
71430
74526
87458
89917
12242
18038
81822
21158
52299
75217
32537
23686
21877
90583
62679
33571
53903
57173
10544
10891
21390
17741
74364
95640
15349
62439
98746
24431
95570
63526
19806
38243
53815
22037
57237
23735
916
10495
69942
39040
31214
17886
73254
90536
70622
99692
62696
81263
40072
30933
1119
17356
12406
48014
66561
27154
26801
71582
11387
79693
71356
67674
7387
15116
24557
97039
92734
90488
13704
14552
9814
80962
66649
85680
95575
20796
55086
58017
89918
61533
43215
53467
63006
10920
56859
8608
98793
51462
49344
68092
92632
46223
19414
19666
46839
51016
57049
34705
27184
28295
82530
71365
8914
87314
32033
91562
87070
61541
40568
10332
39533
61298
38103
15626
63553
24002
24943
82824
92327
44730
32949
61859
3622
47673
42966
80048
51527
49629
38705
65182
88224
10438
39478
23722
51711
9554
81849
45904
59695
70983
11378
42239
26186
59152
20084
81190
74780
25119
52199
47754
26447
34672
55365
57913
17208
18030
75118
77049
48509
12142
91113
41626
22146
86329
74551
24170
74063
8296
63733
31047
98111
19400
8014
75663
43752
28572
29850
25939
53762
13954
22456
64106
49781
41486
78403
90562
9475
47026
70132
17841
58543
79327
43987
40233
46057
80613
22971
91050
5112
56182
96234
83314
84258
47177
11425
62159
55419
17851
19262
34101
78439
10895
89588
1195
15566
30966
71620
56032
76411
6410
3226
68539
24464
55860
70150
74096
75434
77774
43957
72494
38605
62242
99339
75253
38124
25585
57663
21541
72247
37903
81812
65073
60545
35692
56016
57171
99020
92718
94267
61529
26995
64313
79253
17725
66260
40465
70515
30002
48761
62999
32824
74682
10082
70222
86893
52500
51120
47617
97725
61971
47568
88446
20367
95754
91938
64218
93792
48996
75141
79608
59100
40080
50497
84261
2745
74105
90192
40186
36464
19059
58377
79364
53497
30769
65131
74624
46371
9236
19299
50496
6029
94430
7034
10282
30499
47621
71838
23424
53240
93891
42123
19482
5404
32745
41942
26735
87642
64052
53526
74131
82353
50264
98543
79642
57165
50424
17148
98139
82433
16376
69177
17295
34083
12298
94506
61497
92165
9540
83819
31680
14187
15251
70612
24599
55758
51081
5577
68093
12044
81521
50620
94048
86217
66948
50527
8893
55942
95571
65354
17602
45948
84580
83397
81301
61845
81659
41011
32333
4008
90605
68155
28254
93935
54490
53300
55090
94598
10739
96364
58515
12642
1366
40149
94373
33324
24411
50316
12496
60665
34854
35016
2299
75847
52957
51708
22068
94262
14964
94824
4108
29792
72484
78530
11711
77686
70874
27517
98385
17945
57899
41363
93524
58770
32453
8149
55462
2511
63137
31723
62392
95706
24309
10633
82537
95639
74214
21777
66096
57401
35290
43807
61273
52866
40843
52342
54854
91254
87544
63588
17111
70331
1430
15508
10085
47887
48643
23152
27239
73605
4955
13744
55928
76029
66755
73091
16112
88159
61987
60857
28270
19636
27729
31564
82103
59105
81704
96169
75768
45281
3512
95358
63912
83710
90710
28065
96265
15276
92276
59834
11437
90210
13964
46958
34804
93974
31989
66250
68692
41331
83672
48104
76146
83481
97725
31265
82540
80722
91454
52143
18105
23629
35485
81886
99336
23704
11761
85518
23589
30590
39164
295
86138
47355
13112
58906
58386
86520
88399
32912
88312
55816
46250
94098
67711
98718
45473
33427
71355
13832
84497
97726
25836
23148
11212
94967
74747
86877
47275
10417
45788
75898
54334
32780
43379
16259
47299
3784
64404
92153
77141
61994
81218
90961
65980
27498
10105
97109
85634
3927
91176
49720
16454
91784
70645
74099
76298
70527
69252
38048
24134
87580
18355
77874
25631
82748
19996
43023
53074
45707
67678
26572
34218
6957
79925
38051
27314
88773
60997
50291
32165
25152
5430
14452
17568
19489
26617
77366
16056
4074
8009
64053
2824
19107
845
19611
67939
55850
92474
53618
9448
29944
78933
27876
18644
15436
12629
15505
58385
25654
16327
63724
75627
91042
38443
53011
12739
69054
83100
22313
92733
59082
18189
20369
92692
52028
81871
59401
27278
11372
46799
63617
77066
71363
96220
87894
39445
62843
15782
93264
66779
13906
57058
44756
27515
16081
10506
21766
98932
7283
19329
21439
65051
66613
99028
59591
39919
85817
84956
10896
68099
18646
63265
79759
18490
63551
14552
36631
57938
62574
13420
69939
37175
94285
67835
23103
58935
83713
56919
94660
60150
68724
98989
74734
72184
10813
31426
52780
41339
16078
48025
61060
95048
91098
8978
69776
90494
72449
59084
12857
1422
16665
74251
46446
74790
34810
12757
12737
20773
57767
13078
41246
74381
43636
79363
70953
34646
50936
32443
58067
16510
27280
106
38808
43455
19629
47207
95129
68409
67004
87453
71473
4975
6576
17255
3350
28942
78414
30229
7949
89031
51541
48939
71274
54333
97800
89480
47523
83130
45593
16644
16720
18204
3411
95314
99426
33229
34564
50661
91869
91536
16101
97423
58771
97367
42664
96932
7390
24050
30365
92478
6361
64609
7073
33050
49243
18507
7491
39199
72914
8039
17300
36927
47416
88567
53099
44053
10612
77013
66930
51726
14416
56966
9936
70981
60947
96843
4724
86119
21722
92758
12827
27541
98807
27193
17598
84327
59142
92282
8059
80941
38568
18722
48189
81265
670
51829
40075
34200
74436
88221
38315
13000
80295
85407
76593
91044
49444
71151
21096
20210
61695
14622
97563
56861
67933
76273
76544
98678
73758
6638
92257
86005
4122
5168
36137
32574
42295
52665
7976
49503
63492
37671
50051
65589
92246
17183
24955
92719
70620
3654
9912
42730
88928
22319
18353
82779
37309
30062
51483
99851
72280
96075
22188
55292
70428
45874
31115
842
33494
47464
26837
79853
94857
62936
66382
36891
93999
49419
17411
23658
30350
9237
89720
92179
49042
80716
45203
85970
82092
7764
4739
65130
13415
6742
90990
95558
73154
32655
62774
18393
39983
59492
70408
75943
67304
28180
49793
78845
72617
17862
16060
18842
37421
88992
34012
8465
98632
68057
23795
11143
4670
38919
67885
87831
40447
91186
30844
82901
2304
25258
35680
91056
68567
52371
62323
14032
21843
65630
53838
34718
8949
70836
60603
53635
29295
18347
66201
13321
94135
30011
23909
42558
69959
5162
15723
71254
58165
60483
21673
86128
60554
90214
30236
45169
18274
16505
87690
39693
96351
87675
19083
73668
91017
20537
70676
76680
38406
57626
45665
77597
49810
99349
22271
18746
25819
41762
61459
70124
58076
55694
11562
64761
47508
2216
87615
48737
57058
43000
89890
34241
36224
46000
79371
82066
46584
4698
27035
4718
4359
94160
59658
62546
94093
92267
76115
55295
15822
38867
14872
99963
66441
15062
72467
26932
80882
29716
379
10181
49549
25014
49135
98513
53833
28638
130
86124
14743
56410
11779
64536
15974
25075
59111
13389
60477
52098
98485
70354
91604
53473
14510
77608
22351
38527
83992
9095
29143
33997
21701
16639
57527
64822
97188
22848
72944
36780
12548
49525
42361
86205
12961
78603
44503
89861
49356
45104
25813
18716
75195
21975
35808
2864
71946
76823
45922
47981
1516
52083
30137
85177
63922
4597
40499
57372
62903
90771
38280
15837
47077
4243
35891
23240
84456
32427
90350
23498
57454
96865
85034
47231
63383
78993
35560
19715
22750
51533
5719
66853
3332
29822
21162
73434
62869
98985
83733
95917
53913
54413
30180
33556
44570
36233
83320
97662
39405
52890
92031
93960
38079
60450
22351
68719
51869
36453
64638
37727
58720
4972
21569
73418
89427
43564
22335
73653
49762
68257
55314
37772
20097
92691
75225
12406
84982
6203
37148
4099
15268
50079
92030
78497
39669
30137
18872
14702
54051
50102
99832
89864
12098
95642
19445
8032
41038
15936
45869
87054
41709
767
74301
94045
69537
73929
96540
8999
59117
92557
81972
20795
37856
86428
86910
89722
74530
24680
73050
36514
24218
48136
80584
88066
8474
70937
39974
6924
31849
36063
46054
17992
1419
11593
28042
43013
64366
33938
58175
31434
57939
227
61204
7979
75222
62197
48789
56823
85692
96181
24840
53806
10201
94721
19171
11792
71675
70286
11592
51537
1847
20844
24095
80584
84686
87009
80462
2055
72891
95026
67415
18149
39516
95457
57582
63766
6874
75439
63765
23868
46646
14818
92695
46999
64018
14402
52285
16407
44506
90558
97456
99155
99181
92716
75532
38610
58988
77645
80444
41479
97821
63982
5752
42106
78940
86347
32824
93888
97311
65582
43604
19596
10661
53045
46970
48063
1434
33714
28682
62972
79721
37323
5105
10838
31839
40866
45344
26186
38775
78352
61193
20425
79016
70986
81302
5422
30471
80293
35526
4366
55962
66101
19780
60653
94875
82129
12517
38764
37765
20147
70942
53408
14142
38395
69888
91455
89216
33523
19985
34420
62949
40397
74280
35730
90575
40329
44485
95812
3474
21779
53738
38819
30367
6217
27130
77249
57357
49913
93229
67362
41766
1833
89645
3434
45707
43217
70320
98097
59045
79106
79922
78835
68905
35786
96430
87205
59623
16527
43385
49826
70704
23417
52155
58851
71297
54381
20810
55916
49200
70931
40229
52643
96594
35545
55307
86268
42726
880
97077
40464
94082
3860
74646
76
10648
6730
87342
94246
46724
22242
7781
41418
21205
91803
68426
52722
14773
96325
82856
68212
6743
65026
42018
8309
11548
8230
71787
32347
25250
23998
88516
51521
92394
82125
21715
61731
40772
98064
89436
76025
33529
71587
38271
48385
12853
15805
63277
66965
17775
71255
78408
20283
16950
24682
60151
89275
75481
30261
92995
99819
25811
82142
38065
99175
27410
28368
95547
97788
67331
74818
58509
17603
21115
49848
25945
74955
20452
66019
80696
70063
29090
38820
99646
4742
77633
63567
34040
38202
95581
18826
55525
66448
56878
30195
33550
68230
73326
29281
91203
24507
76455
8259
72788
83271
15422
81285
77161
35883
14294
54770
90846
35300
79267
58963
79518
85977
43404
28372
35066
23124
92284
87496
70950
41358
8613
98979
82865
34306
401
19397
26976
50979
80806
77911
54662
79337
94453
28749
17921
80359
5344
27404
63187
75800
40294
51589
93179
93432
82828
91871
2384
58959
79561
7699
54171
36552
84174
6321
58990
6144
96432
94880
72900
21401
97299
76642
36213
18862
78933
66933
19702
10113
82517
75766
22316
31440
69790
48993
23563
77255
92372
23731
80879
1870
54169
43664
23990
36259
85436
61217
96760
80003
7166
23669
83492
23329
52547
31720
73912
66649
15538
85537
55836
88286
85769
21332
99420
20527
8576
99177
87616
57449
17783
79028
73514
11158
99199
12099
57996
93347
99778
73974
56163
91375
4785
77448
7348
9407
35816
63533
88865
35246
47231
33364
46631
26146
73168
18635
82807
67258
80991
43681
92080
35395
32267
28038
93942
34954
33072
95215
88849
60043
71895
57558
73860
31624
26267
56191
68263
86966
43224
72853
21636
63089
32657
59634
65867
7728
52702
59165
65938
20979
79409
44430
97101
80633
91267
89261
88230
12494
91072
94841
16505
43841
27596
69508
81230
29235
19696
54651
21331
35563
71333
69540
79925
92711
32508
28928
5212
63406
44551
66640
76289
20416
18792
54259
11276
98254
7572
71021
83886
67494
63010
94596
98327
30407
46166
28708
25109
59507
29637
37794
47851
77922
34693
13438
20937
14739
12243
33345
32718
93950
75392
90854
85366
644
95576
36469
29121
87912
6800
63466
79075
1751
69100
57493
22433
15330
90378
3546
89646
20749
57742
88984
94402
60575
75
76583
20948
79258
31915
61946
58292
45412
32091
7365
99560
8548
27286
58872
14432
83433
99437
41032
75480
61604
73711
783
24330
53814
28443
95050
88141
40803
60543
3584
96014
55206
44651
70435
65097
87422
63031
83759
60548
20038
69454
68591
32136
32099
246
55103
93373
82166
35133
15308
82177
88273
51810
8119
19493
51910
17404
38584
21412
97243
38827
4383
14561
53338
28985
94422
44508
52325
96301
20771
4272
48679
8172
44394
74316
17989
98028
45966
44396
58707
73558
47416
99635
61186
46103
82480
46535
75704
80355
53352
40746
600
33383
16889
75728
14432
46794
63972
18914
7410
27359
3675
51981
4906
35881
61240
43719
3086
37995
56970
63296
99171
37515
96337
89185
86812
93218
36415
28197
2030
55780
73982
26416
11391
94086
19280
70255
90972
87632
61746
21198
49545
47841
13818
17040
46036
16665
31
2958
3427
86696
32375
76047
1611
31664
6619
38976
82370
38713
43175
39153
36204
28145
80862
87148
1938
4413
84939
41170
56018
43649
52002
62036
11407
14440
60740
59915
43016
20017
57921
35476
66087
66998
94488
75820
51696
94458
1210
68227
90585
4750
88685
11776
56824
48864
65388
42449
82807
97536
48684
13293
76933
96560
83577
9161
88647
74248
96863
42355
24652
58243
19748
93422
9406
64202
32178
42378
77107
50267
13683
91487
69187
66742
68053
63174
76629
18371
6541
44116
10514
27843
81943
28852
6043
95857
39643
66720
61781
68085
62092
59292
23266
76037
42507
86415
46220
36472
20168
34718
28155
40009
90984
23079
31590
44292
50210
27479
95846
42224
51555
27784
94437
66745
9873
9019
50166
88312
8781
78318
70974
6466
89489
61370
22127
32138
65785
89515
60854
58836
98367
66077
55338
24919
86526
57903
42181
37581
21688
27655
38896
50202
56979
87298
95702
2967
71998
85078
9914
2234
4721
32038
71077
39908
37074
6144
67831
454
4436
12215
67231
71505
81978
35833
43942
81401
72858
74188
97381
78052
12988
99721
18167
71189
66529
64661
14568
36304
35489
91992
28685
66665
40109
3612
88622
69166
95155
63428
51742
63277
47071
35686
91819
47299
84478
43783
14769
18083
62910
65425
46857
55359
4082
42035
30206
72949
2162
95509
84256
39385
57630
97015
62353
3579
14339
87109
26365
66165
92758
2137
58279
5716
38686
92813
99327
10560
18542
44955
30959
89609
16240
25075
47669
46032
48989
15096
11690
72143
71816
983
2337
16678
51867
74341
58667
36771
71768
45524
2487
34861
73922
33170
13080
53165
36405
51071
96062
56922
60783
35848
69062
59679
2898
78693
25869
47339
24770
68299
46048
9237
75912
4302
70447
27722
62777
80215
24639
73749
10481
16190
37343
99145
7673
11781
99891
28238
14760
38192
10636
97542
78085
48516
65368
30010
72426
17883
5621
65702
87012
865
60673
30141
79575
93743
86030
42202
84894
75970
1745
38917
24945
36086
25817
81631
20703
48804
26396
81546
27738
19733
97613
14871
50451
76066
93802
4077
43994
65322
27538
10291
47847
80527
94932
28954
49015
43021
78882
79370
70318
84216
47365
12455
50171
71025
55338
25824
27257
50564
7833
76533
85777
4961
40518
28418
73693
6005
15296
94764
50728
8901
1831
72006
44113
47335
22268
15680
92014
27132
12304
22701
47468
74734
7678
36848
74357
33922
44084
23651
81707
12921
85068
31811
93296
70057
41306
6651
22152
68659
11550
72459
10838
32353
17977
27764
77091
77118
61340
28707
22302
46545
65531
73624
30525
19992
62209
45459
83841
70461
59453
73786
64824
45879
44123
99304
81051
73152
92845
52405
44088
75182
8519
55166
12682
65937
38251
44625
76996
44520
8569
39544
99117
97792
64424
47775
68932
11177
27122
93347
62085
35735
54825
92505
56260
37874
48135
1785
99030
75994
72452
3621
33456
7132
29569
2585
14055
33609
98721
92881
57270
63929
6871
33137
57949
50523
6009
22901
58662
76567
46516
42838
86372
38275
35642
71702
24372
65086
61975
22568
56997
20972
83842
91231
99764
8207
91182
72337
71760
85662
8575
42631
38909
11749
23225
98692
29044
89208
20596
82127
91655
64181
93421
383
96769
40469
80278
25891
87788
89487
83630
3659
21805
61930
36491
94134
97962
80380
30227
47449
50827
29731
60681
34728
68382
26559
75013
14308
99924
10347
38429
92513
50666
39350
56895
10067
77282
77314
71969
48021
25135
52856
70127
45109
49776
23302
42595
383
74643
49495
19059
56804
31291
47277
20356
88039
89212
59805
34365
89285
16611
67975
81334
44382
74995
81168
8015
96516
76554
49790
67293
92639
42050
28719
70239
32954
72083
25622
65903
85582
88757
98772
66899
34152
94628
55599
59955
79194
3388
86129
48582
18491
77924
7392
75269
9595
38919
46677
17377
99048
9949
49147
61264
15030
33512
50118
770
82830
49786
72046
69906
62902
15924
24614
39864
53721
58697
40861
6267
74994
24802
62353
85731
43450
31994
81771
35021
93292
17353
95578
33240
71569
97407
75951
88957
21358
88998
46259
82459
93926
34697
54081
5328
30188
45491
58435
32676
55337
72208
71244
97246
37318
51441
31631
98202
27383
20587
40635
6291
73764
82462
35508
64026
90069
17267
6382
21864
25722
94847
5928
48400
38740
12485
49155
11437
92452
75671
96318
95515
11565
63356
11919
71682
64328
98797
43552
11437
51428
23738
97444
10745
15672
18314
29717
35913
25863
32351
51403
69974
83631
6488
31546
83139
93998
2544
71977
56654
32401
3299
92810
61603
84346
76913
3803
49963
89709
52027
17528
30625
43063
84907
91067
84933
24220
82832
5202
89386
61020
93638
97786
25738
50624
90836
72829
46873
91015
58351
35974
25686
52584
9788
95261
11678
58243
98195
46019
47771
14440
10143
73067
88922
23811
3746
57171
18394
87139
58869
23230
85472
358
50796
9296
15656
15427
53016
63653
17750
9107
24583
13806
96906
83804
92646
95113
22865
94012
87494
91196
62648
98478
20028
36045
62684
58332
25730
40673
54813
75874
97852
70447
12561
11162
78677
75136
93748
76490
47720
58662
66429
19270
25530
62678
49900
99747
11428
17859
90912
78905
28430
58937
80901
35923
64119
30098
62826
4567
17649
91064
59665
1868
38090
10488
8575
59469
37701
69503
42643
74825
45958
22132
81459
54548
79469
97777
63266
63278
75482
79008
82095
11758
74191
14958
53606
20907
58035
58478
60489
81606
36178
76781
30778
11927
32002
19693
65487
55826
17504
23808
98312
6710
82681
65635
81628
50802
44325
61332
57039
46260
17197
64242
94977
66575
56749
19344
60256
15209
1877
89269
37885
40511
37033
691
28220
58805
97064
88993
96357
64925
20138
60951
663
21602
78019
54310
22524
75795
69156
74386
29144
62791
3265
8302
84539
29265
75724
69394
94326
41185
55936
47418
38858
83668
57082
85566
30748
59930
77570
73418
21188
8354
86280
60505
51429
69124
55752
98419
28439
30570
31664
37024
16352
94204
16985
96167
12513
41799
52112
31720
49068
74537
4665
10131
79220
88987
71625
77027
76989
15003
11858
24122
64370
65813
81116
82169
96021
49486
2702
93372
32944
91981
63275
7537
203
78439
78585
15795
60087
35877
45310
85287
78055
78739
12355
58130
42334
64391
59226
49173
49539
77132
94012
35334
21873
49323
57835
89324
81867
25557
74390
95991
12109
7375
91067
80985
6621
89275
34694
98565
83168
77791
33112
19107
37705
6612
48835
64876
63405
76332
70641
60392
11090
15553
91973
57474
3558
63318
9721
81797
36939
74861
25286
83830
77328
97733
20098
97645
63067
29004
55012
76688
80962
17257
55011
91822
39161
61791
8764
74358
35493
23071
78259
97393
83471
35661
41872
59778
81716
33964
38218
92249
14074
3209
52610
81550
57021
29313
81638
67200
2216
63792
12598
46570
39807
12855
71299
78654
98488
25449
82707
51426
53290
98322
74914
83876
29661
54149
33378
4378
14721
77184
5827
60954
82523
78142
13773
41427
76314
30233
72746
39175
39528
72473
89601
32773
73980
63326
65341
47527
12588
59270
89100
51525
44031
17915
71459
79315
60480
47804
87615
42846
91375
35910
23206
74207
21778
29663
41036
68889
72745
55423
76209
5461
62751
83324
50248
74295
74460
99120
81779
89852
98839
91913
57994
13907
23593
20461
11002
56853
60605
10247
75146
36770
84963
68626
55704
79225
46276
32417
80738
87732
26319
12873
73729
67326
95314
97228
19152
9554
21957
77923
4138
11313
29632
47143
75697
78015
1356
78204
29067
56827
41143
11258
12071
17145
44353
96441
76670
64574
97780
89752
95156
86840
43824
74730
55805
98039
8132
62334
97948
1931
56953
7722
53895
62843
30632
90036
64838
32159
12140
2012
85147
68475
27890
53352
27003
87929
13037
97677
78554
15202
86886
3000
37989
51864
73840
64151
57577
41043
1529
33222
36305
98614
15901
75737
79884
31597
19221
63907
74381
76550
82444
38305
3692
69033
6962
41638
57098
31925
16042
77348
77969
85816
65726
2388
12602
62058
74130
77954
58665
83623
35574
19928
21138
95399
73493
19365
32703
21180
46922
78025
5065
31207
19986
90944
35555
94775
9884
87400
33207
79072
76669
20625
11240
63348
37217
36129
34710
94080
11612
83136
8960
66118
34302
83111
7620
65618
65540
35680
49570
75515
27275
20633
97631
74584
41312
24363
98053
82044
19571
75906
8551
91535
50154
1064
25793
96811
75378
84658
10526
34352
65648
34726
51124
52164
85525
71911
33803
17035
38063
53088
89595
41022
35005
6409
69042
79883
86235
53304
68180
60329
66715
64167
76509
14966
36213
91069
78402
36368
2325
33052
21238
18508
27442
199
85384
50838
79935
7950
26089
25445
9691
5047
43020
76218
43459
30987
62439
45621
21287
97434
19861
46164
16249
30347
84765
10090
28641
61700
78318
70615
88910
54131
4705
46697
71944
21591
83872
14287
65921
93774
55621
96246
23785
49595
80187
10306
27681
76275
32513
93066
31879
9989
48941
89073
73136
67588
51149
1405
40020
64594
69960
22133
97570
13258
29027
22203
91252
18762
92544
21860
58142
18396
69153
6480
1312
60127
54346
3915
46011
93910
55301
72383
67008
49293
9502
54803
96484
29476
28654
57155
49008
7002
13334
61373
34356
85718
10497
4278
18779
26580
37356
90664
61818
87275
70850
20137
14243
41847
91359
7880
99894
66536
93526
21190
41846
77127
17806
5902
53113
3583
39463
33586
88153
7055
2106
42340
72105
79435
41663
64174
96673
27978
81544
21679
85370
83984
43979
53107
26997
21368
73501
22285
53973
51005
53657
13587
58285
34565
54975
57942
41076
54891
70714
88829
54293
74855
44826
74845
68323
70268
14720
71735
83050
51743
70808
39598
66881
52543
41760
78691
76667
29268
88135
55439
72764
66696
11089
94300
67017
91837
70007
62017
21816
93498
77643
88120
28647
92021
36633
34909
54216
57118
18537
88965
38970
33478
49728
66328
7155
66155
69062
80877
50201
53921
5091
99457
62896
78334
16355
7060
14861
93890
77753
81120
5929
32352
11999
662
66674
49774
8571
77143
53019
31493
18429
90380
36980
57653
76772
6466
83892
96489
78529
15461
6034
73810
86196
5784
52052
45938
98386
53390
15390
29032
11944
29289
29324
52915
41465
85933
13979
1828
51043
38111
16641
34181
89440
90335
98461
95519
14313
17375
3273
20301
63220
69887
72556
8283
7166
8135
4300
32794
81507
80224
55744
27875
71306
64367
68516
57061
12606
18799
77509
24877
67703
72490
93501
59089
50616
916
19833
93305
35473
40292
16309
28490
43556
79983
56425
99632
26116
67394
6716
78664
54202
1692
44983
1703
86114
83783
9845
96106
2930
26097
55510
97659
65114
31147
47379
42301
36422
58429
27563
52501
69505
14147
43676
36021
18068
29065
33390
79013
84556
76510
8745
53040
64186
27736
62150
76553
79731
21124
45251
20664
67416
25543
71824
32900
92976
4727
58407
190
18225
35183
23929
80552
96701
3251
76002
12513
10345
20288
75998
96399
18521
20047
16502
53511
32551
12422
64115
84955
83299
92890
50899
5729
74164
25158
36248
13371
20125
60097
40478
70984
13850
83390
25093
99047
1962
89445
2764
97348
10598
47722
32991
36256
53135
30215
72519
49569
45158
94619
44064
86099
61749
35358
96136
45657
18155
26912
92882
82709
42853
9597
57146
17967
28968
64350
57236
20421
59658
29072
32989
2736
97072
9849
96531
28078
76498
62972
57728
8017
30395
54603
15186
43652
92973
20548
49766
77205
89537
74537
43586
1988
79948
53024
6786
39910
88445
46243
14185
2294
75266
7109
75386
32121
3019
18019
21119
44524
58630
3298
95238
61933
45001
32202
45004
81058
9263
96894
67601
54217
54617
87319
43083
83069
54
7133
69751
41250
15869
99777
54858
84782
27479
72474
48645
88436
14457
49210
61159
10766
4463
39596
76348
95814
99093
58988
33140
80033
57311
9026
26382
99433
7736
38045
87411
34869
52103
87753
8447
91255
84813
64332
60313
5442
67083
5090
96452
14037
11617
28339
78447
17801
15409
36462
72007
23347
3714
4837
35948
54646
71424
91300
6272
93480
52193
2478
72124
53695
11715
14007
98589
81304
69200
46552
99803
80836
30787
78578
67258
4144
41157
18402
21146
46959
70512
60221
15561
46758
92181
69352
5657
35891
30712
42327
70668
22747
52057
51104
76554
75567
30670
48795
60533
16442
83659
38488
72788
83978
13700
7549
33356
35608
83017
60283
99725
31093
32528
48108
89192
45268
63953
20363
9086
15502
64074
73263
25396
64437
80323
12389
87011
90841
67756
26794
40044
39633
2850
82658
76296
19207
73104
4984
7421
16354
48050
34866
56396
61552
20757
1295
47047
75952
411
32000
22497
32954
73754
84257
11710
97804
54308
11027
27785
37169
91873
36951
89124
24880
90904
42184
64602
92943
56301
75158
14705
86625
53924
58459
96923
99123
12580
88859
42059
54639
90582
29597
29924
21707
19277
192
76781
3505
32799
97820
31105
36524
48273
41559
78052
1164
42546
19744
32367
2006
12574
33003
28108
8203
13570
33225
30397
77938
77151
71812
56759
165
57703
7124
42924
49589
72773
69185
43398
52667
69625
50773
49487
96092
46113
765
76653
30776
46899
10524
12107
30384
9094
26316
62675
85297
85553
67410
91512
64289
19563
72668
5071
22181
13969
64026
58397
51116
85639
65655
93643
20540
10742
67826
70551
34999
94675
97181
81253
65641
52287
89521
7698
32753
32843
33452
29193
75306
73460
46792
50670
44885
59052
34265
68919
25156
1657
32835
21467
3013
24695
96406
17186
6217
13144
85511
61661
25840
75372
4300
78159
10867
68188
34739
23976
75502
47407
80223
98162
31240
99792
26881
43076
49888
17671
89519
91348
55926
75011
77123
8201
93555
19673
54675
4367
56821
27430
32648
64196
94747
64304
85821
20111
15338
15339
64598
70736
97210
82968
17818
24754
84960
12520
45519
67421
21752
41118
33009
88105
83790
4978
27406
33517
521
47505
97313
91316
36118
49346
64681
68593
19916
57892
18661
6569
67649
65843
29486
42703
12169
1289
34385
31310
11141
86273
85159
18015
55312
31926
76467
97498
22273
41066
91160
58793
46621
78883
37237
47991
44765
67696
31165
73608
54072
94346
3479
40482
55565
66005
52111
90249
80527
6470
78583
36361
46508
54302
26621
24876
30844
31156
4202
16011
34371
26864
46069
91969
79875
8788
55234
50939
68641
68661
74842
38924
65521
16583
62407
41725
45281
79992
85516
86210
90656
1778
16800
73895
60873
65892
66981
90793
69328
45146
8649
55841
64999
60104
13048
72891
66061
53062
81756
15333
44212
16341
96562
60355
15725
47328
55114
71615
75154
97982
72731
28733
73552
23059
67744
8205
30607
78326
94355
1754
98912
4430
29637
53599
22338
69909
57783
81945
36944
92478
45240
97272
21163
55123
17211
69199
24639
1879
2195
92074
18292
87147
58671
60351
94868
99980
56236
89918
80276
88761
63291
70818
56160
16754
8369
70121
33544
3996
22980
68544
3393
17441
74057
71704
25721
59348
41959
86901
5275
33202
10551
57892
10555
87012
30715
55788
48158
48577
26136
7614
12233
35248
41521
37127
53221
56044
90401
55908
36780
22368
25621
35604
73331
20177
97700
60489
33811
35611
52331
22104
35093
80083
69609
92689
14714
29388
852
91400
25764
4214
7063
80625
18853
37664
24617
14699
10594
72510
96170
58611
78435
11654
64796
27513
65402
87572
38076
39855
65037
21421
84251
88414
98497
31264
35070
26899
80837
90120
32846
17943
21721
36783
38365
14716
33658
38605
54710
80019
21227
93422
42399
45210
64896
7825
94542
25042
98538
92428
96261
63407
86490
22029
84843
99145
64276
8988
34441
59728
62962
45276
7198
80380
79601
57264
14175
46114
65084
37018
58062
9410
34932
12318
92693
33533
52217
74150
76447
41861
8055
65247
63956
48172
35503
25376
87919
31838
19681
68522
72670
93803
11859
11979
83958
42908
57921
22877
87600
17607
3745
21803
70339
6142
17521
81460
97375
40353
88447
85640
62659
95284
70357
35503
48636
8907
21408
55209
68219
69761
19323
68048
81586
97576
42333
57209
3338
26427
5883
66298
10468
93936
92187
63557
78858
26377
3222
94611
42385
67753
48585
37916
73134
13219
72409
84258
54226
4494
26112
20557
97987
96822
78136
85329
65656
38540
94851
76779
82288
285
22101
7115
66800
7360
4638
71692
21720
76616
1688
91294
72960
77145
32873
91493
58004
15352
55221
858
93705
52731
20164
85135
47707
69472
9963
24880
58852
44186
18874
60517
85339
55653
25538
87348
23591
7931
5600
46179
51071
30111
47338
67739
75423
16022
45140
46152
50409
26741
20351
98141
24533
37078
10336
84052
74710
9316
75625
53683
79723
19318
52406
38314
71295
14937
58485
23801
60862
15013
49235
43727
71508
29233
90719
89165
15523
97763
1790
79656
71744
20384
75818
19149
14123
49089
807
25856
5002
87174
98628
58205
12033
20037
5002
36287
32431
88219
50821
31646
17128
35139
45035
69395
44491
6820
61133
12536
38655
72548
49754
18442
94671
73947
61386
67760
28126
8354
38702
9174
84713
80682
50098
68338
67256
57033
89835
59079
27777
85872
69123
66727
65081
50296
44158
86420
31415
28058
75048
76063
73799
78365
2525
72658
42184
20874
64212
10697
1603
65276
53097
42938
93960
5108
56069
98869
90887
98952
71789
33223
5127
41723
57892
6393
86342
25384
59326
31349
19054
82168
95650
99176
66640
19603
1498
1283
60800
17555
97498
90876
96525
15956
65803
95665
28443
50407
57651
41516
99647
25190
84739
11234
88214
92386
32925
65398
25474
29495
23647
219
87427
14754
40080
182
81806
76681
7974
78081
95212
19320
51282
28492
60401
34508
26441
99263
94390
77032
87887
60026
76982
80645
64866
69469
32483
70919
66784
97507
43074
80138
15702
38153
23561
40763
5095
4269
54419
25027
26133
69394
22590
74398
40815
47903
71234
81002
84694
98247
54893
32443
25390
50307
54175
41547
98430
99419
29664
69231
77379
35941
15417
54116
21655
34596
44982
81768
5818
23921
74293
68742
20186
29111
53771
77641
27077
10488
65364
63313
6984
69837
87700
44612
11842
38219
29615
70651
42186
41825
84738
82109
23097
52222
35068
15690
32822
71023
20028
2093
221
60486
19432
65365
95211
54550
10439
71133
67592
6011
88124
40006
12081
7703
14527
50694
9792
24150
73689
48922
54491
85299
19677
21879
37526
17395
52382
31518
29318
90639
12368
78
24804
43568
58655
20052
24985
45043
20134
75645
23020
49964
7245
42540
32901
92934
54402
22822
28093
50792
22770
29290
82693
2100
53348
47391
85199
69065
39987
19238
99164
38792
42470
79
36131
46291
99758
99783
23387
54129
19963
1678
26757
57647
83675
74983
48185
8544
66768
59880
38572
66757
77069
34193
77563
68552
6317
78106
55030
11618
14512
80933
76172
58077
53138
32307
28974
81779
25034
49683
15619
44469
78140
71220
79496
87752
7035
96571
93185
95913
22399
41808
89281
62449
83806
75187
98610
22612
49099
58988
80449
56868
93864
39424
13289
3218
44840
47999
23834
13876
90566
16795
2054
50818
91516
41107
86664
48219
86593
49069
36465
1924
23809
4610
45456
52720
77082
49042
46429
4188
42609
75897
9795
12337
82831
24858
78504
10636
45916
69591
2138
14490
92758
57731
70967
82205
99054
82382
4473
89836
88639
85216
19356
69942
24556
90465
59757
64487
86708
41460
34993
67203
54773
87204
68816
81039
41402
31415
78652
73327
19874
78111
59874
51530
51471
68239
54827
97577
58727
63147
83567
74687
33163
41976
14359
19587
65330
34898
53869
40312
67265
87132
23682
58061
2025
91442
44508
54176
66941
22427
46042
1246
27694
70171
21478
88870
76741
31236
86422
20651
1980
89292
31966
66936
51385
62041
93365
53997
72456
49177
62082
75880
67188
39311
91140
47615
50626
9287
40923
49930
40843
74795
51094
5246
54259
32046
45114
69747
17514
55941
96651
60935
88095
61302
61146
69531
51644
78376
16715
74139
58722
37882
18946
26267
47010
13967
1578
98717
44756
36167
39970
81647
38104
37226
90372
48274
28167
3485
68082
42997
77620
15350
95807
41247
52485
25420
4248
26636
15336
67144
46541
18703
86612
77112
78080
97045
74109
39682
78313
34442
57939
58262
54307
68341
5144
76828
24535
5662
54716
40364
25379
23665
64695
58460
14758
98714
69346
73588
95402
75759
66610
7069
50127
80237
15634
78808
38576
35003
99324
85900
71636
11083
40435
73719
95924
41887
96768
8709
53316
90792
56744
48830
44863
47401
22694
57306
44083
41306
46602
70448
24966
65608
21165
94604
92964
8506
30288
1246
37158
87343
59120
60431
99329
89923
55368
9967
91528
14769
99620
95690
89470
89841
30525
5721
15580
6402
46421
75924
35003
77859
62257
80069
39519
72700
27054
83768
54529
46682
35777
9166
17111
29687
59631
70865
97857
81079
10822
28002
97267
44526
31126
47374
91770
31104
93168
63039
79853
66561
14233
23183
14610
3642
36810
50551
64937
45
33640
10725
35641
83696
65179
96428
8245
93365
53549
22517
64459
20714
31617
91956
89193
38620
41293
5685
58604
59607
26837
24245
33126
46024
17221
64013
28299
93987
96139
69417
8825
58240
52559
28567
3009
39424
39888
13019
20118
61518
33469
76512
58961
83841
43404
91048
5886
94366
91866
31652
82503
99130
32704
37311
16763
93212
61294
47220
80155
51585
88679
89473
71553
14170
65080
77779
27245
86160
25174
32576
29933
33671
48915
80884
96488
1568
27261
10467
68711
26456
36467
27710
16224
35886
14437
59584
14817
75298
43719
22504
2422
63737
23889
43681
67479
67389
68630
15964
56176
31841
88063
9791
30862
55330
74404
45463
65315
42857
8614
54633
34103
78606
27148
26663
30571
87702
20471
74014
29290
84380
4452
25003
21039
44078
48670
48750
36525
48846
71614
32310
99871
76057
48448
45628
27885
36197
50243
87884
4791
37219
61948
68446
74433
59268
23799
18051
36604
13111
50412
73403
57484
35888
70170
85539
82971
53445
97891
77611
4313
61746
11043
23206
50958
9564
3597
7835
26750
98802
27204
74328
8408
43664
49844
45510
92795
57693
64587
22935
64998
56885
20215
18044
51610
19265
22140
88243
32429
37921
11794
89790
28878
77451
67513
50703
33008
37517
25754
77503
3158
48463
63804
15038
32217
44244
16160
50692
80825
87839
2745
75270
75197
66291
24203
73956
76712
6290
22207
86592
96059
78727
14944
30665
12289
40831
70293
80373
98682
78929
84091
65389
46824
