14759
73995
93182
95519
20860
45198
98471
63043
63375
76566
75445
84109
47231
33567
66762
53215
16077
59857
48307
5518
79964
24187
78497
5010
58513
33486
99249
35981
51418
72664
68903
13461
83499
62428
10010
86848
27171
32779
22600
96715
93709
62433
44554
29191
4578
56222
29891
37568
28300
10239
13810
62987
94534
86136
33414
2668
22367
77969
41681
17570
80317
61690
3797
34927
18174
85676
28892
72455
22105
86334
11972
22324
71203
59617
93334
16675
62286
86744
31127
37968
19628
14871
61048
68681
41073
73238
38600
69921
21046
52530
93130
20115
89978
93698
29505
41841
13987
10257
57095
13768
11042
49212
41693
93394
43893
3625
15357
26999
1285
18370
76011
15648
61232
58061
7946
71035
61601
7593
43467
35012
46171
29735
79039
57046
92021
48738
73038
53838
7775
71741
66849
9879
26530
43800
69785
75864
78694
21774
33250
27798
63373
49647
9506
33063
39772
80052
81548
49557
84634
18948
9713
88522
37777
39650
72086
30526
23090
60593
45472
83067
34357
32709
20716
48169
82653
85959
70043
52923
25242
65733
86314
59476
20488
2931
92032
56695
5045
26594
66049
87051
47008
82331
79328
44999
17245
95225
1937
81663
88309
65344
89084
56971
33642
52157
24909
37040
52600
59612
70632
51534
53366
81856
67065
31110
80636
43843
47498
58853
8479
64522
29550
58385
11704
19459
66395
9774
15714
84862
68501
91150
85250
1701
12676
27315
72321
57241
15879
64482
94901
22251
3746
14246
56958
42900
93811
1214
12524
59858
8803
11204
57949
3295
75128
65051
19716
22095
67366
340
36037
40678
45765
1085
28221
63379
15422
56327
69151
10125
11328
2258
48153
36009
59119
58103
11349
4949
83100
50610
74139
76340
20879
24458
48980
68087
58048
24638
99561
19060
44198
21965
10218
23013
87239
16162
69418
21471
86318
54491
98344
60813
78138
72404
43593
713
15891
82613
64384
58423
21719
72852
10991
64414
70131
61544
61319
25988
41773
87852
80012
30597
73118
46924
24980
68047
54685
62512
40526
95100
53782
80994
16671
60493
46490
75708
51559
74144
45616
11987
50178
51470
40457
93242
58283
68036
9777
84373
15547
31067
36449
41275
27759
86518
37330
19046
8231
13304
68588
24027
20107
28543
65596
44880
83144
46401
40900
80607
29464
12513
77292
19142
14560
60270
72950
21751
10867
8441
42415
21251
44115
8080
78082
6846
37367
80764
65222
54319
32712
22739
29080
38231
56038
65691
31555
83323
18760
19900
92027
59599
87297
50977
47978
71393
52509
97131
26978
96160
49962
22257
29297
84231
73364
18551
71954
10729
44265
87850
30751
90714
49723
22422
40356
85976
31971
14628
65648
78965
28003
43252
81765
84194
54628
49650
17326
68601
69854
32792
97456
97479
68470
27936
62489
58068
52673
83748
42133
97968
93799
33972
17568
30300
5443
19443
11222
87859
21543
42255
74597
65075
40284
33371
83556
1963
16103
83435
35005
74082
58854
72875
88101
39233
36698
44091
59981
57343
96479
8267
99953
98280
15095
80943
6957
14217
69093
29536
53456
81882
68372
24431
93096
24488
82328
23334
39773
21182
44652
30045
86490
5263
98042
48534
56549
92547
19514
50614
23664
35068
69650
24032
63848
57764
81787
28303
587
8180
63812
57103
92791
38659
39344
97241
69181
58121
3194
69930
32436
79471
57913
81726
9993
78742
13118
77614
41108
68736
97434
34404
87559
44990
5853
85846
81823
3511
64985
81095
18013
68018
40197
16662
59470
25153
1789
92704
92518
78090
13895
61657
5452
83538
3184
77186
75407
37096
35061
7303
72598
90540
55486
81657
47156
89978
1988
40195
92698
37655
20275
19467
90631
3159
1611
88455
42363
38664
24896
42904
76617
8766
77762
7368
67626
69404
49239
37084
81550
77276
28099
59990
82286
35323
12490
50985
26173
36676
76428
74521
86205
20919
52495
81103
17805
32726
59579
50071
6304
91244
23262
37750
63817
92314
84592
27243
61650
82784
73968
19744
2861
60740
36909
27917
86113
50561
16226
44041
26310
20015
58041
92590
18219
12651
29008
80072
68500
41476
37176
58586
3810
62465
37241
32910
53387
34866
91892
69686
30216
43473
7937
49603
36141
94357
87319
71041
24755
57651
28074
26157
98065
63056
49710
86676
61322
4136
3449
24042
77791
79284
18855
10596
4741
18972
91927
76786
34161
26361
97075
34332
99056
35557
90125
78456
60276
5634
51524
29093
49160
95299
8134
73416
58084
35739
61007
68544
41308
73792
42704
15080
72530
58588
35691
16296
81965
55216
60219
54968
91233
17380
64176
70035
22509
61487
48759
41460
50724
92480
70585
22383
29219
53127
73466
55278
82274
96259
48065
13606
76326
84713
93272
48822
8242
62669
60585
35100
67805
64497
18984
41140
17183
16807
45040
60717
98853
54692
8805
74858
39684
65411
92377
97618
22378
55538
5866
63764
59919
4061
51528
98458
1963
56918
83572
17353
37058
19198
4292
61779
82842
98483
25668
25209
79117
99317
5974
39040
60730
41590
73594
44814
92661
96990
13992
64353
85503
76056
32762
37933
70736
33693
63719
51600
66256
10875
4010
72084
66758
17313
8833
21312
51848
42570
91762
35323
59441
50051
67111
36990
71824
60251
85946
92693
87325
49254
72300
76466
59270
81806
59534
5997
77640
9334
92003
61052
10650
91404
84605
94123
70978
57259
5252
81561
8427
77834
54709
37103
66894
51813
94407
27804
82285
46693
45193
87666
4991
90127
42726
35063
66885
57510
38475
73673
40571
72893
82175
49874
747
40829
68625
73699
21339
92623
68752
25584
70438
24232
34099
43112
90504
9454
6233
75887
35667
94186
20042
12121
8031
71468
84317
23845
46942
63413
7411
27790
56422
76416
55749
99623
88995
2026
46127
5332
5123
91017
56250
87774
6870
2639
32250
3684
65843
99905
43465
7591
78301
84643
23583
31810
79762
7475
29425
88055
18000
50507
14211
17412
55396
60201
78475
68916
57936
33356
55076
49777
73880
97077
29675
93624
1642
21293
28442
13125
40552
56325
19711
43085
40499
34135
80248
42411
30197
91756
77741
13970
34762
41303
81449
61825
89964
62015
66102
47060
67066
31355
3189
79095
91717
95701
86359
29973
20279
43920
74779
59727
92832
68326
43077
56457
21118
88810
44918
12670
2568
40813
57326
33971
49175
93468
99099
58697
81522
9318
34396
89900
71252
11131
82838
62793
75932
43535
27506
38236
76657
98654
99666
76903
21776
61610
76910
926
65363
12352
1616
62111
85984
71033
56776
12960
99723
26492
21836
35809
53737
70017
75887
70208
11986
28976
10588
63179
95282
42759
90928
80719
23340
91610
78418
88335
43595
39381
96528
82545
45991
51389
34231
98835
81744
70037
5422
57755
50075
8285
82448
91532
79718
82900
34948
57811
72520
69406
5307
43361
38618
97760
84709
7092
20317
87336
84976
26638
71495
21450
62270
41990
44525
56421
1505
7069
82318
90757
64694
53897
63417
25281
61756
65486
4572
24516
72463
56747
60555
68137
6469
69808
17961
94655
42469
17101
59510
7820
8255
75109
89013
54222
36715
66177
96345
5820
72162
56801
57548
64428
18899
69614
52539
31342
45027
84971
30464
32308
31108
41258
62189
74453
87056
28027
45939
86983
99907
4766
17709
79306
24019
1465
60556
33380
73421
454
12543
96743
25548
22596
51550
47278
51288
44878
49364
26054
70233
3208
44358
62314
88343
32469
72484
69638
51920
67398
64011
20605
91061
45997
34453
14022
15041
7119
33502
32049
80630
90616
82003
20872
28790
75433
35897
22608
37787
27500
31991
40751
79155
15240
59202
37703
77308
72016
48227
55616
34520
89941
46950
15716
55149
69564
18338
52292
97724
41387
12096
5176
91099
92796
15658
74372
10257
1972
40785
18326
7758
99981
5787
8651
29509
2127
26727
80945
46375
19998
53662
66951
30076
68237
21624
37121
73824
38800
76392
43336
11480
29359
90213
68574
39600
93046
91094
85375
46035
27657
26138
12579
38790
31381
7377
6240
8033
47138
69354
38700
35659
35429
95721
22240
23313
76465
14868
72568
88194
12877
73755
70102
81866
79169
54019
21479
97481
67754
68269
10269
24464
85485
28807
73084
85815
5480
97294
80656
19070
18596
30878
72091
75838
30055
68569
44141
87210
32357
32016
82987
13544
89879
80
59954
32006
23044
45387
56342
31258
99035
58402
96579
56379
37667
653
66308
78837
41258
26471
30081
28813
71897
28024
72419
20274
84553
2112
38931
29180
1326
95325
26209
15588
43921
80698
41281
33182
19516
44276
99567
23
63663
47625
80051
81672
10255
91903
2239
2164
20478
20303
2838
99524
34534
8204
11431
66748
27406
7252
26454
39066
13391
14962
68924
86314
76768
94508
18661
34537
38478
60912
55831
13364
64392
53686
84818
37900
15254
21618
79827
95080
95017
91290
20562
42935
14061
71662
47852
61553
88732
88616
98779
49976
7692
21761
8608
79472
32680
91356
61251
84760
58333
48820
14162
58917
81994
92126
55877
6970
49211
95322
18946
48485
64815
1948
65371
36568
34356
67121
52117
60483
33141
4976
92772
86475
6154
12414
12626
12937
74925
10462
93375
51137
13293
11315
92195
23133
69691
6323
10990
58470
32130
26091
96816
57567
35572
19817
42036
4542
29407
35466
72903
23143
71326
31744
91383
60198
83915
56446
36470
81673
11059
16580
45502
75864
1826
8706
93134
85458
35581
88779
41267
56613
88271
86456
30690
37737
81659
8277
22401
12218
85520
43276
87269
62257
79611
34668
75318
81758
32437
70325
93775
52035
77981
39107
11202
98895
79841
79093
84536
1942
2070
2745
16694
90858
99975
80118
36059
43769
21481
44053
13862
59938
2701
66284
39764
26292
18351
82088
34247
7494
3020
31351
1698
3149
94000
94320
46256
52669
78541
92575
86021
45918
16808
11441
38460
94058
88909
26232
14784
55969
65346
84987
10087
72362
40921
58910
36215
89926
89119
1097
79340
84274
46770
93271
81842
64089
87024
59614
6445
5107
27146
84469
49880
74591
9815
87495
96234
13208
52101
1875
49556
33078
75786
64509
33095
5124
85561
26549
59187
41338
41680
70370
48043
10903
80269
78154
51012
47196
55169
32769
27483
90855
16637
5579
99670
16203
18473
33743
23171
35017
90803
24123
64764
50445
98501
21902
72044
12519
44911
18534
83404
95587
54339
58791
26534
68648
82272
33508
67515
80970
21734
8621
45536
25389
15529
86069
76162
17719
91392
606
4938
65967
46972
43139
73564
72216
91286
90082
17145
16132
37921
18181
69445
70231
11263
33452
99011
30010
68944
14712
69180
68023
22596
89814
57982
72760
63154
32742
43169
62135
60161
27399
21061
30721
48931
44064
93239
55980
39938
21070
53810
18161
42931
10117
69986
72552
89639
64389
47364
89440
79999
20123
14090
95447
2432
18736
57467
79868
13084
38034
49782
80894
57264
53181
72982
45136
77229
37894
30417
78845
53901
50724
51931
15682
40423
8219
81609
63500
9214
29510
12271
72302
61619
47712
49514
70238
79835
56112
59033
66253
5004
24303
21670
52290
1873
64118
75267
38451
45340
32233
50928
75839
18075
52122
51864
92298
96643
26235
92795
84181
89801
85444
17255
31193
92976
73565
47071
21600
35740
48072
98654
43937
19429
32527
70420
94966
29927
75781
88239
33723
13142
56444
19509
83397
38831
79138
41774
78045
94058
61848
28446
26360
73036
38578
41584
71444
60472
50020
18926
97489
54373
76366
57548
94665
44523
13606
37605
29165
28567
6687
79166
62974
84414
48435
38630
64357
62543
62194
33567
86671
68096
72487
88694
47273
53994
29187
7085
80340
75601
92969
98331
26148
38459
9621
92489
77211
76707
96778
36765
18621
29317
66646
70163
20463
2521
81380
28231
54385
92093
14333
81136
53878
7082
79036
51526
63036
73289
3181
91780
85516
20382
7041
33896
73775
42370
74225
75544
24778
80527
93325
79167
47480
21973
20000
36660
36195
79178
33825
68091
51551
37533
54872
28005
20227
76683
97770
38899
35429
86315
9508
44856
84368
93028
63456
35644
14340
97758
8023
86972
72459
35157
12003
19503
90451
80074
98255
92580
54861
90581
17982
81127
289
68501
76085
15522
65964
71079
49254
75584
39159
96757
38010
61165
84405
42821
84954
12761
15673
55251
82681
39579
25745
23801
9761
28754
54467
3306
36665
71367
49474
88382
84113
64846
32973
98887
43818
87756
54020
8771
77220
64338
53320
79818
99300
40711
65550
5223
99746
83268
35808
36868
45357
50552
75440
89598
52283
23468
48154
57015
9265
48449
75029
94378
30252
27253
71285
73273
43017
71397
61408
4162
97239
70156
51562
86064
43191
89418
71632
95374
35245
8096
50062
20854
92550
30295
68093
70919
95365
91392
2701
79606
75276
8598
24154
77339
10051
56447
19790
20204
22600
21554
563
65544
67956
4499
32819
89705
39270
39482
54638
50876
46222
27889
61335
51693
48792
38876
26604
35867
59762
35154
38768
50570
34652
50954
71846
64504
25835
78321
17420
72647
1594
73368
63666
19801
30478
33066
67093
79130
24965
43707
64509
31095
53818
62588
879
53612
91991
68266
73519
45211
6743
30536
86678
79225
82422
28257
71244
98722
52472
13359
3171
6221
25555
95993
5967
98106
50203
52726
65445
93767
1288
73073
11823
36802
29669
93605
48778
49145
85495
99751
39100
65485
27240
73859
65237
3141
72175
3615
24033
34047
99294
5180
99463
60961
33320
83226
33857
62798
43149
75643
65048
88724
48899
39232
74139
64321
45602
90543
30428
64822
56812
17942
4775
10516
64408
54665
50304
39987
9146
39592
34584
58738
17296
64540
46187
46280
24971
95552
35705
13497
73912
78780
22080
91044
86186
18348
55090
83801
66566
91583
94360
76520
64811
14427
15011
98516
15196
84798
69290
16359
5291
26848
87781
5759
60739
19668
54309
31334
21906
26253
80974
50751
87185
98973
52402
87516
35090
34457
76459
33741
74533
42872
69844
90995
48167
84506
24580
88562
16263
58438
81641
17316
27478
90379
26941
41643
30507
47464
40967
51295
97296
98823
63985
35269
76300
38659
12769
85856
45294
60523
37463
23297
6706
22399
22178
85306
94996
44375
81535
18161
41614
30179
54415
61968
11439
20845
73651
42841
35387
11035
33191
99030
47705
88432
97720
53742
68989
20946
31715
92980
6034
28070
3244
85434
19043
61239
18584
62307
61030
43286
43687
98197
35525
22172
25745
99757
48715
83498
47708
34093
67816
12689
73239
81744
14977
11182
52278
16734
35703
88045
30027
11931
54642
7342
82589
17722
67849
80101
11912
51440
92625
96155
32689
80035
57184
22259
43267
49152
24892
66663
10731
46987
1317
2319
7020
13969
71292
17283
79840
26682
45967
10681
39949
94267
19874
43208
67551
77767
98459
37709
82119
56421
96425
9258
5264
12701
58738
74700
74073
58925
30840
78886
77172
56888
49576
33945
6843
93757
36255
19317
96873
94309
98232
66649
99516
9206
11030
45238
40293
15333
2923
14610
46505
48232
15747
44616
74616
37641
60592
92716
58823
26295
72402
47276
49004
74647
14498
95890
62774
27799
53372
77255
20134
12579
30471
6450
9133
31761
78339
68125
14788
89910
52077
41528
29602
90524
86321
93815
72894
40843
92813
34678
68193
4963
56862
84637
36038
82092
28618
38175
55506
92581
20585
47484
47338
58937
6160
22663
83413
4239
15355
95329
27503
28768
9207
61252
98054
57508
15113
23228
23573
26181
82846
65647
56315
88245
75984
6846
98039
56892
4722
38947
1602
79049
11001
92378
69609
53193
95463
91933
63366
94710
69108
47655
75514
1254
91035
20602
24329
2501
89438
97851
75026
95197
27575
84443
96425
12913
82173
785
37874
22953
61583
71907
9180
36840
13088
19268
97784
16665
99103
69751
89269
47080
24961
93169
9274
49933
71949
94045
66367
51651
74564
21817
44008
31734
9804
1469
80798
5435
46743
46300
87532
57497
75156
92642
58803
69317
97554
94430
55082
64941
85676
6906
54006
28138
13686
32997
87266
74456
70147
71985
23227
99265
8912
77656
18443
78549
976
33017
73968
18102
72948
1281
41399
25552
20342
58661
13050
48294
83555
73900
47156
36487
18820
69673
96957
49856
13383
88453
67079
68491
13487
64347
24915
28324
87732
477
55664
47708
24663
79029
57265
38375
47719
42661
66058
67345
56457
55760
29287
41197
17128
89169
67689
40429
99705
14377
31198
72301
86185
14999
42012
11274
30661
83295
14553
47057
11686
12525
89002
94033
4407
33682
46774
69874
77092
70541
59222
33247
21505
88902
21228
10751
50836
35251
46781
52738
66688
32989
9357
30871
80878
31997
1525
28570
29626
77728
99331
36233
72952
96426
62542
69496
23266
97686
37203
24955
11295
68219
34258
37025
15441
77547
92895
10752
46330
62677
53125
35371
92044
53098
39133
60480
84780
97533
82503
42845
79330
61379
75555
28883
22592
45177
57871
75251
87853
54213
31741
34213
20812
92661
86543
38392
30606
35620
82994
3412
32848
37275
37076
69226
52210
74324
39364
45965
39638
49977
44357
40026
80593
92683
38830
33426
26385
48927
50881
10984
31115
50306
50662
4054
27520
51678
52707
80362
34667
21332
99930
5502
55914
40361
60223
42757
96998
11934
78452
67553
43264
90839
6020
27346
7578
82845
86584
7465
1920
9438
7737
87290
74321
70866
93219
38352
55982
97081
51713
70362
733
20704
36427
74307
61850
67523
69625
38048
41371
89484
51459
23490
15198
72729
19351
58731
85586
88380
54773
71229
60511
93244
94538
39150
93203
52696
76391
93720
19689
39148
51518
16140
10104
19180
21945
71431
41685
51469
5719
56189
56198
26083
8739
31378
27973
92133
39026
82088
45101
64557
79641
26386
63075
26939
46281
64070
41412
78553
43272
66161
63943
73274
35821
56389
98415
54107
5656
82766
25328
50763
36651
56482
63323
36199
55945
4790
22535
69054
28842
23309
71902
54259
30136
28971
15425
96577
11145
65096
49209
5593
17497
7553
74491
13478
94499
78856
41719
93682
60859
18203
55262
46273
30060
18578
66093
25979
87337
61426
89274
53480
80850
39359
20858
21395
10661
98510
10220
43921
41502
67544
24742
10299
9069
77290
44698
56342
65075
16825
20548
42036
85368
31027
74035
1619
16683
18449
49617
51172
59639
53705
62129
47654
72799
44544
60372
17841
36374
54205
57400
44782
74717
6008
16094
33219
15290
72817
8470
31661
81521
84029
72969
21734
92514
86234
74915
67814
5886
60004
98235
89797
46375
97
51264
22462
85572
87638
42145
29520
82590
30717
46809
37054
77017
36046
59574
7478
91314
28026
62533
1775
39506
35094
43867
51595
45292
64884
2818
15420
45849
87822
958
23587
1933
87932
17755
84211
93525
16645
23605
74260
17424
57489
97412
16356
97287
16125
5122
21687
15818
55944
74585
33151
87209
33610
54030
65448
99371
66437
80036
45498
1071
39187
39535
52417
6109
75071
5078
84585
65767
83728
79172
58658
77729
3199
55051
24771
61914
32489
9717
95563
8054
30368
44328
45571
65290
62077
16405
28096
40180
47120
2366
46308
23604
75352
17314
70340
30954
32237
28966
48292
38445
64827
80545
39550
62853
94441
96932
80161
66983
6871
60740
62902
41899
57063
19557
53694
88778
88529
57701
41272
25081
90874
10979
8671
94429
4928
1546
34351
93770
556
56765
60232
16220
4970
53249
93547
4401
21556
62625
80321
60577
34538
65442
96187
93051
51198
81477
2580
10813
25996
67026
48691
7055
32679
30918
39917
89373
51919
55548
51367
46863
6110
14353
54009
10151
63809
45591
40237
35575
452
62872
78535
55132
86950
54021
54911
17818
24492
32250
26409
46550
14033
51759
78262
12522
28923
70878
20147
15176
97641
37131
88751
33327
55112
78773
58075
73955
84965
63192
91689
87468
3325
80316
19511
78957
93808
48798
12005
65054
93043
88249
70337
78921
45925
36817
34340
98782
67578
56892
20598
71987
85523
52301
3052
36188
69742
51261
79698
89250
96409
14040
55619
52227
81858
46146
30357
94279
40650
47012
2098
50490
76633
75543
35552
22666
63243
38444
29026
51135
87047
60021
49848
84114
50736
58867
41346
87915
8372
32349
95618
2011
73026
82634
62974
24114
88248
94204
88292
17982
80443
20649
80585
51650
53312
45543
85578
4814
67143
30451
77972
57728
89543
7006
80382
75447
78116
39796
11732
58832
37149
75466
44047
42591
28322
20323
83775
20012
59779
58304
57866
94407
42468
60706
6415
12329
7341
60189
26723
87081
62429
68635
35229
75031
61246
68553
66509
43960
17619
62946
11974
40479
6094
44502
10781
58597
64543
26359
1961
65252
99335
61472
25034
68950
36971
42275
50151
84004
63235
99181
84367
37422
32817
23991
61793
72919
17807
32492
9927
1001
11714
43250
56221
55052
94795
17175
49360
36990
41244
48922
9313
75248
52168
97458
15208
97373
60882
13919
27638
62344
31399
18507
18803
10801
36392
57757
96709
99315
62304
52666
34898
7773
65844
89400
29053
12619
40600
39520
42508
69856
65790
56735
92970
15010
45897
93481
24520
25106
13760
58827
75295
76999
37982
63724
2321
44518
77541
23486
63757
11872
95571
66343
11057
25672
61645
54855
21257
8879
25721
44421
66805
7518
35016
83482
9321
27440
59471
57690
4239
49417
14806
65786
49127
23670
905
69122
88686
80994
2861
23537
13404
10963
77357
36423
295
65695
78642
71476
92933
54350
75761
23162
14991
59085
17054
75521
546
17484
75486
11639
72863
35221
30106
19105
18193
51337
8367
95299
9262
54169
6243
47304
33047
5118
54322
31343
69530
17109
97062
23954
87
45978
19045
57236
21503
11168
676
26854
81176
90603
72153
93013
97725
81066
68239
82004
96258
77300
90675
67074
43286
19710
72395
43736
61697
46966
20613
62481
11180
42495
72653
70390
32192
35593
8313
72357
11047
61324
33855
37533
15
65345
2406
37705
22509
56989
2457
33543
2494
37259
78200
2643
83976
99781
47785
77492
52831
83375
49068
55491
11299
52048
39788
54612
82439
22541
1328
20035
85004
36964
64434
57436
23020
36450
63591
54150
29683
72417
12189
49965
76712
81442
89155
8490
60553
71619
17313
35730
10868
27037
18505
84792
10946
60604
8581
99231
92461
12347
3856
28513
81811
27100
19073
2517
58835
97602
1473
40544
83443
68779
14622
19450
89060
54828
16056
63644
7038
87019
8408
16643
8517
89427
13537
38212
80621
56632
88414
88556
47993
64968
22491
34098
87742
68745
18896
74684
36103
65652
23064
61611
7570
23918
68448
86820
40727
8959
60250
89819
3305
50097
64369
56062
43157
6279
85879
79387
69703
23127
52635
50479
49004
76358
98102
12685
27347
95198
47876
5095
8972
29902
60111
86491
90962
32158
2279
49885
55333
61358
17967
76317
28335
80682
32561
64725
75977
38892
4529
40306
72726
33998
84382
77276
47117
65993
61701
77187
500
37104
76160
64584
30727
19202
41420
66053
80920
96176
95096
81978
30513
39372
92409
5269
3957
15849
70906
5501
26500
33365
52977
77019
50525
53296
92525
45382
90206
63111
7403
58825
99110
21874
87080
83059
21020
45062
15825
26043
71401
43575
15958
75310
12896
20686
93853
823
50781
13443
50
99529
64331
73911
64348
75628
70112
95473
96139
74081
68867
68083
4174
66900
55982
73048
73569
52381
19470
60684
67651
95891
93479
6216
99397
94158
98677
89064
84031
62327
50989
13867
43004
19470
76418
77735
67094
50360
15779
68358
75325
34115
70081
43329
90064
54423
55087
44503
72846
5498
32866
32490
31878
4288
84440
56950
31018
63342
77716
76078
4738
19561
88711
81846
26813
29920
62348
16695
6978
93811
84330
46338
76101
78846
63548
32196
39830
9414
73996
18114
52275
93534
99547
9330
20029
94070
93662
76405
17832
35713
48515
45109
68971
55618
82801
28470
37112
31283
5165
29596
94086
70225
53433
42618
81641
5223
82647
54546
80451
1109
87723
19918
37268
8316
222
2297
43885
54825
32543
26234
17859
43996
96835
46862
38174
86420
62606
11330
20241
50810
39402
79498
56932
28230
83156
9793
2989
41073
85238
97597
98269
37368
72014
87150
86582
51913
53262
82355
858
40206
12157
54296
21759
13395
94267
2704
60127
40597
34241
94796
69068
88041
74503
85301
43617
69191
6975
8683
21651
11249
58142
69018
59430
76995
19003
97174
44252
66073
18064
52084
59080
68375
8606
69828
28321
44089
76781
73966
7410
28696
95536
77704
40014
38230
84647
29169
59009
71494
23262
3597
47905
79163
88883
92446
21955
67723
15829
52955
38922
14335
88551
37135
33083
94586
30564
70673
21036
19907
26877
75420
82170
30993
35806
61066
57562
55699
19374
56466
32615
5049
76245
44090
34746
34466
44632
67131
95704
73698
4799
44880
43461
67440
76504
2746
46614
79466
32757
71316
22180
21477
68432
42029
66748
89109
35246
99527
60660
62484
31553
69771
91672
48883
70152
38567
40258
39771
178
68134
59368
46878
22879
34538
14672
45183
32199
69832
16862
64027
33523
17567
78798
98258
16073
7159
7900
83510
52934
76498
91328
60431
42500
62578
64920
66248
23771
98023
60094
39866
95108
96179
9017
51442
39064
67676
44239
45217
58647
92620
44055
58625
74532
85705
13612
75871
53613
50412
34302
51306
59721
32224
23267
57750
6202
32601
20523
17420
39954
87983
42961
11730
68946
84405
47309
17650
71086
56282
6118
59114
77612
17628
89765
69456
19179
15427
40549
77024
83360
89633
102
51555
45275
95396
49024
66333
63528
49238
38453
11764
17426
68818
78111
80824
92802
85602
53321
48723
65413
59033
96922
44558
56523
71466
89515
8189
29612
98339
23162
24904
4485
42538
2007
7351
20960
18643
58108
27994
93649
2523
51609
15730
42941
9668
78413
41695
13558
69165
94929
22567
93057
78028
58286
66560
70808
97291
59759
69946
44074
31069
21585
92876
96864
34395
36886
11769
78620
54048
6361
11455
55450
38941
33980
32828
93048
39801
55550
61213
94578
31241
3560
97476
55846
74024
8582
94805
25238
18195
86323
96317
53003
56612
96844
38528
81142
71560
98311
92349
45203
26879
43581
7456
77095
29680
26722
37637
16200
75463
58102
22596
34363
12716
91507
12669
43095
12416
71079
71904
98121
51126
23580
23065
57202
37612
65330
33079
86155
81189
97262
59576
76937
36773
81451
9075
68282
23848
94927
1921
73519
49567
63385
99240
49012
34152
98902
58214
31450
25833
47923
68598
40726
62216
9677
94626
75715
36106
50884
91494
45410
454
56366
59164
67586
57125
87016
24746
97018
66841
36774
72900
10866
67831
86892
52990
48994
67506
99605
41683
67826
29493
88688
77163
15905
9117
74252
16140
3074
74257
1512
32544
27968
44511
11948
28479
43426
76404
118
58265
23657
58391
92557
43618
73206
16802
45490
47738
97960
44926
20404
7832
99300
65755
37442
44594
95725
6505
64091
19436
63411
32374
50881
88635
85800
95043
69484
22164
23245
72261
76379
72437
97579
88342
38790
73584
82973
49269
50799
83696
47627
2432
35478
67593
80434
34125
43563
89281
61823
60352
77631
52084
15834
64395
64563
27336
19199
14728
21586
9199
1543
43916
17659
54290
96677
61161
63958
7168
42509
86979
11047
83475
52815
44332
25120
18459
47681
54239
65553
10281
83002
76309
48219
62170
74907
50663
29187
42814
56776
16864
99266
22820
58388
95582
84664
62052
11227
1958
47584
36616
20616
2625
10271
66136
51863
93462
89590
21345
5813
77829
38584
47393
26371
73342
5397
89777
29562
49916
44564
40719
88104
28225
71263
78087
10712
8974
7736
57342
86928
65695
69994
30107
28596
49954
46938
85618
21544
43922
32892
3438
26706
948
36930
31931
49502
397
3183
5133
28059
55870
56842
58384
76354
5181
7470
98925
77687
34161
14366
19125
30568
44265
59990
42797
11219
91386
82620
9975
64645
85172
97910
82937
14876
43423
81909
22891
40589
9271
20718
69826
79618
18433
45578
45781
9115
61289
43251
74440
98229
87738
91375
61117
40265
78649
22281
36307
96363
59294
17386
15928
8530
43087
53223
19763
48887
59387
61044
15591
21399
16048
35574
93733
85619
22330
35478
83665
76375
13561
89618
75662
15415
34749
76397
96361
16564
99745
70119
1311
43230
25473
42535
22348
1780
92377
69652
91953
25992
16923
94627
21217
36574
84141
83883
31368
40306
28477
62068
44248
55864
42081
93358
19794
31263
94287
20510
87022
28943
8886
68499
72231
14642
9944
34519
22693
85327
71492
28353
57768
46161
41492
60679
18861
16422
61312
25840
26785
93763
56412
94728
87168
23685
99125
63149
9352
8306
63427
60038
26879
97758
37964
53651
77725
31562
12406
11743
56376
16390
17958
2290
32778
82999
79417
20131
7393
46196
89245
81675
12355
66154
78542
62708
85403
23232
84457
74545
88004
59765
30254
63271
59985
98884
14647
93897
32343
68042
99375
48897
13688
14078
20657
69258
67149
79583
55966
33115
86415
76140
52634
7582
37858
93420
73668
58654
17310
61293
84592
61086
69403
55690
72515
19079
62840
51110
90858
24922
31272
12053
64920
19587
94106
41434
29018
32878
3300
96587
55384
73587
82347
85201
97034
74829
57234
38699
25044
24969
4956
56786
10944
98746
99071
79350
29015
96649
79080
73384
25403
30185
69892
1329
12484
63785
50
60095
44565
7842
37539
52640
30106
86000
38187
54695
20833
19646
43751
18860
77714
84986
20458
5968
89355
94727
74822
19710
71101
50897
3220
26700
99037
77500
17376
6849
61255
67221
84020
86801
2070
78538
7358
47779
11801
9493
82977
93747
21522
67347
60949
98644
7664
26163
85788
65709
26503
18667
98339
81444
1609
82660
84208
76793
98147
757
29550
56745
40918
32909
62003
24403
369
56522
35530
31958
4424
24006
95777
92921
63251
74417
33073
81669
13797
7962
93413
82157
98758
21831
17994
27278
82832
91717
74258
72273
63587
84985
99460
27981
60005
79060
84035
58249
39129
62309
16217
5727
46395
80264
34881
62332
65974
63068
206
85412
27362
89043
53115
43123
16029
98722
6607
25278
8293
2840
33964
12760
11887
69516
67317
60209
44391
98319
50906
63544
56228
36832
41537
16896
83719
6398
77875
14305
68720
53624
74784
29398
5853
82912
41391
41284
38880
2079
75718
26586
58268
51970
15411
30579
50556
99761
62485
35512
69520
92448
57194
94435
87429
79103
51893
20191
32351
94668
76011
14155
76085
44104
84699
60189
62602
61831
11640
6371
27235
20417
26692
80804
28042
27174
50618
46086
51294
29806
92280
65864
60885
66445
45863
31247
41135
29894
61353
18431
53400
79287
3070
91871
98969
2098
14003
36767
66363
72811
6920
72085
69402
88845
40219
49122
58146
71624
68918
5748
17289
93733
79154
97412
4585
34586
89191
62272
31928
47032
57745
83043
62853
67297
2176
89216
78544
85592
15740
36350
72839
22001
49843
73629
77273
29703
17121
73335
20985
39468
36027
22785
8433
25883
26456
86000
42496
67657
32188
56409
94578
79546
57666
72465
39674
89488
27109
67731
69870
96222
22379
22496
95359
18331
18703
63616
49268
77427
73897
40710
91202
13719
89340
53394
93322
17139
67164
40465
63055
19424
76826
19423
89554
80592
39982
62572
19372
4359
81568
1211
8743
41354
44723
97159
72921
34607
718
78721
10143
16884
40519
70165
25266
97163
76686
26475
91880
50963
22964
24585
74761
92386
81591
59285
39948
19230
99659
74999
34990
91307
69286
12733
56431
81406
52071
67865
79273
64337
29636
4581
89613
54991
31216
98055
71964
10575
9541
88815
97598
30173
48179
2909
91651
84659
34533
16895
76244
83816
29132
4920
59925
76735
25738
30749
42105
84128
6269
31545
27458
77763
87879
58736
59604
54856
30070
16096
59412
49476
85108
7555
86626
28758
397
50897
3376
76152
39768
22243
45214
82353
70949
71858
81812
53159
26114
71486
1403
31410
11593
38890
15416
22699
72905
55461
10310
39683
37039
92548
98511
99152
57456
84330
26598
70914
61366
74345
71716
12212
77478
36066
10302
16222
30666
77513
45535
29351
78655
56772
29031
16696
85821
93618
17984
26444
95422
41480
84888
55427
10541
94582
61024
22678
61165
14121
70432
84165
35523
74889
29940
75627
64769
13187
1672
3699
11951
17441
41771
22532
72248
78292
27507
27640
77966
97652
3597
56970
9115
40606
2014
56046
19526
30396
88571
9082
31198
2947
15266
77826
15142
75734
8596
39746
18973
67687
70319
76852
28297
14206
52075
65249
29503
75250
2641
70292
43665
98516
95507
38026
88564
74923
89900
80198
75757
56025
30965
94529
60824
62973
50145
50270
6773
93458
62262
62780
56400
14485
61033
57156
35050
57219
35732
90786
81385
45889
71510
60305
14393
49941
26887
70671
56925
76658
38998
99600
44758
69201
29922
90798
73999
70234
16017
99517
91587
22882
75568
24861
77163
7087
40360
61097
41832
96758
73145
45836
94505
5125
37302
90259
58938
72797
54908
43325
41673
74711
17104
58831
16854
86152
97525
23269
32022
12351
3526
31811
61476
60459
68278
26409
52773
39161
90593
46117
8790
44666
38415
48994
70900
39556
70981
98590
56936
31119
3303
15545
65645
41056
84910
54089
91455
19906
58306
59850
40194
84399
66900
91763
7308
15567
79643
12901
32496
56760
77001
4796
6888
43699
73737
47592
2366
81535
98199
43573
77239
24815
47547
23013
84381
93550
43140
5280
23335
43427
35133
29282
23335
23823
39151
70355
1167
72915
19123
8116
34241
34351
32018
50324
47570
14629
94875
80098
29979
73084
56544
17277
23068
79233
92045
72616
54988
9575
96485
79641
78369
3311
84251
34160
30232
11747
30667
20037
43330
26492
80019
93914
74348
14339
78097
48303
7273
917
49402
7925
87102
70879
92627
79034
12809
36937
95600
75075
20495
61487
79943
61528
38689
1962
54000
16856
12618
27790
96411
47694
23352
15564
84878
94715
12708
39320
83866
25395
88607
76677
38713
20100
71483
41067
64102
43344
9364
11755
17816
85916
76665
97481
87484
22784
97179
95736
94575
38399
12945
38580
86517
31057
45892
30345
28409
12284
69502
657
26241
38754
94634
3162
90924
70867
29768
56805
94091
25666
88912
45035
97434
65749
50528
95226
79482
73879
35971
14397
42412
95784
8448
8954
81835
62036
66876
39829
84870
96032
42797
96146
2202
24192
88861
95704
66728
59334
71095
74929
1624
55222
56337
24173
37129
83477
81493
57126
25171
46431
96174
60062
4667
30231
69676
59428
78291
13497
49107
69174
45676
47275
14118
54944
32056
86899
99148
24707
99776
91106
60413
27921
17183
12974
81835
37941
51066
4221
46895
98479
58460
42045
29710
29341
16433
28592
69640
15541
76319
20389
42686
50191
57949
28194
20285
84159
74001
38173
11115
27103
49897
14666
91821
15148
37781
54863
37010
92199
88095
71123
55520
77276
66889
63476
40505
31327
34530
97464
9321
36178
31684
11356
17583
39619
71277
50024
62278
4722
68535
9315
38159
66321
78262
7043
25276
72900
69038
76572
84859
29703
32175
20922
52861
80399
95822
57386
95202
12424
36737
95858
62979
84702
96918
74817
55612
24984
56496
2433
84148
88798
92288
9641
79082
39195
82556
68815
15902
76413
8670
94363
32761
61241
29372
44342
61657
55244
67551
10497
37693
75133
4770
9762
36042
28126
58729
59193
10904
32817
98075
96722
36124
53766
90750
61651
35986
29506
5038
50164
28678
10012
47801
36622
61375
66274
26682
31212
83209
44920
82928
57342
5886
72864
32826
16077
61041
77205
45905
73001
11542
91761
7586
97373
24113
59631
55014
82212
38009
73867
67904
18965
43849
28965
80979
69722
61827
23140
957
23903
84929
70743
56148
