80594
45361
78482
94662
76050
99298
38302
70371
42840
88219
67517
96821
98137
27142
55009
45423
86601
69612
67859
4926
62485
78735
31174
6098
62986
69447
84905
5159
2835
21015
66677
39023
50815
96619
86406
36893
91713
37105
75239
30384
9201
19504
92550
57115
65936
9801
71431
24973
60969
85609
48788
16130
51442
49001
93425
61317
94610
3394
1901
41632
13180
43312
83861
65858
50170
24610
98211
30795
51461
73626
71892
70967
72976
18183
70712
71397
10501
18173
31586
24354
85959
71214
3102
86295
18230
77575
12674
20684
42065
44905
42525
86999
98550
41411
58029
55909
86181
84809
44685
33412
42819
47539
15499
14922
82874
9043
63639
51398
78205
92244
11767
93825
79272
43884
44503
43152
17190
33055
22846
13785
98477
29296
96604
21696
59653
63651
90048
75053
40870
3540
17222
56123
54078
88846
4269
73247
39985
12809
83783
79411
83739
2851
56777
74942
13329
81466
43330
88802
93062
18819
64649
80610
98121
170
5487
39278
55532
52070
70195
77549
51071
85688
39860
51877
22363
63904
32609
67049
16794
62044
17356
23104
38723
37982
62238
16718
25701
94057
12740
31873
79033
41160
6534
48122
30761
76235
64024
54870
58063
85727
95690
94745
19030
28008
8826
55094
51709
74749
66922
88892
33114
10625
79179
31232
53083
96761
17528
41187
69095
19567
49664
59617
52067
29666
47291
821
27217
33544
47389
59756
1075
90049
7209
54789
51693
57849
52125
46881
8393
14297
41259
41612
25107
67914
94087
44520
65476
56840
51196
18451
73533
19359
21434
22581
36393
6405
20074
1576
63653
17940
51714
69603
43900
35777
78643
37445
66762
79358
93119
50907
84386
57608
58025
69390
83819
46638
48613
20140
60965
49471
53358
54641
66313
99470
70710
6385
96975
92901
79960
57381
38985
21987
23081
49648
27661
69332
9485
76269
58256
63339
36038
25655
5357
12798
10408
17236
39620
33566
50984
89599
83136
73394
37042
23953
67697
80975
51609
67019
79256
80374
41993
35394
83585
43050
67640
51751
82474
36556
52219
43058
30722
91765
69942
3690
55853
20591
93515
80852
65220
8496
43156
30230
88185
18292
89099
48199
64504
44983
35078
69589
40777
5068
86400
71058
42993
40444
51954
44763
74552
85054
11521
68966
7430
80527
60017
7176
1863
48111
84408
68545
75534
35096
39405
86437
22389
10715
94654
16647
75778
61369
92641
8835
96357
3194
32546
30281
11165
53614
15292
54881
55163
41662
92931
23999
76383
40494
10173
97829
26782
497
14609
37167
62469
32745
84247
86303
41527
49433
3951
57157
8946
41193
34926
96619
2320
54614
43571
10875
2250
88563
39448
35789
33142
6880
56036
55184
24785
67749
12957
1236
66647
6635
58683
23762
41039
5783
67735
26201
24772
99748
85314
80310
13710
74748
44914
18591
23472
73426
36247
32636
24730
16255
16044
95954
98318
37016
4553
48525
45919
68360
66998
81962
27958
24591
82585
67582
83215
2807
29264
52647
92160
60878
89691
72941
71705
40453
80432
21363
71814
3652
35986
33984
59506
70087
51227
41253
3078
94233
42550
13163
1775
67052
85546
43962
99102
53875
59025
27816
12168
80540
51463
41084
85710
55820
66717
66558
71319
84920
91500
17917
93433
92638
4359
71708
56694
88031
69738
72858
94851
67961
87695
27676
37956
64868
21599
14489
64499
105
42597
24387
51552
19770
7998
57453
86834
14418
94253
36925
65452
22922
88683
12815
79947
7925
46363
47395
36363
24921
74620
51396
72136
64203
48759
55766
92706
95205
51416
86011
97882
15686
10042
92706
65978
58438
36059
53165
15633
77012
90255
96766
63484
8527
8048
5405
8000
60765
4658
33192
91635
23883
18869
34616
24154
66210
94740
40428
21741
50850
5434
94452
3575
23710
11220
59611
25722
44083
79105
18962
13647
91302
89063
35989
93611
60730
63615
82013
88861
74986
51792
58849
81267
86825
36505
77545
14173
46707
71880
51153
33545
3728
24872
35319
55149
1509
54391
35137
97220
21686
37941
12430
59439
97084
18264
53143
30205
23775
59933
88001
96997
78864
18457
67266
69872
60678
67341
75341
93620
16883
92184
11516
26010
83073
20454
99801
34913
14735
82086
39945
3068
38978
8410
91573
53174
71498
87143
3574
73302
36690
61324
86941
37693
75043
21616
11197
77740
71766
6580
19574
43523
61524
8199
94238
31652
11724
16568
36173
83350
11087
97638
34117
44294
39980
92820
87452
48487
9315
12184
71528
62298
99144
86674
83302
32009
2647
59482
53063
11021
2958
35538
95320
30383
78219
90107
96652
96875
31650
84963
76456
85873
48219
53371
81611
26725
88583
67175
35703
69703
51165
84975
8000
25421
66645
77235
81296
6188
90015
90011
24149
85141
26497
38827
91688
73019
49868
87190
50939
57235
58682
31178
55678
83989
30342
85673
12301
80447
65895
54840
10650
94585
93962
93520
8882
94227
25708
40913
25487
94634
3409
29078
34074
10345
94083
55492
53146
56556
74091
95389
16638
75680
40933
32145
16514
23783
29955
44436
58049
67000
15873
19530
38424
71490
98336
89726
44403
23056
27297
85938
28502
85704
33503
28401
6954
37774
78857
16608
97122
8326
91355
23699
87816
76791
11833
66781
70057
48938
40
73151
826
46962
79176
19457
27142
18405
49329
55582
10613
4328
5896
31001
93082
62826
30687
9614
71609
85895
29351
33188
52275
69964
20946
50302
68047
98714
32393
10320
58311
43651
89607
63247
60268
86226
75312
27969
25143
25575
26674
51988
32174
57984
36726
21131
25007
2899
25315
8914
72795
60183
57104
86898
63042
47779
77411
61184
25447
86382
77130
87056
41999
54678
17013
77320
95180
4412
23950
98991
32768
17996
79287
98980
19889
49466
11295
52746
89416
22856
31360
28801
72965
324
52600
69200
67682
28494
62145
11198
33762
2423
25583
57889
88214
46917
28390
13901
60812
78324
47222
15310
5717
27159
60276
53073
81425
12667
22166
6332
39770
97964
2314
2270
42345
24432
67571
28961
73416
85842
37346
67612
9877
34074
48429
46149
67024
72727
79246
71940
96450
73086
62139
34498
97482
88076
98877
19776
3141
88839
44047
88292
93976
30179
19541
11279
54013
33505
76566
62826
74248
56306
54968
77982
885
63065
97303
30946
31568
5582
4961
75055
50529
59134
86705
30256
42418
7184
16550
94037
32254
1283
60575
60295
44791
71891
83829
34006
85524
92762
55829
65005
78454
87475
69944
67687
89589
15161
9345
33499
74411
71118
28915
81043
23485
42425
85196
82331
61538
63078
96354
35860
50257
46001
87417
81576
53867
79581
37502
50168
90946
95231
88610
39953
15237
37304
10294
63677
45801
92799
11680
16277
81845
62652
24920
47380
60714
29553
45377
32935
90701
74356
61895
24801
95731
18135
55537
36843
47368
75720
42563
5944
48635
63859
24276
87031
69289
49766
27718
47874
47013
50893
58855
26067
82689
50300
53763
65621
14204
4203
76644
67832
712
31099
96967
49631
43798
56247
76316
28084
26049
7862
36570
18716
59283
23292
78300
17252
56152
44928
23324
34906
77565
23049
37515
35385
80580
90929
84874
55580
90760
25931
76584
85939
39815
31841
36408
9587
18640
20502
50477
19272
95146
97739
11829
94246
21599
24637
53360
91069
29252
85419
39372
65035
82726
74581
20383
74987
58738
35488
92095
59211
63232
20150
47393
9947
80669
98634
50476
67137
48180
54105
6041
41194
8729
87564
92458
49083
9202
21658
35908
37285
76802
93802
38730
54103
15730
56887
3831
33902
39294
84332
20120
57799
6714
74094
66243
65332
95391
63001
84088
46925
66294
49698
65619
87550
33856
27260
96395
96351
23264
54679
77354
13153
17669
75266
70473
7747
56087
54033
76520
65028
47805
72634
23143
78163
95849
27769
7395
20515
47649
80947
20400
18938
89899
11607
26384
1993
10964
7968
29869
34869
30013
65784
54521
74516
85218
78647
21311
94515
90024
96105
75397
9204
79491
56621
90529
52981
76161
81561
30837
26219
47414
37083
3016
76910
61797
41275
2083
38189
19592
52828
37892
3555
75869
70785
12802
89025
61069
9932
53150
97707
60313
84897
52643
75775
58083
60714
30234
84591
98390
86260
59148
52464
90067
92278
62420
2827
3002
34897
26784
98257
40337
90515
30596
4555
18260
82614
54011
28591
66009
51397
62972
93422
94590
17183
15509
7051
59922
60084
2758
15750
92253
66092
37244
71926
58156
87719
68328
92086
94333
4255
20668
40438
52963
31337
53025
8018
17718
22299
59768
99231
13403
51463
39531
92866
21292
71270
58863
50203
48899
56816
281
36574
52264
22279
78458
73634
89268
59795
71800
81106
18434
44328
4970
34338
48977
78916
30767
62075
82136
32308
74028
72183
54343
50998
97088
7081
45845
40185
37926
60211
93004
75137
5255
47483
99469
6087
28089
10455
90208
44093
55031
53829
49309
38575
38718
83511
98608
95365
6210
97036
1229
93829
72107
34170
54480
65877
38671
96071
65423
11806
84653
64983
40766
50252
79715
92928
53343
17682
15181
40441
37412
90218
3611
65137
34978
61946
26637
79260
79412
81938
38062
20327
18697
95474
56138
53389
9771
55049
45420
38466
11245
13848
78777
25036
97552
19892
68643
16530
94066
29195
83403
34669
52595
33022
37398
28699
93061
72492
97898
7314
44816
82351
87718
71057
12832
75103
67836
50194
10252
93909
28171
18268
76611
20267
80733
22645
94452
42174
97561
21589
22394
64405
15814
13526
48290
91004
96574
3495
15835
17065
70506
32895
85113
1567
38080
50862
11046
62129
96885
67151
79206
2366
23360
84986
8965
24410
86541
78263
89727
48878
4315
53005
24363
2646
2259
51384
52389
70184
20901
12056
59287
56436
72064
73254
64867
14567
97326
96130
82031
40106
6634
9191
91182
41735
67519
10720
87687
20747
60926
30997
46500
61511
95899
64445
66298
8497
33349
89591
66095
29735
49568
24692
35981
91923
11585
15883
34529
3146
69733
24624
45488
62639
69870
66783
98104
19157
97851
57106
62142
24417
39555
30002
10297
88077
55822
96235
47481
47337
73552
36088
84533
69437
97891
89885
93809
58601
25920
22323
67528
37421
62393
61853
24892
24164
91094
25562
54359
42603
16938
53684
46524
28288
78705
53461
62831
2758
13001
18361
79358
48708
40745
24286
34411
62541
70946
50807
35031
36378
91697
95873
73452
18067
22494
3469
34183
31214
20629
77212
11616
99758
65278
18825
73079
16076
75931
93183
24701
73587
41054
65963
7932
86341
50404
73037
57988
75867
55953
4232
66483
31434
30121
2201
34816
59489
63336
10244
9381
44911
71584
98569
50982
73025
92557
79510
67522
82153
1686
46678
67029
34682
53730
92775
29991
38704
66259
91401
97749
86253
31460
82035
91962
37149
60923
84671
21817
88443
53611
71781
90474
60428
97834
81030
99359
58281
18505
29887
35665
3643
18293
74845
24844
79423
99912
33391
34291
84457
62765
49911
92786
580
91759
73211
21310
1879
79996
34456
96075
63460
28123
35510
28106
72138
54727
15606
13948
23530
27079
5031
86712
21094
46348
69017
17525
78053
32742
16201
20213
76532
81443
29338
26830
90406
53509
68485
1557
25276
73599
39015
59657
78912
78124
88057
44314
8427
6348
57213
89332
83879
50235
95380
18700
36846
82000
50924
87333
32593
98447
34199
92319
71253
80811
88791
71646
44631
93948
14613
82994
45104
1528
67120
74856
71636
81329
20147
69004
21397
15500
95551
28921
54788
66777
94600
6015
91159
79892
10940
45008
7110
1174
1053
97799
48656
78296
91184
63829
85818
89542
36558
90953
52599
4284
66840
82076
28548
93312
91047
75766
93386
29307
58049
57216
66918
43637
33416
18247
54149
54284
66668
68041
29897
113
32353
90752
22441
71263
33579
62504
75636
49752
24086
65231
81974
60958
32770
70232
82355
13163
27483
46251
67568
98478
99270
96445
44785
23043
67000
6519
44541
43949
43457
38725
85469
49906
26565
6654
93956
82739
67595
54891
31113
4071
67983
21558
42927
85587
69874
77969
55429
43240
74929
3071
9833
73945
56979
49411
30664
19415
48315
68323
17057
13482
71486
67576
62119
93486
73070
59893
92037
53545
73749
44658
44475
67813
75166
82612
96487
96238
26572
31034
60959
4937
12302
81958
96635
55406
12906
81319
54064
45796
85846
1855
7446
83800
24903
40181
58475
94426
43552
40794
24176
73588
11404
37200
68529
75655
2598
12827
24802
33251
40789
10472
66725
35971
88214
10805
32233
899
67345
40508
48332
50016
91054
67775
97088
66346
92000
16721
74540
23592
90335
48287
50025
45096
4404
56762
69133
77569
37389
37217
56837
3047
38896
9807
50746
56266
4268
42430
26486
70028
36683
29111
78240
14973
22788
42360
2532
61077
40270
22208
65518
1677
66446
87482
46100
35962
18673
13315
94163
4391
59221
36953
40850
56621
31265
51971
70499
33586
1686
61527
3944
95516
64765
12620
65650
48528
90623
12669
50020
39916
59667
69269
96470
77789
83442
8541
25525
77597
42791
64800
93224
93900
34499
88696
7374
89834
42477
62519
38467
1423
78614
12627
51458
72071
57193
42894
40611
90350
89729
26625
25893
26691
33462
91781
90567
51340
54479
4798
70993
56678
95131
63717
1008
72070
11067
84464
75198
78385
23671
73664
78559
92981
79953
65766
68167
89922
13110
23858
94330
92009
39952
3354
44684
13487
58360
11044
45479
91629
15401
5009
746
16808
97488
33669
28014
91048
89920
46199
49732
54711
32259
46225
90746
94711
46794
41540
54013
52960
61669
74284
70137
44854
27502
98427
44027
91715
4799
43621
30775
53558
76356
90248
15077
70423
11755
28373
7366
58789
1272
33439
17221
1327
8245
56991
43737
97707
42151
19138
15079
90614
14235
62192
9156
50313
67199
14905
46328
17716
44750
43613
15101
25625
483
39544
12327
20616
8495
87913
52766
9075
57605
49470
25670
84205
21682
56830
77760
19588
1706
23890
91113
37975
53981
91057
50336
3381
47209
81862
63589
74837
1449
86592
74365
86636
555
83798
99858
60494
63968
44757
90775
77636
25548
5991
32681
37190
96605
6786
19025
91541
42616
95914
85415
76951
24846
21155
15984
85840
98094
13304
87240
73818
3125
37025
51706
31169
42560
1013
56299
49758
41890
8780
49527
85965
9329
2606
89076
37389
91642
21406
35123
32211
17461
70973
15013
11083
74259
60956
22745
21709
26131
3746
19235
47768
56757
24661
60121
3757
52774
60073
8887
15979
18106
54882
76482
82178
3991
13896
20233
15254
6157
4518
54920
1202
22468
62559
12263
3270
62511
11886
74303
75135
36348
34999
90044
85442
91245
53456
4157
34533
13536
16518
11128
2281
22698
85837
43419
89559
25603
27783
97934
2806
43067
43184
78452
10503
36427
17828
83217
77981
91301
93838
79525
14300
23597
54222
50613
91821
38849
55941
62507
98043
29812
58752
82740
23373
61496
17855
13191
93920
9337
22305
55206
18432
31783
79630
380
11748
64812
45824
48231
55555
33532
31599
56111
97622
65929
93976
98388
86988
53334
9065
73318
60964
51748
8139
2733
82442
69480
39500
46537
40529
22909
26377
44500
24425
22294
19349
74372
25053
10828
1320
39341
32749
14965
50950
39554
58691
36950
67338
66620
85139
31791
13711
78515
67444
49780
16700
32073
30997
8989
42378
1478
67966
44115
20851
55230
51908
90314
88248
7407
80168
55438
39054
14471
79021
29846
84743
61250
66325
89654
70425
58416
91767
40464
72173
54485
78750
47626
36934
36650
7809
36315
96235
40066
53434
53726
23571
72743
16742
31817
93260
45954
95416
13368
76424
79353
30010
61218
43365
66514
32417
57357
23479
64214
82859
26014
7284
52721
19736
56872
56540
74422
17026
43910
6531
11360
11355
94372
96477
33138
19170
99446
93637
57472
70849
96204
59273
38855
60261
47774
24117
34455
60315
75169
57754
56689
16740
99964
66939
94123
12309
51220
68788
68400
89165
72866
71144
9060
34227
59239
20357
83045
67148
30198
97718
52846
35542
4303
68837
92501
91524
24588
52267
5044
8279
18548
20821
50853
64405
57646
35668
55014
97480
46095
27906
40027
12086
99124
66700
87123
74200
15947
60832
37123
50713
96748
1204
40623
76397
23909
80848
61287
11115
10386
97498
55214
44425
33484
78620
94421
88850
35736
80660
90470
62663
48736
7416
13949
12143
40895
84995
17328
30428
9302
98209
40528
7324
68284
83603
87592
2840
69426
84031
69377
5709
1395
1911
4168
33092
94443
19588
70535
71824
89823
39439
33008
73892
11754
21483
99513
74510
7112
84579
39424
77140
46378
50460
78160
3657
11338
15366
41980
27628
49145
67108
46408
27230
28084
99765
96647
78110
90421
71871
16286
44290
57734
58328
44936
46004
11888
87568
27315
91655
16145
70398
84039
84916
31564
11013
72519
24725
30939
86722
64880
50846
92479
99797
15486
74163
53080
36202
48110
64777
71472
22627
51710
97021
95729
5283
80657
35979
12119
33850
11534
22061
71904
77928
41000
93360
65696
77776
79289
48628
90129
32731
77127
90816
82408
94885
99912
31999
46435
41224
22594
93339
90622
34051
93771
60308
82213
68102
751
5053
99907
98909
50960
44404
28440
97942
98536
13468
76906
15217
85994
75801
47795
47332
76038
87399
34968
84424
3019
85718
54905
35363
36006
76582
22628
77842
93385
96508
28900
8755
46951
89534
92439
6989
41340
99953
60990
40348
44234
66924
66509
5789
61214
62136
78626
57138
20432
17606
82066
11602
53897
73165
30335
92496
57503
61631
76230
15463
44860
12648
73972
37695
19837
73090
67065
53758
88054
36087
74581
73262
6067
33076
88494
87238
21337
22949
93156
53400
1866
18195
52284
65655
9895
73976
1112
50691
38193
17755
87015
49651
18376
4108
33625
44285
15540
84093
93323
85892
68482
68858
70017
99263
18694
87559
74865
59138
98815
38933
88988
51020
504
18689
5944
85292
92298
26825
4616
45616
39807
30124
67309
68907
10161
49181
21141
45314
48817
43490
39218
87380
9156
79375
82022
23236
31720
63067
43642
11780
95252
54972
38574
69248
78141
81380
48043
5156
95124
80343
95444
61162
52333
94183
3962
30532
86779
1998
38830
26114
20663
90567
13682
14369
12608
98410
5577
10224
10524
34466
42029
22400
66812
24333
71711
75912
19389
71887
66520
19858
10763
54099
63678
66150
66336
14079
64115
87568
79818
54579
2888
30576
3115
24638
30446
65663
82650
21053
12653
16633
91623
46193
64685
57419
14587
49500
61874
51449
81085
81976
30149
25644
28721
53395
79884
19191
32348
3594
48860
70661
40099
28065
93957
11073
68592
20861
28236
20002
15702
64318
57142
74960
70860
58333
27295
76599
87157
68381
25515
34695
87969
3057
75284
28677
67564
43178
68386
96115
56708
7483
20280
79222
60520
51307
89675
27273
89259
18582
10478
94526
57848
65
19240
24844
73168
7928
17127
90394
91886
2566
74254
70246
1996
50063
90602
12722
45375
39277
68898
47179
20956
90726
43693
96696
89246
52294
88317
39452
28096
96382
24985
33543
60644
57
56264
26559
24342
50615
62409
39334
65579
18248
78144
21225
72515
3302
5163
93573
52589
44303
15762
96982
19434
50078
3261
45949
97065
36933
99967
16109
99986
68713
63152
53074
86302
58234
7385
69886
71683
19374
80584
57425
2926
14617
52900
34565
25481
18922
88922
98292
96060
53701
69045
74150
36783
75288
83757
85114
35086
44189
26902
50544
93701
40299
31833
32049
27978
19449
90335
3804
55707
16433
43498
75822
31740
12332
70782
20749
20963
2639
60348
45649
94543
35394
45008
79952
60018
65321
91104
81924
12015
10593
78789
64699
11070
11064
62966
93882
63085
91081
33791
90479
30721
82035
39697
8626
9498
80150
79091
20662
44020
74089
20950
20562
78121
30522
36806
92359
48724
30723
6364
88238
12721
90981
77104
48992
68929
8004
61292
96
5353
91935
36316
14664
36473
36618
20961
64495
50314
65418
46085
17716
33057
59852
64201
66090
73648
80610
63483
5248
88892
49115
60259
96844
85433
70366
78011
24019
83665
82051
40767
34327
6275
16718
42746
33758
2312
47017
27712
5787
7825
46364
10746
6267
94381
40620
11388
34830
12359
72045
9203
35759
37579
4933
77626
82098
4809
21343
68107
9322
53138
52009
46226
82036
20704
39690
81725
34211
69714
82435
14992
49864
86612
53665
76310
54366
48573
12572
3602
25168
19730
41584
10898
86920
69448
51477
89573
4596
3654
79677
93091
91990
86601
44297
85771
16937
74658
50248
55274
79532
45434
27149
59223
36172
78709
46508
11420
6450
83188
88434
24430
78821
13045
68350
34269
76542
95893
40863
50151
34279
78613
34603
79431
4238
66586
45177
26380
17740
93518
74843
2084
26284
74917
84860
98231
82650
75834
25234
58575
96714
4567
92608
58677
75810
32147
90379
12663
19493
69686
90743
71685
70269
48152
39197
68828
51748
24200
85259
53082
57007
19849
24
49327
71928
95382
23426
33812
11686
8581
16710
66550
84187
28682
63291
81771
27194
92370
7660
10789
12723
80464
53520
77188
28204
55605
15336
98501
16397
46392
52852
91352
69384
57013
50994
5488
83236
25521
74772
53108
63525
12284
43453
50226
2265
18255
83256
21683
48897
21589
29844
67658
22714
33830
40576
60741
42535
51535
96959
43334
77053
49453
3112
91180
44778
31351
65629
56170
21955
20412
11654
43321
10025
16066
85610
86985
77111
79053
66665
31410
64107
3104
55736
95178
57454
4958
45209
93903
87266
57641
2519
18307
72039
13420
97915
59896
66314
36756
60494
51873
54826
24664
61356
29032
26952
62330
55617
58750
60522
2438
76451
52205
39596
69943
50283
8809
26373
59449
73425
74661
91537
77289
60195
46561
45088
84600
61665
89377
36762
95918
8664
15097
93549
98348
12602
99077
81077
47562
85847
48821
82598
30623
93946
5606
30489
3102
87937
30219
50193
83293
6138
73354
91881
69330
64183
85859
82012
24534
60270
64715
39056
65611
27792
90359
15327
17242
12228
74260
92164
28148
45279
66131
2527
88315
71905
21505
79076
64857
73391
1877
91462
10894
52873
51971
15804
19495
98216
69741
34638
41545
52662
32665
97854
66190
27145
62590
33493
49638
67645
15576
44361
61982
67277
73339
60936
51518
90734
33380
3843
88844
63273
12010
4186
64079
53234
532
96384
24142
8393
41668
15339
50486
63597
55345
24250
84058
81240
2098
32355
91125
24603
53142
54232
84267
24630
60593
32245
973
94324
91313
9833
1436
83457
62319
18591
54597
18921
77664
5608
6154
61487
71147
46118
67905
76166
5461
16247
98357
49872
94264
82940
39434
1680
44946
6437
51807
48398
57722
60348
10860
81926
56653
87338
1771
80045
60518
94057
15827
74466
51917
51432
75902
48781
60966
63828
35405
67607
59370
38601
98850
88261
79443
92149
14698
14546
50640
78757
68670
95911
4664
45231
56734
30586
50940
33819
56734
80417
44949
10958
30685
56753
81853
75348
24368
93623
3705
92521
92894
42802
88276
7493
93444
19947
95847
47266
66937
91539
37043
171
35051
7863
96817
96578
9672
53474
17281
15086
87289
57136
61056
10528
3209
9482
78645
48256
26723
90050
98537
43001
98265
63917
43478
9277
25153
34392
61560
28470
12602
11720
65985
171
8332
69266
39561
69131
80461
57971
21538
96888
35168
1934
55465
75539
30105
72896
58392
50497
98203
75937
13529
26679
13314
79610
88821
69351
93148
14621
14251
358
92945
52485
64796
74777
36388
75851
90274
52444
84594
56002
47713
83054
41048
84304
25718
57117
46801
17513
76940
82889
40316
69929
91885
63928
19740
93774
14613
56981
85145
36752
88131
87814
77795
74110
26313
74601
54039
49622
29666
22281
42843
23169
16803
93219
50243
36521
63690
60591
8054
22167
54419
60046
6634
79373
74762
90383
50443
41405
27674
25789
30235
36036
30372
29001
89268
48455
58827
11503
69993
49160
36940
31943
15210
28389
83500
12523
78950
92461
43977
28448
41163
32544
31346
56707
77161
2850
29651
25041
34548
83867
92040
84531
44808
93838
58546
16484
56423
24596
69320
87296
64094
59892
25093
79690
5062
26786
56351
93466
28134
18257
71384
80418
35637
42006
81741
30684
68637
36411
97228
18066
75963
25756
62146
92841
17155
56545
70098
62634
73505
71320
41922
6446
27898
77231
67472
85286
67697
75915
12129
20933
39717
13096
36890
83370
72759
74926
8744
68013
84234
10892
78361
44037
9187
5875
32077
50804
85168
10002
29319
69520
85349
23849
67902
12719
62721
6156
97041
8046
97903
46070
951
40062
82185
99975
20147
96588
22422
55836
62662
37419
19316
98346
3103
76799
76081
73334
46477
29833
85427
18580
37174
8618
82040
7418
38176
75222
39255
831
98796
88471
94917
53910
94658
47291
96724
74017
47624
81435
47158
81076
92460
52520
21055
13064
10913
40564
76104
88696
74694
50202
29968
3419
47809
54060
16957
65086
87339
31095
32896
24445
93125
20693
71767
26654
25961
15311
23724
6155
82811
33580
75322
80042
17790
90522
71407
85498
41795
44504
72109
42956
64828
96125
17963
36252
98734
58409
99481
44170
32933
79495
16865
28953
41249
59195
5544
69476
5422
44717
20627
600
37490
46898
97831
22322
20000
67700
91240
79829
7849
75358
87843
68872
61010
13957
27912
70506
56864
47382
65807
39731
49872
30328
83868
87752
79971
90942
3132
47098
45559
14988
62031
29692
13169
34530
97568
87391
53685
9738
98639
780
75736
75418
8175
53758
65997
46055
62987
55289
92700
95462
4292
27499
72817
6176
74614
2973
25680
10961
71385
88725
44550
14973
63842
2412
1946
97968
55177
60071
8035
7792
43078
11380
27667
92994
23861
77347
3473
64117
71224
21246
37669
65742
26204
72103
51948
97073
18515
78284
7659
96042
53696
19753
78943
72725
73330
44859
46483
2352
71175
72188
57900
20346
39058
54432
53438
20136
28088
51115
54594
58308
40883
63757
55135
96066
23705
24731
34788
52129
64887
66314
37944
29050
38327
458
5032
44713
99586
81694
59391
67093
97150
22836
97365
95389
93847
54117
49918
35552
88380
82666
63427
54793
1473
83544
39854
22358
42434
94203
19678
76835
8103
34411
10491
39608
49474
95244
34627
8140
42581
11304
5507
30004
65041
71873
63041
36492
52922
4950
4406
32896
41350
25236
51225
7287
67236
40982
69462
93533
88473
93018
84350
28844
21477
19489
87832
48214
75492
28739
74229
45362
64529
81933
39810
24864
76453
86872
37974
91098
37629
37095
52746
8954
59034
68605
79464
35266
37249
31320
15228
39948
51810
89518
35208
90510
52406
33922
96916
88361
49058
39747
49282
78575
74297
79778
61056
18030
75581
90350
65398
64477
35142
56461
35775
82498
23611
49721
74548
34302
50556
28340
86596
69910
78659
84074
19136
38015
89759
13346
99858
86820
95296
5696
61006
49431
56017
1690
33633
56594
96638
95029
24870
90472
78743
10203
97815
23982
73709
35547
17633
351
21818
79742
6064
66896
96733
75041
66697
36305
12642
13620
90231
34493
99136
48589
97500
16222
8860
3370
79849
61119
93004
26817
49066
60624
98645
92422
85400
85072
57205
60217
94226
26170
8093
20008
30438
82126
87510
17928
68936
50746
76837
98764
93189
965
26185
60512
22706
92217
49248
1349
38557
44394
79241
95560
90373
26439
97733
75265
35206
86204
73847
19941
10796
28033
76266
4201
4297
29731
9554
86900
1921
97165
80714
28991
78562
41523
42685
12523
39762
88986
91520
1407
75968
42055
34716
42813
77213
27331
77705
31168
29507
89511
57078
18453
3859
95530
3494
24626
27133
91748
90836
15031
48408
26846
56247
8896
61425
25849
41824
81220
81280
31703
70912
44301
31991
20170
18183
68212
67316
8055
92039
98744
93685
27877
31223
4795
16075
20712
88979
30201
48935
42053
99169
87846
38320
68162
52078
31971
13751
64844
83607
75037
6722
30371
81476
79810
16869
76454
590
65568
76271
29110
34882
85084
41119
86666
53149
30828
48471
17615
71735
81522
36041
16601
19996
62773
31631
1259
10869
85277
12599
55359
42950
63755
61274
6674
56304
92691
45230
71279
52246
55799
21265
64758
85693
82785
78374
25225
16717
13660
28732
2899
57780
41328
92489
66134
10410
11064
7479
89391
4111
37857
52213
73991
53104
56802
72654
58521
28104
4115
67606
97595
17379
62283
36320
63179
75358
56090
90476
18359
90762
37919
90206
36041
33200
64199
37163
87885
91342
85635
28397
10593
12159
1892
90773
74328
42841
82870
13183
14794
48432
75958
92193
19004
44952
15761
71902
76007
9927
72571
53783
86632
36217
28361
99681
86051
74061
43659
5618
78133
87053
42185
90644
80597
78091
95833
95644
29477
32486
3867
30612
62395
5516
92465
36788
77574
52154
52606
33328
960
44766
5817
12587
28399
22173
76782
61289
6807
42193
71089
20290
58080
84554
39072
2482
39615
4886
47573
72333
63587
9243
81124
93264
61598
15200
26519
52722
84271
49804
58980
18010
8296
54694
7
81418
11745
22971
43041
89305
24440
90398
68397
54559
73410
22090
72219
50441
83187
81155
81355
57356
63238
28667
88519
24054
48169
30608
48701
97216
84777
13010
41080
58783
16853
50755
23738
63930
80721
97879
92152
69654
96858
8250
3570
14253
99888
48497
88781
89758
38661
44536
28367
14941
24993
91659
81623
28715
96752
21152
90134
10432
87816
64690
43150
677
35674
9336
32901
11934
56084
66260
5477
43140
72753
59080
8916
96657
22622
78914
54091
22805
36682
77400
22966
28453
82825
53262
46471
98419
16293
88501
97175
57304
16034
22573
71449
65518
4267
2635
6460
17371
1278
99926
26110
93735
2609
55659
33128
50606
55968
5025
44522
5457
28309
72935
71635
28359
59122
19561
53420
55665
23101
70129
5298
92300
92328
22602
53423
68223
67645
70399
27764
80915
81027
10978
47541
89410
32847
45321
97921
14089
51561
83411
30108
55927
95258
98953
54747
456
91791
92735
72379
23627
15117
27001
23070
54366
44977
93226
17283
69979
13506
93016
2273
9740
38006
91420
3807
64507
55741
84709
70259
34692
30638
45724
64854
73291
58605
99362
72129
63338
17653
57045
64198
75235
56519
53425
18956
66580
29967
69620
88552
32168
97040
7770
20821
10154
9292
79079
50097
70996
20465
89379
55507
53093
22723
86975
64908
60369
62370
60662
52249
75187
52056
11086
80610
52894
45313
38334
16338
69745
94135
58793
94452
92712
25977
77385
95782
43983
44536
42599
46717
34802
69086
5735
89813
18447
63195
77536
49138
39949
55565
16104
21560
26150
71947
24623
22083
51584
93134
16034
42308
7865
66205
81104
81465
24928
84211
65257
55336
10657
399
10978
66231
84792
35576
26996
38955
99527
40619
16773
80156
8066
49123
96638
6641
61928
13411
76283
7997
88940
69794
80962
2901
63921
43348
75243
93580
35156
99313
13918
63470
45859
49285
54873
36661
52236
33300
11376
9003
78704
77799
61327
35037
13334
22230
37756
43672
42011
89012
79351
2852
75207
94642
30275
75641
67644
36465
32446
10881
28424
30376
66668
30796
25753
98925
10578
77034
57392
89156
62526
16265
58030
7874
80580
78379
6027
1660
16772
55298
61829
34065
24903
52907
66389
59952
84903
81349
98878
27336
43246
34348
27359
17994
70423
49207
7912
95452
75889
83466
53993
35389
48674
69048
15461
497
66632
14104
16997
59688
76827
34819
76842
60143
78446
82632
51866
97362
71156
55020
99420
86380
89791
31009
91838
70925
76451
88418
59571
17190
79449
56648
40731
13460
78368
41420
71290
70471
7934
5018
69866
99470
1445
97774
6892
68321
61200
83341
76154
98347
48076
12323
64088
84050
1652
39764
62953
80291
69492
94337
71646
70175
20111
32698
65225
50044
35036
24186
39312
81753
82859
22051
88444
26307
6630
89911
93457
18717
50290
25168
76888
23023
62645
84349
87448
64717
55313
74041
18404
56002
13006
69449
61966
58042
36375
37170
62296
81577
858
69749
22795
35803
31379
12200
90273
8249
67170
31731
2556
61652
47224
50531
7898
99474
50737
78798
42592
61362
57275
48644
39635
72477
71862
71374
46021
86347
89235
42437
17420
16335
55806
14194
93295
89889
17752
45214
91738
35174
95069
50229
47858
8765
50821
70811
45794
44104
64038
25771
97330
90997
99766
5320
90393
69289
67502
58850
31529
73960
60650
80936
64489
10467
51533
7716
30625
74206
2145
78967
64718
70972
1244
79921
92149
47498
78302
75341
47060
3334
60951
51879
78804
74538
20197
13467
19611
97592
63387
6843
13214
68067
83646
47309
74163
18039
71113
9695
98500
40839
17712
52648
72096
53265
76641
38492
70891
79184
9062
32907
88662
54686
7111
22614
28329
88356
65933
367
65021
50399
77249
34477
91398
97072
2515
54537
45709
2209
3895
86456
61212
60591
94985
84164
54803
67992
71089
84297
24952
84163
94850
34506
93738
39910
56252
76557
17238
36503
9969
40218
93666
42419
12933
22219
90823
59813
82894
11664
5789
4052
87963
12034
86926
84363
55249
28065
30444
40710
44401
83085
39070
77782
74389
79549
89877
44913
6073
97024
5790
25689
42998
25518
92208
55495
33513
3529
19620
40084
979
8341
74245
58052
62041
53394
44829
70639
83916
68498
94383
49933
98851
40219
76931
42494
36164
21562
68827
11731
20001
10146
63077
91740
47199
60768
16137
31727
52114
65884
95810
86417
98981
51790
73321
61477
25270
56762
52429
75630
42077
92810
99711
26371
63788
9415
65354
34478
38482
20852
62432
28128
38426
16615
60815
77877
95473
89476
50418
70559
98597
42615
97604
19058
54312
10574
87535
94187
55476
71249
49410
78718
5224
81951
70498
39610
79857
16038
62519
17307
26756
76799
5543
51116
74055
35395
13664
86487
85231
45358
12687
35179
89476
12239
46638
2185
47713
79976
14137
41387
96952
4393
9057
1360
92979
30563
12154
70696
71828
5963
26255
33657
57117
65230
60438
24460
62156
48395
28029
7863
95742
33074
55299
97480
88181
25079
65956
94282
61460
17714
15180
13975
61447
84182
88813
79547
24095
36716
73324
23104
66331
61835
29877
58779
35490
88118
15631
79155
80461
89811
9961
79049
45442
69635
6164
12456
50298
899
70923
10923
76516
35838
80300
75621
98659
18413
69354
95121
78834
17548
68412
34070
83720
92057
96333
20950
95703
97548
27958
29780
54766
1838
34377
85056
60222
88055
57476
76449
95641
88424
16645
18525
50710
32161
20029
65544
76177
58625
1981
11590
55792
31032
69869
60799
42145
5418
63548
40158
91167
46466
39057
19237
34195
53296
91616
19121
21558
34369
64312
65766
65300
79513
14809
73239
44909
55856
2530
28020
99990
65158
91689
87056
99612
56356
44772
30541
17512
7505
772
82823
78430
46413
69698
24762
72288
40973
40594
25584
41967
59604
89235
11979
1745
85227
37832
21611
30222
99997
77473
21245
58900
91249
88562
36897
25051
27588
44805
2038
50243
84642
56140
81924
30649
88513
52046
48805
6681
2939
75779
63440
56781
23366
3931
23012
1331
82897
8792
33806
94140
44637
19420
215
91281
17301
380
61006
11920
97036
38644
54349
40629
73138
22517
46121
57396
2258
92601
18363
13794
67403
18999
70759
90419
92361
22386
55366
71613
41439
31500
80372
42172
75876
11192
28023
63151
57031
62604
71722
61792
66351
32341
5286
74625
85236
67269
61324
72626
61204
40359
87409
62111
42483
86707
66118
40869
48658
43933
83075
10133
1322
86216
88720
2193
20869
97688
77520
32116
44602
60389
64298
43823
80035
66699
59125
70957
87676
47614
50431
19927
42811
123
64122
22228
10694
4090
18211
53128
78421
56768
54289
57182
69
34705
63287
36864
28022
12386
12342
89923
60930
95403
42786
51392
70331
66171
61902
9596
49535
55303
60118
93097
4378
91
73930
77381
15289
74513
68818
45440
84838
18622
8099
82620
85125
56329
52700
27949
63114
56056
58301
74527
75572
70083
37509
64215
31818
84873
42597
14258
13745
81473
3911
83177
76647
59305
47349
56150
383
63098
40295
10032
99769
18045
28045
68690
21309
44438
93204
52347
14132
50047
54137
93486
25891
96560
59720
39513
49285
34937
23535
83570
86948
10834
66884
4478
24436
87370
45519
49291
8332
21179
31029
79229
70530
74463
8707
39462
87521
82844
35571
26254
81226
25434
74398
18739
13700
61398
66078
6761
33281
79279
34911
74370
51151
68733
48417
10569
43191
20513
8652
16041
98197
53816
42577
650
8917
89929
91673
86267
742
31646
48269
13995
59006
50255
17217
74481
53642
29465
43965
75148
63664
41294
425
86501
26403
30246
33876
74801
53378
57204
91233
39954
6989
33843
31247
46972
901
5055
80004
59893
94688
13280
2229
15670
53029
47328
96916
45486
57290
69022
37431
79206
89895
44379
6913
65151
28246
84050
89871
62679
49034
26341
89313
25163
62825
20626
56770
16534
96808
70148
5718
5944
44001
22374
50112
72306
72275
46386
99629
13101
87223
17832
79520
20794
21082
33786
65211
19156
1339
23716
19270
64994
11459
75129
70912
58520
8156
43576
20831
32029
23792
91613
10373
16008
75807
50292
54465
84419
21212
77737
80223
29938
24805
3195
48877
80077
74653
64783
51243
95208
18919
93792
88847
73748
91521
38579
80274
63102
23963
43209
55514
35701
49874
42606
76772
25769
94094
4559
57549
60655
86100
67529
3998
69409
97257
53947
98130
6498
96548
22205
42118
78719
25741
46954
69500
88017
42648
28697
77931
32063
33209
5898
32422
46145
70275
96123
59303
25151
89569
73786
85592
18199
71823
25493
44158
64894
98294
46253
22915
66174
90978
86185
81502
88957
43074
72295
49121
60734
87836
5293
42047
55745
70666
25342
72664
9733
92469
42472
47170
942
64236
69242
62006
58561
96481
97810
62420
74701
2656
12436
4563
14564
89005
51287
36233
15302
39193
1978
21555
73502
70048
15540
50851
45478
81059
74089
77507
35654
78141
59992
58954
91450
25092
17585
69498
47953
22045
97988
41618
34769
90556
65365
75191
27448
57495
4395
71514
29534
56262
38087
82790
23414
89466
98802
79177
83347
50871
1776
76253
19912
34799
4752
88305
4455
7004
6341
23032
56682
42777
21103
34158
73648
31421
67634
5507
73536
16086
8841
97221
10313
73790
92435
90670
17770
87645
13035
8807
3245
52122
92469
45719
24014
96991
71732
31917
18265
66600
18905
73446
17617
75111
32278
66235
78733
81336
34545
86090
79966
94524
78100
98207
21675
10228
28321
75230
97149
36764
88098
1968
12343
19809
50622
96008
57084
73537
52968
48497
91348
21693
54994
56502
45546
7197
40415
54125
24781
17760
81877
42081
53910
28830
90321
23130
74793
91965
33493
16331
4756
8492
39004
6872
45748
57664
44239
60578
10775
51656
7440
18257
7901
27119
20499
88956
24663
48013
80748
45432
73810
59018
23811
45115
48013
34321
10660
37164
41861
66124
27763
22857
43858
98882
85949
91827
61578
44873
43946
54490
3267
32522
89551
37185
15638
98000
41152
10062
73311
87084
80770
21456
33505
19177
64702
42317
34758
64615
99729
519
2308
93334
99936
75435
17979
81936
50633
62326
1915
52883
86581
53315
37699
58297
7594
20629
64932
69430
92765
19134
46020
86478
2276
6282
72542
14993
10186
80651
774
340
2811
96385
93962
82413
83167
41798
28373
51915
30436
88467
59597
81391
83731
71027
53340
21547
59045
65570
5579
99797
20687
76801
41738
1639
99480
40761
43469
73655
35659
64680
8561
87342
54119
31853
92764
94344
25044
68237
50465
14439
10513
68192
47363
4435
56681
11387
78609
78706
8420
53018
37744
99840
95961
18666
36790
16267
38784
26736
95218
43534
26917
95226
7082
41064
94522
39200
1212
728
92324
96533
85830
95256
22933
97072
52704
68371
45242
83730
38471
84291
47626
56275
20533
66987
24223
30766
22124
22382
98145
36165
29650
23979
92637
90482
7893
98550
9973
84748
96175
11539
8754
56978
42181
65105
60084
77687
47914
65345
65002
26826
32865
59986
44156
94976
30975
30955
76837
22977
81647
99972
97279
76012
9359
61633
16311
20743
81207
85675
75871
76199
69082
59245
9314
34040
7141
36968
18770
50025
2180
78804
36573
27960
4100
33523
39070
40277
68051
39219
91120
13270
76739
72641
40157
16151
96942
388
49205
92875
99252
52125
60474
44835
11007
83033
25656
60954
82727
90096
96690
10523
77810
51645
10423
51983
55155
97978
85652
16775
21587
66328
56323
28162
68077
97432
86465
91291
61875
99753
37117
62867
14031
17822
1547
60790
70020
38603
40793
3308
46322
35612
72441
55903
52408
91826
67485
83812
93427
6267
3265
92040
53509
34157
7074
77528
49297
65246
39117
80365
66019
54019
77458
87442
35213
7236
20054
88595
38955
40760
89448
53316
56008
94434
3307
28235
70457
6279
64402
58891
90792
86058
19051
8174
78539
70470
33394
47502
79602
48008
89670
10880
18624
30791
24600
63485
75121
7713
29087
24846
64506
80627
78601
31316
15085
78388
88332
86674
69915
66606
69019
96407
18164
57179
28596
70155
37131
29368
63574
51382
79157
11144
83567
42632
28208
12200
89076
59368
91967
35818
45258
45340
72275
59312
37344
47025
1094
54727
51072
31368
60225
70398
60635
83997
98270
69441
42561
10805
55271
64502
81874
98628
43549
54579
8686
7193
71093
19002
7048
35974
36669
44051
42490
48783
76668
28900
19634
68014
31991
62895
38570
68513
2383
5384
67670
81553
98312
57426
19574
59711
43685
66069
86378
54573
66319
98909
18181
61351
24117
22898
67163
6796
77772
82736
28404
11869
74039
86371
69058
33472
49667
78208
87183
94865
27849
38146
71984
12998
24503
19456
68726
39710
34856
52456
79779
67269
33390
40346
96761
45382
83186
7139
74958
38670
33747
6069
95804
55385
73514
71071
89333
87771
91566
33454
6515
92589
92211
5664
16013
71505
91086
44352
52806
69220
43091
38243
85856
54240
9215
10590
75726
89867
58578
17250
23719
91583
79604
47797
27573
56279
58232
82414
73037
44850
61405
49037
62906
72487
65809
67893
25618
1990
3793
62374
81258
6599
62412
58747
13349
38129
58342
92893
9672
76392
25271
7202
21129
50068
46419
73766
13157
21707
613
70308
21616
74298
71636
22929
64679
14997
28296
28597
6818
11512
7109
94886
67398
345
52886
21859
29175
74957
46117
43051
16426
30451
84615
61240
89656
8129
29781
22331
83854
23497
93588
76628
7265
32711
68662
80109
63296
6730
14618
64373
19874
36828
74894
28212
44542
66864
15733
14544
31865
82215
72931
62811
80537
68223
60900
78454
18968
49529
52765
5287
8757
63781
52203
370
56901
98508
78856
63575
23559
76666
50476
93000
45492
96454
81167
18916
44501
53951
26060
5813
30575
10517
2050
16579
36345
42848
78452
45587
46798
59601
27152
78431
44094
64564
11053
97491
32735
88510
55565
68481
26081
9657
37314
80802
81214
77865
52621
39626
85936
51962
97761
84230
9853
13192
8422
47701
63662
42699
22682
10944
88061
19837
99986
56280
43212
8585
46814
86186
29267
61617
95978
52449
53265
94172
10432
54744
7908
94746
95627
23578
41427
72470
46295
95672
49032
10391
86484
54406
13979
7378
81658
77363
94314
1296
80134
47364
36325
51288
45666
88748
70661
33176
42626
54409
45916
63701
97578
24605
24808
95725
23214
648
30754
40005
63506
79135
94675
180
42448
99915
49285
46667
73527
28992
12407
2431
68432
33688
36299
18677
8380
78860
57242
63880
20154
22318
39591
37818
67013
22470
1840
92213
25721
13863
27488
4125
90326
37389
87650
66036
49373
98550
60465
8009
50679
11706
20650
91390
35125
85224
83395
78164
71378
79934
94133
75701
74965
34948
20628
77022
8755
19590
67775
90567
55889
11053
24499
46320
87047
7576
92314
31338
86720
52380
16544
