27596
49005
1657
17442
11675
63928
53434
58638
59692
95921
91044
9628
29008
46579
43086
19687
30319
44859
27560
53394
59954
19412
1019
84285
73050
32325
31631
7203
15091
60307
86726
5300
9923
88372
53381
66697
84061
21298
60947
83017
36050
71703
44794
75287
3015
40539
57739
45910
1601
37512
53982
65402
24733
7206
92214
59084
11484
52776
707
23098
70555
71121
47873
87704
88769
11748
68254
2679
1074
37320
96601
41952
53889
52276
77030
56014
85218
95260
910
72101
75485
91768
23795
28562
85150
31405
80241
41249
48585
39739
87935
97685
16586
98755
23221
1224
32075
84946
98728
4767
39263
14318
33393
39112
89308
9883
90571
95187
92838
1419
41723
5066
22533
99712
13322
52974
22072
3327
9550
26160
61699
31251
85735
32873
90180
23931
79877
57367
52228
83121
21862
21300
12905
42168
23197
9140
17991
71617
46350
59067
36278
37434
52438
248
39135
90228
53704
79266
47537
97231
89170
40174
21168
19012
19774
72938
78381
94255
26036
64569
58160
30455
5117
9964
56625
4123
75458
82777
83879
80570
86259
1178
57272
21599
45955
84100
46959
85032
50641
27650
76459
96689
39874
57326
89492
36226
40041
73772
41224
47345
43816
37955
37620
47925
51984
31289
32350
75593
741
10410
80639
56825
58717
79108
24910
19981
31879
24737
75255
97231
93256
98690
4267
92249
24288
54181
89745
85376
18251
42627
50906
29847
5892
26409
95090
65474
42244
42768
84146
79736
50280
29275
77075
18355
37840
10829
18813
35576
53092
76356
91741
50717
26609
21686
74421
84796
25681
15718
21549
11283
24233
92067
17927
48468
30988
15134
70832
73072
35708
49861
50099
85051
71344
67073
57223
50812
63569
68968
17353
33108
89951
2752
45252
42088
74961
32753
53740
40204
84538
83142
60747
95854
26886
31712
46035
541
92355
32950
99218
38068
72477
88428
56675
90598
5762
9359
35200
69927
4324
98251
71125
32501
28636
25545
56977
72450
48812
91721
46678
16991
78141
16247
92175
49062
94247
55949
94273
85668
26735
84133
48186
28737
67498
15001
51878
42541
71552
54297
2977
18345
26156
18056
54439
3408
95232
2452
76294
21760
2693
88464
1045
27016
7008
66896
91550
3375
63407
54976
65942
13246
18323
83104
28814
51276
85288
95776
88194
98053
7856
78356
52910
69526
88206
17333
30977
26519
6797
61076
83305
62229
72961
89947
69038
20123
29989
32450
24091
22652
95075
70859
88310
43904
63091
82843
6129
96777
94491
1557
78905
91617
82836
23956
67788
49729
53453
83684
44648
92416
37225
48286
72318
45078
88355
96831
94309
34540
18802
3971
41322
98147
48935
60579
2885
39389
59059
20617
61800
32459
66118
86955
35024
65044
64882
49004
30910
85311
82382
8459
48511
98014
14550
2405
32967
77303
56784
2414
85149
40399
77577
10727
96496
22485
90814
85852
30087
15561
60567
26622
41717
51943
71757
24600
26539
63412
75020
80144
58408
33508
7348
42364
55116
15141
69529
20861
95946
37195
8523
97629
82907
45241
32784
92161
23599
87241
89836
62763
93535
54776
91203
97102
71806
73553
21685
89006
77102
65780
2632
95188
18894
38531
69732
78028
4785
73065
13783
3483
90826
98119
68473
11072
98275
10877
6409
35365
398
93073
47382
36290
35090
68542
55323
32270
91431
93884
72130
64643
11964
12648
67785
25613
53333
36561
25217
81199
11923
96798
71090
42195
21324
9279
81053
44139
77401
34126
57626
87176
29774
77794
14144
96406
75044
54160
6339
55058
40562
74941
7031
1769
41243
17253
63218
73775
86016
73473
9968
99833
9142
24761
34480
66231
1714
79078
16988
92145
84929
69730
7718
66365
32149
62671
6285
73786
28473
85280
99135
11021
28069
19240
34232
96469
14669
10077
95785
46413
70355
67689
74932
40061
85758
16813
47540
51997
8802
37489
14489
44200
33214
780
784
34105
59973
47469
27938
22372
32148
63748
30067
32723
90243
27536
43594
36699
91543
30726
22001
88411
89299
85754
48338
67217
24110
76238
42337
73977
96928
66420
2329
18114
63062
18625
64062
97231
39653
40080
25506
34375
78555
54415
79331
34329
12208
13706
79537
37935
85948
71251
48461
16494
41507
48587
15373
26568
48491
7376
1565
67454
30414
58146
59199
41365
19691
17587
54963
53427
35542
53131
95473
7542
78704
13941
75507
56210
88625
65770
71728
77541
57985
34136
11907
85881
33095
99502
44298
19925
88249
76519
79179
32288
24338
25392
69424
32499
63873
64568
89491
18266
74078
49651
44149
61223
46519
86219
25991
3282
49161
98659
34924
20625
47563
72553
75094
56880
38787
86552
44205
52910
84316
4679
25134
17684
71919
4882
65904
97777
94654
85346
91970
79703
39040
75836
51855
39276
79318
60963
87844
2542
72316
22314
74120
93671
21500
49050
82186
10792
99452
4764
38393
89029
97335
63621
56044
27885
98473
99963
34818
10020
74532
21991
7907
48894
96128
88153
83398
61786
59855
62450
22764
87033
31311
97747
26153
31418
77656
5440
99139
33044
7285
70928
210
23471
71791
89299
28040
45343
32805
45632
27690
17150
15288
27098
74652
5764
3139
38623
24988
45382
89064
1421
6948
99016
10085
92081
6610
75296
66149
54893
46309
61993
96562
60165
22750
63712
54569
80327
86374
74815
72454
63573
15086
54964
84510
29136
67760
8189
84044
1602
149
6946
54819
42663
57776
52270
53250
25337
58600
41323
82053
66999
16052
4954
24
87634
1950
13484
2214
13844
88297
66560
84624
76077
80367
34874
87226
32731
41635
12283
72319
9685
91958
35939
33284
68468
35509
46304
2506
61471
77903
90513
89661
24081
49844
3547
98250
53897
33432
96263
8045
46414
35383
727
64488
55261
77107
37763
53775
57360
11289
39957
32640
49357
48034
31869
8049
23176
25333
76177
14178
27638
17962
54276
72945
39663
82153
82625
51020
88255
42864
16709
87136
50569
24403
30711
82000
34936
53598
82821
68194
10980
28374
55676
53716
78333
89982
63203
72780
20888
78070
41397
1581
61363
73149
93145
97444
11717
11127
81216
85186
50087
28169
43386
77381
99898
29665
2165
69743
88596
77491
35187
51895
20298
81982
76038
3134
73723
72878
73195
53562
1558
410
66785
22031
31209
60109
61444
65660
7240
37922
85290
35601
15574
53512
80378
85854
93555
2021
20292
11846
4642
11191
39520
24338
26806
10069
21255
18754
32697
49205
88904
9087
99320
83687
75240
54092
74669
91837
21625
53051
81610
96366
40661
40668
22432
53232
94776
65711
76490
48387
3480
95962
95033
52781
74146
66167
57692
35648
50385
29413
54923
48247
29965
39839
93777
84063
35998
72297
40371
2675
99148
15526
9153
4095
20533
70823
47192
5798
29290
87454
82738
97119
21702
78896
66571
78650
83947
42985
27920
97249
85659
28522
93862
61817
69616
56893
71636
92200
66680
44809
96559
78608
34193
83201
70496
34841
85757
84598
93331
32173
74498
60845
92671
40125
37601
17164
25613
17057
13712
66189
70023
71453
22422
60629
6174
45439
93571
55934
56856
68804
59882
77616
78484
91322
10396
89167
31003
14080
19873
97486
44645
84330
7989
96481
29669
13665
48701
62160
45426
25287
89413
47143
91283
20504
46424
28170
37287
56684
47643
23846
81934
36953
65446
98019
83831
4853
13120
51830
41414
3129
89558
94738
60289
72641
60439
72734
17912
23183
81359
67426
68848
12208
65342
21115
76874
35766
245
25646
54132
94501
64972
28505
64203
74889
44451
53829
43531
49508
95571
75896
16982
19174
43375
40614
89789
97876
13981
5864
67021
70347
71371
95109
71704
82655
19183
99148
5919
2492
91648
63172
99578
42989
80106
26683
37732
98298
46162
48090
55077
88524
43623
39642
36925
98476
8897
98863
58634
11402
94809
76450
15927
76954
10787
52765
10593
94520
31180
55104
93382
62316
52973
50160
73900
63336
93769
73391
4684
92111
93193
42343
40281
17392
81201
35423
20497
77263
71519
592
75743
8901
65375
58993
34409
92798
32334
94767
67901
84832
93001
91577
63123
31659
22321
82839
41727
26684
37053
61914
66199
15435
85852
62702
67419
86741
25318
94573
8901
48500
71773
86893
62446
50409
27173
7833
51356
43677
3102
12001
45019
698
73691
46779
32318
44959
95676
29543
25963
4538
69056
81529
90612
49277
87061
63230
28958
96120
134
40173
1757
18928
35339
17803
86843
90398
97182
49595
9432
15654
83726
87392
79628
77362
58124
13808
94311
29227
63811
83256
63257
21428
12837
94118
30797
16131
89824
7543
22832
60252
51279
29917
91792
84715
93932
23691
58111
34078
48292
83841
49079
3997
93251
7439
65175
30823
59182
94664
23756
71722
36688
83621
99787
26782
31756
85938
86266
53951
98577
66809
76398
82054
64620
61353
73871
35363
80694
2562
14072
55096
79918
38016
34555
39476
79298
89634
76097
8331
6343
49590
57455
89807
6344
54435
14116
43598
94746
45938
60063
26183
57358
59321
86173
22537
41664
97573
80384
25515
90701
31332
78155
71202
11329
3789
60489
6274
2126
77100
59886
66163
40729
16078
47925
35983
6894
28581
39337
79446
47155
72408
95200
46927
5626
26635
43520
11611
95184
3110
17029
77623
21587
7940
79099
61966
6849
45819
56966
50392
20875
39106
97569
56340
53992
69252
89859
72413
32326
39552
75773
32203
22011
98266
12960
5833
60058
87618
35644
53615
37953
55007
51236
10652
71918
41335
43597
16561
36466
91838
20404
61836
42846
70392
60543
11904
64250
73484
55004
92718
50900
72712
82661
59042
38262
23211
6405
33900
95696
66003
11957
89752
63092
65092
1919
85069
21537
26833
8004
33951
47159
43914
81241
21426
37386
22338
21931
27308
69009
34363
88611
89460
56093
5552
61701
50509
11463
85151
3218
73993
50050
96786
24942
91948
72336
69737
70524
97151
88561
61253
7301
48140
33941
72851
1175
70429
80115
243
47946
44908
2450
25540
63358
48774
63204
95117
35936
84225
71571
139
45387
26870
90068
26258
21931
80893
44952
34594
26237
26053
68352
94376
99475
54892
3377
99181
56276
8353
30941
5023
41887
49139
49569
28506
92943
59861
58862
17939
87802
18
56702
12641
62132
30855
34760
7240
45970
75521
21871
28707
30600
57235
79956
87469
65267
96211
20460
71757
29522
35570
85805
44796
84495
13975
52098
32787
6940
84344
47133
40790
43449
56564
99532
14327
54001
55375
9892
2408
34756
84906
79546
58881
65344
82558
29105
55306
14408
97237
31629
36709
60279
54918
18822
39932
96125
14667
20344
85538
32488
22240
32183
45833
30686
42170
89664
38591
23047
9922
91019
86597
79623
13357
35357
42607
68809
22009
62329
785
63447
11846
38422
83883
35909
32590
79916
98003
95278
88994
34920
79548
71831
76163
79295
1056
66863
97882
75808
5359
95928
97684
60353
69780
84479
89694
28283
8544
57350
22105
37650
65750
3716
35129
47276
20114
87490
5440
11780
82199
40582
11858
21686
76179
84812
4596
79738
3345
38608
80262
64046
94458
44041
88379
70219
37257
15599
29841
78298
33674
22621
46993
70015
76302
10065
10116
17139
67150
96849
45679
11632
64090
74792
21261
2118
68605
36397
79048
61291
15886
95140
20148
88622
69269
12926
50216
36684
96055
35036
89018
22908
9889
62897
73269
24133
525
37861
32185
86991
21012
56757
21040
10422
57296
68600
57640
15003
10796
65501
95698
18966
78219
96976
4726
25990
76114
15995
50129
56136
34771
43113
78060
99718
96311
41222
32218
2182
53543
9794
49614
66596
54230
9748
63286
43994
66318
11739
36344
95323
54102
66016
39975
24095
12510
31031
2754
17848
12167
70245
33257
68388
26097
20891
7709
18715
66465
26656
88467
27976
14991
92845
29109
39861
59402
23729
99477
94527
99912
58613
35343
28232
49582
92922
72922
71851
65977
