194
39680
51751
35118
17213
95166
48133
34339
26799
80507
29853
90226
91328
46510
32491
68252
11681
85256
13380
88228
12973
51526
21827
53747
39434
52880
26011
65158
13263
32018
80363
67317
89920
33236
60463
94272
67860
82583
24371
96568
97528
60655
79330
62631
19468
72696
95261
57437
45771
73206
77576
81496
63496
11117
62078
6735
77715
91417
18532
79259
23611
14283
68091
97666
21102
13761
62927
47490
57084
84897
81389
56183
58138
85170
49009
56009
34722
18710
53693
4309
53495
50664
38085
66869
42502
6318
58343
41167
68008
62971
48889
79959
47268
43076
89499
61730
5393
88284
98283
64104
37625
34223
19863
61205
23514
65143
99564
14924
88390
3998
1582
41912
53802
22769
58177
60017
42859
5950
32963
66791
1740
81002
83164
31630
80684
9264
75342
88615
7533
17241
89927
23558
42703
60181
12981
92677
31163
21716
55385
79684
62428
61796
37108
49531
89927
55783
66654
62847
2555
74352
65237
88332
14243
1593
33394
28309
3833
92388
51256
70501
63173
28205
17254
98097
39810
89960
45484
33148
2497
88508
65402
78150
68456
39131
2707
76978
23026
27005
32992
90355
97882
71928
52001
58994
63154
68958
77887
45663
10861
82483
80413
98641
83773
13866
717
6715
62262
28507
9215
11406
97714
6402
14579
29605
94574
17751
35152
36881
20273
13510
32365
43425
83404
72139
59148
59117
44285
71372
99335
57695
88398
95634
72834
56511
81594
35972
27552
62074
9392
7842
17138
63406
4208
87100
78826
71701
52498
19821
49421
8683
33958
23159
69415
94557
84053
22300
80761
51248
40871
20438
90093
83915
85214
26964
48458
93699
52832
46225
27299
90561
2482
32850
73865
4049
55071
83484
12321
66762
72504
14416
85617
10645
22229
46181
53555
64828
5081
17056
7436
93072
59348
77265
58902
66646
82371
26285
64985
42480
91538
62180
2457
78020
96769
47135
95465
29611
13828
30648
27325
14808
64100
59733
53181
18146
95427
1858
73269
84848
61437
1194
329
8513
34985
14546
35590
62453
18239
45778
35956
27707
98164
76464
8936
21335
32833
79003
54965
98319
87362
61026
75586
96883
10042
66223
21815
64455
20403
87555
16273
45071
70275
68782
92629
36822
20266
62027
80993
98298
81304
46806
93470
4919
37132
73835
7986
38382
5686
5628
58898
41586
41566
35471
71284
90512
26078
6130
46178
71448
48554
71900
41514
46444
17616
4225
11219
85124
28666
87889
74731
21691
92433
58637
10331
60953
1595
45063
69820
53022
78917
50166
51426
53384
43291
37747
64630
64513
17556
31379
802
15625
89260
24897
97030
58651
69897
92598
62247
46366
61182
27032
42791
86634
2093
79948
34128
20757
14663
59610
97769
3866
98288
78812
63979
95812
5022
32130
40653
82428
70944
21509
32444
53005
37852
75845
20455
93168
8720
33538
18646
86137
53657
99988
48506
48029
31762
83175
9663
85886
68628
2422
53183
75253
48508
45282
27056
11739
4907
98896
3229
81524
60455
87133
22643
83097
30750
57246
5522
85792
28746
59000
69667
60297
57808
42264
52264
8231
10147
96241
51694
32042
16998
85872
68160
57669
60398
73597
43894
22817
13285
38576
82410
96893
85803
21678
87851
20800
24311
94751
65674
43037
40540
23756
25202
52418
43046
38778
71093
72061
51716
34302
36833
18154
73727
93116
75377
75645
79464
864
93599
52809
23505
32088
45240
10188
59665
43244
67752
54551
84491
46619
14613
14365
87496
46931
98471
92983
64704
8973
74276
21265
19352
59810
45754
3573
79718
11054
94934
30642
99344
9312
61553
50760
7474
71514
62570
57907
95454
15564
36687
50770
81981
42055
25717
13811
67732
58977
25255
96508
54946
75012
91418
48376
74597
78130
42815
80573
76509
12954
50866
60470
91240
52912
15632
4882
77388
65004
63013
51752
75604
60961
88803
6180
30865
69048
61231
47315
37346
52520
45141
98663
76303
13364
94907
40839
79310
92290
36787
29431
65480
48916
62922
13695
81878
38660
80766
92762
3013
43136
24653
87453
85592
1472
93480
50210
18285
91904
94790
42289
16760
55006
53909
11306
18027
25938
41995
93713
19511
9637
48187
5174
74252
463
20835
42464
74620
2449
19073
38645
86078
41291
39430
4040
48591
8316
75427
77024
10322
38420
52768
80993
45720
85079
34284
24698
55067
78256
40334
87114
80644
25871
72185
30543
4812
92033
62783
90188
41120
74186
79388
54199
39293
97954
15283
25916
58555
48713
97751
9393
47015
80264
52735
54392
43272
18182
6876
65994
29730
53411
9607
94118
61369
95573
50003
22518
27213
35772
70946
17786
34116
35620
19668
88243
75302
81847
98138
91854
42882
69980
4296
30570
66413
1232
7912
36168
81802
83071
43147
50191
83397
42239
64731
86105
69594
92682
52237
4926
36755
16886
58674
22875
39950
2002
62316
27262
96477
84063
84477
19632
63750
84744
97658
7743
48587
26016
61439
91687
64164
53079
82205
72893
9032
216
60558
66680
28107
93954
85129
40156
87553
75809
1777
81188
3169
80104
7912
70283
31140
53486
2816
50040
10669
93442
60114
38211
57859
34955
88520
10888
409
17345
76916
62823
19150
55042
10980
57750
44208
36018
45261
81540
58780
81874
30628
29994
87072
48187
98220
89136
52386
99095
36713
34072
99001
20509
91987
21739
35801
90247
28390
90591
22188
12209
58326
57922
87420
15537
51296
8518
36109
91629
62588
57417
97287
74877
2863
42911
44721
32446
3004
28478
76025
37456
80186
44774
61584
75277
45761
66315
27058
50023
49566
22496
60291
34460
82214
24834
3829
12984
7688
60414
59814
41544
90010
46944
9254
41526
65813
12153
89399
1638
8957
40268
43021
3308
22104
66869
79029
26567
24801
58454
55921
6462
28564
67072
27137
63798
59369
85626
3486
63917
95486
337
76415
61814
17772
34749
26335
79921
50492
36619
91894
9126
45010
45420
30115
23582
61095
47513
68523
65502
12405
99617
3035
64609
61900
65841
64298
34449
49762
6143
59930
12514
71718
69844
17981
90347
83445
40979
40947
802
57190
53897
95474
22290
29888
26131
93983
5468
47531
84583
45912
34855
16420
5280
30964
79813
9802
37673
94978
81412
9621
71461
84782
10797
34694
13593
93858
10780
53913
99383
63241
11165
5336
10824
90382
30175
23337
45396
78180
20600
43464
16337
46271
28373
58639
21062
44479
64796
87665
31707
21388
54080
35110
75807
75549
45728
28800
14549
30163
81021
24957
7005
30850
40309
73077
59706
22384
38497
26643
50021
20918
36007
56801
44845
48580
23933
99900
85160
34304
26427
89222
29691
47214
69915
57018
32290
35180
89648
61754
72221
82388
95456
54468
91096
9509
79072
35715
44053
79067
61130
78018
31639
40090
24829
77083
28077
97258
21266
87950
26074
2748
86582
93933
6845
94027
53737
84884
78850
25310
44785
8822
47524
64842
75483
31506
80349
93620
77840
12100
95499
73715
64368
60792
38529
21012
91086
85498
24007
24023
60680
95721
51919
91031
49057
35017
42134
42791
31516
51192
73202
40312
11095
33272
68926
69559
77346
15467
93343
97683
41402
24349
14578
76124
7655
37307
29077
63175
23278
17441
50543
82958
48244
15089
78812
4852
85168
20896
66936
2022
60746
35818
49415
80445
17366
24614
72511
2048
11944
21780
64019
16871
17171
81874
84702
24634
88034
83022
26984
31608
96625
99318
99351
4147
78313
71851
1780
10840
65398
51860
99609
1036
49895
10671
12533
80402
90114
69410
85084
39210
14657
83376
35309
92915
29293
47911
69985
50513
13781
9845
81645
16298
2251
68699
49172
11466
13467
81722
84621
25574
75145
53674
2092
95389
96198
13642
64015
87899
85743
41777
8487
73271
92546
5859
73441
32796
36957
28479
7920
32613
14453
91573
17689
12578
94191
72501
33019
6103
76255
76610
26873
13859
27451
90054
4165
9981
96187
91807
45098
12123
78736
24567
97910
74125
58046
63857
15810
50982
27895
43839
56960
66266
98357
29489
53216
42275
10515
95688
52031
16126
49289
39208
51628
28626
8898
30444
33400
65425
25499
73939
47450
89526
45819
33880
39516
90510
54505
78495
39525
11636
30415
73323
38947
29749
28201
32653
74485
14066
14154
86231
46995
95427
72683
24207
35867
7256
40720
89119
12761
89243
56826
46857
90802
37713
36962
43447
74893
69600
51864
15920
14461
30858
62521
48071
83631
95800
78758
91182
48493
75538
75143
92360
98285
86826
62427
4187
92442
96952
56730
57956
98493
93984
79850
10149
33287
8432
13434
8569
88349
95301
50527
50600
44288
9710
1448
35382
20855
91656
78112
66102
88220
33384
36095
14301
16161
36439
29869
2129
82013
55
9045
26879
83766
58404
63105
2027
66988
12310
70808
91810
24672
34275
71729
18860
22815
10913
86514
52734
89296
38729
49161
19371
74005
52727
22854
51963
26785
21262
69300
50483
42039
83000
45331
61492
9914
22731
46739
68960
11606
9992
43470
55542
40810
11357
59874
703
63857
35529
29801
91649
11116
73503
32823
25873
29485
40932
52848
30629
99554
78963
64900
49447
76541
88864
11977
39462
10716
23482
11794
73735
11577
73129
46929
21657
82352
96470
49350
93765
46408
57770
90979
52996
99520
95247
62430
62058
33528
57715
4977
10017
84601
49002
370
22865
83042
46259
28778
56666
64272
75059
65941
16484
80361
64606
34325
98126
12165
2708
77906
64611
98745
41543
43602
92138
97633
603
38065
43868
39561
46215
40029
2161
26201
17848
497
87795
72987
98164
73196
28564
26986
38075
52877
72124
80889
86730
39790
90970
317
95898
51930
26747
46903
18917
70955
11993
19458
73928
82916
86571
96309
21188
27912
7258
71894
24575
95542
54419
25564
28999
1538
59448
58783
3639
29136
95473
36830
65010
86959
32129
46028
875
3568
45043
73143
64775
8098
94867
69335
31803
99564
34009
8624
30991
29190
89152
19140
21508
50260
8788
57016
91505
81599
6922
81377
31657
66450
8202
14603
69081
51630
23559
60902
31821
67051
15919
84077
49746
91435
84093
49012
25174
93820
11660
68909
74796
67083
39846
77815
93355
32095
38491
54180
35638
62233
32493
93190
35927
1382
84264
85269
81796
53086
35599
37023
55779
50620
26769
7021
58506
56378
39035
41325
59199
31209
27079
41217
91710
938
96242
37540
49625
60364
63178
72564
19033
17890
12806
35553
43363
28768
71889
57168
76534
70642
1438
90796
12945
72953
3743
97898
47985
60771
38000
67031
74488
91814
14286
54304
76201
41113
47782
65309
59184
94606
36936
540
33951
33872
69689
95430
12594
44309
10280
53839
6196
68736
33144
91647
53787
13430
77116
8184
60270
70874
5474
16356
60519
61543
76486
8989
96243
83562
79975
26200
39861
71226
6454
86191
70507
99253
46378
14153
44937
61784
82865
82824
84066
81818
50145
66478
31045
63365
47597
79757
55267
91347
3603
4650
95854
68929
36241
81901
21405
51250
6936
16136
24781
79299
93881
15809
41666
87686
67964
63486
42155
30365
18096
62316
29187
26037
47517
23564
26803
1789
37524
67963
14420
4961
64360
35452
7955
9287
69526
57988
51790
87973
92639
1377
90
33725
97110
4104
64647
15063
62485
93114
49051
91961
8554
91538
99835
83301
58479
52205
69033
77839
44887
76247
66086
61978
87844
71310
5080
49006
30870
59413
44327
28183
91998
90199
52130
71197
36752
17814
2207
52348
53655
65583
81215
7840
75714
28012
77039
66846
89404
56294
79435
64881
47642
13332
14653
6288
61133
30260
96963
97065
93207
54165
54383
48156
31610
72927
20583
45398
33132
12927
43981
13385
12359
58899
4889
74340
73148
8559
68899
39060
1864
14569
98173
19351
78143
2215
56732
55000
79749
69923
89463
27756
64348
93751
21895
15176
93975
28747
77423
41245
48204
88953
98646
97873
12488
93049
14575
22331
49853
93550
48602
45403
65303
43980
38019
628
62348
58884
52039
96550
38737
50093
29623
1452
18153
97905
45782
30639
74072
88305
42653
92133
8438
54902
40605
11210
45536
71349
66532
42233
35656
54878
96888
2471
5804
85954
97153
73628
81956
88254
83236
76847
8117
64712
12137
1980
35043
33780
64510
89413
74019
57412
29620
30691
90734
30570
53031
37607
74129
49499
75420
74545
54049
40019
9026
63787
43724
48606
37851
39716
17675
68074
15732
20293
98068
37863
34320
8529
73548
27703
24931
16765
68186
82072
76186
26185
91190
92235
92728
73723
60672
64736
64954
58647
38861
90496
77308
29053
11067
69975
89237
19519
13542
50044
52125
69660
4724
3614
98032
65918
83915
34924
44714
3309
73698
43809
3569
90030
71380
37291
14867
17467
337
96470
1828
32640
98478
74810
85225
60047
39485
37182
97683
45825
6008
65255
99171
15562
63927
82593
23628
73048
89217
27464
10199
53991
76927
59827
11999
82403
89355
26014
54140
48124
31047
36083
81757
22271
12843
41173
42574
58231
11670
46760
19514
41087
43269
12256
45737
57346
20194
78884
96394
84177
55700
74558
65965
64033
10644
46179
71335
72510
24511
42266
2264
45296
78631
19018
31497
15497
30821
68356
1422
67239
1609
98890
79596
39596
83826
2266
75316
39128
1753
4476
57709
32160
96039
21060
59952
96333
92838
22243
48493
98067
36245
33201
19883
68364
31798
37103
97580
93425
33057
67164
63950
33300
10939
36566
84814
94269
1634
1483
16552
31711
45375
91323
94105
95318
16542
76683
80293
288
28761
43625
78900
80309
67408
49687
15896
54628
17685
76694
83722
79595
44260
16497
82
94322
24976
67746
39908
9861
5081
14181
46567
93421
9049
30967
58482
88169
9853
54154
27568
48430
58289
25416
25698
87288
65204
12897
59299
30796
72651
87988
58599
27404
47441
99094
44412
25013
52268
65121
18195
79033
11611
62908
52440
23988
36331
1763
50844
42957
58889
1843
82548
32715
2994
77524
15674
34449
10406
38211
56561
24920
82811
29211
28647
95047
25581
37280
84691
27025
63699
48871
65469
44844
54413
60421
92637
95465
41241
74611
49435
65973
55461
65179
72886
94987
54751
63074
30240
2675
69673
14225
99878
8027
17928
27521
81230
7665
27259
13922
62297
77018
648
48937
27976
64210
59218
11412
82010
81856
26599
20763
54227
4821
26358
62677
4473
66145
65949
72644
38552
44563
1473
53534
60837
54443
51415
12889
43776
39709
39583
40562
49810
66916
15408
64729
29910
50624
87758
55037
29588
94701
43032
16
44328
3042
10590
90742
8098
55843
97584
34160
20262
2499
19698
38879
53075
48154
26508
52343
78689
19103
36029
63586
4099
71266
13359
88013
56748
83241
51333
22771
98031
17380
61297
18276
47742
65679
25859
73906
65236
85476
52604
4024
14062
20634
45473
51751
78707
38686
88426
73551
59637
33388
33466
82982
65680
23146
94697
57816
22703
26049
74684
84235
50478
81849
85270
78093
94233
81392
37128
45724
18324
22647
83493
83218
37620
1354
31120
30956
39978
30441
80950
74293
5632
92247
87608
58195
49948
47982
97921
76622
94946
51773
95382
93880
51765
91264
49323
87870
27710
88218
96178
7817
25573
38802
68750
43569
84252
2823
57862
99167
1980
1424
76277
52094
23526
41077
32254
79389
66443
76996
59228
11427
49128
88433
80823
9296
57033
68685
68948
92971
19951
93985
34212
70509
268
88455
61724
95337
74634
48325
38372
84855
89771
57319
18345
52444
61132
16473
7885
54744
64579
63838
73662
35947
83559
88879
15332
24836
71054
2611
41172
49160
11153
25911
43682
69724
61900
42411
28467
50511
85250
62201
74832
93958
65502
31299
66742
8261
19700
48983
66763
66935
25637
50033
6763
43227
31969
39341
52032
27819
94951
18600
3888
54409
66280
275
76688
18313
55434
60818
72407
92821
46344
84887
23725
95169
60055
84597
68546
92268
75139
76964
91
12943
42871
84561
71494
50341
348
58239
54959
20983
78233
31358
22956
2915
76473
4902
69075
46216
96874
87504
13451
78065
20385
41585
32479
5915
17402
22004
85455
31685
93181
58643
76257
7379
53533
57650
10389
86079
53307
50360
4054
67517
74567
86442
40107
32073
92614
85382
60974
78831
72495
14969
41332
88310
97199
30302
31915
39114
42540
87987
26850
17604
18695
26105
82913
93048
73466
86824
88250
25436
55329
49420
21207
464
50038
37153
83219
58958
71252
93158
46821
20560
80733
5249
52310
20184
20567
28911
51476
38047
78481
48806
41919
74782
93539
21129
47424
93010
98099
37287
91962
21552
48980
36112
32152
5637
15273
90901
35494
91528
1736
39227
85340
40095
44089
16028
29301
57867
15133
34170
22974
17297
23308
51488
99465
46245
32215
93079
79393
55413
93420
92674
42744
49871
18807
58999
11037
87152
77349
92667
34313
82154
62052
7832
40888
30065
80039
48029
54421
29219
26534
7187
41709
60978
5217
19735
75846
3727
40517
7576
89673
23476
33223
60143
46330
2573
41262
98198
93544
71876
9901
10631
12640
35753
90478
75762
52060
19354
58314
63066
99545
34037
47380
67180
63270
45271
83157
10333
1656
87375
77522
864
64154
47300
44587
27712
6530
93343
40445
97312
78367
10967
99622
40653
70094
62135
34984
93532
44236
74254
35431
94437
31046
35315
89164
71580
61484
81779
40044
24744
92644
24121
76931
99681
83226
4472
50554
1227
74837
79704
42439
7337
24261
91386
90836
352
19289
17546
85752
86634
75053
84992
57345
71380
59840
38995
21779
82772
52867
19771
81449
79306
28686
8033
26202
32113
77773
95205
51864
99234
18135
28395
4658
29638
55583
91684
73754
3670
12771
19348
18144
20561
52738
44869
73948
41529
5611
5896
44491
84714
31280
69251
81585
96024
49689
41083
25181
87588
63541
31807
7786
41946
51371
65614
94721
5482
12463
64103
54460
45154
26993
55563
2438
67652
72911
94641
19806
89193
39050
68486
6298
84306
56502
17502
80039
4806
79434
21436
16975
53389
30296
33497
72340
28935
71991
86645
56920
88298
60411
30135
66687
81079
12422
63778
74956
88664
44600
94103
75912
33400
91106
76065
90434
19230
16537
48225
78640
66280
51877
73910
81971
16672
9337
99208
62329
14685
12157
17650
99291
95193
42663
82282
52743
18410
15144
72206
90424
65216
51074
75276
12161
56346
69175
99501
19337
26661
92893
86848
38127
2290
99982
46207
4111
41106
26620
71264
64413
21936
90850
36858
66382
41196
42901
35730
98807
51536
50137
61057
3021
32496
48944
6435
61771
95267
93133
29791
34449
89496
1479
50318
58601
85335
96073
10826
294
10902
87078
24213
24933
52
16458
62370
81685
1813
8971
68003
41267
8731
27806
67825
65134
93661
20326
21394
11018
30119
71016
66986
49312
92525
54714
55776
59778
31917
1881
36523
72987
47584
77242
62778
11477
24957
56536
52189
61301
94795
50476
8531
27424
77216
64891
82064
67393
1786
14217
57739
84451
36569
45483
39426
12088
3288
79130
82762
94076
5766
57540
47222
91380
79685
97180
95907
71664
93151
76305
36287
11728
53727
33852
32532
47234
5235
17812
65844
63689
74460
20796
64098
98233
16559
61691
78747
23135
52172
72428
79839
95998
77816
45676
15872
63028
34233
63568
99814
67451
4461
7833
11836
84427
4487
65792
6714
84828
82728
14860
61808
73962
24982
53187
45292
74385
10523
55004
90601
94712
15197
83314
20980
42314
90389
59861
14939
83103
30223
74779
44533
4761
9949
8084
84936
61674
51767
41435
21051
92019
66323
78120
63384
68199
44445
31330
29341
90447
56371
47538
33984
16678
14272
12563
93789
19620
147
66405
32669
92376
12123
43328
40292
54991
28417
94822
93751
35665
68450
48209
88713
83466
33863
27884
72609
62790
80291
53182
88713
39094
26345
11712
94389
15279
38376
55088
35597
35409
88772
19550
96921
12805
34417
79652
47401
39136
46318
22322
29086
33381
9532
83495
99384
50054
95834
93148
50909
67274
69535
18970
48835
25066
98066
8044
30970
16022
45737
12303
50457
18261
37949
2725
33955
39017
2534
23113
7830
69201
69912
53181
34480
1992
47130
78880
73437
63114
23743
71899
8450
56023
17506
61018
69088
35568
99683
91832
21317
50591
74360
63731
43188
61555
86546
41438
80079
27528
32110
6101
22079
5061
58931
33451
54689
74623
13679
70944
38668
96859
2697
95598
4674
41265
45730
57443
92819
33516
74734
12329
76457
35150
62472
72416
97844
9136
3031
93165
64722
39974
66523
20075
96793
66721
98035
16704
12741
92878
82575
78635
87769
7069
95277
79929
34579
74812
38163
20599
4433
42497
88424
44322
39002
7142
81102
51482
42411
48015
74687
54165
79070
51367
90756
78224
57784
60136
98828
73184
88208
15386
6063
76230
60247
44339
2560
10560
13608
63708
54664
83869
71854
50804
51716
95849
588
2669
91037
82726
41581
59380
59232
81659
99785
79663
41882
29126
30032
78559
72370
82478
69334
28389
41507
93012
54139
60065
67252
80583
60854
30933
26485
81430
79709
25416
70488
33856
53396
76006
11914
10823
39279
31365
6061
31043
47334
11170
48595
19859
1332
66506
50489
9391
61100
9653
85853
21113
96761
77804
21150
68625
48175
93803
20879
75432
62355
46946
63447
35052
93668
88629
1224
5921
98437
91747
5305
57521
66697
16452
98179
75515
87513
24652
75700
65223
14308
81836
94708
51961
45252
39128
31314
62980
51401
34594
2185
10741
31396
1701
21460
36464
90130
78750
25323
3737
41475
2421
6522
67369
42694
29369
34396
42624
95763
44649
74521
68601
94260
62576
15257
71833
76977
51336
1252
93697
12726
5214
94743
98852
50211
29302
68357
64018
77361
98469
76840
79442
84252
28509
81538
66318
54033
29190
64597
54664
24117
1222
50330
22539
88687
76995
16386
82236
29843
26016
89063
98127
23436
25988
27822
62070
86630
94712
97724
7988
92053
80494
98546
99056
74501
49119
24230
92165
96575
56909
17855
72150
91764
76071
72205
62111
86089
63147
48994
68710
63295
33925
82481
6993
19710
34838
33314
77937
63550
97584
76591
27419
50578
90717
39166
22872
72785
24512
10810
26258
25186
16403
75856
46703
72803
69871
5316
98234
13462
23530
39982
72444
3817
1659
88981
31210
80513
61401
54373
94616
87714
75201
25104
86955
75100
43062
62815
66252
19701
92323
80690
21913
86832
58844
87516
28885
60824
80675
84468
50304
57003
87782
30905
95841
11109
93829
33734
22079
20327
4369
92366
1231
9124
22608
81332
2504
37096
49246
59561
32594
29253
34669
61506
80893
68476
2893
92822
96238
53284
86758
61905
56692
27738
54146
83000
94553
43238
82312
54394
77492
36805
17411
1230
16347
40376
91873
56527
88501
20489
98103
75025
20014
54005
23362
96478
95876
17978
54504
44882
45214
15774
79517
32847
10588
61081
7521
96062
19817
97185
88423
72899
8941
2320
94545
65435
82335
28660
75831
61045
12120
69490
55366
24746
63714
25464
5189
99578
6384
85470
97106
57540
50471
67960
811
35298
69914
10363
18185
42751
12659
93641
93927
29526
87245
43131
18816
10888
12479
47402
69078
35194
19
19577
56527
27592
39508
29763
96122
49514
55301
33949
95856
20386
22671
14823
63061
43934
10835
72404
49789
12976
83005
71795
90379
59367
79897
78810
90293
83082
74783
11662
15331
68977
53930
15058
87446
23936
82887
96937
50182
91393
40617
84809
39556
70141
49977
34174
73790
38262
40874
43544
62497
30308
26187
81203
17432
16586
69013
51169
35602
72660
46756
80470
79202
94064
31363
42479
25344
12870
22080
72671
55469
9909
4222
21912
98547
29451
72649
23922
28459
97568
68197
89468
63768
74704
2335
28924
68401
39219
11845
11556
80445
11995
74193
60884
8118
60873
55264
17925
51183
23245
8418
19993
1074
30328
46762
59517
18370
20287
6756
40215
87615
88367
83334
78194
48616
59015
89663
11171
88571
79990
80013
48600
18104
82706
15403
39260
33124
9906
86918
6505
57032
56585
93393
70730
40345
56415
95887
36044
62099
44750
66381
29921
40575
60406
29778
28752
7636
82877
2510
81980
71577
10375
41296
90671
44713
61485
74964
26819
41583
91709
78745
30318
86448
27342
72209
74215
41384
50623
18801
89945
41292
38603
4136
52099
71663
2474
70669
53833
40864
69319
30449
88155
66768
39737
38387
48799
86738
27809
39282
32413
59835
46495
73981
21192
91849
58673
53894
63044
1184
69450
37270
92216
26415
10442
82874
10162
76498
41343
58810
87313
72112
31576
91210
10419
84644
76898
10202
34299
46169
91713
81544
84190
36686
68877
17077
32971
73977
28390
18037
12308
63368
42965
54208
97502
45890
69952
82054
25857
68268
96746
22911
22108
34536
57221
24799
3544
11384
86644
40969
16855
7104
36290
8731
11161
89673
48601
65703
31275
50914
1248
28897
3308
79425
73012
48148
66301
82856
58145
17072
71109
95682
17853
38910
96414
25868
49537
83188
42688
39696
74213
70115
91911
58157
43767
88717
24611
17587
8984
91445
73628
98506
60467
70735
80736
62866
93818
64822
54827
76900
66687
29724
25330
87384
55661
15644
26764
83936
10112
10251
99517
8754
99303
99117
68384
23427
87252
3076
24816
8462
43358
85892
52595
16563
29364
40513
59619
34045
67645
74730
96091
72572
10160
22447
59771
58993
33229
18428
40408
97256
74903
17290
11971
44095
46991
4427
53108
14949
24302
34692
23955
66654
63678
37175
61986
82819
39382
27229
64106
21414
93776
27827
30401
56499
36456
63692
92629
61073
39251
39684
50744
5096
42458
34324
81928
55677
33841
49249
86425
40889
70616
26351
79873
98920
77966
95539
42431
69149
37293
34151
32361
42770
67014
41494
90609
73996
55514
89911
60500
57022
13810
40182
52191
28836
55611
6029
64606
1296
32545
37875
25442
49666
93799
41451
44141
3215
18273
76669
50013
25412
75278
51201
65875
6436
67765
36567
91488
3469
93626
42196
22219
90937
28541
70039
5281
63873
73456
26970
73305
11931
84595
46852
94787
33604
52654
15803
53676
85688
10058
19447
73456
60158
38284
74033
65021
74209
19855
72058
71968
41113
95005
34120
64591
21897
8042
27627
43090
33633
557
76190
55759
96931
64187
2489
68688
33922
58434
24131
56786
78503
93983
32421
52365
90830
21564
4058
9019
80717
92521
93346
74215
43412
99862
70582
24148
11727
41899
83766
51527
85897
53605
72861
36753
9227
30157
84246
85949
87010
79733
39560
95347
69503
21810
76461
15078
38007
43601
95168
87552
12651
39320
15541
42856
65474
73530
81506
76205
