8265
44268
31094
23264
44038
35196
91048
77530
57528
72079
32919
48410
24173
45019
15656
85084
13234
21220
88234
83011
56437
24306
6722
6745
96020
64708
31092
93747
46497
63006
52748
71507
60149
97278
49158
9000
88205
21421
4480
4753
79494
57264
92761
62782
34065
81982
2278
81719
12915
8780
74353
33366
99451
8900
66734
96111
27584
37173
76796
49936
17495
86435
69076
1155
4206
6271
37554
2800
51752
29841
23069
62751
3765
95089
54836
87452
94861
22550
75862
91571
96906
48678
15054
5595
65279
70412
5114
81071
68664
55879
35926
80439
36463
32254
23562
75845
61000
6546
10893
28635
38762
88172
28692
71019
34715
33174
50842
59574
64406
52870
14158
33077
15339
32116
88756
84662
66580
74476
68057
89758
63312
80639
97047
70637
318
76980
87616
6624
38231
1052
92618
46191
61927
28195
18360
33142
87594
20450
38177
45681
40384
17938
44416
19969
89036
58139
36087
55659
2415
3402
93248
37632
58299
29345
62481
73431
58263
80968
3019
81365
99151
53825
84288
18927
61460
88441
38942
89607
23191
19035
50364
62450
82173
27102
15072
66810
69184
38207
68331
9887
30819
49769
90018
68984
95663
20592
4858
78519
45134
22686
42078
98443
88899
28581
26944
40799
45092
5235
71802
34399
79318
80355
47679
26171
60004
36207
23556
4484
89371
