49212
42754
96805
37951
52602
30741
18223
73758
77247
48617
87037
53447
62104
36886
12581
94265
85074
42901
17774
15103
23234
53948
63043
3222
16421
70164
49220
73725
42433
63768
30455
86968
42634
8107
37820
37089
59552
99190
83806
65612
88726
16382
89669
73172
72942
4702
28392
68775
87647
77894
15167
2155
36376
48944
44919
59148
415
64538
81759
9764
48114
61765
60671
75941
22319
67337
97193
8934
13135
58579
68071
33127
98988
16764
23508
31682
85060
35655
20039
50448
13206
70454
92873
37813
81865
51561
59848
3530
40683
45077
7684
77861
83415
77341
25926
51111
35088
65840
97873
23138
45898
78591
81584
95972
78088
46232
46191
65796
83839
6499
5670
25704
20378
86521
73456
50577
53207
80604
80378
10372
63982
67672
94806
87701
71314
17716
68367
13906
55056
61780
26167
98185
26453
66510
15101
12279
87468
294
20410
85006
90052
73289
26218
81506
28623
52995
16824
64625
15271
63485
65201
34253
49484
37366
25659
15047
81961
72477
57663
28313
39124
11048
65569
95823
7507
63604
36336
50387
1020
28314
20729
1621
15157
92554
83190
30259
8218
24839
43492
93482
32157
46335
90546
51097
9288
46533
95125
45230
27358
33356
50328
79856
21503
42850
43025
9481
16202
44358
73199
6733
49693
54344
55599
61099
27064
16956
83918
47439
49375
95483
22969
33169
53566
8694
6240
66942
32583
70103
92297
55040
99062
65046
90944
16333
5462
63956
64076
2953
90205
93080
45437
50073
84306
69316
62754
54662
49935
65715
19735
74473
97601
39505
89211
23705
56204
12022
62047
38414
18924
19425
79451
94961
81910
30510
68155
6466
46941
35347
93142
59429
92592
97821
86527
95498
29216
74785
87092
48440
39872
20449
51604
28694
17253
65918
57678
95638
12877
50901
7732
44862
55036
343
86062
11699
94401
54760
32683
14916
84439
95764
8211
48080
54247
38025
93847
68310
19595
65333
97354
93015
61933
10269
46921
67850
6862
38326
14741
68572
82019
87108
65282
4897
97082
80845
34535
38363
70522
24889
53782
27910
7944
55753
29606
17342
95046
9616
70987
83214
80502
44274
36232
69622
26684
9688
5530
8856
77249
38381
94229
14591
90324
41113
74861
11884
16587
13879
66507
90334
70119
43028
68511
13469
45205
5927
77876
40356
5265
23687
31039
80681
73221
61678
92913
47561
44431
54728
2316
99221
93985
96119
28210
79347
37698
77127
9145
30195
97106
37033
13435
94191
28810
2990
53098
30365
17858
97602
36577
1556
73068
75330
75669
93081
65149
85691
41770
29221
4396
41025
90082
97428
51827
12648
32080
13325
44371
49347
99755
94057
14676
90903
71550
75170
3753
17946
56316
20729
80306
84813
60529
51780
74107
24436
51539
69874
34242
63470
52535
55356
75350
72821
47936
18571
13498
17012
63891
77120
71273
58112
62886
34467
69012
67156
35542
75787
26247
53549
69400
38822
66825
73310
58151
42887
87074
90033
82492
65290
66199
99067
84860
48932
60113
77627
57259
39883
13147
49999
36222
62559
64330
81714
69742
72213
78359
24342
69321
51230
66536
13978
74338
43320
64813
81864
15496
41584
89605
78606
97333
17747
98785
19030
21661
2864
89760
55396
59654
73419
42394
63884
85942
82176
6617
54606
1704
26386
12512
687
71993
10384
38159
51669
63295
93058
50975
8670
98136
41014
47432
40414
78656
26369
77123
56851
1309
22676
73577
56902
6005
29437
97274
65473
10975
74519
27129
19367
64759
70767
54900
43701
95370
84563
98146
91603
3697
6297
86374
61014
25563
4362
16592
57909
80227
68297
41666
90534
72257
11172
19535
85941
38460
32470
62495
44256
17789
99830
33776
74130
72319
3807
17303
36762
54818
76477
37700
66695
88926
25329
37923
40962
74389
86113
6175
84168
28929
96735
90657
33603
32045
60852
77814
25060
63520
26217
52814
7391
32115
29554
39457
12002
72836
53912
20108
93459
62691
35009
50489
35046
69258
75421
13469
43384
3113
70864
19546
56810
9727
28855
93509
28285
3205
4697
5794
54311
41700
14764
44555
34384
40519
28096
23055
57836
27563
43596
6968
81620
69586
12115
42373
20867
35703
45458
68597
24458
91228
55177
56101
83952
22624
99972
62321
24842
77196
21861
56087
28115
84652
94512
62361
56840
11547
95699
38240
74978
31223
25423
74046
47793
42643
27303
2380
41042
82219
83044
65394
53581
65298
30658
60677
36461
71688
89339
88778
15900
13480
70926
49561
41371
85213
20556
72444
88731
11252
18047
73527
40443
19308
76823
86498
89662
39082
30577
47826
20776
39049
9414
15510
1173
53839
77358
13372
28598
56891
12208
75667
85865
21083
61703
93420
90163
73145
80114
16602
32669
36661
80760
74616
90057
83694
64789
24009
28911
31258
91206
30683
60280
19030
28685
7877
22454
16599
91106
36207
6846
16254
67158
31889
70051
46249
87300
64148
5360
34631
18647
1780
71298
37956
70482
52583
28256
7586
71360
46263
95543
59656
1305
67147
76086
63956
46221
26404
15491
49805
21168
40195
41593
56340
82402
45736
8767
60824
92858
33621
11621
24744
89390
44880
32797
46019
59105
70696
95284
27019
36138
56655
32780
71992
5245
48582
42455
91337
28505
46646
40626
65814
41837
85466
28892
61985
68295
21659
94769
20234
6427
16691
93895
80162
70028
25938
25156
88695
23642
35327
97146
9806
97960
67702
46113
57550
74696
88240
72815
57561
86598
24352
28630
68854
17998
71130
44122
98153
36123
44366
35789
24101
24765
21682
72969
21080
73861
96541
62794
92292
176
79952
60261
79277
98894
13743
38345
82094
29614
67597
86833
17670
72168
13926
52130
83152
88262
50757
38439
56433
4847
59238
72071
97387
41138
7894
4864
20654
6092
43798
27362
8269
24407
36895
97930
4526
71023
50879
72441
68955
4865
4001
99281
23574
11570
76875
4012
46346
23849
93953
21720
91772
23194
43591
45459
72288
13584
17091
23871
81896
2038
29665
20898
41527
86147
69456
17852
35444
23936
36905
5894
98938
75382
46864
61828
98732
34265
5716
51654
24454
74219
93680
71937
23983
99822
79796
7140
57962
7882
4445
89306
47499
10455
49344
18556
36582
90536
26375
45232
4260
91092
96594
32770
3567
98018
64351
77565
51277
8464
35972
37
72009
2912
99544
29140
27596
63296
17361
24112
60043
30036
81833
79686
68058
53122
85178
17477
47102
98618
87496
48569
73760
31616
36158
31874
13630
93688
44144
64688
65499
87468
24575
50813
81047
42845
98716
50472
51897
79203
87812
28073
8136
69955
25993
5078
52281
55340
75825
65105
32515
7342
66359
31979
66478
74616
8464
8122
15530
62572
29992
98578
13532
44993
16363
80931
42547
45588
71871
82478
14841
49901
43118
42917
29317
98153
82690
17822
8301
45129
66473
50932
5272
94454
87640
84923
89618
82448
60140
3550
11993
55954
57867
99254
63636
72131
93321
2760
80387
97275
64071
96348
94449
18575
77750
56534
64198
90012
35736
92371
3449
59820
92583
95938
85059
15400
70576
92796
10126
91099
65911
36129
10701
64766
80734
62641
72197
97893
11936
31203
63145
61189
63351
71270
23011
90528
59805
38513
61710
39535
37424
83369
27713
37706
6287
19919
21894
85239
5473
23171
9160
71405
22805
10105
64458
83012
87267
75574
92469
2204
23281
59335
57610
5222
28850
91646
789
9714
78474
32971
1986
47830
54764
5683
44842
33431
91044
92047
44421
30807
67024
58435
17507
32796
19017
50361
57526
69657
80256
70841
99719
70715
97571
93864
40009
88722
8414
59739
26987
66970
31390
15510
63366
2981
60786
43621
14422
69382
35306
73781
42502
71293
73537
18544
14052
62330
80887
26548
25235
50800
14359
98671
47584
25719
16984
68313
83532
85149
56670
71214
30087
65387
83040
76263
15614
48
8932
12915
65131
8940
74311
63255
74987
74715
81081
13823
58030
42748
70628
54079
70727
5852
58957
74731
10018
96996
20116
10352
7349
29532
42582
40717
6671
50074
10226
67057
59150
85163
83336
51890
91789
67613
43708
15655
77209
93767
23546
55171
15141
89461
53364
97455
98612
77651
89543
75394
85267
21590
47420
8863
61673
34434
39242
4812
52038
95067
67640
19946
8729
25291
1376
50934
19934
78732
34031
46843
79188
4595
89513
59729
50157
62778
27498
68694
62110
64681
2311
44103
89206
65280
92979
82332
12684
67202
39614
27773
52145
3681
9687
70117
70308
67491
57522
43857
75972
62446
40644
12965
23552
79669
59499
83132
49866
959
40747
11753
94411
88176
73651
94063
23280
87446
18910
46969
28897
91954
68982
15575
36530
67905
46866
46389
95059
56551
19456
68378
59426
34807
47230
42490
41345
98176
80002
61688
59681
15927
40570
65692
17021
74045
93774
72973
50052
98702
61633
37099
34702
42022
72406
34603
70543
6639
60302
98800
81290
44011
83728
92258
55357
20154
72066
91406
47674
19433
34420
46554
66933
2263
19068
62883
54361
60613
63483
40437
12534
76378
51711
92582
12501
6192
51714
87631
30572
62974
16239
62952
15148
86371
14500
72095
61463
65228
13235
85429
26064
95714
79683
86197
85259
14515
99828
89618
37923
4827
77664
56476
6410
54543
40028
63902
75803
29061
91966
76279
82091
63971
22328
75922
61118
52931
9122
79653
59126
15072
74870
69027
50887
33633
48949
46142
47301
39550
33703
81757
33023
96051
8384
51893
65221
75648
72125
33351
72676
57882
88398
75446
57074
6770
83886
63523
9540
90112
99629
44487
48190
50412
8687
90508
31202
58456
38252
60648
393
18989
32760
66423
26192
19265
25662
5972
16682
45634
1574
55764
7315
87170
62838
55872
19748
72606
18292
95469
4738
77165
60937
43993
9329
39649
18304
61219
58087
77917
37198
74503
96091
3156
35180
38742
80443
25849
63136
26158
66429
54441
69754
99003
15885
51697
29658
36905
80774
83516
87598
28261
97468
89309
22265
15407
44629
68694
48048
83518
77144
50851
16574
82160
46205
18630
39143
33676
53060
37424
76105
16823
1954
14440
22782
53039
85622
29819
2142
56583
16122
39776
36450
15967
12565
17670
87139
93214
31277
50813
32641
71087
93434
18846
88927
38743
7285
69208
16716
83855
48559
89976
9885
66369
76798
15220
62133
69603
15634
15316
48390
68139
67078
63549
1041
26958
6322
16764
71082
4986
20766
18091
15031
52492
36176
77315
27959
19342
31590
83166
98623
56145
83231
60103
25951
58019
63988
12641
16068
76108
88261
64976
71287
39371
79533
90568
5154
92072
6359
70417
98834
41686
82026
54547
76055
52615
8704
11460
60873
52075
30165
77579
88069
90567
17562
84368
38389
80686
87848
66946
28398
16351
14834
98340
52467
43834
57108
69909
27222
27904
57576
5370
37503
86406
8311
80043
97637
55445
45356
53431
17657
13890
18756
18004
63682
83365
85762
58887
93666
65432
77887
684
49816
79950
6462
56835
56831
24077
4510
60855
21780
7881
50600
39660
85461
17567
68008
10436
88772
12043
86329
35182
40746
16486
24889
64397
7737
39711
91292
64736
42474
3764
31868
69203
81157
98830
88397
13185
82815
93879
99183
68675
28286
24825
39965
27738
50008
70548
35554
82997
61401
13499
77707
895
29602
73227
63319
92265
59983
72457
66795
91823
3953
24215
19203
52842
21114
59475
23075
9394
5912
79821
6027
13965
17976
17634
44777
7672
15372
57433
98984
41712
18119
92730
91334
45918
16740
72518
70755
51005
64039
52279
83669
70345
7515
3604
60825
12646
76571
465
56611
43114
51596
36449
51223
24552
77159
22169
20881
26842
61109
94243
33118
6090
75314
91259
31501
46077
60436
97578
92608
50300
86565
36572
40508
2593
25164
18336
80192
31290
1291
78620
45043
68125
79745
98890
6422
75433
30414
88146
84696
6196
9207
88165
96552
97974
96256
52948
48901
19185
50646
54571
63602
98172
98191
49742
88613
67754
16008
95790
99966
21308
9806
32999
2133
90368
47513
45529
68524
83971
47410
36578
24900
13818
3350
79444
96171
70089
10546
952
74098
54895
51726
79838
71229
48846
58022
27776
83540
59770
61267
73042
40631
65694
85065
86696
41390
12677
98169
27077
60509
73259
75159
30394
96599
60705
49590
79747
40874
90711
8943
59866
56376
29577
38240
86295
33190
71465
45457
95973
57356
16421
76881
41217
84909
9460
99648
79185
27073
93314
99462
42175
82574
88853
21184
5745
88886
56796
54587
79655
64713
31955
42776
40976
74938
89557
85808
92712
53904
44959
46513
92722
33299
97821
16615
95278
7654
69107
92374
20120
50228
16714
69570
79389
33378
32725
92946
16474
91236
70975
45385
19923
37356
30546
47796
90924
68062
33830
73282
41224
47839
55525
49101
62907
28427
21559
89239
34862
38821
23855
27663
90031
46409
81809
7315
3858
30654
34238
55472
84553
49639
4158
84868
48219
60312
50312
23557
89028
56614
68913
36186
95816
58263
5806
14823
62773
16921
81832
95142
7028
61102
43036
26640
95179
91269
98795
24412
12211
1924
23877
14430
36657
5217
29869
50513
90580
86960
37289
18991
4234
81751
92104
84316
63646
57277
24784
92419
67122
28545
41571
46200
47221
53222
77005
13693
52961
1356
38061
80096
97555
41882
74813
64577
26568
38935
15200
61650
91985
8217
5480
91767
35315
36980
67008
54252
80989
94100
73020
69382
20679
7750
57628
72370
13091
53424
18807
2073
16995
14657
40393
5221
82727
7171
98171
98237
92768
47853
78444
35436
18822
12949
86297
6528
96243
32643
92878
56847
22010
39104
34153
38163
93671
44429
48135
58710
18421
54160
96653
62249
96294
43658
75573
92238
98210
75940
6131
44565
21999
96647
74275
24035
32360
48618
39474
5039
99262
71110
15269
12455
4872
77990
14313
47727
14280
96122
40088
54665
7068
62251
2564
60112
97758
55305
45892
25598
10072
63039
61433
54382
27879
66088
50203
15100
76939
5723
76709
69928
15848
38050
16057
28313
20668
32521
31569
69694
5309
65521
42755
64720
27022
26724
84528
47123
99230
76323
74538
45339
10814
16346
96608
81195
88317
91253
63271
95225
17154
51533
50566
40206
37252
35227
59230
49193
76041
18829
78708
82531
46777
53078
21437
58477
64607
48479
93061
3957
58460
7195
18779
136
92935
85081
1373
56849
12453
16818
35323
78592
58945
56803
35978
34853
12936
49492
83336
17500
11459
77558
74151
4931
10034
81260
58681
96709
42306
39392
91286
83259
21803
12439
53548
841
83528
69246
61507
81604
50035
91139
68523
31283
5212
2593
44293
33843
86694
61427
67948
86516
45759
43465
6334
30881
85082
44856
52330
11421
25803
67020
84824
7784
36126
52249
61583
79842
81716
41071
69671
25190
15867
91884
32140
75255
56968
31019
13579
98041
77972
6522
28540
12278
47280
39689
64332
12033
28487
81982
84678
16343
49359
43078
82494
2241
56682
39494
95866
67254
4287
31215
85821
42302
3857
59632
93233
59057
54681
76101
49711
10077
62756
94254
67150
33191
18699
89466
60071
10953
39083
3842
75617
56985
12033
84946
60477
27690
12900
41858
79424
40235
68766
3331
67672
29870
67080
79380
69549
53476
94081
89492
9126
8803
14123
28754
6165
8137
86435
7233
91488
65178
68731
47079
27021
5573
45077
37301
89993
33286
33662
70960
46613
72772
2916
27981
21837
20794
5686
35420
40790
34067
33111
11707
46820
42830
44254
36428
90469
27874
54701
37985
42574
42298
46411
33939
31007
13793
66528
15825
19381
65305
81453
69462
70829
24005
53318
8435
86640
64743
35277
65068
67615
54020
9804
54591
26140
50371
69615
46110
89074
68564
18843
92382
77187
69357
86415
71368
89548
10416
5078
60108
85110
53256
29637
68790
48156
77970
26039
42297
39380
96345
63139
2119
18076
52953
12950
47523
75587
92741
97747
45357
36177
67653
70372
82940
2451
22455
93531
74283
63367
38485
31273
61450
28128
73399
97658
26613
22167
21871
73547
51361
67982
59635
97770
19154
18146
90648
51113
9323
91053
95929
18974
16317
33332
90935
14105
35840
91348
39738
17730
78719
79364
22934
86927
47021
71847
74889
14912
69526
77232
8480
46423
61777
14258
83418
29783
43217
44259
51300
56184
4027
68717
96771
3363
20690
27537
74800
46192
38413
27704
59997
7738
30090
71095
59510
60220
57179
40062
44963
22411
15487
7581
40713
44143
87020
85331
63825
29758
37640
70773
52576
50711
34935
81496
31781
51672
95087
83131
74130
5885
15079
39315
86530
30454
90254
94132
17784
71587
79128
18265
40520
72302
15922
5809
23983
61477
95767
85734
16028
37587
4411
12267
43442
2586
75364
55329
77766
69776
77241
11366
1731
57363
33299
75483
42029
87369
9008
5296
32770
72600
71846
54894
7804
81535
65012
25248
24372
33967
31636
64831
98561
14058
89165
53465
75965
41622
86725
21725
36968
29790
62740
46630
42598
63558
92692
68898
34275
66024
77908
2301
92375
59408
203
58799
84837
67024
41225
47326
76349
29953
83241
21393
21249
69463
23075
72115
94821
96191
6015
68256
24943
3736
88836
43855
55934
20843
25934
41948
9064
35624
46621
9041
82651
58910
25738
98288
40996
16727
1557
4544
30894
92622
57049
39857
31427
21742
14529
51373
88206
77288
22516
34494
50144
18480
36204
91766
55793
69365
15525
82910
83135
65115
9040
23167
10642
69751
39335
83815
52192
42214
91675
92088
20459
10378
35145
65491
94440
64354
97835
17852
52668
64421
22026
71306
14463
32283
54002
12717
61218
49784
7870
15612
47980
81654
82738
58363
66784
23214
66919
35878
60347
3634
39584
18716
62457
69930
17564
13130
88919
63689
97125
36466
88531
38923
87589
61945
40079
34509
4760
45674
74069
15529
4860
71690
19060
35181
25476
14329
68681
46103
69869
16449
52121
63343
52616
78975
97818
39585
65878
29291
79985
15253
45394
80005
76534
70029
67751
24734
64437
46810
65282
15776
93645
27931
76675
56315
90491
56212
45069
10637
75249
65543
81981
63853
42079
77329
10519
82933
17139
35267
539
38793
5341
80347
71575
20904
15883
46495
84982
75662
47060
34902
65622
34211
77232
4995
46423
83812
16900
34207
78992
79116
14940
11985
24795
76702
85776
70028
47408
38066
5545
63909
28400
97594
73885
99760
59096
68815
61749
97462
27957
39869
28144
18037
82166
57640
961
87636
97885
74041
17108
89153
1936
71049
86222
66026
28652
48456
52017
43156
62521
41482
9726
36987
29656
40816
9909
51462
86936
10254
89593
56966
84008
6686
62511
41899
1512
4961
70372
41315
6040
429
8750
96432
68530
8439
55787
85189
79283
51038
57734
49693
87124
55122
54520
8599
20247
26303
44426
52626
9469
26746
28121
48513
39092
84518
25458
30955
58574
86467
11165
26083
54221
15125
28247
41374
18586
13612
25239
25462
55668
5557
60146
58490
80230
25884
16249
16399
24625
53244
33824
9416
55273
33285
17178
68029
83324
30089
93984
55179
9004
41283
11536
20264
28766
62276
12530
74273
50219
82876
33878
10098
91540
14657
78841
11073
11282
88734
96551
83543
93163
92667
76602
5436
60961
29893
50624
52270
36868
12123
96122
41629
59496
50708
12001
8775
96529
82895
6372
95083
20906
91353
60780
91276
28150
34805
77024
70948
42718
98379
85668
88898
44392
64080
90140
41730
7625
4301
44143
25479
44913
18575
88487
18647
66980
29034
26676
45203
78121
22314
42160
5873
34652
72696
77437
11865
10814
75622
3499
99704
46668
92983
91638
45444
51885
67374
85547
15437
28772
31377
73579
18940
76646
27225
20169
37611
28421
41209
17709
43936
53067
33001
30811
11208
91682
31854
21709
56268
54704
39143
61117
91026
3297
2807
9887
50706
55964
48298
20779
97171
759
41925
3608
66882
80743
38063
4708
41774
39503
94198
11856
11459
27993
29023
76072
49794
4131
63534
34913
21497
25489
71662
5147
15140
88001
76413
93317
94431
38299
21079
895
99878
6598
88222
50459
42572
71896
38211
80317
1972
94854
8019
73986
60528
38617
68577
47132
75956
76130
89260
20219
59093
3684
84428
80680
37539
20111
49919
77259
20064
19437
18954
20108
11836
64021
42446
40630
70767
95870
8521
10871
24561
20685
44134
55429
94330
43695
20866
78395
57905
84482
32828
49728
37267
47501
7064
8200
99075
464
66511
23156
78056
37463
56567
56629
21127
79752
79275
16238
62109
5467
80951
75159
66489
69097
11618
31966
8117
5597
77399
56488
36527
54568
30706
25557
41192
6705
77124
61025
19384
28713
91843
49830
32971
31355
34738
89183
22492
15202
22184
54600
93069
16918
72191
66081
86112
44798
81627
16657
9877
97449
35060
56455
72033
55064
15426
87708
42567
51315
91301
87124
28981
58555
10510
16164
29726
72767
24398
49965
62831
45673
24857
50790
89585
44464
31605
88792
17498
73360
63301
78658
93071
27702
68877
10461
69370
20597
97441
61498
90980
16727
98446
6472
6448
65421
34757
93266
28084
86151
43839
66564
20020
65567
16306
47150
7197
60655
67311
9057
82363
22019
20660
22422
44759
42217
76565
9326
53136
11461
23746
51764
41844
32865
99508
5599
64412
21250
30746
2515
30882
949
95003
73031
40511
52520
79207
11298
12997
58742
53855
45823
56310
11066
18237
52751
3904
9189
51136
74941
25013
97482
33080
7436
89771
18806
58475
22141
53196
28893
36930
44973
66043
24847
98740
77211
20932
61194
95724
73671
82302
2409
34393
15894
92833
59546
7698
36722
7902
85358
19620
92559
19775
33673
4249
2088
36635
24953
3879
59303
98806
14563
34578
94787
58547
49080
67103
46276
52247
43271
57366
35586
99036
28557
86226
22827
30542
90727
24969
49572
54693
77640
62675
34087
74624
7206
51961
52138
16026
46350
21179
59488
9516
14488
28637
69497
23487
91157
76495
1349
9804
78884
75032
49398
16114
21061
31774
96034
29234
53637
13877
1095
69450
20631
16674
57610
19117
41572
64842
79960
86972
79769
25020
22317
63971
99487
11575
95155
3794
36936
63385
75618
49334
36133
20390
1894
5076
37589
82097
61534
36353
37079
9354
13313
19553
84128
89380
63323
74650
77736
92865
36661
49460
51935
33053
65458
37071
99422
21204
33877
21505
71063
84401
34368
5451
42030
20276
75448
2198
25633
3838
8196
82287
68899
30812
27700
3325
94630
9038
76639
23579
37622
7763
84228
78294
26115
56115
48082
40068
59895
67016
6211
79359
53926
66282
60387
59613
45058
27702
55790
56429
71470
38842
22103
91600
54891
49535
98278
1522
5102
87060
55001
24388
88498
80147
84523
15223
63498
89970
51601
96566
35311
99560
23105
92288
72503
71161
13870
10593
76583
15072
54030
90157
91167
16377
81820
53912
72147
53672
63321
18933
27771
44937
38222
78248
69568
15157
20588
91978
44694
88813
24917
69209
46889
79142
81875
30873
72336
86290
59589
16299
51039
62247
93531
81929
87224
12366
21783
12603
161
18058
86579
74265
66128
58530
53345
7037
52163
68333
51853
15363
80621
91289
85055
20385
9739
40408
55421
67645
92308
8968
19501
68912
34158
12094
56312
27413
45374
86766
91179
78573
55415
37049
93462
94610
91732
64691
99511
86518
82272
89199
38129
14071
16210
28266
67861
56321
75831
23537
61795
66177
84328
74160
74378
75970
13498
42904
16331
69477
51732
37132
79068
12769
34810
15017
76744
92789
87496
50671
3699
36262
18299
10480
32092
47546
39850
48531
15835
74383
78738
81189
74185
71128
52174
95550
25471
58421
38885
88171
28503
10287
60798
77501
2287
15533
42446
1614
80876
16565
37682
42347
21882
1218
89528
14082
69490
29406
54840
28137
99668
24573
77920
4904
47732
10263
73356
47397
21553
3679
67061
24171
71904
74276
87584
33461
77831
53891
23351
51996
6758
27911
15189
22395
11056
90015
96987
95547
98902
76442
1856
46720
93285
41537
21125
27247
70406
30128
91077
10778
44099
53875
54219
88554
34250
2202
34239
31720
21545
93785
86233
48168
9593
23326
31894
98226
81272
52079
423
3374
90990
6751
14502
63819
817
58061
6340
74220
96132
43706
7454
9681
10682
98181
42062
99453
48665
65252
37022
85737
35065
86593
45751
10692
68139
51502
73719
83525
83958
98919
86049
9519
69053
12515
91279
29471
35197
40022
45506
97205
83730
60774
94010
78781
18265
31144
37025
23833
20784
41047
53441
45037
33530
46128
86518
40710
32575
68268
93086
80487
47536
60443
82029
54770
71911
51098
98749
76560
48684
66352
78723
51389
36341
13899
54365
4723
39301
20754
19495
9873
10037
76998
64076
24231
59665
27098
17690
17729
72697
27244
57166
39182
49319
54623
22031
29067
36208
57942
76663
67569
51491
32335
86443
39256
99503
3610
24331
48134
72194
4149
95269
72377
68555
17445
1988
75596
26049
46867
10918
44073
8509
71296
35276
86795
51073
8551
27594
88335
11036
96045
6974
86615
76678
83463
41469
84218
4997
33545
297
41036
62803
11302
75103
5733
97782
98025
94924
12432
9167
72207
98080
61458
22894
57822
7483
84949
54498
7302
81955
24497
42927
43571
68472
69526
22456
85196
36927
83768
7932
68555
28922
12150
31260
85529
67576
19081
31898
56646
51465
39494
86110
53121
3306
32465
40338
57786
14239
4062
4013
47026
28350
8484
25869
83451
53416
30145
20637
8818
72275
29252
55126
99125
4994
5851
33346
26306
94390
97145
22588
11694
78205
36099
57650
17887
65609
43192
4076
31975
10876
44027
91239
64893
90591
80766
88986
313
22610
75629
31546
53196
68125
85044
61209
61466
12357
14541
63657
50933
73691
99626
65086
54967
89934
79003
15857
84348
14049
36221
86592
84793
28535
88288
92307
22333
67178
69587
31002
77506
71547
81485
52499
15344
68035
36218
83303
47567
95016
99009
75092
27558
23948
22735
43813
95477
83552
99714
45245
48779
17141
50291
63954
78917
70771
87872
39574
16068
49570
5781
45202
19690
49445
8439
83563
47824
21928
97516
70726
19975
65646
27883
91079
74217
84909
46460
86581
19867
23221
34411
86714
5474
50219
90286
25382
72766
56852
62480
73331
75143
46700
12473
3748
71747
74903
79036
21350
46722
21903
87038
45976
34774
29820
86814
15879
47474
28289
60325
69202
52765
87379
57354
18669
98611
87973
51106
95712
59097
78718
80579
82639
87642
68236
11476
3573
85283
6322
10547
30217
11992
54269
28514
26147
67409
65876
19343
72216
82612
32717
9470
97856
31856
45213
37717
31737
31891
64008
41027
7557
55337
86390
89262
40622
76913
43014
69977
2441
44958
70588
42190
8792
69191
20309
54797
95754
32235
18620
94097
87933
3301
50294
86523
74564
19367
94999
30
8099
32470
57463
58950
92023
60450
76351
8645
43347
42080
18237
96636
49284
91462
99352
85954
30134
81827
20445
54388
99856
70329
97719
50841
73499
17399
37405
76497
22176
42743
13670
40761
90638
3472
44760
69246
78875
1913
55549
8732
63298
68187
8311
12561
57547
8114
9098
88099
79112
92384
61847
68234
39547
47374
10058
85435
17717
84127
58921
61938
78009
39027
2829
95676
91295
14453
94765
50622
20917
61793
55541
16230
39136
11318
89846
69804
52672
65715
85046
96004
81649
84786
92968
64162
73262
3454
60311
21194
25232
47250
58525
84884
30644
28431
29648
50745
42074
47737
98267
4220
91337
11183
58730
3832
78161
6181
15486
30273
82728
69407
92481
4889
62006
12013
96116
12531
33036
96574
52772
97148
68463
59746
67836
99882
54291
42560
45971
51012
63234
31760
38982
90444
5276
72790
25696
27685
62360
50555
21077
57573
99400
94602
28398
75288
42874
43268
5055
70318
66715
14433
63285
9986
1463
54372
48971
34760
24699
63577
20539
69363
26972
30285
31569
6784
67184
75530
98139
63682
85401
26670
20829
18315
89538
90311
15042
79443
40802
25357
49836
84680
78750
98171
59596
25747
53611
58540
92237
58818
81681
50734
16715
9720
23819
36870
3073
41549
38634
55520
72096
73699
42265
48496
28540
134
40604
57098
15519
20351
4434
32794
10305
6838
42233
46945
77359
8705
85232
55086
79976
91469
20343
81620
95911
33671
20755
57901
6779
6952
84751
47179
28530
72539
98876
98806
32211
68108
7608
92424
95083
61487
62541
13889
42112
87050
31536
5543
26305
70944
23050
34525
58366
87483
14483
60639
4884
56118
56634
48056
79489
27972
6497
88032
34197
55647
16261
6613
45673
21521
64892
41428
68010
80120
51351
25556
717
51002
56999
98240
70311
90086
6619
62383
4308
91618
3271
58562
70485
31638
63905
21753
33111
28821
35237
62674
69070
98595
1881
98015
13601
43751
57514
2530
92030
98606
17077
82344
17774
89977
3874
9216
86691
64037
83786
87063
69454
8213
89977
72145
25454
73406
25774
82437
69539
56943
45856
45973
36608
29914
51963
5673
44478
81443
6664
18343
97421
2789
95850
74065
42789
46907
40613
98524
15739
15666
15225
97384
21200
52744
73164
80224
45443
17536
94245
42320
48071
88262
99444
50846
4367
75705
53712
49799
95077
49498
45497
37751
96346
9456
72635
1411
20824
34453
45876
42599
40435
52736
60716
2423
89757
20239
73571
85284
66137
85393
10890
96430
12616
39150
39143
40672
41919
14068
25691
28717
66522
52767
27232
50724
12393
84419
46476
12882
51816
16249
25011
95861
21805
45060
60041
10073
48667
53887
7940
18801
42419
36613
35679
36179
33066
90460
46363
64528
40053
83070
38209
46350
86465
80742
29091
90532
21183
60596
45792
55922
20540
52893
76070
76859
49999
38674
77361
15328
1388
92138
76754
50298
40469
25743
31371
80755
24688
18274
50166
8001
92692
80300
53637
2112
19197
68003
30373
75979
80351
57653
48124
84087
55351
9203
12593
59148
98172
19933
5642
99873
15797
21670
15280
58291
55556
31364
5008
37345
1824
20374
795
97639
94688
34194
79436
97589
94579
47786
35433
71980
17773
48826
13443
43829
59452
62705
19576
35773
10329
85818
89272
75984
15705
72358
42180
39537
93571
37879
4978
73523
3932
84011
76237
55575
20574
1539
10298
58467
97607
85776
52565
90171
43758
49433
43930
31775
40144
22442
15263
4833
75624
80509
68350
59969
89470
69054
4113
61927
12854
57085
75190
38587
43369
65749
18354
75076
97169
276
30162
38652
78685
5127
19660
56909
57956
34308
22724
33515
21271
47123
64362
14188
52975
34393
8481
53448
19142
90786
36155
73929
13409
51466
30207
29775
74570
76137
7693
44387
46461
37657
70648
88694
73592
46437
36722
21301
7285
93295
8070
171
8372
75486
29790
41715
98481
7715
6948
57944
10358
88646
47142
90380
86409
15506
7635
21889
34021
31161
94913
27975
69510
22757
80305
8291
93214
15165
25035
32520
42341
15664
44803
88244
69741
88705
90301
85642
8563
67470
95084
93543
77361
27455
93782
18467
94737
75080
54035
94630
36220
55707
7380
92293
49681
90701
1217
28504
24849
31299
29659
22553
43062
96217
63936
4538
996
3246
51372
23139
2392
50704
2556
3688
28765
575
92270
92771
28285
10273
57285
56051
22196
37442
30601
41776
82433
62181
19947
12649
1398
68363
81286
21756
73710
88574
79456
98001
42046
75643
34543
78996
1796
48475
54329
80398
90204
4988
2324
50495
43122
63568
28813
96410
49553
67298
93764
32060
40794
31040
27731
85002
16720
25481
99535
36454
56144
60021
26056
5709
75679
90555
76363
15377
32219
23395
40230
22798
13267
87625
99659
1291
57171
22410
14030
3568
65879
93903
33897
7902
65504
52563
73247
12782
76165
7026
8444
88266
90657
95408
12315
29410
29482
44386
27810
60589
39394
47837
55560
19837
19430
84666
37239
98908
97060
52547
5485
45256
9225
19325
78588
5737
41784
45361
69904
99595
73143
51673
40561
80893
13348
4515
27390
19044
41156
92069
39418
26236
78012
75709
96067
15373
97561
17635
29564
96742
66889
23983
31373
27352
41004
4992
92865
44465
19013
8432
68685
13908
71947
52689
6064
50642
15517
25635
81397
48455
96338
76822
68885
85395
30573
87735
38426
77331
20079
31513
21950
1435
20999
67585
81363
19027
22308
37165
75452
48171
15148
53697
14423
14524
82021
9392
64958
38749
15952
32612
84835
67262
93333
21195
23449
98917
121
82878
11569
87587
29037
20462
86626
61329
89473
62669
42370
37548
6293
51639
70129
24363
14991
86427
16693
92857
18344
71722
31583
49331
46177
56346
25228
95871
84148
17431
37320
55591
98565
77863
53517
34033
8151
1240
87466
52956
73051
67817
18815
18201
6691
52594
12004
6851
85908
50192
26152
12189
7994
15985
49495
49255
55893
77048
51989
96636
73233
13710
56840
29611
8884
5669
22578
86896
73809
68554
84123
2383
61849
33607
32013
91020
67921
23378
17817
21449
20094
3349
3479
14685
31869
11834
15018
98926
64079
45427
56610
51691
90642
30532
73275
13544
77515
18350
79587
82902
52030
83640
24921
71902
70656
11419
2161
44538
25796
64139
31284
32657
63474
94654
46596
7149
25174
55002
20220
8635
28404
74623
44726
53406
28569
9453
14279
72368
29676
23411
8165
73558
41700
79382
11848
46974
30739
22139
44046
12696
69824
23281
28825
62222
52914
86750
59539
65
35080
91268
79154
80546
47718
46607
54454
85162
97578
24670
82990
89367
14877
59115
38715
63043
31045
29465
3373
39458
16470
75641
12649
65112
47049
2937
94796
57876
54533
60553
95977
90797
18905
24428
89870
70584
13675
38392
82949
78275
80811
23177
39446
47569
91713
68744
94090
81299
98502
70547
74890
7455
61166
82890
76934
20527
51138
60149
93585
64760
65036
85749
29897
69
12043
28070
12405
21488
42599
44461
42888
28413
91518
33444
62338
4915
93789
30143
37109
61176
1418
1050
29572
75080
24094
31393
45416
47249
2064
33019
74732
47021
10380
53940
97176
1661
60323
77830
17132
1311
80380
88195
25282
20876
28584
33474
4021
21329
51283
51523
10817
65255
32791
20385
37920
1553
64938
58931
18035
37714
43735
60670
44098
64936
58410
30747
794
90921
101
87456
47189
60248
14672
43982
94104
33604
51725
34551
74933
79517
26345
57129
91281
20500
31247
59260
25824
50223
83895
70515
26284
66277
1403
93586
33461
82076
30697
17725
19634
44604
35477
30761
53173
25615
11046
82914
70893
61624
54673
46391
21253
39438
71427
86341
55146
51635
10007
83135
56745
41493
52871
86327
79511
43136
87840
36140
68874
97181
57294
527
95397
70476
36214
1971
74609
35289
43875
63762
65638
55710
76279
54198
33865
6613
85091
68171
57839
36824
6387
4990
96992
54743
97856
3953
68663
31349
87529
41118
90277
87840
36348
8773
43222
66475
76173
76436
59083
72810
12809
76466
66822
17065
89477
77129
14085
64936
88879
74606
57349
96663
64742
71245
76999
63210
70502
69589
74320
92698
55035
54686
15147
62520
32855
9331
89481
63982
27038
95263
13705
91892
72222
85624
43154
18796
80989
26083
56221
37787
54474
83938
52431
23716
41845
40641
66532
19746
3579
25
50408
417
42330
31582
91774
59002
82275
45900
13155
37258
79981
33961
43277
11789
99077
40950
69870
36252
8899
53591
70548
2945
50041
39293
15442
43474
62053
65197
27641
24594
41189
46287
44896
93343
73002
31572
11044
217
67876
30244
1800
27793
35197
25828
86205
12745
53635
87745
86844
87789
32733
6811
70288
48398
20510
98897
5010
99511
11255
20741
68972
60398
50951
57131
61599
66121
96366
38963
38655
61897
53887
26897
27451
32952
35732
38533
55355
91611
62235
62572
61155
98868
55981
39907
86420
98294
70687
99794
6034
4645
31570
70333
43232
25578
45542
53378
62726
33521
4811
43248
60565
48575
23191
91397
84289
62355
89300
3553
93005
15671
27505
52460
83333
62115
6552
9409
26372
14382
47712
96950
86006
63474
18329
6185
11416
4123
67972
65608
6876
12588
29157
95645
96040
1518
21777
18356
82718
23957
16162
49739
14390
51090
11593
75797
33479
2478
47906
49098
62436
34890
46467
64847
76771
13744
5231
15677
15610
97269
88103
33649
66146
31726
33728
43119
7582
58411
9616
75764
36020
10580
32161
24343
47097
26047
93992
92154
99308
89291
60815
42323
96760
87005
59630
7186
38013
55444
17209
3854
89609
93483
28307
5904
60447
73962
3904
36411
45753
48745
98167
49111
21674
67075
45239
81689
77308
50258
20625
33808
80408
86125
4867
24783
5125
89627
87140
81906
64423
80498
58619
40014
25288
82097
51306
11162
69045
76086
84328
33780
88991
26493
14445
90001
2530
92533
36166
44837
91874
34592
78472
15243
42544
14856
52481
52050
61069
25945
73962
79588
9190
57470
7512
13619
25853
23484
42578
52258
61192
67621
75005
78766
5747
122
31571
56344
69824
19360
83571
69488
76303
54493
8625
49886
76408
24815
33486
28368
33141
59114
87138
55547
47389
67820
6870
12400
363
46527
38574
37630
38589
47434
47235
57309
56888
36372
13327
73374
15241
47510
93313
93452
92230
58780
48657
26590
57363
23320
21390
20317
82625
34114
92210
29773
59473
29872
65687
60729
43254
84398
51395
47295
9496
96411
48254
26997
5972
61375
5060
88151
57505
4652
86614
92143
78093
75089
60587
93343
40454
13173
62916
46221
1685
88118
99741
38668
20069
39742
71488
11011
40674
70334
86451
60636
45756
33418
93009
76619
55306
17297
5879
43001
65323
26903
8884
68684
61991
60688
71811
51668
25588
44379
80054
83125
17398
65273
43912
74764
21342
85513
79988
66400
27218
8194
91172
61991
69581
3564
46530
43378
51517
67259
72746
26069
82027
34665
15552
48151
97752
29806
68926
40018
23394
50815
86438
35048
1606
54464
33110
25411
21791
94727
67129
36422
67596
17487
47641
11829
54064
44341
73299
7581
20691
74035
69379
59074
33990
59863
78590
75620
29540
99295
55455
62445
89364
86643
72473
84217
48554
670
48939
52258
11373
53226
40017
40264
92467
69528
61687
12089
91817
84057
62761
94050
38415
23244
67173
43922
71552
19221
19090
83751
81551
88789
60586
24504
80684
49580
6675
19934
41990
4712
49931
16896
85707
40968
61185
79450
73675
16305
79553
16968
8155
50860
56423
73012
63989
89499
36213
79226
10076
6230
9599
98773
7069
73799
62756
43368
59345
85661
5751
52299
88159
80241
5435
14575
34718
75667
64461
39952
53656
24943
1019
10838
24171
15938
65555
45704
74953
48947
26678
72174
21759
61872
88043
95873
46258
11526
47887
34353
52517
29916
19018
83442
40151
48173
37982
23268
9546
53280
18745
61790
30590
74054
20105
58647
82588
59887
39535
96752
80239
96393
54796
32865
60268
96726
90456
47710
79794
1384
64241
8134
28396
12188
18032
49160
86260
6609
43000
24339
87538
30915
65160
23608
15969
53800
78576
59934
41747
78918
77632
51394
6603
96240
44603
33192
68840
93723
11658
2210
20161
69185
13806
87772
60139
68049
64077
19938
64280
36304
67949
38543
46330
39280
69407
78387
80614
62443
65267
93567
79539
59517
75081
30288
90721
3420
76136
82774
88502
76757
84743
71712
35267
67779
7592
91143
72550
62030
33701
52243
90761
67166
85154
37421
3303
23099
82082
2242
71215
55651
9974
27728
65
27526
41520
74576
46453
34498
54838
47425
33403
61814
55793
67757
7836
70565
37349
49530
44160
50537
36571
66511
47017
78416
56762
66240
66013
7288
28661
28952
35457
59587
4926
58979
17536
2167
57495
5013
57899
76053
40233
24922
31674
55731
93773
96283
78065
46840
96712
73386
90173
38836
75029
44586
14686
94362
78938
42333
97055
94874
91099
81228
13888
2175
59181
47405
41013
18818
86979
65812
91015
8649
90149
24952
18936
21120
11999
84000
72996
11794
4310
70602
53635
14212
30548
1016
18986
30190
48996
85112
55314
5143
71930
53103
60496
93676
42249
80833
5571
60508
42424
2559
87629
37267
86223
8237
44504
41745
24779
79631
82682
60231
54289
97487
26515
36717
57311
41102
37875
15139
13662
1349
86233
59874
46196
56374
44502
90845
62518
20660
2415
25465
56762
26731
74241
68135
7658
97134
48479
48410
33877
53628
43191
25866
23519
27661
42547
7971
20921
61982
66076
85802
22027
69431
4824
46286
81422
85462
64500
92167
53142
22042
22717
34189
40652
96045
69575
8375
82490
59886
2481
15
13664
7355
99104
55183
38915
2712
54695
30266
58693
85758
16072
36697
94224
80771
27701
57008
61771
62657
94767
20445
72623
57702
16752
39884
48564
97752
43396
48538
7236
51874
3025
41476
11633
95200
20023
74154
97666
69955
82482
25478
36040
23073
21149
8259
27503
11004
81489
75932
45649
83565
92972
67283
65668
14221
50412
96650
79156
47776
70298
66049
76747
79582
28547
80333
82188
74399
49409
87761
85951
98179
93017
82651
59014
85083
91742
84925
50734
17527
27571
41095
80322
12109
40045
6686
38746
6403
11606
29147
82608
61977
54894
93314
98803
5206
12
25757
99316
35085
7427
21429
46782
35211
19168
41485
13763
38464
10319
94170
69137
13992
10364
37091
29859
24789
8759
74321
26740
49659
61202
94611
4142
74071
15492
8625
51616
23037
88816
97194
4431
5212
91519
60684
31875
56048
27785
10159
98626
98117
59443
50223
86362
40322
7475
95333
96568
2617
48111
14016
27126
66826
68451
