36502
34785
41800
78203
54970
72184
48619
14711
28367
24007
35428
25887
39278
972
11220
24359
18602
5744
28478
7314
28868
51957
17383
64552
84126
56027
54743
59958
36551
3663
3996
86050
39605
46416
10765
22089
80785
16255
1324
79382
74380
13987
23397
45825
12496
21205
95763
72579
96913
9583
57602
31057
66850
24524
41807
64156
85860
26140
17579
85860
69624
41799
69054
73332
40182
17115
53193
68830
27350
77396
56196
7636
9356
86694
7653
84256
27505
65098
91938
75809
64956
53923
10574
6755
2351
44108
2719
49913
75597
67936
74449
12377
76426
485
65443
27732
26939
98645
14942
24016
93549
76107
46678
13124
7249
79911
3689
20784
24725
88574
9605
29399
48813
12673
56519
22010
52560
91591
41661
94514
34016
16794
99084
94537
52289
91643
15245
96213
76874
37875
99987
12434
76313
59000
52488
66075
81825
28280
65749
39365
76927
41924
60128
29272
26379
1052
8464
42123
29673
26163
28204
1627
30558
93183
50081
73607
94848
22687
13154
46859
2119
64457
56138
70295
36032
17775
55293
53868
44063
97421
5676
626
53204
27346
12343
36409
78711
47785
95021
72234
16062
65827
94096
78664
54029
15266
51603
85961
50220
78756
18565
54315
94100
37386
82599
14325
51523
92196
3129
30699
96112
21500
67155
48205
64568
83163
37999
78765
68119
62491
57508
94283
20050
19051
10572
26158
38064
56952
12967
31585
57001
53502
24409
44520
81687
46987
1167
82366
63017
76876
17823
69229
54551
87959
64461
31176
10991
22100
8618
46920
42638
11176
94198
19362
25194
98687
30534
61665
17644
2005
5665
42181
86523
68354
81028
16663
55827
39296
12774
32615
59413
97594
43861
3205
26552
42066
62143
64281
11965
74223
29005
39743
81696
39746
66506
47586
50986
52435
43073
23796
44003
27245
46564
92551
11749
54786
29481
24427
4396
48700
17679
98021
35306
76962
93086
35592
98999
5923
17324
33170
87557
36770
7708
89317
90193
87389
35937
74177
72470
22748
45697
79963
83419
16403
69364
13468
39725
26964
6252
87289
48135
3924
57486
50250
74061
98552
27070
39561
13209
84572
13881
57576
41228
79583
47772
17647
62694
47983
61090
57777
6001
28940
6890
96011
86968
52124
6007
29592
25493
33739
59280
73684
54087
87548
51624
35179
86178
15088
39097
8636
3553
33745
91945
48559
91254
37308
88911
9104
79682
5001
60014
31208
80960
91321
99200
44151
98876
22267
85262
64271
94850
33722
49851
48816
1072
23591
88353
50652
4525
51326
4627
81462
5331
67544
71169
5435
54855
42732
71866
94525
94058
30818
99916
9048
99623
93878
40903
5491
50317
37061
94111
71285
19639
98776
82160
79874
18887
16746
95772
95760
4049
69239
82320
66666
41011
27746
32837
75968
80931
48771
70530
1993
62272
10444
83038
3062
81098
58167
86179
94516
73550
11502
39950
68062
83642
93398
22515
54941
66959
52376
16414
13341
78355
46125
67188
75053
61254
7526
81272
54354
84557
55126
29897
88456
83946
78716
12712
5527
56941
72112
96824
27213
88931
7657
90046
59358
64525
98889
75144
55541
19436
82758
10890
87638
71575
76662
92419
53778
31599
55030
64094
26117
82922
88983
2612
16015
88011
65574
70063
23789
58387
60822
93290
11155
73905
60459
46420
29705
12053
91398
49523
64895
69602
90440
99717
82350
68993
28133
36161
25965
70162
15015
20828
1740
61950
47004
11464
82001
23560
71133
56407
53805
13121
14203
50781
15705
8635
94216
65267
11858
73173
88640
18904
11566
11798
70546
66898
53979
92021
81230
58738
48659
180
15757
41302
29917
31788
67448
59527
73602
50052
65206
44419
72202
22971
23893
29397
9460
19973
91796
60864
22127
76883
97674
50235
79639
73482
73847
52630
3663
53814
7686
93882
94455
22744
44955
66863
32234
76506
63
80727
41687
48579
2148
94999
63546
67493
58743
14742
46999
32884
19938
21310
22642
20689
11226
45408
23469
24805
19724
73172
20671
68297
69951
55934
16878
16962
87270
88811
3017
29130
8005
90874
1060
81545
23676
52088
2608
82819
565
90692
57462
5738
23590
57810
32272
65908
61668
86603
32613
23848
68004
29841
17215
83346
88527
50112
57675
60310
83553
2223
43180
20769
12798
60886
35451
57051
46194
48458
37248
8536
34787
40868
45958
56717
10966
65792
82718
81728
85178
91072
48498
2905
95285
12464
16547
22101
31337
80517
3266
12889
37250
9823
30312
24259
42398
90478
25171
25339
17850
78768
26301
69577
85013
98616
82330
4897
5732
21450
74190
83641
94514
53667
51400
8667
13776
42902
70751
97493
70752
14033
81224
3630
73306
28414
20881
55539
36762
5925
28541
12656
27399
28879
12668
60730
51552
92997
35462
22568
75460
55543
72501
71586
47486
51640
80924
1682
27340
94791
62631
98424
64555
23721
76976
96761
11552
49137
37723
33079
56517
54529
42607
38107
66446
7018
65874
69935
12087
57744
94943
82120
59916
95305
25863
60577
3924
51652
24897
73251
30043
86054
69999
69280
86299
20815
88655
92927
76230
47451
91546
98801
51027
10565
93725
35234
76194
65798
78065
33131
24429
56347
5561
99684
22766
16324
23095
11032
14823
60809
29196
7121
74610
33175
83243
91921
12325
33512
65688
45154
54593
28705
2178
60582
25784
76053
60249
69160
31224
91494
13134
46131
60600
17291
87271
40641
57854
82669
51419
86187
16331
83692
88560
40384
68932
94591
83406
13841
43710
92601
23903
76777
6116
63686
23014
81785
23912
91124
45242
64113
40484
67823
56445
8043
6508
69061
20829
18114
33362
60488
50374
25568
19444
54226
62113
38356
89638
6658
22606
9602
64728
61988
91545
77717
4421
1263
46972
76016
3223
10280
6417
90050
87193
6980
23346
39959
78491
70827
66063
91691
21340
87160
45195
10937
90071
6237
66100
66770
25612
61571
17789
55754
40041
41487
48153
90156
82645
9376
99286
12429
45626
68116
10964
41406
428
55178
11681
98715
56410
90083
31346
55360
36208
81218
76320
50203
93990
71698
27804
76061
38569
10567
28592
89962
13796
85564
63540
87025
24107
76763
28170
95445
29379
45532
11127
13321
49265
49093
510
51450
62526
77839
24762
27558
56740
89577
95767
2858
77463
48470
98446
21337
2642
23537
81243
65385
45565
23281
25853
88936
74649
71975
65962
89612
48168
90820
24524
31623
86844
63160
41884
45241
27994
88885
5529
79487
38761
95666
70341
56074
65565
30315
92669
23371
61019
61350
78451
23850
33737
28784
89865
75829
85812
52422
55435
82389
45852
26768
59146
49469
33344
40487
31537
2940
88801
3383
2662
49202
80534
28384
22782
25982
12524
39126
58077
50806
45240
49865
51562
31568
8442
45823
79755
18813
26863
59644
12001
59382
12499
78052
53762
14094
39697
16503
9103
65031
30954
55163
31986
61248
44253
81016
45143
95148
67896
35772
291
25150
46140
21375
4373
80832
28294
8096
93879
75907
94943
64622
18368
86673
47042
33700
13962
49278
43045
40684
80652
57693
36166
81476
98643
13839
46579
2045
99170
71446
65814
51392
21698
65223
61915
70315
79079
90718
46656
33753
67810
22443
45016
70368
22396
3723
97563
82676
67382
77106
84686
41961
76410
23235
60458
95797
45117
40770
23532
75796
23507
52320
24408
79077
52207
38038
99723
45586
44694
39182
83612
97485
51935
27130
66989
42549
105
5127
68212
80760
27129
18956
54368
43154
14446
9437
9483
47508
4867
88029
78875
58624
44256
10448
39380
36945
91805
12654
19806
57143
96917
59571
12750
44063
65570
68435
98995
66578
87291
20363
54688
43380
41703
3091
80721
49900
12124
74095
66875
88260
50553
83397
41461
6822
92348
99240
69501
73350
26881
24243
82216
99071
76695
54066
92010
14069
67520
40026
40670
67322
45478
78617
79058
2444
71349
4296
44243
92379
21752
93757
68400
8872
62323
37084
73357
39945
89690
83534
81671
96330
43885
22890
23487
59885
83890
20591
42052
39986
66669
83956
15169
69746
61885
22550
321
5476
83606
53649
91162
5058
83190
91434
10877
17510
92582
86313
19640
66926
94960
69988
40742
76000
16760
14357
81173
27302
9624
45710
97617
9210
50907
96547
82129
71229
49142
76326
29950
11456
91646
31281
67964
75590
31466
1211
27030
2849
85414
69037
90730
11129
81680
29966
22414
54827
24403
5723
1182
47534
14686
96530
93828
30129
39745
58253
54082
58592
15491
58797
86718
14501
28162
12908
22187
84554
54056
33588
24048
38525
39654
76206
71927
65485
10544
24018
7380
16401
23668
41085
58383
15528
10264
9409
9137
28635
2416
23638
39911
2206
81913
52846
54614
27765
12981
15718
60379
12467
5059
63257
8189
41758
77562
16815
49138
13871
52258
84242
13002
58293
5231
89313
76348
66904
15547
28605
57676
67835
38046
49792
62837
40092
69740
87182
16504
13429
21644
81668
1249
72228
69041
15725
89459
71368
91735
92308
25328
82562
2747
47315
38950
27195
54039
11178
80505
68132
3193
10923
21897
29015
99294
68529
21792
13949
4368
6993
7258
42090
33242
43785
57041
88706
30820
60022
68549
79967
63024
5793
73284
56042
65231
63641
3195
72614
90752
74748
44761
75693
5318
25582
85564
50386
14533
47948
60027
38566
3929
55163
57071
59862
26388
11642
8223
58481
11282
67542
76806
21895
7641
7643
95459
43020
75602
89864
73725
46492
37887
31931
75313
58905
5464
72908
23386
45328
37158
79542
9819
25050
51355
62479
39788
5022
89036
74425
20862
38484
25485
27921
76461
17220
77031
12389
16353
37612
45624
73859
23329
88672
63175
81644
87925
77260
9314
32839
90997
74645
73302
89266
78996
73918
51402
13811
44131
65063
61977
41420
28387
94671
43274
45517
15755
85946
21517
53892
2097
63437
47541
74031
63737
74646
460
6706
4152
19529
17752
12132
87939
197
58696
90500
62617
49046
3770
54089
98985
99635
25101
29014
3202
1607
52061
60204
11637
72877
74016
73434
30825
49364
156
20144
86491
14562
47811
97361
8335
62805
76781
90567
88279
78084
75568
60976
96479
94437
14014
90390
56179
3912
86524
72540
9038
49248
89402
83380
71008
9985
11987
84461
68218
84388
98211
92106
17753
83688
6688
35950
90829
80723
854
82195
25989
29431
71523
27003
70361
11727
98540
31933
43668
70536
32730
33697
28700
49693
79637
90983
53982
49306
41339
17408
64923
24290
23100
40288
94313
36844
34805
62540
1063
2440
18344
44654
802
19904
83860
24487
48509
96857
33046
60772
92576
77529
45084
14569
70655
20322
87490
29833
75717
55356
74923
24824
75486
8241
669
56504
37182
34162
56409
89135
21425
86199
75957
54458
69632
82244
84120
81722
33501
23015
74930
22157
50987
89245
95605
1816
83724
15956
61268
84768
72264
13355
32983
17528
79031
94486
22104
72052
64620
5534
51645
94844
65439
12837
65298
79420
58485
14823
42530
11672
2765
48156
29138
96541
22537
32346
25466
17459
70743
35511
76673
89902
81084
66156
3604
93764
57948
56917
10018
53593
51816
24500
86999
31253
15012
59286
92019
35287
96403
23213
30919
78852
92258
52445
75403
91256
91759
23186
86398
67132
90196
14158
17371
15160
5715
50625
92405
32096
12895
33425
51407
44330
46340
37177
75771
99968
16565
24717
16172
53969
47888
70491
12825
22882
65360
49325
15025
46529
72335
64555
32118
93050
7766
4446
25368
69890
29698
9903
85071
11889
64757
51502
88371
70317
13910
33327
28667
34689
63397
73166
84209
37868
56671
72435
51951
74870
47179
77457
35640
46717
94943
12072
70773
59022
70450
93866
71786
27024
61822
57947
60756
13882
78449
21969
63138
71940
72625
74363
18093
71802
38825
90430
3254
42157
16885
97690
62522
30468
27718
49932
26356
74801
32466
46413
34703
40190
61403
27735
44614
46085
32506
52647
54811
13759
93800
11837
17072
6196
92105
28897
97957
63889
78261
44865
17710
92216
90180
245
25168
48465
63158
66115
92633
43166
32092
44125
13113
77517
30182
17576
60640
73350
37866
70296
23318
8644
70733
16120
96817
3073
48402
97925
40950
59721
41117
44218
15567
29009
1186
38630
77413
87808
31534
49945
8954
363
19377
90750
32870
38879
1831
24002
74221
84247
16674
23219
36825
32814
81782
10659
63480
25422
56384
33100
43924
47303
38132
80013
2443
7867
44321
92851
87916
8534
15459
65331
49229
26715
72709
39699
36811
24793
12305
23208
44830
88444
11478
27802
61432
91872
82421
20260
7067
88609
79912
26392
1684
94221
15694
84319
72632
74267
3543
2622
72633
72757
92073
25300
9701
27921
24461
17216
61115
862
22745
80671
3338
80953
93435
82995
87304
20734
12382
82303
51372
43388
32060
25550
67113
52929
44641
90420
29640
42069
65207
70637
43777
93219
35571
45537
24053
97394
10524
3913
57354
40274
90899
10347
7876
64721
20355
97312
73469
90893
74791
96727
27649
5988
55026
71891
45128
63335
69823
75055
21968
66989
94805
36194
15159
36612
21302
6141
71026
78466
17605
93202
99149
91129
43410
90126
82080
26793
96836
13735
11114
41488
13570
433
87788
2364
41021
14825
7556
18433
11325
66197
28388
55238
57766
46563
76815
36090
80806
61549
41520
44388
93374
33854
49847
90296
99595
95503
61169
33125
78289
12042
33987
12491
17731
80880
57346
37642
12721
30486
5362
12789
77390
87113
56568
16454
2236
33298
26014
93163
40183
89493
47268
78206
38011
58259
82109
83858
48914
24080
34861
40489
62590
78223
30940
48866
74879
95865
40663
85392
32130
17084
5572
52166
10759
98672
60384
70031
69581
18997
49304
23354
91164
71768
90880
86770
42254
31284
56626
77739
14523
87349
50950
16344
94815
51321
7466
57786
51594
99791
33119
67507
48869
28961
7313
47897
50492
41453
52336
12102
1452
63598
77295
40299
63753
79451
57337
98277
39564
37669
20043
60328
17689
11556
79249
4727
6761
68171
61953
87766
86552
43415
21966
50135
80652
36423
15242
70512
39776
12581
18300
1326
74573
88291
57785
18211
31572
26401
5218
30426
55722
715
47546
73515
28288
52990
54435
34698
18606
73003
65652
75322
18076
61844
6872
84927
94829
24276
75749
73649
168
91419
27384
23565
30212
8151
87146
39941
86063
41678
8305
18199
88891
61512
886
23035
36294
56969
97486
42101
11844
4796
88183
15435
14987
70603
27281
15409
93179
50730
21494
8032
71944
49044
27767
24421
65957
58734
56277
76245
74223
42951
47865
85214
19827
36641
34832
51673
56509
16777
95911
82940
97054
67745
59454
15884
98488
82656
76780
8527
46826
75823
78704
23967
66163
24820
21295
20667
5828
13163
56718
66999
90727
81648
24493
40116
19846
20058
49886
35435
19705
90753
64450
27362
16464
95840
79007
59041
32761
35382
91583
38750
32526
35750
97287
80276
1086
52158
22162
30482
81750
78708
52266
97136
33580
36268
16867
31005
5288
30743
26132
11764
68079
68406
82802
45260
61486
16892
10827
61998
53759
51089
56828
79106
37307
35762
45584
9026
35836
36918
79893
97040
78894
49260
8860
45603
12274
28384
96525
77725
57037
4540
74405
77880
66035
12907
61005
5182
41388
61625
58296
29688
86849
27606
37944
44766
97190
23577
78878
84813
68291
46625
19116
51031
88608
86359
57273
10805
88652
70447
87680
58423
19242
82702
30245
55771
35417
3557
65478
97564
30463
21275
10137
57282
68049
29705
15368
92631
22497
95806
36069
35386
99397
8931
92683
81004
94400
58009
48660
90824
19343
52638
50353
12336
44850
40847
67049
10946
85940
20039
41904
58697
37401
82950
62723
5456
86820
39533
75134
58993
88066
19493
46586
5868
78070
98879
53478
24403
16450
89686
73729
23778
61710
12465
59474
60364
58713
51108
35652
19600
6553
57462
96897
29707
16688
66334
33513
94119
32461
95302
2831
18608
28284
53970
30864
29735
26988
71898
19441
19248
19994
36658
60309
19430
36095
41514
21784
23631
45491
70226
90410
75082
33756
5206
9195
20036
36791
68967
67199
85353
63937
72633
69903
47256
13379
69577
60124
57168
85432
18295
12000
76518
49533
37681
85475
30809
64148
9552
74231
47260
89716
55163
7120
24530
97200
36425
17891
89593
74018
61925
31098
68476
14132
15786
34002
91244
30539
84941
44305
17194
14801
10650
51239
94939
63389
57303
27712
33437
16289
9413
1922
20249
93488
24804
87434
61166
93194
61366
21949
98925
93989
30556
86894
16068
68474
68156
88299
73106
29929
17476
79300
44761
21161
11081
24473
12817
4784
58600
55647
82936
49724
84653
21231
98664
58908
32818
89706
32289
35485
9567
42285
98182
62549
31024
69869
25764
96230
14292
88368
69643
24591
66897
22344
52289
38581
34917
13452
36876
95273
62632
71284
39982
6518
79885
67985
61422
35562
84711
28102
84688
50303
23048
93255
98566
9700
6373
60845
85855
70636
23061
58836
44414
22547
48440
75761
51687
35177
6965
42130
75442
62812
23867
40756
61057
36838
88329
47035
18446
28976
51593
81778
91166
14081
33110
49407
818
53800
5823
80066
90172
74402
20580
50570
52558
63720
91805
15220
39085
90616
76058
52257
63077
90302
59621
10386
7511
29406
72996
88803
98574
59649
26234
74209
32719
55578
77037
25417
4301
31604
27106
10271
60412
81466
44164
71975
14526
54466
20612
11876
26266
98231
87611
66827
24170
37121
93578
79459
83923
36307
3330
1787
28208
50353
75840
44359
63719
78652
49360
29273
24061
37628
78386
72536
52357
36713
78874
21760
98643
55989
34065
31733
22223
24121
16346
61221
46213
8187
87919
92890
96666
54073
45353
46520
85945
43892
22653
69753
45323
87804
62212
99714
90372
20308
66996
49538
69530
30178
73194
66887
87025
88597
67241
76060
74002
70739
4187
56803
4602
16126
54934
17643
7182
31811
87386
23726
31597
87487
35735
17866
31069
67085
3756
31386
36135
18288
36682
10640
75199
69210
6487
99985
66684
75383
20878
53741
79686
66649
92931
9625
84557
92864
8196
97547
23701
37510
17403
32977
80367
76548
83281
14831
20708
74341
23949
35187
1354
89989
17209
35351
48313
94181
15461
9234
56823
96078
86149
72667
71343
77119
14901
48635
52673
39604
44157
86189
38611
65845
19600
45557
82244
66969
67182
40571
47969
76245
34730
2691
10993
14118
89765
36713
86827
94038
8889
15134
8487
84109
73522
34138
90258
39000
38134
45469
58299
79055
77766
74566
49546
87813
73532
31470
46544
30449
12468
45026
89402
80436
53896
87516
17087
18054
95539
52253
2137
98114
23095
66921
24048
84778
67417
62654
99410
1976
60746
68338
53727
96995
75809
67881
29920
78346
19652
35248
89911
27392
75462
37977
3378
75732
81642
78195
81529
60827
12933
83909
81031
49533
82050
3974
1878
20153
37791
67644
51763
43157
5108
31024
75024
16902
46164
36970
1400
63736
47531
36719
45821
73786
6824
16307
26637
53098
18901
49628
74051
9368
59713
87285
71450
22170
16478
29707
95197
16972
8326
46248
99577
55329
28505
46089
74388
98506
22881
18878
1110
18114
99542
95166
46597
58356
82366
17701
33712
65513
34700
9803
27233
3954
47433
95425
17525
4750
18384
1387
52712
8568
99795
97909
55753
90321
84540
36723
67853
85765
90829
10297
3615
45149
46281
45747
66933
70048
39691
91650
35646
37766
60852
90516
6711
15035
77155
57310
36669
75660
74716
45017
69660
14258
97323
47319
65382
26968
17377
87392
28864
97002
55229
59213
4918
90556
10151
28352
90863
94036
64373
49726
76187
15157
1072
49706
20168
93033
54737
61824
45940
95850
99973
73578
86045
43693
7280
62818
96628
96075
6733
20421
82736
11629
3572
49424
59359
25364
62580
36026
40248
65219
191
49518
34571
78473
16485
50499
10713
54799
96473
41850
61280
10682
98896
61139
66351
47869
56327
34091
56280
93502
27460
27734
83459
17283
10549
85142
78527
9049
18453
44886
59411
26721
8909
21349
23891
79639
11095
70098
21742
15872
56189
47488
33444
688
46336
20326
39029
40374
45493
10726
73685
1188
30953
61223
85723
4478
774
13746
35897
39774
71470
30886
10341
27650
35875
48792
97942
27283
8105
36330
9707
26706
8099
1286
20325
24929
28026
88504
2996
69068
15580
98182
64079
30898
68193
78284
52125
3444
90985
3352
47953
84504
59426
86335
9587
91258
43397
41018
86360
80400
11743
72033
17683
18201
14637
69761
79621
66081
417
29885
42960
90707
98434
36639
7466
8604
40272
64217
73837
68472
86276
7581
91851
81755
19477
86773
24767
42494
82647
42591
36350
86275
39806
7337
74828
38631
57601
18821
83434
48004
44122
66473
29997
43168
46825
98886
86763
63349
37720
24258
73615
22686
43226
66900
5228
36794
75212
24892
45485
36768
33341
84156
86474
12032
96426
96023
42168
12466
64962
34533
51320
56925
18184
6704
27183
8037
50199
40270
81749
76882
40032
3419
24166
48442
17870
64465
86071
42314
62763
65895
64803
29878
32891
19620
61507
73274
79078
65183
67931
43404
66388
44149
54321
18753
95376
35621
35193
68920
63631
395
34860
33991
56810
26903
97911
5440
13286
34889
72848
91551
56021
29644
49571
20211
4149
40716
13802
34342
7575
89077
87323
55659
84698
22602
6651
27171
10902
53694
41072
9164
71700
38642
38197
35495
92634
33740
81158
12708
30245
29392
28475
82284
12655
16253
59698
95627
41808
76167
24101
42136
60256
45357
19258
61218
34010
9943
44697
31641
26717
28109
86840
56246
63692
25206
63442
79239
6389
14636
23447
89115
1135
99288
86301
98822
4764
89296
66964
19922
30094
938
12375
49795
24614
42651
1885
83589
70167
1680
6255
57940
27497
23528
81525
65576
96538
96780
58282
1851
8767
59404
12942
75992
76008
1272
32633
97441
52097
2455
75596
23965
51828
64680
89860
37468
93484
66994
96136
89289
67989
50058
70050
37675
79391
47201
78315
85559
36385
49511
38558
90390
37883
26848
90766
67343
73651
21025
34931
73584
5313
20264
60640
36414
96070
79317
24912
90231
41079
32328
26175
79584
97976
19992
42645
21264
89603
24493
76893
60184
487
49435
81524
3821
7661
71388
73148
7700
39510
89705
57488
32520
86529
60277
55250
21003
57129
9478
99104
7687
42698
15248
71526
84320
13476
90543
1868
99896
77816
84992
96560
78270
46895
31133
76463
13428
67034
12276
12508
93787
79316
64036
4531
5277
8836
49459
39431
82327
81215
23950
40663
19777
10762
46653
14336
85179
6493
92802
11532
10966
97506
99150
87112
14973
33661
91841
31123
5886
48262
23068
33650
29368
54289
82916
85408
20866
36751
69302
30531
65622
39053
62561
35578
85209
23578
16580
34546
28455
21127
11557
87000
68831
70982
58219
26856
65225
3829
63097
84580
36096
26068
81928
74305
36736
50161
73184
23547
72844
11173
13266
71401
74108
11544
16916
30507
94210
1247
88762
80320
43352
35654
56077
50292
46343
7016
37419
94870
38614
76411
57724
74023
91725
65897
76780
69966
81125
24120
13641
3849
74863
31627
65659
38558
94781
19618
93850
46064
55793
76189
79313
68141
20864
20478
61966
56164
47106
63019
35106
77556
29848
81395
77979
9855
11291
17576
16571
6589
92029
76522
33781
14797
12446
50181
12964
84487
45550
83504
74504
2028
89337
63639
26910
92767
65492
32019
60250
173
79459
60884
13412
391
63236
96960
68236
70128
95707
28918
53995
3122
93659
65931
83352
27115
98222
91830
40131
76037
77985
89703
88817
81860
66095
37457
43445
32248
20105
13289
63079
37970
88479
94534
80292
10323
53005
48968
25058
5183
4196
90262
59598
10961
65011
50816
40388
85384
41619
4802
59306
23583
17772
9385
71178
94683
87719
44272
88874
46461
85649
30404
65705
51991
22409
7494
23992
85243
15623
47246
53682
25135
45544
15309
74650
10525
80154
5387
55504
52551
87424
15310
25423
55319
62658
4380
47846
27509
83893
37400
30320
3410
75650
86856
81427
25600
55222
47703
21618
73988
65254
33207
16495
34052
22908
34654
33633
90171
56098
82225
16397
34700
36106
1534
16932
43955
1751
17283
1753
93046
63340
98156
37949
33626
18383
68057
27417
1106
63738
6814
135
16243
63102
96965
26030
63331
2899
94798
14552
91407
17377
28918
68753
73179
83940
84629
19742
51509
23136
18337
74744
67747
80161
80721
83332
63290
28429
16476
74320
79824
42632
71327
71468
25673
98947
5789
46306
47982
23747
84320
58867
16317
84553
35134
88176
2521
43011
89912
58065
57313
77423
69148
94358
94622
75559
73322
74584
55318
71182
38931
83211
2239
88469
7261
87315
18381
10218
3939
91519
56843
95037
65529
19238
70472
28496
70190
24861
75721
66555
94250
64946
34941
80570
57622
68872
90766
14771
68507
10351
14706
51463
38819
4447
39393
92693
58556
68081
6465
15013
21947
45658
31102
34648
86109
60549
51701
15881
65512
99308
53423
84992
56208
48755
67051
21683
86229
79841
85044
15737
33386
88795
85490
93197
2512
63871
80732
67163
77121
82330
2315
51850
89993
83238
23913
82790
76111
5092
37864
71401
3953
58193
62352
98245
1581
46536
23632
10096
29596
37237
96982
93101
21656
15313
11961
75891
59743
10911
49523
62300
15664
71425
71661
15116
64498
9080
52114
51356
59539
63734
42501
62018
3054
91969
83055
64287
40742
93447
8976
11076
10831
66681
78519
6530
34668
85381
89613
80429
61682
4980
31083
52364
55948
71868
30059
46303
36792
31907
14428
66733
53166
29489
45584
16170
41633
81808
90544
7489
26910
95395
75823
37156
85553
12096
27771
93549
42504
15179
33168
6127
36783
47409
95878
95102
47001
64574
90027
24728
58784
75227
36236
51694
43460
73415
48748
32307
29391
61105
58839
41440
9754
81295
91888
77154
88040
66687
51207
6689
21392
12759
81510
66285
46072
98858
35434
93127
95100
92922
49711
59305
17998
22037
84613
29683
18040
1038
20094
55091
16061
67960
51113
44272
97213
45953
35193
84595
39799
88521
97822
49619
98313
80637
5237
36764
97971
62388
42171
13307
81945
22214
83165
65352
74887
94916
73451
35471
11727
29336
45226
24573
49229
97754
53609
32101
14540
87019
63788
65452
69314
9842
58084
54071
30166
28113
159
66702
99042
82819
20283
38701
83667
98708
53910
27975
38829
88189
57090
1048
86988
91546
2452
23845
35237
48586
68123
3218
4267
81635
96045
78112
41389
32879
285
19264
41084
94887
16137
9561
46027
29994
22320
14994
68975
21145
66593
95772
84390
2771
64974
45983
96276
27944
60576
3456
81448
64924
44484
60267
5149
26331
79810
32675
36028
31955
89902
61315
59711
18994
73751
98064
19216
31037
84093
94877
63536
42665
72737
97594
10036
63898
21044
8443
46058
20790
19089
86048
76185
23173
69702
21414
39334
65672
41293
18825
49491
29523
13658
74196
14626
1576
98061
90407
86295
86512
68935
42340
93499
85209
47289
56918
69821
78023
75223
49854
93683
17144
85420
47771
990
33689
35495
62325
64043
65918
6483
98438
95830
62146
50117
33382
31625
44891
56558
62258
5634
51928
61233
36792
80787
18907
55758
43746
94691
52461
34108
32924
44050
77602
45525
28964
45945
84714
93291
43373
94992
79313
33112
12303
81545
98388
65108
94702
1721
23648
48800
49894
23703
54089
65535
2512
64701
35715
22948
7764
90540
90689
36453
20491
30060
29256
87887
5263
6384
35470
2068
353
12568
69749
33376
630
13424
68670
35433
37760
71126
80523
83877
73717
73817
89142
58709
39806
42588
22631
75934
83614
40346
99446
29752
2429
9220
79165
20864
40816
68198
51161
168
75142
56103
78109
58159
68497
63151
47027
46475
68079
3843
34864
73089
14805
65228
86291
98615
61367
89653
29146
21346
61078
34003
36896
73369
6918
27679
48407
45322
30843
5343
54430
86282
57040
68195
83583
86472
87091
81450
73768
87259
14768
58693
1123
48826
86297
93683
75221
96522
83183
10412
48751
658
74543
34937
23540
44650
56124
16768
66632
67794
62788
86078
84145
22527
11218
43469
53710
10992
19760
1701
99216
17535
7031
13791
20472
94866
57813
75028
31759
51697
55225
87524
14812
25075
26557
7122
77830
51473
59057
7916
68966
52572
15872
87625
88871
48586
39873
92811
74045
96107
81980
11333
37535
48666
73239
1686
51203
19247
60253
47442
59957
66097
24682
47809
92243
55720
97973
80769
30888
67889
96025
12775
6243
83499
77346
5091
60371
34287
61297
97569
66561
97468
13548
78092
21514
98416
40869
6413
90552
91378
90789
67793
5244
33804
93685
38216
81674
50839
55689
11114
82288
92558
40265
36180
39348
79173
35518
36112
18154
41362
19765
93683
87663
70409
33746
27743
67429
74021
57109
44169
69771
19842
16482
40149
3991
30696
93231
55453
39539
87234
50767
74000
2226
77453
91285
25399
45005
34188
168
6932
34047
9176
84418
64035
82233
25396
39556
43938
42754
14686
75738
49293
82511
12674
29030
56642
11323
62505
47820
85571
41475
34254
10361
74681
7457
32177
41617
15734
93090
66629
19860
43379
24166
33284
91532
77080
31764
86818
39669
1274
76663
60478
17513
31294
19161
41845
78023
52252
32635
43921
90879
28030
28942
127
5565
5992
50929
80318
6224
12402
807
87827
10294
32337
82804
15130
94022
33684
94996
17047
13305
6057
73368
80650
76693
2591
83550
92128
26392
71943
4427
19750
91038
31604
99144
67321
14958
56225
50583
9657
3559
5265
3664
80252
43075
62706
98172
41054
21637
92955
24397
58294
88484
84724
33656
48484
21204
77301
1136
66983
31533
6439
22240
88171
92698
47462
63717
47423
42049
99080
17382
56165
97386
81463
27217
99554
16589
20378
93715
30549
81084
55346
40563
25284
28747
65504
64811
69906
69752
57092
40388
56813
81338
32800
88974
9444
65578
12346
12345
41398
83144
98721
20626
32806
73900
91015
55485
97322
34474
66477
36812
13826
50497
79452
84345
83013
22976
54895
80486
29687
13525
88078
60238
84376
43316
62006
10311
4150
23264
47028
16215
6786
81817
82448
36144
41184
14210
28582
30954
20824
31597
16783
52923
96873
11942
66782
43253
4253
49081
76583
72604
73176
65792
6682
88962
45258
13901
7693
55809
36868
14257
33911
69109
91911
80966
75641
15412
95288
18463
95223
73258
66159
11402
22660
92661
4879
82047
65756
39226
17808
91721
72458
56866
5624
35949
20042
9012
74568
31803
92713
74640
87506
49328
13704
82789
97161
63365
6208
21200
79024
56152
223
42035
92053
61590
36816
55245
94903
76897
47449
21499
16385
68483
95006
22987
10683
37136
28227
75160
77878
78961
78734
87687
26309
19602
24747
89213
1387
75337
87657
67803
97615
88193
88193
53047
36108
81155
11383
61112
48805
76928
76666
57325
71574
39038
32869
76779
19205
63580
11816
89538
17303
23523
68256
52538
41919
30827
61410
78799
48082
84199
55320
58598
46422
64238
8130
73067
26297
4007
17310
51977
70013
77040
60418
93189
77617
44747
60485
34135
15451
1510
30461
8101
49265
35973
93188
72126
75014
81198
44340
61872
67746
6257
81201
64679
57291
22578
73158
98851
60319
48404
26887
70868
7716
67524
40789
13877
51350
45727
51713
26978
57119
13569
84936
89527
66438
49163
10428
43558
35806
71728
56931
51700
21662
66684
23736
49873
45969
52706
47760
16755
12900
48512
19479
53262
84893
34801
12377
88402
75403
2831
70364
91936
20216
54914
57450
39050
56794
87722
85901
16007
45353
43813
95539
19759
32812
79005
23473
2233
37036
23985
40164
79151
14730
9886
50386
81834
6604
76618
71535
97424
15794
44494
6492
87334
21255
26333
82761
63923
66835
10549
32763
37844
11693
12864
34985
68821
91022
76583
70144
62866
22625
60628
22215
61483
22870
81667
90077
17725
86582
4357
53726
14819
19280
42032
22276
78440
82546
97414
62953
23815
83796
89983
39947
65665
60590
16566
91433
18522
59721
92654
60938
28529
47699
35615
74525
70714
60908
69057
79386
15546
5021
6963
19015
68862
63081
20745
96503
34681
23868
97552
47598
74584
54752
67582
36639
60675
19342
24603
566
54034
73281
96134
15697
84265
49254
90790
69801
97938
5296
95214
6030
94773
82792
5771
13105
10391
18945
97709
76763
40397
97225
26063
23002
41595
88220
83045
16285
46957
38867
77474
9492
54512
52313
90435
1562
58862
1950
59548
70767
75205
23205
88956
42366
78531
23320
18111
72733
75041
57019
51600
44691
55928
49886
66617
17780
2756
98316
12457
10983
24403
50592
6912
51240
84650
46039
35354
27114
77653
84960
68533
78836
76521
52784
18113
42828
7000
52659
95460
6610
85167
92988
90279
76355
92239
44958
84288
33854
1095
93043
26844
90818
43530
47161
16201
82038
67890
7069
64669
675
90961
73487
7335
15612
53872
7893
50576
734
18214
58044
6861
89906
65974
25960
64868
64751
46566
93901
26937
44732
16119
90678
98420
51955
358
79715
9392
86721
20862
7728
12354
70698
45175
84207
8004
89738
53903
70520
97469
62870
1603
79351
58511
81441
48491
70563
96061
17307
75504
97519
12983
17331
50250
82170
23363
74941
95066
44385
47722
10446
18528
41619
81660
83140
64058
10789
94465
92803
51386
42268
62013
23578
69859
29864
11454
7268
52160
79793
52581
70219
43585
98889
3375
17414
88498
15968
41343
55427
27066
56439
3978
42176
7981
1324
90111
37267
76462
64276
27281
35306
28741
34471
39682
40141
89081
53588
70029
97759
41706
11125
3504
24963
5517
59230
92661
9658
24165
18191
42651
92523
68314
26217
62310
79196
14585
88509
10207
5629
15912
87200
49129
91556
74244
99131
75010
64146
56185
9982
15602
25685
94429
99732
73683
68935
18633
65842
20732
2963
57781
49674
70188
94839
74927
39068
97744
21381
16888
16523
82257
88932
19419
39853
7389
51924
93579
34972
67792
57679
54712
31723
29278
48746
58125
27794
42208
1915
70761
77450
1785
92276
62072
12820
88932
62413
11629
75443
66556
46496
79294
14586
73863
18734
30876
23808
97568
69567
54542
12304
54176
60071
74249
42589
59912
32963
86734
64435
91149
95715
3712
85256
41248
29314
71104
15474
4985
4560
45319
62034
63775
53616
20799
89870
97079
42205
87326
97724
49255
78024
79680
27705
18918
74077
22721
30138
30146
51588
50260
18106
15564
61539
37730
27763
84388
6144
15330
17288
17501
31715
2417
50494
22349
49210
23247
7530
86676
22007
58870
30405
49254
54228
21143
75645
17110
84375
4178
94853
5984
28400
22418
30669
32851
32287
89668
55884
56666
34962
68242
96633
67366
66860
28032
76249
28506
54178
26593
12275
36082
54719
71447
75072
56304
21575
1701
84510
94372
62776
40403
74211
86168
74764
75262
45550
20661
1627
43065
17241
50230
6142
55268
20139
40775
65518
10791
93962
97017
68011
171
51533
29029
67896
36085
2895
22170
45572
21632
16736
96389
87524
37878
23094
22364
3771
84234
35842
37799
47195
11957
7101
18507
9765
35916
49120
63892
53453
91258
60370
79007
72153
60703
40156
28865
35688
6308
39513
35128
85903
93402
18889
47980
69438
35055
52773
42816
70850
9388
59308
39099
94211
72941
91324
590
51790
4765
79453
72546
7533
36014
61079
46015
41425
71986
8483
78043
24018
62138
7967
4413
10253
17064
21371
19629
22956
94994
62705
6810
93348
85142
2258
7879
75800
74612
92186
4659
2874
96525
54821
72995
70642
29910
84732
90254
41815
7673
93832
57157
39866
22248
27463
18014
95362
10494
47835
28956
76721
58164
25247
27996
78342
18909
86806
15069
86556
80671
48092
53901
19824
40750
60574
24909
9760
64807
88293
84768
5518
24646
82637
88757
4451
97188
53140
37646
59025
31280
98125
31533
14609
11689
19796
46778
96715
83797
48765
79571
67412
59585
19813
40529
54418
73462
43786
86482
59034
99316
64438
25193
6810
5166
26838
47870
52531
88993
586
89091
77438
73586
71733
28404
70768
98627
16051
55210
30872
50994
95274
87996
81861
89679
19674
11474
18500
82071
44750
10696
85894
47729
96276
98716
17057
22181
94569
68244
53709
97268
47853
85934
82543
69240
62902
32134
7922
96537
37537
18109
54257
1768
69539
50220
23473
59836
5501
42054
30795
5318
38318
5602
80519
70771
65122
36525
11492
7999
98856
38955
92565
24496
5858
15974
48485
65686
30838
29429
13211
1468
30849
99530
66264
60907
24234
79736
47485
87516
61044
26846
92938
50168
90446
14933
15522
32014
98437
89682
84074
31663
54969
47672
5391
18634
31692
28317
37959
8159
59799
55127
28239
79362
27735
1795
9908
44367
3908
42514
53806
14148
77634
76785
61702
32895
67985
57075
10745
72468
65151
41309
17876
57675
70494
46989
39263
80341
59375
66792
21302
31433
59709
95455
65842
8415
11015
58941
93927
28359
5237
67152
23014
87015
5964
46033
32195
33360
2044
22738
88401
98011
98582
9507
47209
2726
78523
98240
57033
11269
26352
36763
24665
90374
38414
769
73640
7077
11702
59084
14005
12521
75201
54341
89323
31097
21685
50611
35492
91711
20947
12740
98734
5111
84973
66455
22442
20947
68982
74852
42641
92399
48242
83657
98097
49131
83628
96754
88086
16555
89830
55779
96676
93831
5355
13029
17471
43887
64897
67755
30893
87455
49338
99903
85076
66555
6665
33774
52094
1639
50481
77773
86939
66950
56633
25031
47301
7245
32892
54148
15166
85282
62846
73719
58677
47190
49560
32388
63752
14749
9812
76076
78020
6246
49844
49302
19431
41019
91149
12316
80326
1175
22897
72079
75723
40766
70666
57864
68951
39102
67682
73293
70789
60736
54175
88955
21710
16747
35916
29526
93801
28885
6419
25515
21770
92807
92519
28029
12043
75340
60029
19028
7113
98069
98714
72127
5445
69036
76935
86689
66027
66547
13762
59903
47823
32281
52879
50629
40755
32120
51211
31120
33573
15982
54209
49979
55237
56981
34133
75209
75141
63329
2109
74603
63945
2358
86032
82479
37613
60484
97910
45190
32134
44832
51231
84848
40928
14048
11729
44518
75207
35378
21465
32676
75202
18041
46018
24241
30073
64037
45379
43276
7831
13647
31922
67381
28426
22734
2102
34549
11687
33304
66779
69451
1355
67257
59743
65971
16285
27913
21769
67285
71695
98317
30393
59016
68867
65420
62170
81761
44809
32812
9556
32220
88006
41513
83071
33445
12657
82321
15825
29956
13016
57759
56216
66563
32511
32209
91652
50269
20872
95688
59899
22404
87822
50493
68560
33199
69547
23003
18382
95006
96986
63388
7534
96972
85399
22307
94568
94736
57794
65171
20773
65136
19394
15914
99123
85826
58950
27006
33171
21888
73127
62227
63884
63272
64073
50389
85858
81261
82368
97400
13025
78333
13231
7210
54067
47760
28812
28754
26321
98890
512
74919
37174
58893
49834
13455
12335
97886
40035
94259
73327
55762
23964
29627
43903
21524
34755
28971
91027
47286
84837
92281
26263
8082
8557
19562
20392
70780
14635
86601
69503
742
98479
89571
95368
63087
57364
61474
28657
63881
59931
96803
28222
82597
80940
38710
23417
51710
19809
47442
23686
7806
43902
12146
89621
14289
78328
99760
44657
11012
33046
28348
4309
92729
74901
83162
62686
10858
27813
73845
31868
45240
64561
28676
7682
17743
6556
43351
34812
42935
8486
92797
4224
47482
95439
14230
70942
20429
95538
33840
73905
42653
55634
96288
48823
29783
7603
88831
53693
78803
53439
87423
67348
50654
91145
30312
69920
48579
45102
33971
40590
48758
38359
36642
39845
35997
51259
72378
46134
74906
62786
24958
99566
83449
87876
65609
42698
52179
35311
96071
32905
55869
28904
12273
72029
60176
57928
64260
2235
85781
21768
19293
45811
98509
15256
15443
59417
80698
15720
92816
90081
61390
85898
89805
69770
62062
83022
78442
52753
994
59405
25863
84518
57020
7618
6625
47259
19202
42706
42284
55129
9594
39468
91849
68781
94161
97708
8645
20832
31399
70105
72719
65028
51835
98478
46515
78826
33103
90038
65271
80688
2584
46512
38097
9207
61860
94898
96323
49107
7687
21546
98516
69756
94436
46048
17164
52066
23221
55031
19980
96221
60920
75410
77960
50146
89302
62835
33986
20945
92368
77407
15652
43659
58248
26589
31354
35106
65321
36093
53578
56168
81140
85
66832
9737
93929
66503
57626
31733
38926
55326
7580
98869
79551
30327
63665
83039
44274
52637
86224
33701
88805
58284
79687
4135
70215
57239
11446
57737
67775
57861
5770
5759
54141
82998
33204
53604
24380
7460
85445
81514
58352
43461
49993
84204
45393
82220
64894
7840
86308
44655
43759
56680
7747
7875
71633
9095
9288
85411
85017
77776
79099
53488
65175
23962
19157
7122
92276
20529
21265
6557
64900
15206
7694
85455
60999
12614
23075
40469
11874
71720
12832
43181
67252
14463
79804
33095
73464
78511
47744
57093
70967
33181
27568
23233
92518
3935
11665
10861
33635
62355
81596
72309
90952
27500
89245
33665
42218
51750
52808
59158
82673
26107
56793
31773
51699
80206
79270
99867
18543
66692
35779
24383
87875
31026
946
24123
81451
32786
57733
83594
61239
68783
42801
19823
44327
47776
60945
23774
64389
71474
89844
74964
15007
58077
55236
88480
48480
47192
82772
80005
62667
74793
28741
2456
57363
37237
57813
7492
7673
83061
35204
35021
26178
38857
82084
97009
55796
79494
86685
29066
22926
67596
48603
63441
2658
79283
45781
12060
2479
48291
80954
90312
84287
38082
21433
22002
19929
2503
3789
35135
51812
98094
86531
79099
29082
18437
52298
53790
85028
52547
99190
11915
36599
56248
71921
81330
3851
61408
20255
97205
95156
65137
54188
14792
55743
11539
84148
98865
81195
95151
7182
63087
17761
62080
57782
52375
48433
83847
5590
5594
77834
28506
19184
97954
38742
80700
35786
14683
50608
27272
62839
67918
53635
70759
32126
55561
58144
30209
5769
48218
3323
51952
43052
40506
93955
33199
23888
48807
91356
93394
51675
54313
1499
18832
1598
33014
11581
25274
28251
25584
33572
72111
23344
78156
18575
60040
933
48623
69141
20719
22253
68753
79678
5069
62236
57923
91870
23104
27494
54380
3023
17771
22128
52591
93098
23271
70773
60840
11201
74424
311
41174
91580
93338
9600
21555
57934
48218
12595
24701
28947
34721
3124
83993
85480
41419
56081
59662
9223
74038
14732
49164
14878
72918
36582
96656
87787
95685
19177
67231
37526
75128
21777
73967
25771
13996
35097
4645
6802
89919
89086
20473
42765
33500
37810
73751
11693
56398
9663
58462
25106
2453
70133
9163
51485
46231
22130
56816
56307
99245
25933
63197
60336
48222
43711
31648
197
65642
45487
67529
4081
47996
97785
98374
30647
98274
30938
62702
76801
72729
68954
28729
48753
69186
84950
6412
41600
10769
87465
40275
58933
38116
89814
16294
75843
86704
80309
96526
68863
32214
40599
47905
38877
53973
38104
18696
62822
53306
48417
77090
87224
53682
82006
18338
34842
52608
51650
63604
58938
47273
82909
89725
41350
27564
31096
37343
82819
15536
52069
23387
3725
84150
38821
59857
59147
98158
97487
87555
91502
32933
21530
33401
91974
97755
68552
24605
87009
95507
32079
35878
61505
56067
80612
99794
96025
42443
7878
844
7524
60451
10053
57965
85601
62797
18765
50590
73711
76778
87795
55260
53697
48841
85466
5844
20543
27737
45378
19630
9657
40479
29774
99975
46152
60419
7921
83734
32802
2213
54101
67952
50073
74477
72359
61222
26866
31168
74370
86380
83805
88910
16470
74197
52278
61000
24917
60410
96790
46768
67546
58041
31638
22697
21494
68666
89122
63309
2808
41613
64054
68924
11896
28687
92184
73458
45473
63052
57041
95122
76217
85662
57065
90430
36206
59955
91678
3561
88702
20556
3361
17699
5251
1410
29165
32947
76537
47140
94276
99428
18702
13339
936
30806
36581
28462
30131
65781
21350
29345
9364
60071
48165
46744
65639
10334
67758
91834
91855
81709
11466
77457
56690
13240
87473
72237
69649
38052
84332
14664
14723
38701
71493
31300
80557
33398
63278
32081
32608
70971
57482
54699
66478
52451
84796
71711
99434
76913
46538
49294
89596
1466
4397
21195
97950
5745
83160
61086
54775
38845
88067
79019
18609
1388
17715
94316
67768
12641
62535
4763
76625
18024
20129
84844
10868
80491
31343
35895
59848
75485
9654
9811
19962
43411
83834
61790
76346
74963
29068
61401
19090
20132
6449
78224
88067
92005
74890
70136
58941
22681
75813
45104
57371
98016
43232
17546
97945
59746
73621
39075
61332
93956
43206
44302
34140
49212
56326
24015
35768
75553
31618
24770
42294
1724
48938
49372
685
12123
73056
23018
91185
4004
52540
89782
57874
63751
14009
13096
35762
59692
6784
63880
31681
69131
66255
57601
44599
84794
72389
81089
90029
86081
64461
43870
35288
85225
33572
81235
9539
41043
99400
51623
53543
60742
19872
99118
78154
83680
76130
36105
71026
49677
93957
70633
87460
39093
27875
46641
12318
3728
85770
60281
36045
37909
38176
55855
23563
32720
32849
83032
71160
44401
23127
68340
54580
7233
23204
32639
5943
26512
45102
21363
79853
82282
42071
30219
88017
78088
55352
99907
6597
81602
68842
42107
57483
40034
83921
89786
53412
73908
85734
20623
73954
70777
62495
39859
75595
82267
93725
40074
97837
98203
21105
89225
15768
57798
32971
60689
50173
86534
17345
83769
41537
38036
46073
76714
78941
81932
62035
34499
28182
30681
92438
52509
47252
72463
84918
34601
11041
75959
39550
7766
85663
78821
32287
17775
13382
95301
51605
69184
10682
14484
36306
51864
70629
46027
67274
95754
98006
87062
95291
85103
85589
2851
55190
15014
3521
65174
30990
571
31048
75257
16732
85925
91395
44497
75501
15464
82028
17548
38665
79355
11005
42102
17760
24997
54246
76106
68114
92385
65961
7910
30875
24384
72374
71319
69082
60109
10270
13811
86045
46283
96567
60454
18187
73179
52811
87364
36557
14042
53181
7870
25850
82343
31737
89807
94237
79618
70775
15254
70405
78512
11788
71678
61609
17435
56236
93208
60790
22295
98880
22570
79414
4959
62015
61825
46270
32925
6765
73410
77109
16680
37965
64543
59100
5960
2180
54629
69727
19413
67948
49553
31286
26525
67633
69411
21176
59429
38892
69162
89949
23655
83001
83807
12973
18137
99735
74830
52330
30478
32251
29135
80920
46262
36561
61747
53509
42017
6737
43514
29720
24640
90522
9025
5146
73804
2989
42936
76955
32832
22761
82482
87715
58913
97534
80310
50103
18911
42768
15314
43555
87571
36618
51663
52298
32520
23100
40703
23623
20790
99155
80019
82590
35529
29908
57961
85253
44416
9396
84419
76745
70610
9591
43123
19614
49483
65411
17394
17574
16339
84032
65968
56797
41296
99694
62117
57567
84866
35299
40102
8950
49292
15488
77139
19396
11539
68399
10958
39882
97118
61147
99142
78611
12509
70955
58257
1920
44807
50364
4632
35152
81371
44762
99276
48747
67560
95643
694
459
34888
21337
89420
9448
94791
43946
16224
86783
91969
28990
51058
13694
94313
61108
31846
32750
14503
17976
85680
31645
10937
88445
108
41768
52186
64755
71594
36737
80063
19909
48646
40547
99134
89586
61654
48911
62954
60774
8380
45601
81497
36149
635
89012
80966
60659
88999
81071
87794
42931
32021
97099
80870
54586
89841
63873
69971
76350
11951
6837
22714
32256
73721
14777
44264
53955
85159
13759
6777
6665
94668
42624
38942
63945
30861
14242
13401
64750
90028
92424
56388
74543
2979
20284
44945
24262
80685
82258
36012
89520
81982
72569
74045
1120
2514
163
23434
94656
65859
58094
97433
60005
79732
49742
74611
64301
91210
39353
85476
80248
83675
30031
25983
74336
45534
16356
50175
88439
8258
41036
35688
22332
97883
15394
94123
47705
69110
77684
31400
63643
19502
11182
58606
3503
55159
52737
63454
64374
24728
36752
53710
47524
91414
58327
7913
28443
76779
46553
23283
63615
92949
38756
29067
75222
88906
79587
48873
9630
70506
41120
47206
60202
97933
4051
60859
36699
3451
87404
37858
27703
72506
63801
8825
97096
17890
94580
68869
31411
86477
75597
55506
85972
14730
59791
77592
56307
34224
61457
78778
35141
49263
5211
61001
47425
23523
84051
99621
81852
44546
94435
28963
84484
12980
6953
80841
25974
68291
69115
19318
65469
79080
55284
90976
86152
63076
22432
21013
28486
21872
71200
26755
16992
35788
58746
73971
6131
84916
10144
13071
52072
12017
38011
67493
58322
23147
38611
88707
64484
36508
79358
95010
4492
71232
43364
95104
80848
58537
99978
21221
58531
35118
41923
95943
87716
79459
16975
49705
31572
77412
23598
69182
12818
69932
57606
55115
31284
76482
86413
9003
28196
32946
70739
26220
13429
59546
34126
93846
28672
85883
27716
9164
40799
24431
40239
46539
87269
10458
35312
18543
31097
31704
32115
92661
56589
79510
3642
40603
85311
60893
15240
38244
62219
62985
25869
83736
56075
65881
89705
25671
53772
44190
46399
31374
19150
28886
9559
42674
95831
21266
56944
35242
82837
92915
160
26457
36399
37268
2569
1112
67462
33377
39899
74259
86957
32517
29632
47178
81954
83713
35911
95223
97256
59448
98928
48623
52674
46695
31313
3745
84270
29810
54435
7868
80892
86106
56524
84110
79722
79306
25929
32038
80574
80241
14040
72923
34334
85898
48224
66405
54255
98230
5949
45353
38248
66924
14476
34195
12338
71526
2511
3900
98942
45917
54301
27178
21411
13839
38889
53015
93939
60860
37901
85385
65049
77553
37172
60448
38322
3675
78433
41487
7813
13181
46783
76130
60991
86877
78501
75230
5071
96184
14885
96102
82395
52118
39218
20057
9758
93048
71980
4888
21438
79982
10346
38725
89710
60933
52386
70088
14045
18269
94519
17771
46264
505
62688
49509
73347
19088
75761
6388
26895
31136
64841
47875
40985
20482
35095
99659
92223
22072
33673
24438
82432
96611
54706
27134
31886
24498
11223
81556
91186
2004
69111
97629
71133
52942
34037
10167
4039
67209
97187
46585
29030
74050
50508
70808
17579
45669
24830
27046
25180
70644
72915
45236
2026
95776
68571
38425
35760
81979
47495
21355
86919
60516
89812
81769
66439
46849
89617
88219
34942
63691
25423
35345
63974
26883
66917
27145
62119
79427
43165
51276
19721
32751
62783
20152
61491
93353
80855
91480
74405
40644
1893
65806
82190
14865
80642
14643
31595
55157
21482
56470
46717
73596
31402
88576
89862
82214
19078
79193
38079
46719
54823
91811
21849
4333
72640
31683
95406
73378
82716
88576
59267
86449
20966
35812
39421
85246
39317
4703
18876
39726
22513
63883
32184
33566
16870
19371
93143
38895
51428
85004
95977
67070
26320
5037
86400
72914
60971
87803
33135
15087
36957
40117
49565
31047
39582
79855
87078
83536
61121
68881
53775
91953
30045
76415
4804
2390
84313
63764
367
3298
11539
391
97239
37412
46477
36496
19219
13827
34484
24996
2537
67859
24110
43227
96552
4617
74240
81427
98494
7435
29562
35566
27223
36416
75840
79606
27731
97671
52821
69632
75586
21764
30182
63694
5118
87445
46256
11951
64005
51203
62479
27617
57874
85075
67012
83703
2167
61500
47041
87413
35673
57907
9973
84376
1512
33729
27663
17459
85146
93143
19600
25139
6851
47704
19314
84996
13394
80148
94351
63213
4587
23670
73839
7287
26556
3987
59345
42763
61599
11522
36853
30072
38283
60107
57060
82804
40919
11832
49789
45914
26988
51144
79997
66674
11046
72610
2762
34446
85511
19399
77628
90928
99288
14816
78473
47657
74429
84503
38091
74332
24019
18849
30319
98913
95880
91256
63773
90470
70487
14727
28063
88016
70431
84927
82481
59039
78752
75367
97539
20559
69873
19088
10157
14939
61536
72006
49360
7324
6247
61282
27237
74543
82503
6396
81828
58996
77892
91870
54931
92946
77757
26836
24585
38265
7462
72480
20126
22431
70148
86410
46097
82092
