91391
50816
691
6738
82002
47765
57802
81645
81052
88027
95108
60144
38723
70698
29353
78120
30215
10386
56216
60636
73132
91143
69107
34502
74295
78505
63226
56047
52308
9454
90928
1542
42420
69711
95354
58813
17300
69964
166
44609
48152
35420
14696
76500
53622
72374
69215
82248
24431
80565
14870
22585
24377
80779
37126
28008
18103
6565
77016
58544
59178
65111
9385
75943
87072
50980
8487
33939
46443
9547
13752
23846
90669
91153
96761
21079
91375
19880
29572
24670
48849
39641
47819
11148
83515
88883
800
86309
24338
65359
4375
38299
17543
46271
21251
44424
77033
32627
62685
68551
86363
10056
86436
55792
79584
78094
26942
29486
90610
28948
51100
48383
33138
8434
25019
20744
28825
71442
15207
56305
56909
27291
98010
20932
81040
45660
30818
37598
20690
86386
68065
15183
32583
61942
87534
42708
47508
76518
54904
70190
53026
48686
39499
36094
28052
10003
3243
62592
42261
37500
45405
21185
59307
53309
12550
88639
1929
94145
83594
74875
84640
47507
2550
90973
10228
21609
57242
24741
60909
41550
46062
41545
47780
82090
18997
49264
70142
33681
58239
83497
12565
59333
31080
74345
98961
69384
65790
17887
7189
86498
3616
24822
42582
84651
9345
47783
99271
86229
81932
16631
97199
99609
87810
96628
31228
77981
25406
58120
33937
64191
68506
93496
87291
40129
73354
94267
43329
9265
76326
52314
59001
62067
57574
65761
82616
22125
71654
32767
79617
49807
64424
98047
30143
47453
24824
23235
14414
26746
78667
37178
48051
45362
16417
73119
26283
84772
58569
47726
55489
12491
66563
96034
35770
62056
38529
60784
14762
334
59303
99482
81257
47721
31058
23281
0
77387
99829
64266
11325
72789
43998
86331
44039
29054
12023
81971
53131
28131
51400
10291
94420
86795
40217
60397
13881
56182
74549
34903
67697
25058
30603
47820
21538
64281
84686
64448
77526
21434
88828
62461
55022
69154
7132
19326
89297
3959
46784
52584
62781
33745
39402
66112
92639
80485
45323
96557
55549
18895
87751
66603
3952
20348
7988
43401
16687
81586
25281
23104
80006
74492
23570
29168
27238
96021
36266
6744
85429
78800
39170
52882
39718
50018
36213
4873
11492
48141
93502
12311
44552
36617
80153
30592
26219
86609
78086
67685
76693
22216
109
13733
11955
1862
95899
68278
35718
6914
78218
41084
81464
96350
26526
28260
65002
4106
95916
18144
6505
9942
81077
64063
80896
97239
55472
40488
47398
44053
43558
14835
61848
527
90711
60932
94337
74827
61914
60677
8821
2302
88481
70815
90909
83604
63291
66996
4941
67773
89843
76572
1202
75380
33749
76441
70535
32653
80305
22585
20934
19707
21368
17417
35227
2363
60259
19409
49268
41536
48148
1967
70549
92
95476
89235
52585
81831
18299
28917
33906
79183
45486
51726
89217
87645
2178
8121
75905
21536
83134
42375
20430
14136
7295
71673
95075
87840
88662
25918
24177
42297
21068
84362
80011
33520
581
94191
62590
81963
11138
93626
58911
71253
11360
91756
28540
19811
99359
61651
77876
79746
60029
62149
75778
80895
1344
87865
39605
75379
18994
72130
71451
60169
76838
64552
22395
76750
77786
17060
19234
21619
29365
24824
43734
86754
87759
21578
96742
91707
70672
86651
63906
12873
50864
65831
60455
52998
37758
93019
6034
12327
71548
11310
51190
66917
29000
61278
11529
36234
25461
91785
2617
71125
19351
21476
81979
83625
28734
11322
71044
53048
73018
96197
64112
5447
5885
65826
2624
98463
4862
58740
62177
96016
40281
51352
73095
2369
79923
86048
93017
45880
34108
40335
20005
81154
41645
15888
58996
28928
46449
58643
54904
5487
70272
92932
26114
5010
4550
46281
78225
4638
36803
63193
55909
30466
5931
97972
8625
83729
59374
5442
11790
941
59057
67404
67628
3025
49019
9585
75299
83002
5004
68198
76616
74580
21479
73774
39676
59197
66609
945
64350
58904
64306
29084
66241
66225
76824
86133
46072
15592
95898
52920
80237
93819
89018
36947
56369
3316
12676
74331
58861
68492
29203
77705
36312
18778
50771
62581
85665
65917
15457
9325
5420
27329
35438
95826
77690
26801
70242
8815
64960
95322
40862
4918
56026
86712
21466
90649
92248
34784
38444
5410
38902
33352
88330
52240
24970
22934
26375
21422
31031
58308
82777
25682
90590
93229
95388
67695
41780
50935
83119
52247
84174
68189
3291
57392
9816
55351
50228
33777
33382
68904
80185
74650
61378
98724
11221
86734
24548
47068
57832
20622
82688
21031
98175
69842
29496
44623
68959
61574
27250
23350
70594
14016
65893
97987
8440
64762
33485
51340
41678
77424
69022
82817
94124
2999
80437
31603
27288
64151
29161
6815
98521
40231
89312
23099
89270
83684
33567
21596
54908
16237
8346
17569
17662
56574
75017
50944
50807
15783
36347
53835
43243
15433
58724
77087
55819
96364
89682
87913
87895
36320
32926
92788
68286
95694
32861
32979
97602
54841
68630
47143
2870
17559
7214
96398
45737
61862
78047
62410
68988
2637
18375
3337
44047
92304
95484
96917
68986
4783
16830
62138
95447
42204
4261
7151
48669
13175
86233
50243
88646
87847
25665
32390
20370
32439
25331
75409
34309
25099
81098
18706
31340
26942
80469
44952
18813
36602
92523
98648
4252
93906
88989
25594
49306
87199
43204
55459
29047
92597
9722
84895
79528
78978
81092
83530
80660
11491
61740
9500
91992
60386
89134
85295
10763
33583
77128
37422
74843
54522
12276
23484
44246
86987
77682
20317
64837
56094
43422
35589
61875
38590
97250
22427
26251
20285
26148
83146
73215
84077
87615
7876
91717
98302
73519
2931
72188
81460
73478
33246
80364
38020
53628
47316
44139
90252
32739
74296
58332
52460
17112
2057
99634
64677
95989
83724
26739
90988
14724
55000
42487
20234
7630
39390
91792
97203
75250
11891
96355
7457
79281
79292
48788
98509
61221
5077
14880
52298
44978
57854
88708
75486
62965
43778
75483
12541
22937
56229
38116
92516
36904
72393
18370
1294
26718
86429
84636
42742
85690
44195
16293
78282
52718
39452
567
649
29493
74835
87288
74169
65060
24898
83327
72295
25945
35333
16560
44540
24048
18073
55074
58328
7189
48112
82081
10221
70931
34453
98671
97563
26507
78486
10214
68227
97504
32115
66489
70763
45135
1825
98840
88045
189
15450
51410
91228
85672
21797
13557
53172
63039
86302
37073
38204
9229
642
27546
28763
80977
61018
29772
53684
41705
11969
70633
59392
97069
60755
21406
54407
6040
51412
30500
84730
66976
6554
50754
98031
52967
55064
61327
25562
85450
54279
16757
39077
44567
3859
72657
19724
76219
80576
40343
69655
90745
44056
29907
16885
9367
75698
19146
99505
62322
65503
13407
44340
73106
59060
23793
23831
27705
18447
21153
59490
63316
6025
67890
95046
66804
63927
16969
68884
5814
50396
55252
26744
17278
46254
12935
68245
47811
61699
47169
39582
35715
84376
52909
15791
71511
65629
3332
43302
99426
35489
50288
16192
96867
52438
92876
6516
54378
92257
81991
10150
25030
19680
27271
86250
71804
74584
97226
61622
39189
5754
80519
33378
75503
2769
40691
15838
77939
37994
89504
35568
23718
30560
7872
59304
98713
93508
16967
59458
19707
91206
97902
94008
53039
37922
11956
67745
91704
19177
65535
42634
2288
25323
37280
73744
60120
58686
49653
9623
6314
52046
94503
73417
77834
61089
42580
14222
475
36997
3943
81093
4110
72313
23811
39197
26965
6453
99455
73714
597
98294
31275
24455
52570
93130
53456
1980
69892
74708
82294
45356
89503
95709
9503
48070
55601
97816
23952
11718
76493
75823
43888
75696
63812
81615
63497
62280
70107
56525
37516
73488
68855
18451
25681
63999
60245
38731
55580
89562
52598
62823
87386
3218
83288
7339
88395
34843
43456
29496
55450
2916
88082
38261
11495
29527
3363
10332
98341
88558
19942
52350
9535
49936
56963
66388
74102
64039
70886
46659
38278
96383
47603
83659
97446
98398
53847
69740
71950
14490
52121
82934
29299
44059
79472
64139
49294
63183
52974
79923
64795
57219
90426
24444
74876
83429
87323
16204
32157
94003
8368
82277
39571
25311
99037
36531
47070
63746
99392
90933
77870
84505
45762
45445
32257
16161
77929
21158
35882
20363
60553
96169
18222
44315
59482
56860
76807
55171
98917
66448
61963
7767
93177
30565
2887
55149
94842
116
99493
23059
71673
44312
14893
26092
26782
59258
60456
14440
10978
27064
97311
51231
23897
24786
88450
27146
7148
22960
80005
84031
32293
45203
70116
12839
75747
9783
73287
4509
14990
7713
3072
25733
51748
26379
44561
10150
18098
65513
97739
92774
62398
1271
34290
17728
43233
70657
39932
50116
46194
9678
28504
33676
44573
41354
81963
50999
1523
52783
9333
70308
67195
89487
37746
68268
69030
92097
52573
9883
68352
51013
6863
74157
78019
33014
43493
95362
91909
47787
23615
99293
3409
23017
64037
53215
54803
42217
30468
32218
25645
94017
32950
35541
19239
80114
42368
84699
29315
54990
67797
3360
3662
99300
84183
18066
93939
15433
25757
25879
60266
83684
66129
29385
75117
31093
81168
20843
90378
77219
97716
12742
90165
40546
76687
96964
98645
13534
82957
34568
37023
68646
5340
62568
53248
91639
39784
70185
79955
14436
80831
86550
17650
30815
67027
62940
2537
21127
10110
22884
58151
49710
71007
26445
20078
16037
1666
82182
25449
95686
34526
94406
71709
38366
59160
3496
37944
46933
79461
85382
7303
97819
27373
8432
96675
96145
67947
45737
70443
81393
38225
33951
53101
96827
49704
60357
30941
54174
14837
68398
61384
831
85591
99592
62563
61384
51436
53523
63420
58704
26611
349
47954
21187
42221
62203
62913
46926
46173
39814
7413
42409
90030
48847
8032
33729
52212
34400
88006
52481
55018
55985
90261
13148
9083
51364
66227
2906
31484
96189
65583
42077
95030
12193
47289
39534
39361
92970
4942
30793
29164
52549
43980
77666
29530
