44499
30323
90329
84472
60876
43662
6414
61438
28291
80830
50421
37917
73460
11648
11233
44284
43429
38406
6777
57121
64483
34739
97451
87129
74891
42066
91424
7109
76389
71187
80203
37890
68714
81474
76027
2355
72390
88773
16111
47277
8696
54867
69353
90559
4279
65516
84699
97595
21359
13528
89534
56325
77321
54560
14754
52280
32584
53731
35904
25167
27631
24278
56107
46871
50721
58748
38500
64782
32
10493
33357
87767
83639
50694
25461
11102
89427
71324
9906
94434
77324
47966
64813
75364
88065
98775
85975
31435
1121
9437
37178
7313
69734
23625
78922
56333
95356
51731
91546
16797
88992
67881
34026
28656
32483
19436
61566
84590
97230
27975
74507
48453
67295
54860
63978
80433
62609
56845
10191
62086
37914
99892
68979
32637
66030
21184
23981
1561
43072
55644
56511
12469
62409
22077
71052
17580
14113
792
67144
57732
19850
98654
48840
82263
12781
17942
18265
92352
156
43733
72780
68735
47158
16060
17774
99849
67241
69805
99030
3119
47025
90443
83480
12936
94654
63598
52055
26110
65781
56320
79479
4242
2797
10711
87983
45229
24793
44943
52541
96069
93061
25796
57172
33480
34170
5384
41521
1832
52508
46823
50956
14594
46674
18645
85769
2892
60485
15983
55245
62523
30145
60471
53710
34958
14682
43750
60356
68443
24168
94413
30587
43284
66162
97708
69546
13782
22345
76814
17278
34125
50763
69471
84432
74663
70280
21932
47797
5684
18241
45045
45556
86294
66796
25809
7122
31019
90260
2494
26473
60340
16414
61154
95607
53538
39302
50372
30899
12732
78343
23489
70458
62799
86170
29515
72712
60018
32022
7300
33698
98612
19862
11763
49167
80613
24664
20577
48679
23710
31969
39507
97092
57741
42782
33188
62261
57473
3941
4318
53138
31087
18138
12468
38217
60831
42285
5247
11159
77206
94497
90227
16466
75904
71304
98078
10019
59321
17161
5980
99153
81017
66500
15514
6904
70362
7884
90981
54873
3975
4723
19630
78763
71811
68451
94012
32719
20242
44616
41742
48449
86152
40300
40076
24202
95532
54362
10920
4722
29993
23620
45687
80147
22609
96352
27814
33033
93326
79757
45498
78918
25831
98643
38664
71874
75435
60009
41422
56783
32733
65680
57548
62410
46236
25340
35235
43374
57357
62418
55368
41346
27911
42509
35044
44659
10715
53595
54283
98268
80446
84709
85815
24225
56693
57547
34209
60188
75228
29005
95964
19406
80658
64807
35982
40567
28645
10420
47787
51745
34293
15827
22511
80119
71592
56487
89944
58291
49290
48600
89374
17204
89278
90967
80016
32270
35493
80926
96109
71771
17769
12022
42363
83536
43687
46674
30279
78283
16696
23609
37914
44808
45498
27713
13747
39891
38271
49239
35271
22007
11922
22875
6387
61717
15873
85223
87545
29777
78507
64624
19550
93862
50504
85638
22079
50201
84975
27542
47691
96075
7016
97102
61474
89991
20943
11040
25064
10172
62817
97664
52997
63781
10727
29576
29980
67460
35900
9050
41190
77357
93596
16325
99115
26398
43883
85025
91612
93132
36671
98197
271
39929
15050
7832
52728
8962
8008
70676
6113
65269
71074
3270
80806
37184
43037
83522
4143
28867
70050
788
73227
15271
58315
61537
77317
88457
45894
10636
89670
89487
12105
12852
3783
35387
12242
88795
5776
20413
65690
40513
79282
49410
54870
46095
54014
88875
46376
22543
1216
16953
88521
82840
29435
44355
56555
43528
60546
4938
22127
52235
14768
43204
70146
11224
3045
24628
22260
76826
61950
27291
53655
34507
11536
14920
97808
61468
14368
34923
47581
72914
59074
34663
72483
68907
58092
83941
80946
30110
93270
46149
77271
35617
7920
15152
37055
93603
36608
91913
28771
83929
30518
99105
25268
93718
974
16906
59076
41204
11202
18595
22095
77071
61257
64210
30980
85808
54128
15889
10132
85448
99635
62111
11221
31954
49529
80502
16979
67483
22185
68253
74964
52221
82636
80435
50054
49159
16160
22636
58984
88440
4054
48057
10930
70698
12554
1023
11297
64300
31101
74794
68163
10344
63216
87995
60379
8067
28670
11132
74418
47170
66966
77268
45690
1610
27668
61813
69056
95104
31931
64851
36974
33391
41298
13647
66042
93159
4696
28722
75438
60835
79141
38773
56884
49443
28862
62525
18846
59448
90100
99716
38032
21182
49626
27570
2987
59203
62754
76811
67062
96454
67027
26113
96907
31675
54696
83178
4315
47306
95752
97069
43039
15607
32477
97238
25148
17853
73523
81033
48594
29492
39184
61683
45601
25458
25322
28092
89752
65101
72041
47032
45020
55613
20090
97916
24818
60032
48205
47886
71721
72504
30573
26486
47559
39663
77657
75857
72654
11034
13635
79716
83978
13371
89956
58733
41146
51649
2393
66292
37752
94507
64575
14945
21895
64361
74791
90952
24760
29219
20949
26271
99737
3507
56699
80944
73371
7469
32973
49193
92510
15871
3489
21841
8891
33651
89349
85749
31437
59345
60284
11201
25533
37985
80086
61098
22249
13359
50475
16359
14545
23207
64308
85888
6525
24320
48615
16479
11790
78549
5069
45123
33952
39598
82753
13268
11896
45821
66311
95633
94672
72421
22822
77444
58908
48981
33443
62007
27864
88529
7484
38271
84848
26641
11422
55734
88491
93443
27460
83624
92341
4460
397
24356
8
90860
82263
89106
32246
3008
24382
38467
46646
34048
68939
65059
64872
65832
25115
43115
47783
8724
81645
11795
38346
91173
62695
60357
91190
43968
21798
52622
51204
68598
93728
78765
34506
42142
46265
27789
47401
99645
10109
85776
11923
91112
37120
43937
11862
17409
57584
25259
99562
64733
20595
75944
8563
77478
59939
22545
54258
89660
93026
94453
78670
44054
55292
8613
9435
31750
63864
69003
2373
21499
88442
71003
17915
88224
79864
95810
25210
54177
70615
35387
12725
66862
69409
50241
89566
50616
23941
40574
17460
58713
47116
86529
98120
31472
16723
85870
19886
10698
15050
95504
701
96668
65032
16970
8418
93036
81064
2763
61640
11951
78692
23359
76124
46701
39820
738
32800
16481
20547
19567
51694
80668
49367
68535
27782
2377
79291
27245
61110
31020
93218
82303
15238
14564
13626
8479
189
12911
23395
42335
29907
84717
78251
93946
54675
30972
45095
27951
44
99010
41103
4457
18422
66410
56311
28602
55772
69669
42694
71558
29513
77106
76853
77051
97043
64120
97541
88383
91679
10191
49437
96450
19535
97439
75327
14098
51887
85921
18502
5965
19992
3777
64255
56368
35806
77797
32384
70446
65213
63591
45321
15869
7643
73054
24886
619
4089
76443
83646
82446
12923
41519
25643
65048
26642
86058
32054
98921
10947
2974
97438
45342
68246
7874
77381
45064
26108
55794
22120
27192
88989
20404
90488
90550
5822
67638
74041
40496
77132
48338
83127
11183
94887
63059
65440
79078
4206
46642
33571
58468
74179
20345
27618
39913
98106
54408
15862
68468
49667
38230
34144
90747
14578
41935
67783
76756
69543
26108
43507
880
19039
88513
31941
34280
30903
92479
20593
85487
60376
57146
71897
88646
32003
85908
92679
70063
29369
87768
61990
86362
3784
68755
68126
53275
69454
33245
25802
75420
78091
66902
37816
47470
21287
97483
34524
63739
8509
71415
51825
27799
61091
17382
21293
6581
48503
5077
4096
89910
38855
42549
43465
50332
11965
95439
20821
31516
87397
94817
74581
7954
43517
56134
77178
37870
10264
51924
61648
91373
13262
82815
98516
67875
35460
63483
43156
97395
92851
15487
47329
38273
25304
93380
7891
31550
8888
97036
98586
54147
91853
96640
90364
48345
64369
46994
75088
15893
91685
2593
29781
3265
4831
70651
27663
21493
65327
82333
33344
70853
29100
61141
35455
49876
90463
5577
632
41030
30187
9584
43584
30099
58296
52094
31826
68727
32603
25981
76075
7814
14819
47766
1887
26813
17891
96271
30966
65940
95831
18735
19174
80367
30069
27965
73741
74004
14673
81287
14892
2422
34444
19038
17403
47216
77306
24669
7693
21998
11599
54987
42625
15237
65638
20246
65953
28259
29646
64416
21307
61409
97457
80662
42234
35509
82305
62458
62528
9731
63105
55522
10562
80820
29998
70585
31072
70111
80297
20036
41343
32259
14530
1983
65765
95447
16257
13414
55089
61048
39572
87760
75476
79010
12593
55477
29232
25946
80550
49872
94699
15911
2853
5919
94608
31393
48421
89287
32482
82818
14999
9045
70462
56890
73958
36735
93996
18238
68713
55433
45345
81024
15785
66404
90741
42586
41002
40593
99612
38883
696
61027
24163
68548
19854
10497
15496
38628
8358
57643
56566
97951
1848
87028
23548
92918
44497
62286
2249
95776
38674
91684
93223
63391
801
60608
91441
42541
6033
83213
55537
22516
91177
24054
47162
29405
26547
86445
68223
40800
7779
15176
16527
61594
40130
13094
86190
34909
11158
97008
11889
39873
98895
11578
52789
2872
2161
43880
12956
98079
30809
5582
63365
24753
26510
32079
20007
45654
22182
95143
68106
61400
90258
35076
57826
57398
7591
85711
73128
11729
16297
8777
83447
88515
64501
18192
46944
79152
11628
80129
4875
40501
40440
33655
17482
12541
83036
41233
5979
40627
25628
26322
47739
60401
57893
71906
20514
22774
50075
178
42910
74839
24958
48765
78639
63596
87064
11465
36540
27531
54534
17645
44241
95858
59744
15053
91862
15517
23974
90144
44205
70200
28136
48467
24615
25167
89074
35430
78787
47937
42611
56852
67396
81810
57865
53712
78766
97887
72267
10442
10941
22029
4179
7153
15170
5019
38885
75027
61403
17558
21152
7872
11214
6762
18591
89293
24610
64853
37484
4692
58074
3384
75107
34904
43854
98664
31999
66054
68615
22145
93795
90967
74551
29113
42727
32914
2323
24850
3452
39694
92751
72649
75358
26965
57300
85036
61429
66116
76128
93513
70536
64432
12986
68481
95039
35074
12848
13787
32339
55235
98767
43477
27028
46067
73022
59413
68918
88018
34391
86941
36217
52001
70308
17725
18644
35907
978
42787
32574
11710
11060
333
3512
1886
11735
51999
36378
69720
65885
70672
93080
73227
9625
98303
46257
78146
80838
22755
54165
97335
19427
17311
32400
69425
44559
28052
98902
18446
96349
41617
4269
66396
18164
10470
56786
74978
54374
50230
45769
56443
62635
44939
26372
94882
1145
27395
59951
79273
79522
97544
10870
13571
19498
64605
52020
39938
95460
34996
48281
1498
13288
15356
6166
34821
70547
80184
94280
6304
59130
78827
72927
22546
68716
7471
76875
74252
66180
63877
9538
28812
80872
70759
11023
62876
64353
74810
96698
6871
70967
86335
50224
20748
3112
14887
39087
7066
89220
33510
64880
64860
808
58561
9234
51422
54005
99138
74783
89517
333
39530
2461
93614
22570
57702
96883
65444
4411
37978
18133
42997
89691
3545
55759
78470
28015
45975
92074
93506
99004
35126
45213
60986
2819
60348
59731
70598
11515
40678
80085
16457
77321
5941
14421
63795
43421
59655
43830
71073
53708
67009
14554
31743
2342
63400
82058
69997
26932
89071
83196
9535
65776
51914
67140
41630
77504
67713
59545
45228
2192
86880
92578
76069
66251
55723
5757
91072
63670
3183
51788
35125
37577
13844
44381
8441
15403
78414
62133
53349
10569
12115
1752
23093
80786
68967
28375
31532
89266
16754
43830
18900
38537
1459
18521
94371
98055
74927
72426
11737
95879
13570
83146
93094
83109
50421
62450
1545
42781
48784
89380
1970
94754
47079
90579
52073
59031
10640
40651
94856
98701
4501
76607
90723
77786
90693
6830
83528
8434
50245
49488
72193
60901
90019
98434
28407
75989
7179
36972
81040
36050
98706
18924
84281
77427
75856
33537
89918
97267
99691
42773
59094
96838
40174
67719
37820
52023
92344
3541
38936
44415
18097
27171
6429
48868
29463
56746
18699
31180
56183
7296
41428
89820
67832
9087
60924
4881
81777
10133
33945
68090
54170
18504
4698
18480
81183
48675
94244
26099
23345
79586
6680
65667
19447
4982
83344
19864
86723
95669
58984
79038
68159
22401
26489
80432
36165
3315
92480
48944
10478
26404
72670
20832
89698
44760
6297
80256
62990
83783
38815
57892
64532
74953
63178
76721
34876
76638
4127
86100
15976
25015
50705
47040
1574
54788
86722
76002
69502
39643
28394
22466
27211
29282
77744
85816
59495
46521
86805
32361
97342
94887
8560
20957
6021
99807
54516
17470
19715
67502
4077
79054
32237
18308
78377
26117
43600
74973
94932
79782
83847
96843
93788
56701
52685
62626
2068
50840
30604
63807
88531
49471
46132
1270
70140
29521
45991
70231
93240
4700
21329
51899
4479
98105
54133
85361
55894
79778
70562
21503
80019
14064
14020
823
71964
98741
44407
90393
35341
42899
19895
59967
10007
2647
14578
24105
14982
23990
82815
97156
379
13666
47400
10361
19865
49800
64803
6128
60411
56074
92959
47936
67970
70100
64761
55124
33836
5437
89261
61467
33087
65788
62474
74731
25222
88644
54622
40659
67122
44318
60593
64636
4930
10689
49070
30268
11549
30257
59772
49431
66716
26001
16203
77905
6469
13030
51561
27892
99538
41033
10772
76219
15695
39176
37994
16697
33986
87387
67516
50217
9094
80254
91681
24819
3024
9456
87782
28183
67634
47238
21732
121
89309
73804
58890
26473
31297
22009
42233
13901
26832
20334
16527
92846
93761
99212
67738
55292
80241
95087
4046
58943
40643
7562
16274
65915
29288
29280
84277
53950
61978
56444
20670
5706
39426
64654
48417
9434
32697
99811
35373
54930
876
39231
15010
35431
30744
62234
416
81096
50549
71060
94778
9160
6448
70294
55338
15113
49520
56935
34942
80007
68569
35591
24560
66014
87887
80588
59667
35256
47186
19510
39561
98711
16200
34417
52465
10972
31929
19207
34142
241
5940
5471
45219
43929
52878
79862
98699
79890
16490
97880
59365
54212
60532
38107
33500
22185
48552
15577
96452
35929
49328
91592
58640
69072
76394
79511
37409
42590
99623
76903
45369
64460
46768
53603
77358
48742
55652
96638
57561
89673
34492
12808
66190
41674
78991
51916
89831
41536
29233
8041
66969
47727
34358
29771
92199
72754
87893
28613
19765
60772
71271
27918
54005
2507
90799
9301
52477
30402
62067
91874
99354
96034
65001
92650
99230
77260
68333
21486
15476
50805
86862
65201
3892
63598
35369
26548
93074
84719
69580
61680
53873
30912
20029
52976
46421
68996
4435
73864
9526
71138
67650
10389
61457
4049
61204
4435
36472
41695
83219
9557
88777
16222
4835
55684
23772
51820
65932
7351
56405
4733
40149
93676
68954
2407
36364
66528
47231
27306
61634
84240
31933
54490
91027
64525
85633
94890
9059
71830
2048
15639
78340
87540
66792
53710
34356
65047
242
29915
93507
29000
49364
55951
21267
3787
90739
45005
45080
96532
70965
2737
72319
20322
46324
64541
36042
41436
60271
16066
46265
97607
29210
20871
69925
80065
14390
53209
47269
83069
45724
70255
91124
22171
88786
58553
4042
77475
68672
8581
30406
72926
2396
84205
40365
35058
2529
93408
64684
98264
87102
59115
7898
35259
23691
10532
12697
25614
24087
84083
16411
19371
70461
81054
54432
80068
59476
59855
27517
84936
86981
99108
82041
1236
40408
14418
40146
49202
99943
20183
93725
97683
19252
74139
78890
2533
57942
9986
48581
89425
1166
29105
23800
21875
99097
98906
25966
56503
13118
21221
22354
56045
1447
32765
2102
61224
23340
75765
4401
68888
62474
96245
34880
51458
7411
71781
42348
44121
16704
57684
72748
25180
64705
86949
98241
21708
1076
40375
21247
59239
77044
16176
1132
59014
90857
37061
27361
72431
95869
84808
34445
18776
27151
22159
56793
20729
70176
92861
83782
68972
91691
63951
18579
39908
34002
30309
80762
44455
60339
1610
80346
72874
90777
81538
11951
57287
15919
97392
50749
88541
46671
13313
1580
77893
95769
63640
27021
38764
52383
52887
76699
5938
40189
67879
78205
56733
16454
21828
17576
18939
42489
29575
82913
89554
52435
79761
5951
4742
96638
16017
72623
3910
16550
68819
3537
32947
53036
73574
6656
77871
76788
66791
54927
64861
82073
32271
76559
99067
26113
83766
80877
50457
17611
59554
76088
71125
45732
99824
17184
37364
62552
85662
346
92702
62886
3634
17792
54455
45869
4043
41301
84054
65506
66786
15366
83300
89668
81980
77228
38066
56518
89007
20942
40599
45963
26158
14948
86405
7665
34739
9238
32167
84963
8232
14115
41945
27250
12306
36957
1028
47422
93595
24817
8661
22095
85979
27588
13272
81440
67713
78297
12470
51515
44163
40400
75304
23103
38720
32168
96247
44093
97614
14085
31762
36739
57094
44621
33547
92047
26696
35628
82958
80390
40747
55639
42367
16093
98629
39277
57167
81491
38644
7290
58875
28450
92135
38165
86529
51402
11948
36585
95487
85998
79734
90513
72650
64922
92010
18844
38472
42209
68710
74033
21258
75974
87311
460
42378
97392
93462
70277
31101
60865
22247
53266
69108
83007
86637
39075
20533
20049
81093
40971
88209
60934
29
21950
89858
90926
79273
32150
23395
63084
45922
60176
64108
75779
6203
52371
63848
25646
54562
69776
91892
93708
31182
32613
37911
64664
40907
44124
14361
15223
21440
86001
18017
3274
45625
86704
61775
74467
80854
8637
73298
47156
74031
17965
16998
34786
15426
41649
19118
82329
58971
31283
73259
84570
11998
91992
37718
99183
48372
33702
71392
2272
99472
60735
98915
99773
34589
49356
82275
3195
1574
18613
8295
82236
93153
66668
62991
20071
76409
30313
39281
97846
63638
83312
56691
39470
68043
79567
20231
30794
39132
40483
52638
7248
64842
84699
70378
37445
22589
8212
54805
47964
70701
17027
65463
52265
7180
67985
29368
74132
5939
55552
98147
59401
60008
39756
13186
73517
24201
18797
57660
96939
30424
26265
48872
83020
74018
84582
81964
86756
48109
47565
30103
78377
30622
75498
91255
52287
55333
37280
60759
41263
72453
89625
71257
19446
85252
62443
83436
49721
69611
48631
79946
71766
11002
26571
81073
13110
85548
21862
36700
72671
70626
60475
49533
40198
27246
98831
86329
81442
53950
73373
26079
76763
18499
85113
22695
66656
31966
10418
61572
68824
89382
53680
84357
23953
17624
52028
87373
47285
56187
42079
67789
13722
47342
31075
84891
43992
93009
53365
38962
50133
1293
83308
26277
51900
4033
18404
63425
15725
69226
5187
29950
6670
72397
58909
57409
79742
81924
55634
50897
23914
74052
27860
86676
47033
70183
99975
61798
19394
76890
45217
63702
67101
92837
60274
54140
23479
26834
16637
35546
6847
40092
84579
5039
53533
11894
28769
20114
82082
67508
56784
14097
60571
25338
57258
80773
6911
24992
72844
66994
93192
70814
63191
12248
38782
42970
72849
58681
84687
45515
52072
49832
76859
56008
1495
45034
33707
65778
67329
18252
85793
12027
31193
72352
78571
67250
82180
35381
38449
76397
81271
88273
334
50353
18746
20398
32220
19072
9294
6863
62312
77759
38154
34718
40068
87779
45857
68579
59739
20408
39200
68674
36255
73934
75827
81106
97630
48960
61191
70678
13747
74882
1258
71033
53337
73446
99695
14635
84859
85771
45741
2738
46182
37635
3687
40463
4256
45888
31590
89935
19761
38010
89571
1578
33183
69759
37825
95099
46233
55127
96054
70205
3273
58707
56715
58398
28268
99090
59321
34658
75998
21327
89555
51095
32270
48139
7074
49104
83793
14002
52075
94177
46642
3789
35981
42454
92391
65123
69383
4784
9407
15692
40886
71581
11479
25204
84348
78771
23595
62153
97212
15561
79722
33505
97538
82289
94243
39978
12320
26998
78748
20879
2514
79790
85633
73028
26499
4476
27225
23567
79337
53893
43156
87283
62219
52492
87680
31514
28835
71692
70203
15326
28350
55122
46787
45684
47295
19701
74345
27477
1316
50451
164
10731
23617
26825
33154
87060
2344
73390
46233
74518
77995
39725
59004
35487
91800
93373
68489
13752
3170
6398
32511
14630
76608
6162
98797
64220
5455
6486
98949
38016
33427
37468
81455
41304
39227
95975
33818
52753
43265
19201
84973
6380
18673
23516
56956
70502
61121
19011
75382
86562
26463
7868
91579
21108
89225
3070
20523
83341
96212
62377
80730
51294
92304
5413
17727
43947
37283
71450
68716
43694
19250
96585
4983
96997
65183
60007
81399
32697
45035
2388
13003
12044
45148
8283
19316
93246
61210
64328
80866
24123
52276
96000
29164
90244
61760
49250
22041
44089
93791
2073
20188
46657
88510
94106
43261
16405
23321
38977
72593
18991
21690
9058
22603
63530
98943
5966
87500
48406
76954
61925
82774
74522
64241
49138
47647
58246
39814
96647
78785
12885
70929
18869
56782
62459
3690
68392
77952
52497
31011
74910
77583
71706
8849
91202
85275
58736
84683
681
82377
98640
98250
52296
61931
63487
94129
96496
6232
9751
63559
18248
15867
77395
78303
32645
14823
4947
47993
12647
15623
39787
63393
43219
20211
59182
16532
56809
31263
40595
66787
16289
3118
86337
69521
37671
96165
38013
93014
93776
15450
48972
74086
63864
2954
96519
55500
77242
16521
34235
79535
75531
21781
49465
12919
33779
48804
71713
4969
50153
64475
25573
18317
89066
51392
63421
16625
39893
63623
56040
77158
13958
95881
345
24936
68301
21363
26277
85084
65482
99163
73607
71025
79784
93101
9582
49801
81843
10243
38149
31825
60247
76723
81436
25004
21366
4802
52152
99342
73830
93430
84180
93764
66469
79626
50449
46961
52281
25402
70978
28786
23496
66366
60685
24963
94993
56564
90302
75707
50854
83478
27022
35570
93415
62698
25323
87172
68251
12248
49477
22861
78541
1590
74805
45235
69985
56575
16425
40355
27602
9955
5488
92244
70441
83128
96703
67816
24572
59342
2941
90513
58048
23072
86578
22576
17228
88197
326
84632
27821
42342
47577
84690
2751
68427
51743
70361
42703
40015
67605
39461
44554
85874
48805
45637
43904
25644
50193
36069
44987
52894
11232
35951
19254
47717
30946
26830
57884
10024
37794
53934
24255
70097
47015
17056
29841
15736
38854
33049
11650
5947
6344
88377
43574
59722
59668
25705
56226
60446
22297
75837
12035
98634
9209
52314
54716
18665
19957
55153
16106
51031
16369
66953
14693
63836
37028
46491
37013
27363
64511
17047
23118
53641
54903
5700
67402
74160
69009
73540
92738
90899
1065
81525
19368
6164
60382
77460
93988
48657
34141
72317
3785
74005
90409
83469
74356
32395
15588
14312
66944
20430
61789
81046
57672
58139
46806
11017
61114
18088
97968
6586
26452
53134
11989
66289
38527
71073
52578
60770
61988
68064
8783
88020
15503
96232
45949
56030
83487
50531
80379
16171
11590
23518
57140
50588
58851
91160
28024
54988
65370
30134
96389
42767
74669
79347
71987
40723
96761
49077
97721
1161
29520
17755
79519
83773
37134
68306
27937
94336
79962
13799
24956
2503
61307
25622
23960
4940
51988
68545
28050
64018
28350
4605
52421
5991
37440
74054
6900
52290
34477
27827
119
1931
59419
4836
5216
74330
25819
44568
45961
81911
62778
89883
69339
12513
98835
30172
24637
66186
78606
66108
91736
70271
98329
94562
37059
36614
12546
45132
90703
34848
51406
67776
31313
47789
55545
30401
2407
43631
37706
83197
49353
32167
93906
11971
85102
21884
74946
79826
48312
17882
17158
62028
62781
21686
67649
97225
54386
99632
59622
94984
79030
86225
50640
60832
93561
15060
18079
14741
55111
15297
98128
21575
15381
98644
34679
37764
83815
22141
61659
86333
40891
76864
72175
14933
27990
64764
26249
69206
26760
81481
20672
50142
82654
55898
18567
37943
40837
73250
72736
47397
21750
46676
54143
66840
21282
44770
80540
68769
49051
97383
89012
82113
61596
41792
98813
50300
31414
68980
88612
76909
51096
64437
44453
85587
69883
77055
53606
78121
17383
68861
22640
12660
15558
22859
47499
41589
98563
94837
97622
15102
53757
34559
8447
76897
48110
45790
77573
68068
81970
76803
28391
42161
24695
27992
14408
3850
88768
39587
81794
17337
57557
64071
53988
94630
83979
94378
41034
13954
22092
31922
6744
38815
66466
27336
21522
50562
28389
71358
11834
22097
47294
13580
51847
23015
74871
74998
29534
90599
52834
62186
53872
77101
35939
28742
848
23135
76026
63926
81839
15522
26737
93371
1942
77321
42878
66343
88063
36552
51765
196
20848
90024
57422
68308
80854
38835
58126
1140
41626
43246
34036
52538
29218
56423
95075
52701
31047
46372
77799
29331
97741
58106
46214
78645
1957
59807
26404
6655
14107
8791
56018
59892
92028
49547
78357
38047
72841
32441
48655
74708
78160
92388
46284
66612
57645
78059
5258
93103
71069
99127
34085
97572
1626
93070
79487
22020
68952
38342
48553
19765
70234
6355
913
54578
28690
90400
62760
75920
52180
58300
25326
55931
85077
96268
5371
39710
82629
65439
87469
25730
37574
77599
54474
53166
43528
49378
42897
61293
58307
44672
54625
57389
56976
79871
3109
59747
69669
87467
3226
35467
27563
24129
49887
81325
26268
95370
48664
16604
56862
73861
84703
16889
9815
44381
74727
95700
86925
95962
19022
87698
70235
96307
45599
48810
98737
93921
57665
1033
77353
89454
46336
2229
20833
78668
31062
34767
17434
54499
11061
88017
13836
17794
61875
81015
37604
23703
33491
19163
83739
88473
58572
8184
16116
77346
14520
61008
35729
31035
8091
48105
10162
88847
58350
87090
14508
81793
6919
16291
65698
66874
62599
40674
86339
3386
56000
40642
93951
41296
87904
54758
22599
18341
26174
39844
37600
34002
62592
59620
46308
55473
53926
39687
63445
87281
2615
76037
12639
88100
98663
15854
29129
45715
16801
64626
79095
8017
2103
75837
77727
58284
30083
10234
26757
64448
52024
47512
71254
14053
95306
63498
30845
25769
6871
76520
96710
44089
52272
7090
85773
248
35528
68469
63778
77842
20793
57798
55611
44938
62253
72236
77333
64176
6031
39994
25257
99950
92846
84602
33255
19105
14635
18341
60594
83397
68096
94510
11032
71209
47373
18110
78315
64706
47328
12410
25217
46524
14272
71458
11877
29675
95735
27731
71831
94687
20953
22411
90119
63349
13173
40620
2473
19018
22071
98521
71733
26698
3159
38526
63743
23847
3650
76493
50926
88198
29986
14339
39354
18228
68365
69257
82503
62326
83271
6805
54713
14333
63349
73585
28531
4823
48895
24627
3471
28194
56097
26092
42652
26332
23631
18269
33295
43159
49346
75970
3560
31144
11427
11954
95043
47678
97106
92607
66422
9743
39571
53528
13357
3726
13622
33711
77536
29529
18178
89972
55182
25807
34846
17983
12633
56799
95259
61005
3165
74555
31937
15298
31662
54508
90453
74509
40557
46814
46916
90569
83142
74684
46
68543
65738
60695
91601
88009
68196
83455
98289
80498
21401
58004
87906
68633
85665
4086
91218
1108
65117
19801
49141
80528
79348
10933
10573
50039
67278
73945
40470
74315
17740
77407
28556
95662
85505
7995
52090
45796
75889
83405
22752
97904
8709
14870
40480
91611
93896
93159
86341
46324
6914
19444
69936
39985
9390
20104
88576
75731
62649
32082
35037
34216
12762
60733
79202
21513
17032
98494
53924
19524
91037
9670
20515
39636
33509
89367
3053
460
27970
69556
61865
15443
17504
99857
96230
91880
21136
57577
27105
93255
70467
25838
33325
63268
30629
89306
84802
68436
62483
8709
11652
29260
90426
8240
60975
30881
85550
80221
33532
61101
43363
86370
36691
70931
64076
65074
29005
77466
3469
78779
69412
14646
67615
92911
25145
81508
97536
54074
28354
51379
9781
64402
590
56192
32733
37453
28438
3194
27858
40300
1122
1701
49951
96276
74549
68250
33753
73373
76983
12235
46395
36356
67037
3843
48130
41307
16182
12044
34209
91105
41172
9802
14370
3596
64629
39813
50874
26081
29486
38309
27752
52582
57267
46934
46762
30704
17701
54858
63515
91350
69784
48061
93325
50918
42496
61620
9247
97621
3928
76319
51803
54674
55086
3582
89167
71636
42830
5887
19493
59506
66250
91269
55073
71761
91971
71332
3479
35000
80182
85897
52999
98143
95366
22583
51990
93382
63010
11692
26538
77410
73426
8290
83713
84562
42947
53105
31951
39216
15117
5393
53874
42722
93534
42270
13395
6000
31781
29876
89020
39793
2172
51194
14576
83518
60179
53979
7691
69768
60181
84559
12792
81093
89241
36888
17129
82341
15080
23240
11894
15971
66757
84256
34933
40502
56318
49843
71154
82568
3022
91306
30507
57534
11084
8256
40907
65270
73619
90285
17185
48399
28015
24544
53404
97474
94657
89286
42245
79982
89583
53383
73401
37969
22891
98639
78210
14514
96638
12618
25745
4571
73169
65033
17433
60517
29304
90113
24235
31307
53308
87762
68426
42401
64995
25381
39978
32797
85085
58671
70410
15571
96558
49618
86507
69022
67251
75491
81772
17466
71667
97830
67556
56975
6531
96181
38107
38792
21366
896
11396
19298
74784
94734
6491
36480
47333
39937
43959
45531
8834
29304
749
5110
29143
68238
80001
41295
30928
18655
69065
69746
59407
65835
76960
20072
98072
21523
92099
88620
4121
75585
10571
2750
54611
95300
23464
79697
9801
248
77783
8575
58436
17028
39360
34012
24704
99741
51918
42439
18167
29416
41483
7549
26536
8541
72184
50472
3300
28135
89702
77045
79989
70887
66452
81955
63434
60409
47205
93591
59619
46286
75933
75309
71094
63288
52536
15752
25532
91364
15591
43915
47484
87074
60488
49984
47377
16544
70016
18613
82778
22004
89016
91719
510
89464
54449
66902
7033
42448
81510
29944
81576
66919
96221
42249
21581
79191
36073
50080
38879
37384
74015
73949
49938
62192
90386
17535
5150
80312
86701
46482
24463
48415
38285
48613
2024
88119
92377
12217
51796
58957
90430
7414
90667
94887
26507
64600
38717
63206
4134
97446
92862
91595
75050
15331
31790
20694
36062
22333
26115
16297
13298
20099
27830
73227
92344
50388
71655
97320
22109
60435
18190
87158
86819
17942
12447
17746
93404
31933
83481
65129
77861
42303
89803
47571
66013
82432
27011
29817
55840
75200
45045
28983
31236
333
38788
50525
45007
37240
69072
28463
25075
6469
85948
82188
63143
75548
58074
24588
27364
86076
48822
56387
75289
66959
55452
6498
45451
55769
16071
71260
74956
13546
89126
14214
73398
94003
40717
81976
57573
88405
78550
25168
24078
35829
85489
4278
79360
87723
77999
54265
62454
44410
55687
50392
66421
30650
89412
14686
61480
28497
32683
70660
54038
15232
91308
98458
21629
54137
81828
13505
1389
65198
461
51375
86243
389
82819
36917
89280
83689
79539
75614
76166
49018
19810
76397
687
97539
24023
5001
25545
26796
85894
54389
72658
96806
5722
70296
17068
42404
58654
25563
11004
22953
73065
90768
95941
51548
32420
48560
60476
16184
1080
38365
29320
25024
63769
87046
14009
49807
51753
38793
7330
95022
90250
2546
71667
17823
19844
95010
23255
55286
86799
40587
89735
46248
99134
33943
59657
43643
92808
76137
81737
87421
21236
7003
66129
10064
3584
54022
22728
98722
79278
55520
77797
67324
9420
98464
10607
16720
70622
57885
3955
23125
74986
76884
87456
53040
53824
24072
33666
13000
26436
21284
78521
13979
73690
94236
43285
62127
76812
62802
15376
99040
33722
20980
64200
56856
22367
90754
63768
3710
51677
39661
86451
80453
55556
52411
32700
91268
48324
75848
83652
76294
27660
1094
21633
83160
13342
50372
55687
22176
12465
79149
485
63277
42754
32296
6047
64169
57688
82685
51460
68874
62835
69751
70379
5416
18257
388
55215
67882
72860
87513
81604
69945
36947
26034
19988
80982
53556
97592
56603
20551
27971
14716
83067
59180
17785
56095
6685
68592
63083
54228
8037
14587
67094
27965
58512
95908
14948
53042
93645
4932
97374
73344
69237
45318
13967
52525
77672
13530
72944
71066
90822
89097
47829
98978
11590
7074
98451
23455
16662
42579
61228
93196
52432
50291
37081
76836
31190
34908
20434
18953
11914
60791
33309
72865
25996
1168
98801
9851
2384
81704
60550
88624
40475
98824
69436
13796
75642
15123
10884
41675
30943
59733
91726
91752
62745
15384
94479
56913
60943
56053
78671
30414
17081
31271
69421
66048
52636
57435
64752
19967
41695
14723
12331
61852
81966
72491
48715
54437
86667
25155
23744
11879
52491
96858
37574
2957
67796
62572
71663
78054
19826
16658
72398
49797
18608
12087
21538
30658
59385
875
42910
58942
23531
26225
82385
68451
90164
37171
16567
85930
60332
16533
18043
79798
65935
96999
88647
62686
11925
51091
874
42888
75984
38263
29092
13233
56386
8525
3505
70985
53336
35557
21968
58459
22566
12756
52782
13194
35456
86342
47828
38454
211
20590
3786
10622
65022
39071
89702
20640
53104
20531
38197
98972
1183
52744
99397
31415
86530
93867
63021
6970
97708
7084
85209
34490
98150
71089
94613
53907
64551
98310
95637
38318
97554
7570
84992
78786
37324
4966
9047
71318
65113
72622
4389
6756
83923
66890
4580
64186
70533
42070
87721
34714
52106
64388
22734
56033
41789
29004
58331
48772
37660
80506
78319
72310
66974
4261
2352
70
71918
85952
8077
43141
93156
99049
5773
67078
2558
67135
58358
34014
69344
96625
12635
14667
19237
46194
82755
41009
79808
74760
75442
66751
372
70115
29782
89521
63628
29419
28048
44046
4183
70194
47837
5777
28004
19112
73889
84581
22263
57230
72207
95017
93637
97314
10454
94739
39921
54105
14475
57649
34627
85578
40431
2986
62850
76935
20670
38435
89134
98247
1716
5182
3708
34975
45499
15485
66287
14351
68853
54180
33743
19704
87874
77340
91721
57611
68719
46612
25379
1309
13563
87618
73914
22103
18503
77448
28186
35401
10330
54065
58873
91838
69518
23482
64720
20043
71642
98797
25783
36545
83229
3593
99452
79459
56900
17918
91744
83633
17112
6164
56046
78722
62983
43691
71193
1744
845
188
48209
44109
34942
84127
10849
44724
15315
92710
37736
74843
42735
6918
61329
30916
27853
89718
59794
21970
98280
1169
50718
45624
72486
5077
19559
16877
41826
16461
1491
90844
53013
5388
91962
51000
59168
47024
23098
50221
9400
72870
67510
84977
90894
73868
33841
67290
18170
67441
44931
62665
72323
18777
39607
5444
54126
26685
11489
30657
94913
42895
15742
8413
94483
21179
76233
75085
49490
61576
58199
49292
85808
4734
52081
70676
61546
28994
34668
936
24278
14173
97542
58349
96169
23067
18878
98488
12963
87598
60784
41538
88632
52979
52109
99641
34843
37196
8755
92080
41897
59501
67278
86263
68015
26738
9994
68261
2840
64173
75636
43249
39735
24926
99276
49664
59150
66746
17417
69721
83865
37902
34313
84565
27546
87261
89587
51794
46818
93445
26156
3750
67736
87872
84625
98992
23209
81350
17687
49034
86732
88080
36317
27514
46768
99607
95595
29257
65349
18011
85546
98731
84580
43744
33407
58236
6300
94386
7717
81772
90266
50537
46470
89393
53780
6919
49110
43196
66834
87327
73292
35622
68985
84208
60637
68168
245
46126
4183
59209
74115
12962
82231
29842
86808
52008
34919
93726
38642
83158
21272
17005
25849
97596
79927
8343
98705
46982
52687
82046
77470
19679
61404
41277
82740
92432
57863
15133
8059
28550
5379
12294
67771
34322
21922
87473
1226
19145
75220
50652
23631
18124
53758
11511
14258
57890
74419
50012
42018
11745
79218
13692
12930
20939
29819
73939
18161
6901
91311
68957
46612
49315
18083
98979
51875
41935
55584
67629
34637
9513
27771
28412
70728
89816
85900
57199
17689
15775
82765
18594
72924
6042
37681
94872
34801
38375
16286
77709
72131
15714
16712
40078
74614
40009
88492
47172
31724
15102
27717
96395
12020
86795
90927
42432
62065
77567
10230
32217
74306
90423
50201
16271
17170
26296
20289
51511
54334
90616
87224
73678
65791
9756
10184
52530
29140
69852
66193
53261
37773
44803
67557
46316
17877
95059
3908
14095
8189
85093
78896
40761
89409
65454
23660
77414
96538
8221
18518
21884
83007
78464
26461
21819
15769
78598
45857
75438
70946
48288
9446
38723
78232
72353
21684
54391
22595
81957
20175
56394
39105
70541
19214
42770
66891
81704
12089
32108
66310
57293
69700
17581
6312
25124
19586
80342
56900
44741
14056
15302
46644
94329
61472
88713
56930
28893
39046
16174
9875
9668
10851
44343
74320
32956
80803
56841
73747
69545
21397
40804
92682
32717
72223
84332
80459
75081
88315
6245
405
52221
87249
3358
16478
65419
86738
67300
67422
33882
64687
28663
70935
9878
9204
77337
26303
58613
99525
85730
28524
26101
73139
74642
89916
65088
16826
98878
48541
42513
53178
33195
12735
75313
42896
9145
29780
87642
14737
31030
37889
32797
16707
43892
36261
93790
50583
95444
50242
74717
40166
69793
6476
33904
63239
14074
48365
94859
39339
78279
32435
16482
97173
8845
60695
16197
21497
32796
69803
61802
60112
49957
8297
90165
54953
55887
87936
88000
69421
10861
44727
59708
22762
17702
6206
55398
78688
56852
28146
51140
63627
93216
81054
23136
76782
13713
4478
3168
25419
60694
87199
64740
63476
25419
45059
78811
9084
98987
25024
1281
79239
62835
89288
29209
66528
52943
91971
65475
58985
46723
96984
94843
47021
50968
43147
13966
81426
57665
87552
37657
2666
43848
79517
67104
41736
88250
6446
70919
20463
54828
95170
67408
31750
62729
67027
29106
48264
51417
7523
27731
28408
32143
67746
59458
38354
73103
28139
84691
23229
4218
4590
13016
2748
49111
86281
11864
30916
44096
10127
30254
75495
18438
1226
73473
50511
45474
58941
68539
71014
87258
7746
4873
73682
21132
72243
20782
11838
38425
63076
37380
14804
26193
2317
72048
6823
55479
67493
52129
89612
16816
33769
54917
70504
93998
74493
23527
6628
36148
34665
10793
24862
61637
22309
12665
89050
73773
21583
43156
72213
18763
60345
77076
89241
2905
1696
3895
85581
26522
21014
73678
76388
20223
21569
99294
45686
82934
94525
22646
1643
18736
20444
57357
80627
44301
78606
86456
23412
63879
75420
86310
37179
72823
25421
61400
27603
95303
37227
67039
40915
84374
38528
32019
8305
71041
68027
59438
14996
40692
3919
36643
44264
29517
98042
70814
53323
57289
38786
82394
73124
53229
8411
75481
21267
4787
14150
27523
2115
12847
32692
71101
57436
96797
28264
9509
5206
3593
20794
23433
57703
67259
92599
14529
60893
23773
56294
23631
40712
89802
10918
433
94990
38452
84915
11200
84994
84178
79495
38345
24079
93829
65852
53574
50958
80805
28048
50712
25111
73324
93474
32354
93299
82719
9785
17445
18256
63349
57252
67540
814
55269
3164
92979
81271
43184
12645
91409
70988
1544
84179
22399
91130
91900
69610
68172
41291
55841
74430
36062
30648
47582
64792
73519
81596
22100
80058
79522
45220
30376
54969
63424
55459
63215
35753
64500
71234
13685
4568
71359
54453
30697
88336
80120
88264
28872
54816
68132
5656
97157
42004
17422
48478
52530
20416
18915
40774
78766
79804
22380
15774
45483
59689
31785
96297
16954
83378
36647
42964
12566
21645
54077
29664
46890
19393
36681
4574
21023
85890
82882
23705
67685
22455
75577
94348
72733
15741
12273
39668
52642
52356
19800
84032
61234
25751
31009
53350
91516
22553
6240
74415
32328
3691
20513
29042
82365
64138
44837
20095
595
96341
58842
86801
6710
92044
70453
38310
55923
12148
83087
26251
12386
65271
85209
62160
92752
48424
54334
15068
71976
23876
85108
82841
39710
68500
53757
76367
56088
12207
81504
42959
81881
22492
6175
31621
58666
84213
80566
72049
88679
68808
27503
95759
47940
38999
54628
48434
74522
51743
38258
25391
55666
20309
81846
51701
88909
62604
70247
58107
40846
5396
96239
18546
4260
28060
29799
3418
9687
17944
6254
14480
77294
28093
48870
78660
539
37833
59724
34696
54372
68929
91538
85157
12911
51186
83674
3240
32905
96664
14225
77946
18995
20157
71685
83277
68873
45049
66341
96433
752
96632
40148
68519
32252
32633
32457
973
68635
44818
1989
63960
29985
46513
68338
63200
29873
98589
80213
58549
89189
3548
55408
94831
46651
90510
83095
94179
54140
74678
87116
89393
26569
64600
68697
36250
8836
92573
96170
82672
40344
820
76772
63621
57191
42932
27366
28165
93582
84988
85466
57760
34422
26331
19096
46111
858
13195
18872
54040
23024
19095
39761
39901
82134
15902
28371
65134
14875
48016
24510
73839
1799
78517
316
48948
80647
14349
84226
39064
73529
94066
85374
85965
69840
96281
19485
19598
40868
25944
22204
10449
11034
58657
57769
26744
11372
78988
54550
19910
29332
14356
78520
12558
57562
2295
25026
69479
72792
15073
20825
91133
14630
87394
87348
26561
66534
26299
90835
28960
64974
20825
22648
17712
20430
41752
43270
30983
16029
68136
37908
38374
18853
26573
92750
87859
39527
70368
15593
38276
46124
32371
67873
4087
10409
44306
73361
36671
99725
61637
56429
19800
48747
45170
37855
87132
97055
18303
63005
68718
5023
12629
40804
25427
14207
11712
26195
87904
97057
55507
37254
56911
69975
86824
93484
80139
49174
64901
40552
64459
93721
7706
77153
44476
31663
70279
3622
38518
13378
75131
54018
28048
18501
69047
51959
67472
2937
29488
2139
9850
42908
26227
35724
8842
29806
68963
85008
