70522
47766
17980
90326
89773
92936
2370
37330
49836
79806
12663
34728
45288
75580
93772
22657
41685
78008
30599
61815
94875
58651
1312
96227
34328
23236
52474
73747
14069
18316
11937
56442
25283
42692
78044
36449
23505
11962
47087
1723
44558
10043
30577
56951
24533
55634
49316
38542
18906
92590
25366
76156
84527
20034
53363
7532
46035
65702
54021
42252
64984
18075
52361
78848
82607
27244
31151
9426
55762
74864
31822
16199
57230
67852
72001
95820
89803
94132
41506
51023
88794
55762
96514
44394
98938
25151
71170
59803
30214
54319
48273
99631
90814
82250
84162
26204
37137
10548
39272
78222
2212
57005
53041
81145
67810
70260
41981
71821
79167
61383
57626
90728
22730
13478
36158
51941
14255
47958
8607
67858
15719
56673
51634
4607
15869
87226
17598
90514
85821
35390
29820
14264
95962
98486
78030
69718
49692
25785
3801
63997
70405
68207
50080
45820
56799
22928
72734
34415
54084
16138
38528
24246
77641
30946
37180
99776
94311
24913
40274
33382
97415
77328
28350
69300
49834
7727
74199
97282
75186
94
29352
865
76881
57807
83752
78096
28332
99122
90583
68782
55883
76384
40471
3562
1919
67796
25956
84471
18609
19635
97074
36475
22275
41516
56771
64326
18629
96859
54497
26880
51127
65799
23102
99739
49622
13963
40261
94216
54469
30130
412
13765
18968
84411
28217
6420
74912
48924
24670
88711
41582
97667
77778
63575
53446
97208
73470
47763
97570
19678
9664
56342
50367
90776
99855
29009
92840
11016
35405
32136
83870
49939
75426
55833
14304
31968
31322
90550
64893
35199
86205
24660
48211
67590
45382
6844
60738
26327
78947
35774
49651
30717
85512
26950
44479
77909
39888
82343
71197
31114
13618
6451
6795
98200
21980
24588
24951
98578
14606
57909
65003
75231
85717
39170
57396
9887
4802
81167
72333
26060
14311
85356
72941
26748
85421
26325
77609
27010
45045
12319
81447
54068
6569
65166
21984
3015
14014
97380
81009
93110
37161
94325
28127
7042
34011
9238
57124
22643
10394
66227
35034
94717
57981
65919
27619
9406
66915
14758
10739
46275
53969
74111
63002
67306
30406
23613
12850
17891
14845
4133
92513
49007
82015
50681
44971
14763
90146
73139
18648
43782
50337
63950
1917
69709
82553
16477
53898
99431
10622
63999
90735
55100
13016
28586
58412
83026
18205
28036
78579
49039
77196
39633
76828
47714
74371
91111
15973
29373
96862
88125
62308
65883
67949
5570
49579
14207
75280
32137
84278
957
36146
68546
71571
18193
18879
90052
96399
69773
58370
43495
25497
2257
30592
76046
67637
41043
72395
84609
64512
15294
46052
89209
67771
56470
59856
4884
22774
41465
36950
54440
10202
55777
23026
16564
43986
54695
84185
47890
4695
13249
78921
89673
64279
38380
32524
31935
32898
5509
44682
78124
45840
86544
17991
25449
3218
23708
62048
46663
41364
36862
77085
21821
79531
11194
76724
37081
19201
62240
27642
69303
49210
73298
77990
84655
16481
46436
70500
59753
78164
10076
87571
14956
28138
57817
50620
46388
47997
20272
29135
3009
52887
84914
36603
44044
48413
94185
87114
39509
35538
48737
99735
6775
70282
51875
47373
36605
75980
9021
97053
55246
73346
32221
31035
18276
73056
59708
98934
49627
52463
92631
66898
68516
61909
94009
41380
2169
92899
68341
44585
11211
35451
46382
53091
2999
6907
93689
56754
90583
81610
54554
31978
68980
46590
72940
13334
50777
68264
86973
59018
80452
7645
33909
59933
57973
23233
73271
83275
3305
13330
11583
32293
7392
85582
33388
62867
36986
38178
77687
18408
94336
10129
48929
28352
23423
38077
1836
15321
24975
43125
10944
80298
90705
50202
34989
17988
37336
79183
61872
48420
64671
31166
94894
30738
17272
96161
70653
75450
31172
81875
43106
43397
17342
47668
41333
9554
64849
37298
17505
77974
73290
89211
77800
9741
31465
95452
70020
84699
2769
7924
57639
54724
34207
91162
96292
41892
6231
36263
29798
92717
99705
20962
6366
78235
19635
81511
33114
84533
4464
92818
56241
97826
66894
11118
83579
42500
41453
56629
63805
81366
58371
68674
14466
22174
22253
78011
34053
64015
97760
81108
3436
97183
94206
74658
28878
34943
61316
52126
820
66780
94335
11185
30493
85488
94334
65762
22460
18982
18307
23033
28189
29481
7380
74319
73605
86951
22606
34548
53430
65895
35161
87933
72209
16484
21526
13768
26646
48741
27252
78349
60519
57083
94434
8195
33900
73142
92703
50219
42607
79300
1934
93597
29383
10183
13126
8078
96466
9970
10053
12667
28826
48256
46564
54836
88667
77809
24389
18696
45243
47361
74217
91880
82519
95399
19774
82011
10655
83239
32917
94398
57048
64148
6130
83797
91584
65990
51453
54995
82254
33011
9046
42146
72310
2702
75237
73615
34252
16121
86863
50901
43873
49895
76869
24804
16553
74611
98774
77005
36733
93334
61316
65774
67771
89417
31476
6229
45995
57688
69375
91954
1565
47519
24390
48541
6638
39588
96866
67457
74890
25168
86361
97860
13995
6187
98061
44788
1951
94483
97262
61903
54759
35097
46320
17326
22844
69112
91895
24528
87213
14451
86126
57919
67651
5321
94008
90881
11909
35447
65630
53438
42519
27691
83046
648
5149
53185
7044
8715
51806
8316
48043
4307
49668
130
26684
27413
86751
8244
20607
62715
3945
39113
29391
51887
70820
47686
16304
44642
18496
92732
16444
26362
13337
72062
26842
18550
83452
26301
54704
27519
91306
73313
82575
8590
63542
49159
84941
66484
49416
96850
44465
89769
35332
37487
17702
43764
3332
39817
68786
24660
91842
90181
30593
30921
28338
97179
99962
12770
84716
36786
13043
85924
35463
17559
2816
31923
289
62618
57031
73984
59131
41285
99311
57743
19841
21081
61655
45668
45544
74630
70467
2378
63535
61863
70096
73439
12456
58393
26089
99872
96464
42486
89938
73388
53722
37745
35042
14615
85866
25424
46990
11150
61468
43809
66559
84289
84229
52091
42118
96146
75250
98322
13510
12089
3309
30358
79247
72881
99518
54377
67915
55139
20109
95291
40849
68076
43141
15396
11255
86702
20212
20445
12421
89392
49520
21339
67141
19539
92372
76265
58198
53874
23815
56161
58783
18804
37309
39686
71232
98610
10519
65985
3909
22143
78374
16566
21204
82969
2925
16675
12453
94507
15556
74389
56913
43772
83641
72486
25731
59288
34161
14391
70444
40760
71852
58181
84307
58768
58246
22251
94504
246
83001
10516
64505
70346
35584
36700
21278
83238
1175
5026
90415
63203
11966
61452
56758
47461
22524
119
94239
56997
92512
94488
93676
8985
38851
66996
61124
41601
98153
121
38955
73329
88327
26199
61997
26198
30494
75199
23508
61991
10277
59414
85946
15818
61029
57493
63800
36703
40125
98561
25436
67629
81254
57090
72473
22855
32497
21858
53145
74139
42093
38563
70893
49783
71140
6685
45253
35928
54693
52212
75002
7408
83580
52562
58345
46483
70429
72102
91643
29598
23105
96312
93279
90309
28423
82983
4409
17432
73691
82946
7923
96849
22708
79199
89585
40540
85526
80219
33667
18179
78136
91535
68020
60949
86241
85739
93088
30003
67596
29297
94338
18903
68586
14353
94186
89985
32326
65117
44046
70079
97603
48392
87768
41944
37474
98368
96253
39445
91712
87876
8653
13740
67420
87748
68358
65067
14518
32596
22627
54846
89651
58828
44786
95132
46077
12671
11363
5332
61128
50134
91165
48784
97743
38697
28267
36771
48700
41337
35571
40948
35014
93900
710
77959
71317
32134
49811
71172
52897
74145
92695
25159
10680
54345
58447
74499
43359
68727
96558
82835
41552
73127
41513
75295
46049
72120
33360
28903
53381
47135
49623
39215
61420
58632
34035
84711
80806
70027
78432
2518
56132
26439
5246
2563
9759
40286
45693
8095
25586
76844
60141
46162
92994
47556
89080
63136
23295
40169
34315
74744
88642
52998
69775
75609
55670
43532
50358
73057
40019
13158
2865
42740
16293
39257
27039
84261
94539
91165
78655
12260
14844
65074
49702
79140
32516
64737
23596
70440
72683
41361
83361
64297
88791
20259
55581
61926
95848
47978
39381
23689
13441
21802
8938
64850
87431
42220
89307
19043
49249
24987
37658
31142
79135
82046
476
7550
92535
46610
79562
27657
235
47779
60277
9455
12551
7144
4327
24971
46822
23448
17620
8882
22260
56396
67758
85892
97133
92723
69432
12430
20004
65420
70258
20442
41825
32099
92532
78164
93058
60907
13206
32921
82018
46260
52011
21278
87318
13962
91246
90394
6676
41482
77365
8722
87919
97057
44290
76511
99357
71298
67481
18781
26425
12676
29867
94162
71588
18774
79792
3897
92007
20416
67444
18507
98035
30615
5000
32554
89001
38716
64025
4233
37270
20787
35006
98938
59286
69051
99435
14421
12250
29742
10018
53346
8676
97622
61577
29028
5390
98218
58518
55266
41034
62884
28295
84947
58500
82945
37935
23814
9956
76180
66091
44651
2512
88007
67698
54080
81614
1583
23658
76444
48199
17482
99736
95058
68103
81080
67567
80963
35617
10131
74922
3491
3088
80429
2004
77318
7704
24229
61828
80166
75082
90917
67015
38676
37926
34106
98453
91480
65467
92529
25766
23495
12522
15435
12477
91041
94249
50813
50530
40995
32131
85926
21294
91663
8156
47821
36447
58102
85683
21303
89452
2528
80608
84706
3474
34552
11580
39010
18636
12310
30144
71893
55105
24138
94374
44324
85368
17250
36396
12760
7750
5112
10231
16183
89512
55675
38067
32986
95948
40473
184
10284
72201
15078
64681
37921
43664
11787
67255
22672
42522
32493
32610
40399
13504
89337
24415
29545
7050
91786
23124
49151
32127
99894
68128
78968
60219
76987
98521
20838
11199
34497
23725
45559
24449
8876
650
45300
45924
66945
24377
97114
17507
47186
34436
21266
15111
92936
28473
11567
44313
13516
64774
54500
33040
38450
84804
27455
36811
66914
3825
6758
86363
70116
19189
81581
44504
34536
22150
43920
8116
66063
94791
97715
48140
48633
23435
5364
70554
39820
11479
27337
23656
15005
20262
18364
96863
81183
7494
7584
94973
64517
48863
50574
61157
69525
21332
80225
37520
80108
19938
13546
27554
41992
56293
80880
26744
12181
89658
42247
19005
34263
53759
748
16539
60881
26679
4219
67310
12400
30378
13006
78900
35192
12008
51122
48353
74312
97774
81767
84079
63436
21473
76724
51699
58367
24760
50020
75979
19323
3254
39041
915
63263
57716
26123
43094
11451
80670
11573
34
52571
11956
41149
94836
80974
59728
14022
44499
91186
33191
21556
79896
11613
25896
32899
88459
67562
33986
15203
67177
97951
1411
10868
45953
80055
19450
24283
66942
44337
78814
79486
65982
71955
52807
86562
2242
69788
82138
40030
12286
28933
92995
10299
70256
36659
54459
59563
74541
86205
65064
64770
99671
1524
73379
33462
99723
86259
87253
91631
4694
61476
62619
75210
1960
21645
12041
98896
87809
90869
48491
24846
56263
15607
75622
39920
22874
98306
89053
82015
5310
30090
48879
37909
21304
68975
5533
49209
34868
97863
26793
74651
61155
19563
71579
9773
6178
16923
31293
63707
31445
81967
93606
77609
51954
25179
27956
54920
93594
48541
28082
59221
86211
84902
85433
40014
62768
43651
26387
26322
33666
40648
56826
82708
48391
13144
831
51258
62769
38035
33895
82488
77122
64476
6000
34501
51971
2661
67601
34839
14164
28665
28543
5568
96637
1734
1708
62788
9347
36518
26121
20501
2167
84168
24301
79085
10376
13856
50542
66919
33305
48679
29707
71739
28397
48464
63308
25620
61886
31401
993
5744
92972
78922
49096
45075
60915
95709
11882
10632
39318
84873
25124
24310
26904
66813
17284
28570
15145
62326
10697
32167
6205
17453
95117
30454
61368
33056
73183
69675
93094
31547
79176
62823
83143
37123
81232
1508
46183
85759
81497
48144
16108
86147
37160
82568
77609
79546
19172
54096
5359
16207
59639
13677
96802
20536
44241
28544
49738
74816
90412
3711
52736
82448
85899
9425
32776
793
28603
37285
32799
37504
43035
41327
63465
10854
63320
99233
34253
6131
13297
98978
47197
50879
75994
55854
7181
51100
55163
41642
40004
49604
74104
42530
94256
47290
63372
1537
53492
7231
76334
28299
15421
14580
17334
16122
76146
76167
78713
8404
80233
3804
81647
1989
4951
34521
66230
25054
85727
24430
72911
28874
20524
51615
73927
56809
3130
17903
33872
28843
83694
29931
41197
89418
74725
33072
19117
10660
82794
62169
2766
36820
34337
27849
70339
57900
30305
3026
25744
20689
30111
38816
34770
20531
75301
18598
18043
62664
28769
61794
79131
1220
92154
78446
79067
99414
10621
55206
1059
63074
9749
74258
60380
97783
97913
43791
65551
9100
44608
43870
8011
80572
22671
17704
54086
32346
31635
94252
1179
29907
82410
76775
30034
53567
39836
76255
22301
62115
17159
89932
47390
60327
13400
13635
44934
41967
77301
81601
36216
6328
35831
65360
236
69488
41941
73017
10064
42514
25211
82214
88841
70941
34009
58514
15991
74321
63800
94896
90742
83333
712
14517
28033
37063
48053
95843
2961
74257
35928
64946
36227
98596
81226
87421
23415
92836
59411
17031
28756
24240
8096
71816
21673
95516
91474
30392
39087
34061
57715
33398
18187
98480
37956
1141
29327
53719
466
8196
89856
11121
38024
31512
42578
45061
35613
19641
35119
13611
92301
79078
6519
42919
94310
57317
88800
62467
7833
51691
75199
39687
3376
19396
50591
21624
28063
51936
47182
73706
45427
49851
98200
53059
72935
91879
83850
54190
94421
13687
42232
25273
27113
34314
37243
78027
95473
6898
95634
84741
10993
35265
85417
19508
49780
55535
92439
21328
37532
51595
9633
19861
82458
61723
18748
30299
71065
83249
55568
