19452
29397
73173
59435
32941
23834
61988
53112
12771
11679
77060
88778
82535
4265
53576
16433
15431
21682
2771
81673
71063
87298
72968
36480
85672
6749
39534
15445
75299
821
4636
4860
59619
38592
16870
33086
26988
13605
81732
69373
97196
20016
34428
3028
98732
94245
39371
61725
40562
6641
6741
91821
52599
97916
64006
67642
44160
14714
31652
33436
53499
97729
82228
86481
92280
61108
55877
61243
86913
49502
83740
17924
14264
99483
47869
60866
75051
28464
22003
29781
95030
49595
97213
69164
22390
40997
55638
58152
4869
50451
89150
96313
26295
63740
15050
59652
17840
82261
7812
82054
30944
39016
8672
74546
86652
24643
23069
982
26329
97325
14900
1500
90407
79475
80897
39788
85673
64481
73771
98447
11597
81708
52113
96910
17836
43435
79730
70744
64799
94470
46393
85539
25467
94311
28100
6314
66571
55950
367
57685
32169
20960
20194
6071
39769
92223
88980
47632
66114
58164
95545
49970
26346
88425
94479
33184
39949
37875
75202
12978
21017
62477
43927
36950
6633
34656
59419
96817
83707
37502
52424
94787
60976
70478
54608
51081
30144
88065
61545
73019
63704
9859
77846
30709
88849
17581
79630
96820
10286
11768
94540
47478
59218
35436
25874
29699
39227
95286
1594
33131
28191
44439
3930
84389
59489
80153
57107
49847
27408
32254
65910
37203
93789
6193
75668
90014
85814
44125
41633
95884
39588
49916
11108
39623
45725
38919
30238
40495
76679
8429
64372
32859
95978
94751
53562
74269
31409
85480
16350
40612
84381
59065
76239
27195
41541
9186
75816
21423
82413
99933
21404
2413
99074
6661
91903
76426
76144
13796
33743
12156
56448
41705
65502
31045
20210
27064
50685
36657
36243
50268
45318
99189
61242
52088
87078
55671
28388
93819
53157
61004
61610
39665
14068
52284
40605
19062
8849
99202
59678
421
62714
24175
12891
88559
74252
72559
63081
59208
6998
71011
9947
86907
75743
63597
71165
47645
18993
61291
13999
43135
9504
25594
82337
23709
2043
4603
31560
31315
95534
66323
32282
87951
21681
90957
11051
36194
71985
826
95589
98289
30233
37241
71197
51208
16061
84849
69080
32749
43650
89370
39162
89874
35053
69244
88902
7204
19463
2448
6007
64673
83657
14915
34809
56134
92234
78616
63333
67302
8098
50156
19544
25879
76442
28469
49455
24743
82003
20548
63776
19020
68303
98506
24344
99288
50559
97815
41133
11563
426
7581
67071
82243
1271
36275
69040
53294
45816
53238
32508
22944
73011
83465
95703
7680
57038
6941
65954
62972
86933
76651
76906
21821
54187
49438
76445
29302
57611
99887
81289
69366
23994
89352
38291
66589
3564
68489
35057
79370
28655
94857
3141
82867
2999
19124
79574
92750
80775
28531
71084
90604
39417
51786
56136
37382
96202
83386
45566
66447
4229
52167
68880
49865
28554
3924
13352
43155
78011
66281
64753
56096
95235
10199
88402
56035
31011
1330
96041
35334
68731
79453
98208
15578
2417
35396
67919
72297
50977
84514
46574
6439
3841
10403
37780
76103
71983
9444
9521
63658
18553
55351
36676
22354
12009
94786
70714
39540
38507
45126
90852
75436
85980
54398
43059
92171
23250
22910
48179
21963
79042
97274
77857
10531
89714
5608
86666
57237
61179
6142
15682
37189
39546
437
1470
27365
93299
93808
14254
20427
85986
88469
2682
56452
13568
63225
92280
31649
10703
33787
28840
85039
803
46118
21228
39206
57356
60378
73510
59639
94691
96005
62320
72232
58737
5034
57843
20124
91095
63299
74820
64139
28189
88131
61121
70737
2587
91668
10244
82178
99261
15775
5921
59547
81078
91851
22658
27060
4005
94172
14461
11441
89180
49148
2446
29912
87315
90232
69942
53021
84328
77249
16144
9400
75280
89939
39820
23992
88671
12594
93258
72625
60496
99215
85364
91345
14865
24939
70520
71505
61742
14099
66657
62215
71801
57065
98129
59223
70739
8995
71741
12522
87450
4204
7205
51607
34926
55433
70158
43933
68481
65751
80158
23731
50619
23087
86771
87894
72487
44523
89249
93474
7582
94658
15430
27036
56430
10799
34316
72428
89478
54032
43642
520
9441
46154
58711
1835
40620
1226
89948
58724
36598
35238
30293
57771
88851
27458
6644
86286
29613
25327
63217
95594
67175
28526
47330
83797
82031
31410
3667
20664
24992
84739
59747
89914
48465
46910
7867
95992
71582
7353
38187
52400
4529
17477
78018
10173
39244
48493
90473
99133
89365
35675
8733
10605
48318
80762
9288
89494
38640
90774
22459
62561
51029
80447
25578
65446
69663
60876
58660
48770
58903
42107
86733
40999
92709
17719
16217
3149
90617
16339
15272
34854
7541
27059
8953
29007
80663
14059
4556
707
55494
86558
30071
61994
93944
29096
33636
89710
53181
60503
19494
43278
56236
52084
46967
91083
73800
67872
41871
90463
89007
6521
11779
79470
26271
43996
17047
49653
5349
52004
91137
76575
23940
40240
70492
97079
32798
45987
80485
87127
58049
53189
14582
10751
72817
70599
82557
58977
21678
76644
67128
96920
99042
72195
17231
32665
76201
34360
51213
95106
36253
97034
66045
22448
733
65647
93885
83852
17530
5940
63297
34853
56286
69561
59975
82425
40217
93209
48147
6988
44425
50055
3111
28988
23493
33683
47680
90891
54406
49196
43471
82651
87507
33568
70290
48728
97063
29727
85455
91054
12449
42014
90764
38940
99208
79447
93230
66080
61561
33229
48621
23986
41263
9677
29360
63789
64333
83472
86410
35687
54474
61245
14896
25474
88986
22315
79701
84859
80661
10884
99909
6080
39559
73990
24410
21215
70323
26403
36894
23673
21508
50024
9822
53781
90642
32186
86951
7345
74669
79292
91904
50803
39626
36461
51812
89501
2663
96111
63642
12287
12700
89794
25107
88263
98143
36111
30495
2099
39604
26401
82924
26471
66128
86221
17020
78810
66056
2994
39009
16715
23259
36315
3672
11825
66104
7906
10304
65935
26925
59503
67925
65127
97774
52253
14830
44389
82302
34590
33391
30620
573
17781
27275
62222
78127
63233
1305
64453
13828
42137
87602
91391
11529
91090
18565
20966
67850
22750
54391
13917
65282
30127
43610
86294
5153
20729
52617
38720
94872
55318
77661
12254
94308
22531
88943
1587
67253
36647
8203
71225
91322
42355
58029
61298
72363
48229
48602
14357
7795
20583
38878
86186
37751
10868
36477
401
81095
70907
50136
8891
6465
50396
22431
61948
50844
62607
82957
49305
92535
6148
30564
13148
69022
81316
59622
58502
55990
98839
237
98148
23143
37663
27751
59450
54755
7586
38738
40219
3510
22213
60272
83611
10892
7571
31879
60636
97369
18397
61464
72868
17929
40027
11097
34928
93029
78737
42865
56610
61150
89004
31344
40757
4570
7884
20777
94929
64504
43036
1421
93690
93089
31580
10276
6243
11245
51328
30730
448
53007
44113
21349
48633
94143
66801
3518
15194
60482
25756
83971
73735
55255
23530
33432
42989
53056
40624
84822
56436
50315
65414
90753
84368
32188
79428
29513
92887
33178
39462
68445
82477
39443
39791
16422
85434
14124
50601
88872
25022
20808
30282
85904
61403
23476
90802
75225
64304
36045
44369
42434
24038
97647
38630
23460
41602
25724
87809
82802
12699
87077
11434
54066
90662
12727
14811
19794
14701
56357
82728
19656
45215
10029
79871
52139
73377
55882
37386
392
45185
55830
43570
16097
48907
31194
41661
97000
51316
67923
85496
47412
39188
57442
81264
79646
30801
9041
9913
88923
27254
52765
24274
82645
87938
74404
6112
46056
69469
63500
61846
90422
34726
49966
26806
44200
69159
3453
51538
94946
82058
51095
54283
46594
69029
6567
63963
47029
31216
29876
72365
31797
7415
80905
64906
56802
95339
61730
52079
23068
84819
16080
13017
32602
12417
87561
86307
3627
68767
51471
17158
74727
26247
65787
34815
92176
30098
56358
48399
86986
41256
22932
44348
26740
81110
9693
63540
24483
89694
69273
51985
13786
64968
43367
36440
65703
67991
13947
21468
40540
64758
92482
384
95913
12912
57427
70233
85587
77151
68115
52753
77939
40509
87973
53544
57805
12214
54956
8949
59499
37023
57470
19563
49110
84639
72552
27126
99953
75467
91224
84677
36722
66416
299
42561
96285
37513
90707
87323
75102
5649
452
93701
42563
15026
9211
31414
22036
61948
39467
60369
52112
27633
22150
46751
32581
81373
12869
30488
65675
56067
87188
76673
51390
17490
73437
14672
92087
65142
6927
66443
89766
20523
63275
38190
58445
75085
30890
2859
68668
63819
93614
75339
12772
2841
16164
60179
91130
42052
78259
33250
83371
53569
94724
64086
84118
8511
16685
40079
27947
63387
85308
52715
66014
10513
51804
67056
32167
7248
77639
1673
77497
27015
78793
99304
10908
65915
9420
89833
89450
33210
55301
67927
15299
31242
30394
79207
29582
55771
12527
21026
32748
12347
82796
33985
27066
20840
27596
41361
38371
86208
12357
59285
34591
73588
69679
44331
41517
39195
69394
26343
37224
37059
60144
90939
52969
50402
98092
31256
35160
83114
42486
21390
57872
77019
43253
47471
27983
86163
26767
44082
51190
35392
79128
1044
47171
4086
88148
11352
28681
56380
43563
25039
45513
65889
73416
76179
88015
66764
68365
59629
34027
70385
12791
98455
88682
3999
70666
83995
51600
96470
17113
75482
44436
81942
79892
15784
57721
62386
83502
19765
7845
48164
47849
84167
25056
45722
31424
80322
84394
10318
15249
18762
97432
73875
46310
80256
7565
66091
18911
4551
51890
33941
47837
42058
49554
93156
85197
67543
11732
78027
46095
47843
75829
15861
6050
17041
17377
12913
62638
89006
83022
50282
76333
4979
98965
75060
47990
20877
59150
98530
80136
90937
1032
13813
33712
13641
578
58255
82487
96899
91976
78822
67275
9449
52301
31092
42440
63763
51457
14602
76675
38520
11503
41701
17491
96716
77878
56057
92
3203
52610
66761
7929
54004
31078
47161
97254
41368
33080
17019
71047
29874
91946
93541
32728
28969
80064
88868
65617
84304
65907
87530
4246
49190
87937
9954
68025
73209
98030
52421
108
37862
68027
38404
18983
61499
81217
87557
59794
78398
90250
68332
30960
43750
1101
24878
62120
87143
16676
4971
48913
72907
22123
6100
53113
34268
17239
13127
49778
75486
40497
96188
77529
3961
61486
57847
49669
74484
72332
34238
77993
43261
99307
91013
53189
42341
67653
48965
33103
43112
97579
15787
3930
68330
3070
96236
80416
20509
63303
78774
54642
98655
40852
7330
2360
26273
96239
25030
5574
36034
87164
37383
60062
69593
36814
79147
61916
68050
20327
32332
66083
31119
76107
38793
36193
54576
17504
47415
17505
95214
79076
51252
17933
10144
61994
38972
74365
57729
87058
89428
49600
50281
77764
25316
76486
65815
31625
22402
97993
8912
358
59081
78870
737
67702
37385
8379
73825
38883
8727
25582
48594
98017
62501
42039
80998
58823
5613
18523
12829
36075
35654
1255
48333
62200
99225
21525
44827
89422
66254
41822
9733
88951
61023
67516
62562
71010
44462
34715
11617
51613
17714
54811
57070
99827
29741
79460
10419
80352
32409
14055
61083
45
82368
72621
46417
81261
69931
47199
94472
42323
20978
68432
76308
41197
72498
91627
44725
58593
55773
70388
79764
97378
11340
50590
47429
19311
62159
17065
14316
29064
18276
9525
83933
81806
40102
99175
19835
11702
7453
49943
54498
79818
12179
21844
83745
86525
37223
18549
73118
30056
36731
28348
69629
63397
71623
28681
28
13159
92624
54329
54261
43252
56531
75288
9959
71393
82395
74570
23854
55848
20051
33522
50638
92200
83862
39869
81647
13593
43585
35566
11490
49259
95209
23815
54082
3482
84233
17648
85686
55408
67444
50087
85171
34711
34761
5541
15454
25817
8549
80265
26638
4086
95122
84355
98704
80865
92092
65503
30436
41848
91844
77579
90661
78526
67822
84551
94406
82774
68213
17321
5144
5278
15871
92201
72328
31174
90347
41360
48549
47563
19686
19128
91007
8309
67676
45119
85931
42729
32972
55918
72899
95755
8021
84416
99498
64244
23116
83186
24813
8108
65840
73606
64101
87333
21044
6803
94426
96116
81691
47116
24385
40108
21027
76587
2821
59064
52568
33466
4100
90708
30376
30878
2288
43689
6039
40929
97718
1219
29193
71770
63931
31121
70908
73115
67170
11321
41753
6807
19723
47637
64159
2222
56405
7438
70175
85750
93476
10131
36999
87943
76254
15606
39766
35108
47407
61507
29262
64961
23148
32062
36359
22037
34708
67800
19039
34013
29171
20685
35632
94474
29856
7550
79834
66377
42342
81542
66080
71021
98336
55867
20431
99291
37086
49474
95416
21842
39780
40655
9470
59861
55409
59928
75147
31414
60349
78197
81821
18560
41819
97111
47646
86881
69598
33186
53873
43794
39160
12136
38728
28389
72797
19491
63827
30570
5031
21326
6418
84926
12275
39200
34156
84048
72168
61703
87608
38513
54200
93405
72024
23640
88574
28329
18246
13679
27911
10229
70087
19037
23502
82472
8444
84209
42400
65215
4535
89960
8030
79724
97994
28443
99936
77387
84091
14056
63702
98173
19251
2490
138
2691
52662
78520
49473
46425
22222
54120
59425
48396
89600
26430
24749
89273
47808
90661
81643
19428
62271
94280
68294
9618
32386
68541
33903
25187
64751
95694
56382
91951
66273
8230
28791
55196
9946
2357
35880
47641
61816
62720
6382
68955
77664
23784
27224
79569
96823
16053
41315
48421
61680
83294
8036
30514
76959
38200
57668
52605
53292
86809
59877
497
81539
86344
16963
5435
93609
85282
33462
33630
41481
32299
42772
78740
75436
83344
45011
4483
78822
6389
18988
63415
45997
93920
97851
23489
51877
58784
71011
86444
57623
20859
57871
9719
83040
24403
99250
73364
55717
63829
7792
81373
60421
14846
35286
54254
98151
87049
515
78978
6097
90841
32746
96589
23642
65088
22288
57779
23096
65482
92496
48068
60211
80329
71550
4437
75803
78525
68265
62716
24148
52640
85465
20072
37711
14347
61047
26714
58133
22664
6444
56676
33436
23894
1602
73596
71324
20754
59143
75132
60475
30344
67887
81274
4804
89078
17561
8479
7095
41593
74474
14023
5370
54167
14198
69428
42636
15432
58525
11790
85274
49633
2481
12507
19627
24222
61846
6135
22902
1804
24995
61168
22963
6512
80773
26561
84239
16407
22370
36233
84153
93596
59930
97671
42009
22767
63850
68533
68289
22344
2507
23933
52219
84040
80919
24092
2273
81063
75627
95474
63820
90560
16232
39907
27140
55573
10996
36462
5751
49120
61917
97479
27077
43192
93502
39762
65143
94204
57370
82494
63215
15487
92133
51740
13371
53296
79553
42715
47876
42852
8166
76162
42115
18786
99963
38953
40946
10571
7873
69972
24672
58949
26864
13676
16958
20578
41880
8124
32183
82129
44553
81445
57277
51009
50414
99678
52382
17102
50964
32204
33462
87817
46249
52442
5117
17352
85952
92309
79009
38503
96752
28039
4686
87033
64060
1998
46474
41455
72910
29240
63261
90916
85596
17405
43662
77954
53164
60024
39689
29205
29876
93635
34299
60491
52666
91215
99904
16676
62906
66685
88564
23995
18598
2748
60934
91057
72551
39999
63819
22290
94690
14394
77678
48294
79350
38937
73349
343
16578
221
16767
45306
9603
94420
26809
43004
29211
42292
68624
5194
97550
58131
71568
17885
82789
65670
747
27680
79573
98036
86406
3167
77946
85911
28845
34222
35964
67182
87495
87635
32468
29505
90436
73649
4008
99571
99442
72178
64690
95069
72975
73200
3711
93933
97401
39679
22131
4506
94401
44795
87433
99490
60735
18154
81464
27074
8478
13198
74098
29809
80504
30122
80390
31897
70236
69869
80165
54515
44171
58687
7841
68159
78979
45511
19473
90365
82579
44919
10130
31595
10797
10966
65800
36155
55545
9736
77154
83087
10918
99291
31707
23636
99131
30128
34588
62105
66796
43715
78430
24810
88648
37561
27150
48013
23727
1414
87050
13816
81185
48312
98727
91661
15858
3748
14869
74964
33849
56171
8986
36659
72360
4488
35995
82348
57814
32473
98778
40499
80439
91783
23352
67274
43565
18867
26395
93212
24184
34367
44491
48722
56776
93527
65463
6837
3156
2490
92181
19873
94723
73737
55334
81793
66440
3402
83159
56525
71787
10873
4932
60061
38209
74828
98071
7081
90685
18786
98030
7871
33376
27911
18235
68863
15949
11462
48388
71862
72791
23660
41131
1557
8443
21204
39657
41390
25674
85077
95539
84299
90079
60900
52478
61579
68303
6631
33470
33689
67838
11000
68778
95178
40525
60658
92892
15475
7025
94363
94196
35621
20480
93357
68668
69446
55973
89890
44582
99405
53843
15484
25042
90682
80885
61455
97036
35279
90212
1900
73394
49903
61874
71050
93746
63698
18563
7347
67410
78722
94875
5576
72074
67445
45970
11410
91979
27911
76260
16070
76227
76819
11398
58196
11960
41038
63987
30221
30514
41664
25924
70318
70966
23423
84125
61133
30188
46506
48292
67103
37538
51392
86381
7043
53609
26106
20721
70895
30589
76683
3421
77077
44483
36627
62887
71153
10187
59706
15675
96690
25204
91471
59539
35042
48398
91517
997
22324
92475
91335
6294
26121
13711
4192
15692
87839
9367
28041
7618
36535
3926
60840
29972
28001
99209
85473
75386
76070
51468
2772
84242
18226
20182
79442
52534
66524
82240
51837
81644
39955
86723
28956
29468
11078
99838
51512
45532
61392
2327
89334
90888
25695
41593
92304
86989
38432
11323
87954
50020
91368
39585
26798
79868
97345
55356
26269
56496
55247
23181
73651
66199
71134
59336
12573
94267
9674
91155
410
60993
63755
32588
95859
39815
1083
46282
15512
39628
84260
77084
6489
2600
33963
3694
80894
26012
58387
47819
7043
14213
32496
90364
93331
3914
72457
74253
86399
21621
51081
65681
77499
13983
85954
11644
32726
99011
47806
87630
73525
48628
26947
52816
75883
10058
21058
79702
43798
65080
43645
99493
22488
9177
99219
14702
99440
75369
9993
7896
74293
31152
67990
92860
55408
11097
60235
73450
92819
50849
94845
32361
22073
45290
44080
94587
34266
91535
71618
67166
651
94770
83346
61551
22097
38033
1035
74954
192
86488
69457
18092
48532
2831
34918
23225
71595
82964
76601
78586
24509
64196
24651
21726
45945
39730
65632
77377
21437
69722
91487
83402
15729
25999
86982
99309
6529
27664
45933
84690
80501
46618
97716
83533
84047
71575
75532
58764
50529
15252
71487
24399
94952
51792
5150
17937
66697
91664
61509
4742
68166
50511
43724
40285
42972
69619
24845
30244
59900
95355
17164
86474
8709
32884
11784
84511
92795
12939
7869
4312
79846
93852
32276
29999
76201
99465
29992
65192
42012
18247
69397
79726
1961
33842
66110
34619
1664
12001
78075
11542
65111
4532
94238
11415
67490
58730
39136
17702
80075
96335
76813
19778
26350
29970
4745
59933
94067
49268
13917
3332
38152
27964
37410
66269
29338
77448
10345
48617
88017
54015
33636
17129
50950
90625
89237
84284
81601
92255
90929
21414
26259
27463
77295
47725
91532
30200
65427
93789
34394
25524
12722
45163
73920
40627
8930
13751
14414
88020
26528
92874
2851
86031
11325
66111
14683
22757
72997
8478
55350
31577
84781
51235
76008
41912
42745
96510
33974
81107
17031
77875
30323
61966
32923
73697
77975
35312
89544
19200
68601
83515
2040
61347
31529
95509
86648
55166
34925
50021
63779
27361
55957
77146
84106
66145
71133
55269
46268
64184
20575
80679
79576
77539
21426
55428
11308
86697
61059
35351
56168
38172
73102
35711
96644
28824
56345
45207
78443
60584
72557
81700
60515
20168
73938
79335
1466
97733
5414
80754
81551
99712
8186
45911
71897
95217
28425
38876
75384
26568
3446
19371
46390
82351
57793
63782
66586
60396
4805
94648
16009
60611
27345
86662
85721
19575
62081
50276
20371
78929
23064
54307
20004
74137
37724
56585
21568
83457
83439
97337
84404
75778
77445
18449
89991
14877
49383
42707
33964
96132
14018
32475
5574
60145
86380
77647
22040
51251
67797
32724
13800
75978
57382
41661
4239
70824
60570
71391
16129
14871
73909
1280
67635
86681
97700
26733
91757
68875
6771
95402
59566
31395
14629
31941
74390
52088
40787
14724
29525
42240
95012
84124
81165
76148
94821
87459
46726
51056
91910
80253
33678
92343
93009
66547
65226
9588
73831
43459
18110
27227
78521
50640
46517
23309
45312
66329
14158
82938
98041
57160
34531
18625
26721
66753
65655
96915
13832
80954
62875
58838
12725
14537
61949
81573
5622
35512
27949
91701
41826
81270
35021
92850
12942
1032
32917
7336
39656
34941
71264
87741
93363
54591
19479
57563
75199
54948
6360
52780
65476
29156
98627
48222
51547
42502
47680
71302
2553
46419
86832
68640
65065
89580
71758
54804
55685
94102
93282
43765
58065
26995
83522
9156
96724
53901
33285
73873
9235
97484
87142
88833
26924
11975
5041
17131
12972
20759
70957
53980
17485
93126
18150
32506
63152
91399
46613
77606
1843
54239
16399
52314
77583
32576
14663
75186
88112
90679
19009
83016
61842
11483
71220
10327
16852
30342
23738
49249
51356
83809
62423
66828
21479
40343
25476
6983
59435
55339
54935
68138
51915
90566
41041
47707
24853
9736
86275
57261
8284
51104
45822
62147
64046
51607
65206
42515
30897
1734
37585
24037
44094
71336
12754
20634
76442
60073
17085
80746
41869
11902
51846
18598
71329
52047
33499
79708
83353
78511
89258
19672
46955
83820
41840
20263
22684
27138
17920
70135
89942
83274
15884
73179
24552
60879
61490
54347
31546
76385
18662
17095
73388
72226
13624
92444
19242
99326
24866
86719
96590
71096
43665
34903
22834
45760
80333
86551
28048
6912
17830
60009
43064
23990
57501
3270
32813
87323
74348
13889
98748
96802
46771
20004
52090
25724
77408
84497
53849
11224
88250
43147
25447
96361
38058
6670
15556
3615
34087
87704
38237
43223
39740
92203
14122
44654
42968
81291
91488
51409
1778
54881
85715
33776
1271
78274
812
38288
75922
27818
81187
69600
28566
49250
70682
56740
84555
7905
25941
98189
50451
27086
24185
83561
90103
27139
70304
48662
71955
86317
15702
84242
75066
400
9748
65615
85799
15175
92055
63970
85122
38250
20699
49946
41196
65704
31321
30413
551
59155
37210
49934
92644
56636
78807
81211
70762
13971
70799
25907
7808
40368
33668
29765
36503
10064
32626
87491
96247
30647
53229
57238
30372
40340
45110
23051
54285
41602
79161
5866
9906
91114
2630
74535
54575
28614
83050
11921
70249
85857
66346
20392
72883
58330
23196
52397
36029
36871
61985
98129
4602
69109
68899
80463
92973
63630
53415
42261
54384
19860
69166
65373
85280
45673
1422
10747
89096
76561
3368
91311
95528
10959
64454
90842
85537
5932
7859
46285
80192
75223
24566
45756
27141
47142
87245
97522
73328
54906
52770
61950
28423
70657
98668
4524
9925
77460
24869
38158
44354
10689
82563
31064
60219
81283
96438
87884
64254
45997
70973
86090
18645
486
20453
11625
4332
1101
85150
11683
52576
77182
87964
41578
41862
65805
2471
33368
82518
44847
8671
90853
97234
20473
25585
75730
64214
26432
29998
4098
75326
9087
78286
44776
8110
83382
32832
34554
66978
32975
37516
22309
63699
55453
99912
60827
62115
1277
96755
13608
54021
68734
81041
13827
11244
48285
95044
82079
49902
94121
71043
75232
11188
87014
18490
54826
86849
73901
36989
52917
93948
76176
65322
44094
77436
12954
95258
75063
72848
7829
11716
77407
29608
62566
58927
11532
91491
66451
54513
11780
60470
8452
9160
54282
79605
81575
70676
34582
59297
49357
81168
9662
92622
90387
51435
92272
28496
35963
12295
96322
64386
29912
67341
49536
82482
97417
23499
8356
96812
90748
52364
15684
96833
27636
17746
20389
76340
43429
2194
92590
71074
46428
30188
56535
19979
43644
18821
83200
60353
94499
99875
61790
31340
88907
41700
16560
65463
38316
78363
32048
32635
52062
4329
31428
7461
46781
50612
60596
32199
35397
48166
64375
30648
57341
35653
52166
91816
58064
29322
84562
57509
42518
7104
66193
97283
32881
84251
1235
87307
82931
70675
63795
70179
66109
16603
90889
25878
49186
56770
2780
94495
31179
3174
41684
54071
59091
16080
12174
1785
8210
57423
60809
96334
92248
53332
79774
28411
72559
16008
49356
35843
20546
45926
72881
8025
65084
74968
39061
61190
51753
11825
70495
66547
27802
74468
3339
21780
6820
63616
85844
75729
84999
53769
4715
68914
66124
59859
44649
78023
83688
29437
70881
63953
77054
63752
19886
47441
58208
88915
11852
32522
51733
14708
58179
48885
22422
36661
69374
60353
47635
78921
66586
37733
75763
16362
13210
23588
71928
60048
9591
67164
13857
56975
62676
40619
63881
63758
79055
59134
72428
3679
63668
58359
33002
1024
42732
87546
68260
11469
75026
1748
9284
98048
81798
27817
11737
2471
65691
45785
75647
91295
92235
26893
73949
71986
10
15748
45640
77899
27319
61877
87429
69170
31887
57088
71788
41864
31804
5845
67848
30688
35307
83840
62107
80184
30971
47696
33598
29971
13905
88259
93765
43381
61481
98736
48513
92922
93319
48176
29952
9235
19787
12681
85391
71134
69378
84217
3807
37217
1305
30651
39749
9762
27533
30329
90427
89286
52254
74543
36997
3044
39714
8919
3406
76101
34741
94871
7121
52635
99246
14755
23155
20763
82829
72368
95053
41240
32145
48086
74503
16862
33126
49312
24480
55527
82683
2772
35338
1981
8338
70105
38035
61901
42672
92650
51774
11524
7956
80022
54767
3593
76836
66257
77382
94390
75395
84571
97699
11157
33120
29547
67048
15731
11271
26488
47548
15363
60122
33859
14219
9362
62427
8772
20619
54978
11840
95183
68985
55269
457
67811
44898
22840
50829
64367
52574
16345
2512
44609
82166
92711
85682
61900
46150
40405
49025
39062
3454
60522
65742
98236
77058
79640
42717
48162
1873
71638
60118
20026
14787
32668
3672
2319
18892
1915
85517
65488
69853
12599
46073
18260
25290
7715
62380
33038
28677
11959
9111
83534
16937
98287
86171
50097
92339
12803
15197
20551
44843
75327
91861
55807
73953
68414
6310
5073
57233
3816
31112
34695
63497
30853
31457
15817
54082
5500
43378
15140
39273
14413
89485
54326
37762
63592
99109
94552
67842
7080
22942
34120
58427
2895
18563
24658
7573
28254
43510
58171
71607
21265
51745
41098
56964
21590
46028
30516
18882
64712
14696
80098
41847
54124
232
27264
81932
72167
83375
45892
50067
33754
23044
60441
59077
62491
75106
92904
16548
58897
53292
67298
28799
51084
20318
50636
88468
98398
7934
85064
31887
68346
88881
11676
88753
75720
24330
44801
22796
77057
57918
52329
44106
25677
37203
66382
39854
93847
45719
78323
60978
2538
7916
62778
95407
55403
31457
96514
26011
48306
88668
58905
96525
10213
57235
19750
62204
68851
346
10188
26693
11819
98518
38460
77548
70358
99952
79418
30169
16439
12517
99593
60931
97022
38075
96854
50827
37091
15918
1790
82911
3141
33097
54397
5983
92895
17296
18580
33372
35267
90873
81494
58620
40855
3579
34319
84827
36873
20542
50194
32075
87215
79154
56893
16636
95903
44572
28075
35510
36616
69323
61366
6435
30092
71625
63846
30698
40762
79053
21627
66550
95756
91149
7283
63253
63738
55856
52984
86556
40056
58817
66729
30888
78899
47872
54691
28287
94276
55667
36492
34805
8526
35162
6940
48682
81402
58752
40873
7697
51660
31949
34989
71820
4577
19640
31318
15987
73832
11258
40298
3763
2042
83934
92916
80467
84215
91796
8527
2577
90846
55557
58670
49003
19369
2144
67846
96122
95971
3763
87097
71737
34727
90614
69280
33603
91190
17985
18804
282
74676
38301
53017
87236
73088
94232
47975
32016
77166
27794
4662
56951
19299
22037
69861
29789
10765
53921
63911
79478
45628
31589
95979
35461
17696
97610
79047
93376
40288
49257
69889
87727
46900
33693
80153
45300
95040
3603
91957
1060
47406
2814
98442
79763
54279
71783
85989
90318
82029
84097
10548
25922
98712
32026
44691
95002
38443
61518
24406
88133
1010
5590
40240
11702
42075
3037
39902
37637
9614
72659
83027
14419
40714
64443
81889
18986
66525
14815
47393
77923
3359
49155
39519
26210
44684
41015
24901
19195
60732
79078
60226
43032
14337
46827
61462
27410
76156
54147
68829
34844
60252
91933
11861
44416
76341
26702
4462
10465
3577
31042
71438
20447
85045
15597
13693
93177
3339
59327
58068
64237
70439
29141
78333
54363
6144
64876
72358
79976
813
53585
74056
44030
35041
89748
20399
21200
1284
54651
97637
87546
1392
6931
84991
6279
75365
97825
61251
67885
95049
70614
29524
21012
30560
1632
44573
75764
33027
13694
97206
60795
88800
61228
6645
49197
57902
10364
32308
66886
37771
76934
85370
61083
74357
94262
64137
15999
81793
24835
16452
68065
11963
80512
58011
4210
33050
94540
58068
78405
88127
64964
85816
6544
82762
15480
67159
84974
84377
67738
36984
93350
2271
17138
83905
46215
68924
98191
99040
24202
69950
93881
49044
67865
50228
87810
4123
25070
76747
33338
36152
14420
81735
78466
51552
49962
90783
41784
48770
76070
12982
51313
81489
1718
66770
54981
50991
96001
26458
65379
66039
52940
2224
89413
81991
85305
94121
25727
41257
56842
42117
5617
70556
37955
30960
81788
36547
80590
78068
15569
77962
22647
52088
23781
1553
63735
75224
86177
9975
14543
46178
56149
12323
91562
41547
70764
32433
35621
8365
37147
3832
63755
90206
52724
63988
78520
87693
97431
76757
61055
7259
62951
94660
91687
18739
40058
76876
4848
36871
30378
72364
24115
4489
82122
11352
8424
38243
43346
24615
25025
86132
3611
63421
10132
78536
60262
32309
90198
95762
13846
6794
14946
3816
15870
95362
32248
7451
56341
7256
1859
5522
90630
35268
31923
94530
42340
98153
72393
4044
45755
73212
26705
54291
71778
31212
31113
48376
38316
90865
83968
2740
54813
19317
72122
59345
57818
99354
96720
94726
93081
16775
51476
70317
38872
44594
65330
1986
61353
24427
19058
34586
5931
42403
48185
30557
86484
55672
65295
28962
16874
55486
56028
31750
38033
62315
71148
56201
69278
94271
6098
44357
22634
7757
82376
67051
40387
65835
24948
19356
91196
95410
44966
82593
98757
73458
62685
92615
37621
79254
1802
14970
47331
42095
46381
77117
70421
72703
15387
62755
83887
4741
68417
64814
78125
11968
74626
66370
18764
4257
38908
80132
48034
91954
75497
50612
32462
88060
50082
15492
62666
92186
54685
10004
88381
19352
77079
25420
65325
16999
39052
86421
77009
58624
92163
3892
1445
75218
55335
47940
28982
32682
33104
64143
12702
8958
48193
99849
9418
41910
36458
17129
30326
43415
19053
43332
45146
37901
6269
84039
43613
17365
8675
11793
81384
74436
36475
57068
30710
53687
85307
37030
18183
1368
6387
73744
35092
93482
69711
93010
48444
25138
72186
74088
12541
32290
85341
18046
59999
65474
41765
86051
7626
50141
52771
80205
18839
62726
5388
67849
26852
12837
38273
59772
61857
90081
85257
28348
15016
1099
17178
71492
61386
9221
94134
65592
88547
73742
55442
18005
91215
31308
74194
17076
887
98932
57744
54395
40836
34168
46172
72639
72372
19790
69245
77179
56905
7672
50806
84518
88799
981
16931
84819
60374
24356
62883
82026
69997
46097
98735
62559
8720
43709
49544
20364
57032
61934
28463
8240
54257
87024
75342
72195
60169
87366
79220
70549
19043
68434
14334
70626
45179
50172
85905
1587
19365
1570
80291
81909
58142
10493
26329
50862
12260
65995
30475
40193
48961
11934
62244
17952
54147
83073
57830
62057
68999
82658
83466
40222
8147
14081
61445
63429
75875
32947
44742
23608
82714
61651
98427
13322
22075
63878
21556
23160
97488
81929
29727
76199
94503
48922
5746
29279
76285
23039
48424
58755
49138
48886
41570
39372
72412
98042
12111
82978
22744
175
31910
83446
93435
50571
94384
98271
43622
29025
74210
11663
30008
21419
79464
43313
64189
34291
8926
40641
22117
74014
51768
84999
74543
26390
76609
51954
69508
80786
3936
43918
79744
95780
71318
92321
54026
89023
52804
16103
30469
29058
85514
24744
34624
57478
45674
58995
94600
84960
60011
98746
70813
14611
44633
14153
74401
72437
39722
74883
92077
20156
51132
88636
71358
61189
22681
5997
39692
88577
79708
35383
81467
33597
25870
35191
90667
79788
56489
68770
36522
18259
86718
40957
14634
15760
2289
77468
96589
78280
94626
77077
35643
25580
14119
49760
4054
47015
54580
75629
42245
41703
74973
41058
54765
20229
50770
3664
26174
57778
24617
33649
25033
71201
69306
82848
79535
4651
17955
45076
50517
19618
16716
95418
54516
52566
12133
56143
43277
33534
82027
96471
985
35012
68809
44669
702
25839
16667
75399
85437
29357
40302
23156
51688
3229
5412
39925
20018
64311
59059
87974
49183
84185
42925
74888
60090
83086
93626
37372
30757
27581
61313
12605
49803
99884
51494
75387
50354
13262
53101
57392
79052
28208
85437
66464
60524
58876
84831
23474
50165
18216
20358
60933
30606
54750
5352
11025
23506
75177
51562
88124
11013
33657
80187
83061
14784
68083
16151
17616
52493
9560
89515
70718
56398
5935
3736
12905
42392
62962
34320
88809
14333
32306
44670
2886
27527
49128
99298
56682
88000
67609
78266
78210
30862
66853
58140
71249
11676
86765
76543
14961
15252
28798
18202
17927
93321
23582
75716
34241
89584
24754
88698
59535
75790
67433
22240
39996
32844
15593
63999
92743
51016
37428
1644
28130
31782
76470
58376
30374
95747
110
34404
51569
96202
31863
95581
58269
38719
72594
82437
65246
63256
9265
30082
84088
83372
20290
94192
6203
33443
19894
68833
66908
8846
25133
40837
75601
64336
24032
73413
42984
93273
41291
70824
54564
13491
52533
48793
12470
7157
14205
75936
91700
55733
1155
73548
70168
85018
9104
67314
51992
52336
20386
28591
29149
99957
85688
28777
58530
64624
59415
9780
60267
52705
9303
68945
68191
89043
97069
16849
11812
44846
17461
34647
38326
49258
66587
84443
35107
19326
86182
63754
48614
93781
2051
55019
33342
47330
19753
35933
72618
99978
49486
28124
75363
77472
56134
60706
69174
47407
40882
49930
25820
47312
95533
61999
56984
85979
60526
9427
17773
23162
58746
67580
18906
64024
64042
6617
4754
1369
79797
44611
30940
27619
70266
96862
96420
62106
73260
8671
70140
12074
33305
92295
32370
30301
26201
35405
49391
16140
31984
8345
88170
50002
85664
24493
47207
27708
49774
72830
71823
25213
60206
77280
94380
6206
69838
55969
41089
57171
74013
73547
29669
39208
15798
6989
86522
34138
3341
49363
35374
75746
54580
63345
34925
2444
55434
67327
61153
41798
16065
56478
98375
53588
44042
4377
5935
54944
45727
39591
76048
43182
7981
69612
52293
85326
64604
65919
28008
68747
88925
92615
94026
44320
42479
23422
86956
93674
65229
14839
12701
21401
8344
94364
61904
92160
97308
24368
79512
96395
91137
77972
63492
62256
20337
5829
58641
61439
63201
34562
56624
71987
97917
31979
97558
26474
22453
58917
9241
6769
68606
28986
65614
19577
25862
70461
85116
72198
41880
92491
92604
30501
4712
58221
52656
24157
77787
80282
49309
19263
1078
36505
78982
94200
79906
68613
18054
86533
9561
36969
69258
81061
9808
10890
27465
39050
78496
3748
9760
63977
39474
1612
82510
61490
56583
29781
43721
59385
39457
78543
36988
9426
51378
63561
23166
28764
37407
951
61519
3188
88016
37743
59281
16458
88375
89901
91873
21424
46138
79574
43856
45487
70622
13657
79139
3156
97810
3345
65923
24648
76150
23464
88674
37149
38375
82070
24747
50628
39016
38055
91172
28155
44717
91610
71107
33763
46823
84037
76202
88432
743
2838
65664
62586
42929
92213
45134
38929
77055
27173
26163
73613
69134
47145
36132
24515
22185
50179
97059
86387
20177
58007
78042
48510
60806
42639
14068
5782
88628
88120
14777
93389
61788
12937
84708
60815
59742
36643
81507
76652
49696
40500
37227
63693
8254
47030
47381
35624
71438
67796
56472
8687
44206
82125
22564
85730
86700
98449
81688
11717
1042
31400
34977
6444
12493
71474
45072
26898
52696
33737
58839
72617
79722
86114
69343
28108
34968
31475
99145
8337
34920
51982
64639
11226
50931
26924
56310
65706
58806
39077
63523
9524
93750
62875
5207
60975
38765
9846
98328
67303
40085
59914
64925
86797
83120
87444
14053
67630
82834
47556
61269
16193
68491
61365
43981
40793
34773
55543
78245
58170
50646
12206
71049
745
73170
58931
61966
33788
23249
33240
71568
29201
40
2857
43401
5435
29447
46446
69520
56662
50335
67533
63852
20572
13805
13292
59188
62736
73959
6932
40292
88983
65665
72945
77918
95046
83548
54902
30810
53751
29389
53693
23307
44021
51302
64524
50704
13079
3139
58835
56404
52650
85618
72018
9059
85734
44864
50008
53737
46978
7420
8134
67432
1700
97163
89841
21429
34545
36519
51782
57232
42338
11668
24841
39775
95159
85281
52758
67526
30086
21111
66472
55172
3468
52642
44631
36717
84100
51928
15804
5248
22069
46474
78801
41572
61189
29895
15571
34724
36076
18151
79561
45891
51811
77499
76799
71902
6395
69231
3339
14141
99562
46584
27088
73974
25441
94752
59584
12574
97113
76907
30365
84908
35307
99589
73528
70892
39230
57866
21979
78557
73115
90129
33826
80840
17053
28118
1795
98237
92837
84354
39694
20236
25321
90010
21168
3356
10156
94145
49938
23179
75529
16907
89438
82915
9833
99231
96289
8501
76756
63911
65196
63541
61188
66519
21813
17618
37749
16536
19802
6544
79736
71504
30341
98596
57383
89872
8875
36139
38387
14298
19727
44359
58808
1292
83716
43640
93331
92749
18095
36435
42538
11699
18890
43041
33865
99151
96197
56342
76109
17206
33288
72395
63705
40748
18579
55067
63078
64239
40486
8728
39160
3677
82044
45255
4875
12995
88434
44798
21932
33444
35942
17208
84868
50466
50171
12883
36719
75052
216
72199
66699
32867
92784
21858
14764
74059
48028
4260
76524
42187
2404
36501
84864
47840
97598
71614
15461
38052
74957
39179
41145
70263
53226
12602
67111
17703
32800
96192
95514
4258
31345
75993
60050
92981
16982
72937
35253
93759
27716
37876
37468
16919
31146
41719
53518
35638
855
44513
82507
93987
42136
56721
40094
72282
14015
82573
25174
1752
3071
4220
4238
86981
69140
13857
76487
22046
43776
13940
72151
3965
43951
29598
55675
76872
46556
91858
43432
22867
61260
71043
17567
48051
2360
83621
28319
80737
9737
71524
43445
85990
51100
31355
52782
3849
3397
98898
61037
86930
32047
75063
42871
48730
9857
14615
64683
25810
54877
10329
304
40844
50274
57848
4167
1737
23857
72859
25888
17856
92556
40115
87240
38472
7610
91536
7167
69154
75528
47424
50440
77606
96297
20549
59737
61417
47230
16402
86642
82792
18225
83170
33195
22547
25243
98261
60198
79609
54726
44327
28772
3115
59276
783
2772
15856
62366
7089
13061
39877
56737
65344
4764
83246
77554
35956
2529
12542
87818
68259
980
34655
95805
7296
28477
39102
19101
15117
77985
37238
59835
34621
87536
77239
23693
66091
73628
76307
98219
38961
70084
89605
2932
53606
69358
54558
41453
99510
58899
67085
90569
33055
26035
21194
33285
63654
32522
86528
79594
77172
25339
86037
86613
20081
44936
84567
45011
33499
93828
26820
89510
85731
60223
19990
46437
16644
52353
41353
18271
34113
7186
54730
78304
63001
18997
70974
44044
82890
99669
82829
1768
3903
69560
6377
74520
38551
19536
10335
79299
33908
99280
28568
46898
5788
65276
86156
84568
37040
14265
18244
940
76135
89123
16874
41297
12358
23389
86191
34806
72382
8931
49945
87961
11202
15260
95847
15431
35331
97292
31043
81343
49322
99461
71267
13972
77457
72989
12475
19473
4126
7738
3810
83126
75805
6698
35743
58401
22873
18512
81937
55848
99319
47864
87800
19299
76272
50668
34723
4871
7848
7519
65015
69804
59695
63718
34488
39216
82292
68455
53111
42004
10689
11145
64120
10020
96151
57963
3807
70612
9319
32784
68855
1254
86089
30584
18751
91176
30845
69387
6705
74971
23580
50222
37935
22638
62681
95223
56364
36232
22554
34333
93877
21573
99853
63273
46202
49048
10825
97001
42589
37582
19650
59043
77622
11731
78056
97415
87648
89166
71709
20765
85924
5703
3985
44285
15872
33930
84188
8605
70995
52035
16567
50789
49799
21800
67479
42814
10332
73302
487
137
80013
11988
29857
99149
75873
78420
90952
52456
17841
81752
97669
70310
46513
1489
98045
94319
36924
39362
81963
9691
416
88995
59071
89793
34819
3905
29202
47053
10513
83139
48069
58191
42563
33320
60597
63376
76014
34796
47005
64544
57381
2538
65705
15755
52907
24058
89106
43786
8473
48379
7290
64469
20936
20396
59462
90902
63676
57781
8403
49945
41070
5891
67190
3903
22324
70352
97716
46290
2766
13088
74331
38835
59152
65639
75451
4367
58247
29065
74981
97712
3050
46874
39582
21104
11071
74115
79615
47752
56742
69862
41645
43046
94950
51993
43920
1885
26130
50318
99954
91990
2552
8915
11414
84485
75110
37845
1810
34838
50809
58944
79466
97094
39939
24801
48266
1038
28568
26252
15008
26970
60694
2329
37748
86648
57326
63689
62629
73740
50547
71367
92290
3137
78014
57610
23905
5785
46075
60311
75999
93125
4756
19395
4405
30192
27032
54197
60275
28693
50792
50314
75420
14162
24958
41811
68797
14836
45498
71097
45195
51121
53418
32544
84856
37461
62485
86057
44754
87508
21988
94321
96504
25695
49997
30359
66010
46449
43134
12251
54828
64841
25955
21634
27174
59602
39284
94006
49371
96029
80317
42730
8884
14896
85835
65275
55465
888
8912
45394
26651
36410
99732
65639
39409
61192
77176
62495
67948
89071
94983
1941
47465
91148
56892
11927
371
63
30858
31463
547
279
22156
6914
68405
78605
71626
33342
59592
91661
96708
31820
15921
591
51166
49277
14972
20452
78121
13568
25985
81164
61897
19625
85023
20420
44744
8270
23064
13052
55254
99851
31048
89351
74875
18597
58530
39788
94427
48811
54921
75673
36709
22841
7913
30551
7096
71094
21712
74936
74259
17502
49516
14189
4439
52890
27969
86932
97882
18442
40551
49071
61387
15748
37758
93424
15965
66230
49935
95728
19699
41992
2401
31039
63238
89053
5589
16213
29558
82520
66846
60807
93066
48060
36288
71733
24229
41707
61924
48001
35336
20816
57845
12634
35838
39288
41626
14358
80231
3930
87504
8830
53253
10872
16452
38339
73341
32061
75978
96462
21802
17510
98716
4949
19908
36958
44146
57482
2247
88098
47483
47405
69924
47779
20086
35778
53889
16297
59279
97341
4237
74644
1721
99930
87556
95646
55204
74697
2171
83453
93468
17606
81321
57221
56510
94055
77779
50121
25015
56622
59346
41665
46394
59230
55074
64648
81534
53163
60874
68253
8146
27210
73347
27785
95358
62311
51846
79904
96375
86230
96503
82752
99198
75041
35848
95159
46423
37408
84331
65793
52257
70630
42424
55662
71574
24376
44055
51298
45216
51416
58347
15254
98230
80576
11292
7741
19602
3659
29886
82305
85873
97037
24387
45355
63654
40322
6042
55329
87963
5444
71394
43497
61221
83606
65519
33388
64418
2077
10999
57270
76690
20079
36922
46810
26576
17091
57868
87794
23595
37640
34369
11396
37445
82098
81043
78625
10631
71439
22227
81927
3039
62007
10698
42022
13975
51042
63978
59583
41235
14099
69878
81607
35623
44082
17706
60236
20018
73688
5512
76815
46235
23555
48961
76335
6951
58473
1981
87975
68308
39306
96743
14733
73302
56030
5879
81083
97355
56621
65181
24042
39932
85693
