11660
87709
46134
9287
7332
74266
43952
36198
46621
34485
56303
2092
50782
20486
42711
15651
10590
99879
41802
23883
56163
95847
56237
63964
89430
61783
22869
80358
22367
3170
14318
42969
95683
2714
11176
46976
26422
71853
71422
28424
83838
14679
2500
70335
53542
96528
8972
9144
21083
4806
52725
95179
29831
31141
80625
71864
52135
44019
72690
14476
52299
89337
83024
18620
22858
21627
79737
8398
69248
23976
58038
96600
11621
91244
83413
24544
458
85379
11864
31234
75507
56937
77178
92912
77067
2573
77177
723
62441
67364
56677
60496
34942
64985
47395
22182
72631
24770
20702
76340
22261
5486
96011
68728
14246
72410
53623
63537
60447
42819
88911
15142
17337
44309
39659
56671
14982
43042
74201
76945
11374
59631
83426
20696
25514
60264
9818
82044
71932
88884
44169
10966
8585
35619
42193
80492
6676
42851
56348
33080
78713
44914
84356
19207
28898
79566
92766
16637
71689
78376
88868
56437
27019
58488
7709
27110
60549
62601
13035
80418
94542
66549
58736
76408
4657
78891
16702
58873
33733
89772
44506
96919
48138
92918
16428
5930
5475
61432
51846
27212
45770
8292
89358
33252
53428
39202
26666
15648
7907
81025
70567
33307
74658
3528
42566
31358
52480
45355
73156
25858
26156
33177
29316
29300
68041
27186
46331
5490
78
67030
34487
53810
28477
92217
83181
20993
42877
52082
90814
72456
93303
18099
613
89387
40010
35859
44927
82092
70955
46502
49655
23820
4444
58766
98286
50642
95623
19627
37956
89220
58680
72846
63013
21905
1589
76139
60915
59505
1402
82509
24523
39652
6805
34691
21559
48119
77435
90264
85168
95718
81061
63104
95149
77339
57834
36782
29932
60788
53978
31779
68380
29443
73269
53698
57349
51951
63430
24318
96948
30807
60255
35124
61319
66263
55026
341
22033
13123
17993
17148
31211
73968
79170
5182
25592
76690
21995
76191
77875
51904
1974
13056
47318
3860
94553
83318
90889
71022
79589
6487
71046
51256
51584
22382
70405
83940
91393
60366
90697
64786
87239
75970
44678
25582
73271
67555
88205
48726
28081
99395
49781
20825
40558
99206
36424
66170
62487
9168
2151
14100
12741
24505
19867
67287
95568
64669
14361
73169
43062
84785
51377
33545
42347
51312
1747
11812
85559
91987
55519
16714
21585
1343
22984
57282
48246
52823
44835
79482
61861
59666
69426
85731
60826
29096
18119
345
73541
74663
34551
10849
50502
66690
78078
26987
23432
39560
33480
57814
52535
43154
78467
92850
67007
47414
56831
51713
38562
67609
6334
85143
12054
47682
10398
54721
8921
23209
77088
58914
61617
4206
82164
55544
32645
4325
80739
59516
26321
17231
74584
22696
20394
23909
51020
99988
87727
86509
88878
9753
28423
207
50987
14230
16445
69953
57343
401
18389
40991
91032
32437
52202
93654
93314
61273
21317
65311
38165
97474
22236
61673
31640
863
58053
53423
84816
54961
62773
53865
62409
37262
42937
49438
92991
34459
29648
53718
26473
39094
49859
46094
46243
21526
1410
14565
42487
50986
15581
18227
50760
94238
15259
69754
43418
12829
58
70164
46273
81136
69476
58252
88740
99332
69515
93928
58285
8937
49793
31972
32049
82038
74422
72890
49047
48170
64366
65789
76518
98446
7230
28102
89487
24439
63075
14469
91476
31111
1472
65049
18163
68082
86802
38778
73556
64286
44625
29971
83083
23044
61349
82286
21673
13748
49474
1480
47269
2229
41954
81155
25027
2505
60798
37498
33823
4366
71977
46703
22968
11937
28296
50112
9212
91294
46450
57017
76139
25442
6208
49539
84874
37617
55824
96153
60135
28884
66428
28443
70660
69818
11666
5019
38562
89919
46480
78805
54988
47978
49471
71388
40092
58256
41641
64911
53549
48214
55319
76971
85471
55027
15211
69466
577
12148
33814
26345
52670
91450
30360
36791
17606
28798
71794
30345
8856
90420
78505
19290
37225
76397
85882
65040
14323
59638
66484
14666
90909
19710
20470
94837
45571
1269
57254
82558
68226
21584
52235
66690
14882
38025
46120
43424
57024
26148
71606
4656
96663
9516
71836
73838
95307
59227
58958
87822
56593
77944
3231
27891
38558
80571
78148
91195
93931
5068
46118
10802
41218
24906
20195
91623
29255
52391
50850
82267
11142
9872
18386
82165
90773
38955
6206
99507
46437
29497
16526
86044
24843
9883
93053
496
93029
86384
7059
16640
22155
7004
25599
15098
11508
60005
5458
11805
70338
80407
87546
13963
22635
71720
55993
92828
43781
46677
22946
21295
27437
79466
16752
19996
3859
29921
26019
71941
39942
42146
80312
16202
27672
73929
73187
21563
32653
10470
91436
40456
63685
38301
23139
18421
15236
44429
34753
24873
71739
8206
31036
12678
19156
46419
77255
69651
42623
24560
66532
22452
9972
30901
50663
68955
5892
1432
83880
6232
35457
78544
42884
8460
29830
42973
95057
83099
91524
29926
54748
91552
95979
48346
95009
18042
63345
12024
36550
96516
27458
92490
7093
85955
77508
25996
92660
51960
18981
48459
74050
10805
27107
13640
56720
6540
12952
31931
14873
76035
73249
80148
51392
93124
67049
57021
15717
66385
86742
9916
53283
16053
30928
52469
57609
51349
38153
92299
76210
35749
1294
18887
81796
2327
31976
83505
86946
43502
43631
94555
67726
10832
46124
6942
34271
30362
79881
68252
92954
10542
70456
63204
36016
11784
12893
98835
42900
10318
61624
91160
64343
85893
45203
40656
69122
96608
50500
13520
56591
47892
4543
5569
39909
80039
28924
13766
21102
98822
20128
76793
80950
53910
73739
61011
10818
76322
95421
15690
88587
97267
58085
90676
60630
30718
3464
55370
73425
74646
25130
54184
41867
85731
11997
20785
18321
16971
97987
56464
6721
47212
38209
87097
74765
8363
70338
52365
3053
57607
77284
89661
13281
55655
68932
12421
95266
69682
57505
92890
42564
13725
57071
382
94283
54366
35003
26000
5510
40384
21558
91265
96364
69359
1696
30752
24145
68595
90194
42648
40613
19482
2183
63087
25514
47406
71016
48879
60817
60486
69555
5442
1008
44215
82919
87894
85921
10635
28303
80864
43065
27594
78472
2780
37507
60277
59057
85427
94649
52242
6414
58325
2174
56544
33849
4038
14395
57900
5318
2869
39445
17917
47856
68487
36039
6602
67493
74387
72546
40556
72108
14022
43037
70446
39502
998
15994
87584
32680
94996
23510
91018
27595
65195
74316
86846
70414
14853
22984
40262
20945
81340
43331
56829
97614
24749
29504
95833
20094
83193
50945
63334
7558
84294
17031
43374
16700
32867
38148
61620
23257
21992
20894
69409
68125
20315
33539
18997
27290
92111
84580
57119
23454
91015
13871
10376
85024
64185
44205
11561
48966
13325
81268
27837
95249
89348
62378
21617
24454
81110
57047
69975
92505
88660
485
14362
74776
93804
88087
64428
15921
25130
9027
78011
40385
8539
3245
14403
37978
43341
21250
10173
19056
61331
54542
59732
4065
73125
91258
93272
73951
41156
33829
12587
40891
97498
6398
83481
49519
26208
62907
52966
19975
45881
30041
76159
93005
34236
43697
63314
7025
26191
82995
9881
97041
62222
92482
31921
72138
70059
91756
90697
32187
3536
96004
32086
65587
75008
16605
4227
6615
37499
42533
80998
34705
66496
71739
93454
81495
71308
70255
66680
64887
66241
63285
52321
21661
56707
39654
23990
81761
40507
58899
28327
96144
98046
63494
79290
26005
76680
46455
44315
31587
55298
57095
61073
71042
86435
7005
41292
10931
86770
94683
59098
66242
4457
10588
15322
4711
93845
75340
17544
90073
79450
8580
30902
13264
92436
20736
24891
93333
49784
8575
33125
23528
78360
60855
71371
39213
36294
69650
69629
67189
34288
51112
47261
46052
97769
187
63942
61124
96489
81289
31498
6406
69226
79698
33531
4528
3795
89222
20767
89415
91986
58409
30662
68218
92002
37511
41207
31688
89389
74766
69990
29872
22282
76556
8386
61811
43271
37510
87276
53352
23778
63761
44194
9052
18129
19185
68376
13699
97185
47980
93000
76928
82236
77898
65761
16588
53380
28844
16283
32807
64700
76518
48586
84216
11237
61209
23984
5154
293
3217
75405
12006
67493
66040
37234
25039
77617
4310
96148
59166
80610
54502
99003
55250
7480
30326
87258
57523
59521
92026
78201
96924
10167
34125
98797
92035
92741
35525
3338
61158
10057
89425
11055
7283
94517
47826
46271
83923
12688
80564
53136
64789
87226
28072
18236
5747
79884
67775
757
81539
39933
63909
63862
36892
62882
15287
60116
74211
26669
76130
36659
35121
93078
61338
39765
78402
86679
26163
11501
16349
99920
89664
94002
56859
2955
19078
90671
62870
82587
9755
69303
36911
59005
3041
68053
28220
36801
73209
12930
68588
94690
32165
74448
41497
29679
91775
67331
30185
65070
48655
55231
42976
13271
25709
84701
25605
99580
71539
19671
67375
38664
43614
32354
42092
97701
22305
94972
25455
7480
46598
5051
1300
64743
86818
87461
82320
1914
57588
54014
71290
75263
9978
42811
61007
21192
66991
38325
85511
29583
75397
40857
25234
8633
10587
88669
12590
77752
82939
82253
28841
73387
31379
83267
49837
68064
57517
53
84012
85882
7085
21544
70537
6061
35271
19683
961
84070
88795
4862
98292
75528
42830
22681
1492
13041
29990
48425
5769
12315
44578
19213
26718
45054
26323
58527
35915
72723
27546
55078
38144
34387
3808
51239
20299
5629
90476
80860
33863
85015
29828
85629
14817
77548
74340
49339
54407
65364
76340
81964
47408
70193
29513
37600
41026
65525
17690
21426
26436
69697
3741
54042
40832
48361
28734
67871
85268
29267
92251
18410
63158
42718
41535
48789
77794
49951
81561
33506
19009
44454
63800
3177
61719
95455
71909
98441
97609
52980
19549
62400
96938
69936
54666
26934
30433
4031
24253
45459
25592
17266
61194
66768
34338
70238
27519
73323
8810
94180
1730
64244
96341
15659
96135
452
64884
42504
68651
462
65032
45728
53104
73038
5041
66788
22036
42717
40213
83323
27376
62343
36202
89950
92875
42419
63872
23421
27481
61377
25326
62527
19827
50131
95895
71366
91284
71458
29336
52081
80557
51889
36434
18427
99941
86686
10030
7521
49
36917
54994
29184
81196
191
13342
70908
2995
99639
34915
38622
62336
24349
91073
89269
27648
62980
98203
71165
75219
18054
44282
22589
640
80183
79898
15146
61586
49238
14997
99401
35123
76096
42506
53202
996
39455
53642
27408
43190
46016
61375
45605
87368
73826
78169
88906
77981
95018
36022
99539
63001
79636
63308
56945
74616
70564
80918
73778
5547
12858
58906
53795
93552
57667
10739
68149
18604
15116
11200
89949
38120
57682
53352
4342
57510
71797
15464
85345
24766
51243
99450
10604
60057
79440
50115
88401
19273
60699
37018
47157
37795
78124
14864
34001
2394
62946
3520
21869
14105
3465
7349
39944
46045
54320
18226
98740
53485
80057
46722
77375
58359
35113
88573
21196
3496
70911
60403
98240
13223
47842
11768
1080
45390
71698
85484
61239
21798
45537
5734
57982
27679
1883
61948
56404
38793
57535
77586
72517
47121
7250
91388
53319
75835
87657
26514
5463
17977
84452
19983
96098
49029
17531
73669
43616
30945
94416
73634
84122
57864
7555
6903
10636
56912
56004
46538
34534
37919
58051
38042
36460
16839
85924
49770
54558
80992
38159
69069
8882
928
74243
24588
92156
59609
68394
10774
76591
31695
33832
64741
77342
76116
74701
1449
7835
34242
63530
8083
94145
23093
864
61536
68781
419
30868
10816
73767
52088
73662
91106
94591
2194
94369
68606
48306
38709
58517
81118
82155
85132
32736
53674
3846
84446
79299
85678
78000
91753
76368
45386
10922
43837
44634
38583
37804
96055
78405
86065
20263
4696
85468
69541
43747
16674
97025
13752
37543
84719
47903
55249
82454
77357
5755
64932
4342
87738
7593
91452
63213
4216
77531
29060
55748
21741
40916
26419
1389
37177
56027
31730
48993
26069
52683
43082
2658
73285
23559
82895
33279
91385
48043
59971
46966
1510
75453
82824
68531
42780
69474
12806
19351
86787
58254
17557
85812
88727
18451
93864
24917
46365
32986
11414
78650
68129
86416
70438
18528
84078
68535
62998
72287
58088
12862
67016
25774
86346
45835
62378
66369
33911
36244
22080
41138
21887
67981
85937
14846
15792
54587
12842
81670
79382
68519
48850
69653
61041
76431
77868
40225
7921
20278
35106
65803
32561
56891
46453
65089
83949
71432
79166
93763
3681
66209
46303
21250
38847
82812
36235
84196
61452
55536
85550
17061
19384
41029
3034
74903
38233
49387
92624
73066
25283
23495
58727
614
91398
65768
83260
94005
60291
85816
45399
45598
47628
29134
47541
36236
90040
63168
16791
11149
94303
50805
74887
97142
55576
40312
84322
35940
14701
94953
80198
96733
92983
85678
3385
2773
65596
62887
25939
31853
93985
91103
81290
88725
2445
38654
47160
17426
81661
78972
8715
56315
701
239
68648
71901
81225
42629
76573
33631
42176
38093
34754
39103
42754
5584
67275
60475
89414
55805
96397
13964
96123
4994
52682
23917
47321
30711
39579
46777
48162
42292
4953
84626
84794
33474
75911
20958
78016
46927
49312
620
68520
30171
57016
15093
10711
61840
43090
42269
79802
55150
17406
38040
5603
54340
47596
35209
96770
86427
48050
70406
99580
21964
70965
61751
51786
96338
46487
32286
65040
12154
43230
71952
90328
49751
99805
84929
94282
7282
69057
90782
68075
20446
83098
81748
52720
58953
51748
60910
57597
48175
2641
6235
63454
18505
67189
11406
52736
18979
53389
77791
56141
88426
27468
81103
9763
58692
72100
10153
7344
74362
47277
79075
82284
80336
47030
69860
67411
10998
95685
50111
28286
31031
62124
18398
95868
51822
2154
91738
59762
38104
31067
25702
78124
65636
1310
45132
959
98759
23329
16463
59037
49805
61738
24272
63603
47018
53284
65451
4834
79214
53732
26401
78872
11062
58072
51153
58155
43807
96459
63424
88306
40950
76663
62392
31904
99563
78343
93356
66174
61764
88072
68761
69155
80462
12684
98407
82450
54126
21626
77935
99249
92373
10773
53432
22305
25362
46375
47802
95423
97377
11978
96963
17110
79713
74324
52887
14526
55427
18812
85138
14101
51167
60045
16553
38040
13825
19846
63855
8767
88832
70027
25971
18866
94735
66379
22151
66284
16205
17455
94523
93323
84855
91932
69800
16880
42301
51717
45417
67769
45297
44433
73091
80760
97083
93796
24517
34800
86090
40140
71370
45548
63750
95019
19099
63484
68161
57723
25426
58476
68716
32131
154
40419
69285
15253
18994
16917
93549
53953
61808
87621
1176
83161
88098
90779
66526
2978
85999
27454
61230
88820
82716
83822
84930
56718
43307
15904
6094
83353
54334
43031
78194
59575
889
36091
84143
94504
51014
9369
38166
53465
1105
91159
72764
31017
35156
39250
41514
35385
3437
11286
52208
7792
23210
20889
74138
1544
99911
52500
72442
49529
47247
28703
25413
81183
926
51208
93146
24586
90727
58736
37788
79202
94449
99010
28193
58325
11036
35985
59716
77279
90082
46413
58613
86453
58840
18241
3567
9742
97427
22028
46922
46350
62472
68282
83463
60047
52492
85278
12233
5807
38458
83598
33411
25169
5875
6043
64972
20432
1951
84812
72015
20007
69457
28150
53727
15222
54249
20858
54024
11410
11219
18171
18817
33868
50861
98682
14333
9052
59238
78256
93408
1386
11522
25351
40175
85816
86266
82101
22016
60015
17504
90678
48145
86725
10592
82949
55316
73352
51522
32536
50952
12874
85451
38581
85443
57993
70211
26932
31627
77401
49842
82354
87108
34736
66788
91054
43747
48781
5932
97445
50945
28326
4644
70981
31948
56013
30162
78895
60311
98495
17254
5422
72978
73321
46208
52111
916
70711
1518
91292
69364
31994
89427
90393
17368
57652
54883
81401
72836
3
22091
10941
41300
3688
48846
60107
40933
96532
48650
47304
83341
27022
43130
65458
72907
75427
60692
68892
60441
36714
86897
72038
82334
26419
50509
58744
33632
23691
69892
43739
71414
37134
92285
50260
52188
8810
88003
18206
21120
80332
42350
16995
71737
46922
12897
21206
3927
46252
74892
38736
309
26103
54897
89958
54411
64792
99748
33987
79136
30569
1771
75623
79773
91555
91877
18331
16093
23456
13543
33168
93344
23563
85857
10612
77215
88743
73791
74000
58265
55769
26252
14016
39084
22418
177
23695
3840
69565
97051
57807
13917
69634
96827
57202
84476
97044
91943
28297
16411
34301
67901
59542
71210
7716
23111
88207
54979
61816
41658
44178
78359
65660
73176
28287
45187
40655
83286
63863
31073
9590
57656
95727
58170
77065
41048
63057
7961
79639
39366
64719
84315
76374
80169
52548
70499
77323
28932
32745
48426
79474
59572
18769
29523
55755
30357
88450
63900
4001
86691
86000
61681
66744
30334
40312
8475
43091
82312
70166
17974
96031
68392
20451
5824
95327
28913
37134
92108
99956
15452
19350
88695
64137
41105
76897
96082
33433
20933
64412
90909
34333
89021
62192
82773
62806
20337
21853
1413
71987
26380
49110
43960
76800
94256
79896
97262
19531
61398
6728
61868
6452
78099
75528
12526
21264
99798
89462
71704
4314
69069
26882
17834
17783
95560
4105
76369
8548
75637
62706
23002
16446
22730
80325
95042
83598
72866
8739
23625
69359
7294
6086
74694
6013
90253
41494
76723
95068
79622
98436
73192
76866
40178
99015
7941
14882
56135
48464
75209
94838
72622
20876
12704
62728
4038
71831
70490
71165
9858
41015
67094
41694
97837
11132
17629
67077
31790
5105
90923
94977
38950
15711
48487
10053
90742
74431
45748
33203
51838
39354
86593
56896
63200
26303
29595
75716
53859
36607
2594
65185
33812
23593
9528
80686
79462
58301
77110
73055
21018
53263
48857
32786
19162
54394
42713
45848
33087
61663
84091
40797
72914
52953
53116
98807
35823
40989
64045
41927
91494
69555
93919
10383
71676
88811
12276
45745
65614
23711
90517
60191
62261
81572
94273
52580
32165
65195
72898
52077
89615
33338
28604
60374
47239
68162
81439
71053
23455
79132
95228
56069
85042
35045
86965
99866
68222
37364
75372
60123
19496
82644
2077
79353
11299
20450
67112
32970
99851
99589
28038
64602
63884
65316
37917
71567
58080
97896
26190
12088
10997
16496
26828
58386
65292
21355
26311
60246
60542
31094
63238
7681
20281
51569
12115
74529
11176
52224
17041
67641
47057
81851
30664
9010
52088
96914
95841
26655
18113
66273
72717
22795
67635
25196
50335
62721
86039
52855
38714
83415
45632
28741
58821
79415
80388
30603
77820
52555
42088
62895
84672
54693
44571
9762
69038
19753
87737
17560
64684
23416
8815
9984
93216
90522
31486
1508
73979
68070
16056
56511
54738
14097
52072
33493
590
49937
95278
8372
43833
16716
8936
66661
46361
56738
72940
25807
27322
57044
24849
70760
75971
26031
63534
47577
1706
13305
88346
49901
91811
80983
95731
84245
13747
35000
6682
32539
98916
20066
9723
1921
40721
44407
26602
14166
10337
10051
52681
2580
2736
53893
39878
86393
71465
59479
66881
85503
16976
37180
48011
9146
3963
68614
9003
4078
30561
40449
54330
81131
68011
23967
20366
60902
78663
77728
61139
77269
45595
18941
97173
84230
69750
91730
53915
97596
81602
86566
95917
75719
36950
13816
246
3840
9768
6279
34436
50910
25343
40318
38124
13239
68071
33211
5451
35735
25374
90843
32199
64726
25643
64579
95477
56569
14894
28173
91859
67751
17746
38317
26709
28294
57503
85695
86557
19762
1101
73904
48067
44185
15155
87045
67348
62134
35933
94571
12855
13831
32091
88508
7851
63437
57846
17291
70668
54977
53213
65964
27284
36653
87390
96195
68222
75566
88241
75271
98789
71940
81422
77779
36203
30611
23455
31049
47671
91193
3919
32035
57046
19788
40002
28535
58753
47087
58430
61414
799
72049
29799
24994
96961
93123
57769
45914
26987
40372
23406
3555
28115
78315
99503
24996
78242
46591
27367
68414
28023
52886
23556
78774
21515
30809
20278
95553
21071
24816
47690
60107
62545
82911
70256
71843
21214
32220
89591
12007
33697
21228
97179
92551
75433
13530
90613
84825
37545
5715
95857
33336
29881
56097
48541
60761
24858
41633
12797
29517
36983
6339
90843
47180
92199
35678
1787
19716
55566
57133
4717
51421
15043
34410
77756
17256
92045
79013
3459
90180
91526
83938
12831
95404
93218
94316
86112
6560
6792
10105
76441
23759
3935
10876
93687
40638
65572
48897
54030
36823
19287
49321
56654
42321
13014
5698
76628
39608
85505
24257
30813
75097
67901
86431
56566
7309
35668
35022
7664
12543
8633
21430
27407
43195
32297
23344
91073
87028
97133
52126
81451
39634
2396
81444
414
31927
14845
49832
82185
8365
21163
51682
76840
50413
87441
10239
67834
88206
79316
35320
78705
99689
44784
80234
52611
28421
30011
92466
41117
9251
74405
17127
47254
45512
513
435
50721
32386
14077
36111
73917
75513
70637
17979
29991
68276
96551
84823
86927
71973
43527
82304
64424
89330
50450
4970
11096
89153
99415
12630
30479
50591
27953
68689
48981
61165
62762
51466
70396
70023
49562
23469
28245
11314
25165
90112
3422
6626
4450
97721
83161
29477
68911
48986
87287
41552
67522
68362
61491
81668
2563
47665
1724
22203
69333
49584
36426
79541
81979
57595
50866
4634
90039
30740
4948
70475
3053
79557
48274
91562
13959
27034
33147
17378
89106
87512
62149
61589
77765
56542
77464
40992
62625
20119
89863
83309
99220
83384
20314
45236
32568
5724
68135
18510
440
96538
23328
53177
74835
47551
85413
41569
4057
93614
9786
37425
6642
70673
97843
32405
88638
5050
70987
82635
82839
91514
64628
72006
67155
58717
44361
46591
99717
37281
64
37144
17283
86897
90043
88302
31586
88578
26397
49627
71453
87369
21914
71332
10965
7158
27239
2694
99122
40946
89136
10008
63176
11888
18408
85149
32277
9491
91483
41704
25446
30748
4640
58028
89433
94414
29258
9631
69053
86753
61950
1643
11350
45982
60894
26161
67837
54173
87428
99162
20068
65305
18698
87611
58455
72877
72486
94372
95806
16558
59060
45733
9535
3396
53899
60189
62560
3397
80817
86945
51434
97616
41546
1958
4393
58691
67052
71627
71024
83674
61070
76005
89017
76421
60542
5448
28522
15620
14482
74703
65331
41825
17399
66569
94580
57674
1797
3584
61660
42730
22740
84679
38124
53764
391
16927
75514
36939
35750
87910
61585
672
35177
92445
74133
49736
50160
76500
15396
42217
21393
40404
7192
30978
49833
70984
58761
10340
2067
60169
912
41233
21494
8197
75655
14128
48568
92875
11787
28329
26961
39990
44035
47875
70106
90964
23547
74840
95140
25425
96137
98353
77349
73253
16208
14051
98030
48214
5315
17190
31096
18475
75265
87086
77660
93967
1662
51560
22049
8478
66659
32051
47184
60591
72012
58616
4228
54558
69231
67431
58814
8437
79037
92175
64404
58070
89856
45690
36105
85768
79844
98755
58904
68923
10162
20565
15722
71001
79447
69601
10343
85164
23172
55707
18505
61542
94319
32594
66924
82929
25334
69162
95425
91699
8227
696
95202
79869
50603
39481
17248
95504
31505
43375
90552
64525
62184
34617
16420
17144
64693
72014
84365
99240
78163
6326
19998
35502
72367
59909
78196
60255
75636
7989
13234
13727
95265
16223
2321
24460
58230
76565
14549
33700
20270
62175
59418
42196
12422
72272
64301
35679
64412
61508
29879
82855
1811
41016
16276
69754
90706
33318
7554
12988
73708
95452
41973
67949
26426
91000
38695
79063
86660
42914
36237
4087
2656
3174
52548
6885
6993
66476
66762
24897
82768
94998
66698
63164
83560
19093
76623
17664
73531
27017
1273
40989
79362
17171
24462
40338
13330
25656
12679
32596
7130
53460
35115
22173
27049
19192
58938
7124
59468
60419
57471
22708
91829
29688
6153
39388
20695
28321
42899
65843
92398
78112
85278
20438
24156
62158
63520
99904
51981
39506
90806
25013
70460
10559
90517
80778
9390
43946
31646
6100
33148
86631
87632
89483
34479
11231
43384
28891
95172
47216
44643
57096
79919
69217
89236
32923
84251
59808
80464
89549
41487
99131
47767
51054
75533
12823
19053
91314
85748
38288
70966
47930
1605
42925
68929
51483
74274
21887
8027
22220
23922
97814
59172
94609
54786
15616
9791
64415
27622
73951
23234
10028
31324
47046
33134
74676
24305
80048
25176
9930
59709
11932
41542
64729
90954
43465
18773
84406
26514
65098
94999
19749
97414
1799
634
50980
30763
15184
45955
63127
3198
53630
38938
51441
6264
55943
89087
1659
93837
32285
78650
23045
95855
66277
57712
64422
12975
84911
91825
68210
50723
64790
55567
46455
60867
10742
27017
7539
40782
8549
8229
52790
73546
91888
96028
14064
52680
62899
32046
44663
45797
48532
33719
68694
73452
43516
37402
10293
34681
85811
48409
38657
75289
66487
4999
48313
63598
3225
52212
404
45007
65524
97992
70226
2059
57642
3595
82365
80750
221
87200
44571
3932
48743
7890
49971
35290
47799
58823
30330
2252
26601
23665
24601
18105
69504
68483
13981
22090
10786
28865
62234
84818
14480
46160
91036
36520
50017
31244
21068
75215
20730
17752
55356
81590
69932
67824
623
65915
58217
81947
67368
36011
93668
19133
45517
88421
10021
63752
65527
96476
90630
72754
54361
6299
50830
52929
97835
47171
80487
7843
2386
20271
85085
25307
14157
66521
83829
94965
8159
28533
60999
92923
93620
79771
7674
93184
65841
66466
77115
54681
21629
82632
94457
3244
10982
78702
19265
21376
69297
59264
6417
71796
93666
34770
63674
95916
27716
84646
90391
52613
41941
84139
57188
45962
66001
2975
76061
73887
40378
68052
28725
74299
80737
54161
69584
27154
57363
49711
76989
26736
93507
74724
94291
194
59856
99805
47718
82671
44019
39363
54758
38404
87847
67424
26005
26284
94900
93692
58755
5310
67450
50464
56936
86064
93079
30683
36061
38698
58358
28386
77879
43061
4020
6514
17985
24083
6256
31186
91284
50312
3822
62516
69110
52693
51431
63162
76269
47013
88337
84277
76286
67201
16775
86984
4135
63614
85333
16139
81620
13782
86210
21260
57762
42036
74809
81999
84846
2473
88918
73238
15353
7323
97514
91836
23387
34109
24267
4764
37152
97946
91324
20719
65699
7979
63188
945
10246
27016
94253
48933
99915
85787
7979
30703
22386
81872
99558
26303
592
2600
79798
24910
40904
81805
50907
60064
21033
80192
78534
89673
8067
28270
18856
30061
11590
36641
47925
66528
12730
79251
14611
83724
77397
48413
4837
55504
18268
99181
35503
85733
23642
20694
17797
52604
65814
37665
32724
92291
16179
33314
44909
35175
93161
83045
16810
13268
39388
46215
76574
54615
59414
84737
57981
21540
58086
58239
29220
21011
10004
76463
29735
76486
78399
8981
81846
84389
25493
16348
40075
16874
65039
69926
2354
32793
96839
88100
49173
88999
20246
8705
28227
76220
59630
44312
78653
4242
42513
64359
26557
44189
53037
14459
57219
73413
8916
94155
47997
92814
75324
49696
7505
15385
15087
20497
49323
61347
87536
74222
64126
79179
19947
54419
54137
89201
44407
65084
73927
90010
60780
70423
94850
93648
74779
41748
94102
60550
53134
185
52206
89913
9660
20371
43101
57203
57513
43719
23338
31305
4280
98823
86457
76291
59406
41024
67442
37148
1445
77679
593
46015
14377
21876
10729
72017
69426
32991
53685
19822
79519
15430
39005
96364
86283
38680
20865
2076
68399
80460
14565
18607
66100
21363
54233
54356
53779
68621
89700
80479
2795
95543
53196
83750
77661
96673
73221
73157
31944
31710
39444
81505
26044
60309
46686
39178
20125
85204
18386
5561
80470
45636
29647
857
26103
96375
51
28930
10349
71966
41314
98080
70845
23511
5679
31666
98908
17412
83178
10766
89390
26999
58822
45570
16025
70345
96614
5302
47845
55370
8899
59725
74386
34418
67772
64747
73686
52950
9243
42544
25138
58711
17696
61025
57135
90196
63852
68712
61018
34239
73132
9266
22362
7725
74208
50326
78186
43303
19047
25654
63575
82398
16873
53086
2487
64475
28769
79369
17892
89940
55364
50114
85460
71963
45810
62376
73942
98832
50424
89515
10987
82007
91040
29587
51071
48644
96438
10049
10883
34387
64855
47756
58216
31380
27992
14861
83033
32547
82480
62775
37141
24918
47235
11549
56744
84399
42796
84472
5990
49105
33575
52480
12547
37136
96088
24535
42354
26849
99131
16261
83255
2961
90217
87870
29899
39025
9827
29408
57708
76238
88415
76057
88094
93439
18668
4453
57059
16695
4035
22292
74930
12027
37132
24938
2166
85198
65002
63649
34150
86471
8260
93545
62300
36260
23441
22671
30709
89944
41631
69563
21508
80959
76672
14451
70195
18419
97042
91197
99543
69271
93290
11618
83950
44976
77948
42030
70104
20916
55689
67508
11727
50074
12549
33455
78757
77457
6659
27715
84568
4013
18336
12737
97653
75740
11849
24073
29222
60630
81866
71498
73497
63891
45940
45957
49743
54134
68522
82768
24700
24295
99625
33558
70562
11007
50993
66619
18917
96124
70580
53565
26923
45812
80025
46999
54066
8775
67277
32031
32877
94029
83944
27727
42429
96686
8887
81921
78120
848
95884
39699
50904
54699
86174
67593
12722
23385
17437
98482
87953
12105
65878
50595
62752
96082
33855
25312
95697
44549
51425
55001
70908
91131
25471
50065
97110
84685
8007
84313
79821
57283
85843
93179
17438
51876
22812
55827
95316
73036
96989
63096
15518
98267
78591
47800
64619
41482
1446
40577
49348
22457
42743
15516
92678
67812
2628
58163
60186
92948
35926
74131
46323
83985
21494
42765
29156
40469
56472
30039
99867
27836
83012
26096
65566
83832
67554
78400
70816
95553
56833
68957
24352
89833
60325
60618
52927
40045
54379
35354
11196
33191
52889
50866
14893
11456
83559
92269
28028
74180
68900
53177
15388
89134
75015
23966
92230
20226
36787
61343
60020
5273
59077
99417
49401
45527
26653
15272
76732
38168
46599
39241
14095
48681
89701
3258
10000
74452
28635
46654
37435
81523
2326
99932
13449
51493
44537
63175
45194
82110
80870
45945
89563
35992
57190
29656
1571
5064
15221
41914
69136
33099
98893
65093
48841
1440
45517
5039
57615
82991
54693
26116
7925
87718
22657
39526
67769
16357
61808
63151
23006
30927
63376
96082
10215
45729
22423
68383
60562
47423
92128
165
74799
87370
21072
29009
92636
43822
24197
39381
12350
823
90010
22820
37086
52643
14873
31706
82142
81330
74046
20761
59542
44443
2883
37518
48367
17721
22061
85745
7962
32450
24306
29035
49614
18103
10566
89426
76317
47127
63617
4560
51826
87631
47342
29538
9130
52204
83250
57660
81132
46897
46423
85930
9349
77988
57461
91953
77284
51522
67740
68211
31599
61523
65376
96594
65984
17528
79617
73932
86624
76225
70837
97380
36703
85179
41781
43649
75885
59431
65537
29552
76407
67941
20080
62533
96961
42639
2265
61631
55772
10466
74455
7145
60453
32759
75420
88476
62778
3665
55989
91586
12793
24974
99286
97941
90775
34496
2786
39270
21018
85334
68312
20506
75700
39059
49149
80175
16028
11328
3715
66076
10635
11325
8563
59126
86415
2994
83804
31150
47183
43012
31703
1496
20796
12132
99094
79335
41072
86049
33545
85812
85799
68541
1837
22270
20246
41021
54834
80555
61612
11066
35847
27500
80867
6805
13763
70782
69443
7816
20499
68493
88404
54359
85275
15955
71901
5349
27691
85982
81790
40962
17344
47248
92550
26594
85139
23328
32146
37385
93090
91070
8515
94051
13369
77523
42139
4592
44317
77254
76723
61340
90453
60539
99740
35533
35637
96311
21712
40245
97064
55135
65524
34280
83833
98877
47885
23303
65054
63748
37371
15898
88418
41931
57366
25693
32301
94325
25700
50289
58003
32466
21589
75667
98230
64478
77915
20330
85912
63271
57865
31098
83169
21484
63622
34805
58792
71968
9038
75761
9282
28718
67878
63701
97605
39703
44986
2477
23544
61111
82996
79613
49017
76549
56571
61969
50282
7001
12550
7443
47929
34536
7515
96726
55658
15882
26793
36047
39203
64957
97278
66724
76916
67874
86534
69085
90528
20837
87905
4982
68749
73243
64831
48950
42500
87908
78778
2202
58437
38895
54768
72395
58475
60509
47004
59758
53399
63517
27408
45498
19100
69943
58065
29348
32166
69668
29519
93526
42663
39610
6528
95198
78176
32102
75160
37058
61704
88786
9542
49618
2780
62758
72302
14998
25347
20042
14014
77446
43837
94442
34768
99608
38856
60082
99099
49876
82734
47065
49526
33796
13838
5242
66090
16295
96261
85724
75923
92421
22201
884
84499
36380
44802
12129
47379
75352
46901
32501
42039
13154
80974
51667
59484
78991
38074
48883
29840
79161
63263
58147
94670
72588
53160
4360
14613
3990
69168
94530
31909
82561
49674
72717
83349
8093
20075
67267
26515
34422
81525
9727
26265
72101
65440
44317
27048
12834
13671
21086
42436
94839
45325
90887
24684
19216
90186
70760
39540
367
40053
56410
39361
58204
42992
55138
6528
65433
44715
24242
64035
48563
37782
28111
97305
28724
48454
34829
55113
18134
97923
4630
75883
23282
54124
31881
24451
53303
21447
91455
68538
11990
59145
89609
63803
17497
8030
50486
56967
34580
52310
2545
84790
56051
98124
73254
11883
34643
8948
34725
27250
95438
76289
16095
9016
61262
48208
97358
74951
13250
79444
27313
7229
3182
17759
78740
41480
70620
71369
42606
50528
8273
11936
67652
87777
79195
32461
68267
96643
16358
21759
3627
35832
57518
39670
59806
67553
55502
24141
86520
70605
83927
33477
68097
88367
2780
64427
60349
42843
35274
64741
82253
49757
68501
25694
63183
89079
18574
90571
78432
45397
40977
98969
87649
55981
18330
12917
53239
76312
2071
64056
7852
94024
94553
5645
36692
5126
25924
30497
2442
16009
32550
56645
6200
60916
12516
41922
39765
38412
24624
39099
30313
53140
84247
93400
95629
37704
60183
48596
73389
11027
52717
26404
47887
20813
86860
449
62317
26900
29450
3253
9085
55781
68404
3775
26195
83255
58594
13346
9852
89461
28645
75504
9131
50678
52157
18638
49329
12731
30375
64293
92965
26148
39156
14181
80227
47183
58869
501
50097
79086
96785
57563
88156
7363
58905
16900
2561
76283
40659
87249
50183
62053
34802
51999
19626
96142
4839
51345
18643
86842
34289
28828
6722
480
71599
33519
13262
82210
58806
59484
37859
5384
72799
2344
54858
75512
77560
95627
71302
44692
31706
42467
62906
7185
53306
29276
74249
81583
48505
35636
83605
95961
70518
75662
47625
7867
8068
15286
16498
46555
23830
95819
32936
46902
64630
3790
36746
86616
31957
95846
53959
55735
7036
23821
17049
84012
96481
36442
14028
96463
66166
47724
63165
64078
82588
97903
7613
40297
61461
43406
30869
17581
70774
63446
19843
83660
3163
5187
79938
88917
91412
64169
73800
43445
1693
39713
83240
17674
81420
80878
36632
40800
81795
17355
70766
59530
34470
19571
68323
37822
77414
11596
94137
31885
13468
8848
62425
45725
94385
37946
71285
22022
29466
56010
52876
76133
40417
40821
81483
5568
46462
64300
93585
27927
28676
7622
69387
4067
69976
68589
83582
5486
51805
39651
99332
52462
11947
72494
95117
52159
27614
51239
14566
10076
84682
22523
48119
98138
14635
12892
22183
55393
90619
44967
43738
2312
2141
49682
73530
41900
95959
71314
88211
53420
51740
30726
84632
5860
86599
76516
43268
52293
37124
80030
71707
20461
69000
93777
37487
98376
95489
99690
11166
67874
24935
42580
8600
16167
51090
90562
46878
34490
14789
52565
78726
56654
25256
41003
56283
87748
80564
20325
63393
13058
44552
78868
58007
49932
94392
83615
26901
18562
14021
5459
95125
5974
50567
72967
83918
70184
19302
92106
95963
29792
82537
38956
16570
89031
81797
57638
10256
54818
99639
98950
79785
6763
32685
65147
84158
7086
28831
23450
72655
24702
6331
31307
74832
21362
63262
7219
69473
27519
7294
92062
65172
86162
81828
84072
21491
42250
45047
68969
3290
32272
69619
80251
10240
63157
50969
44489
37811
22278
7040
19638
61089
34606
62377
36390
73235
69256
82672
44269
7956
61087
36798
87378
40335
45573
87708
31552
5686
20908
92898
97737
4447
76836
89389
33783
68009
21938
54286
58161
95580
90345
1375
68710
83598
6791
90673
20441
20386
31471
28194
75209
21932
41406
35786
77755
51759
21228
64532
98118
10663
88066
53417
71835
50754
38994
99559
22319
36520
98615
36977
16391
72700
53354
82081
65375
89051
85405
15577
45559
97026
58648
35990
10106
43532
88559
5989
11276
40568
70972
4912
63695
88649
68574
37009
10898
26759
11565
63207
61367
24098
50808
3910
4671
52183
18045
86729
37557
95052
43013
77891
12051
23925
73530
53362
31157
95065
48357
14741
61368
38958
68744
36180
95950
3072
90357
91870
17730
86545
63049
78512
39458
71323
57897
83953
37581
22705
96951
97275
19483
43908
91985
17107
26371
11776
40582
90650
24685
9526
18165
67420
54901
79157
25349
65125
65560
4402
30619
79283
49087
81414
40955
39975
73733
20150
70302
31445
40326
59502
16907
40763
71942
88519
46581
38735
2971
42376
14898
56144
53944
52968
29620
4223
64310
69137
45637
8486
14145
43296
49059
55862
60477
95433
7062
11407
44532
24984
1034
2776
43197
95762
18542
48590
55049
15418
2695
65145
78381
39279
8401
75578
81831
70418
95476
79425
16272
60550
80287
29020
61981
42768
95203
41033
13969
23134
62798
47500
47042
19844
39715
39196
18214
24449
39507
24951
99130
68800
17338
4214
6382
38939
82488
29212
96049
66361
64298
12136
33589
68952
99524
90025
33791
74950
84494
75121
90829
18601
53720
65538
21956
13023
43451
6501
48820
21439
86798
19130
46346
13598
91330
83242
32691
69550
45402
60920
71592
59713
8458
86838
59035
69899
96043
99091
75259
11333
50391
46322
87303
86702
65992
7190
54125
72428
11816
8249
56222
99088
96596
28988
53968
12120
17138
37145
36271
10254
37676
82868
33793
22413
50792
78256
45108
61795
22437
35709
5863
28562
28756
42863
27794
82193
1968
74347
50226
67344
44348
72186
42421
48409
97656
20864
37566
74321
78976
60038
62742
59933
42433
37715
7760
76162
24567
73177
43990
22853
12552
37292
44181
5937
36471
88526
14018
65430
78599
20453
15239
73838
96620
61165
57198
78972
94927
47978
73961
56238
1694
60150
79132
86369
1997
41945
88488
56419
88461
82007
61524
83859
84519
16227
2234
92932
67894
70641
93451
31361
25054
61160
28064
65515
65996
6326
98142
61886
74956
89022
45989
64754
72065
12717
16949
17692
2757
66603
42654
99956
27677
69292
80578
64242
44055
69926
86889
86674
81763
18749
7137
31606
84939
29785
15952
18859
81617
97465
67320
39683
62339
12289
12421
75937
70493
34447
87542
16084
90236
82796
2149
1562
8186
68317
11957
71110
22283
72857
68407
10237
7827
26677
97049
84282
83137
15611
6060
36625
53004
64858
77360
4688
36329
82006
3358
61601
93350
35840
54961
89996
15942
64736
36466
94297
80634
206
223
10644
93688
77921
10776
88329
78522
5151
89029
93263
15477
14290
83367
87713
39252
81788
34298
76999
9169
88321
24419
62131
38576
96963
77340
92391
12536
21067
84121
29716
10319
62627
73430
17182
97777
46977
79871
54619
76588
14301
18939
57082
53978
77443
3702
65088
98844
44068
82410
52845
84720
1255
19113
253
61775
72029
56714
39275
71846
49138
97517
32592
69422
84639
31405
90889
73578
94493
66241
5495
78813
77652
3566
19967
89381
74353
64077
72754
3448
2966
25812
50663
78809
84779
40004
24707
13815
64594
77487
63291
47427
55928
61315
75728
22603
73159
59704
53114
63256
9401
3954
3712
62880
53992
34610
10626
5609
54752
48255
52794
52475
75125
99469
45783
50689
82033
12648
78505
14332
35334
82271
24091
27267
63553
26127
58201
74842
89087
33067
28563
95854
88186
293
28474
61291
63676
52028
92360
27994
3573
23970
39580
18907
54951
96840
84610
50938
78909
57384
29809
75921
43964
87310
31758
34810
34258
32069
87343
96303
64107
11834
45177
92993
48067
48943
59050
11089
69045
91390
49971
17901
98674
86439
1213
59402
89518
79640
87405
91163
71476
85657
61986
78700
58329
71761
99962
10813
29038
96696
67925
9438
1871
60569
9873
99972
84120
50243
2932
1605
9272
10606
53416
73813
46077
68005
95553
59454
70415
80723
67034
1205
46361
90670
91678
95551
30337
51835
41090
43648
85753
60092
24015
20411
65134
26941
67389
40715
6494
84119
8475
1660
58503
39710
78380
13415
47098
95950
95243
40937
39053
70829
99855
73567
95792
77980
13353
2335
90008
32576
74762
64086
81815
27047
48162
61818
14573
57273
6083
50955
88856
6429
23972
48299
36550
42724
48865
78486
95819
98198
27328
70112
76206
67512
10670
11690
80190
39479
4584
71489
57314
75316
49398
21235
79885
68267
97713
77838
70032
41537
24806
64183
78698
96105
55666
36996
75579
53523
56845
71735
57526
22611
96323
29911
86772
91593
82781
49100
78245
16370
41439
17879
1058
11947
85962
72012
96510
84093
51169
26349
86971
62313
50505
94084
37112
29488
21258
35036
24872
42016
20274
63612
28414
75223
9305
92674
3364
51317
43743
5112
78891
43906
25553
91574
37565
72985
58666
19060
33646
25360
31798
17801
38993
2117
65970
87973
73127
34374
22479
98247
26066
1501
48982
67548
92615
1014
49861
89877
1474
4847
27159
29635
31828
12155
3074
12178
39927
27858
28666
29503
33122
29593
71155
56599
1111
93065
2756
9422
91162
40447
43974
96441
77405
928
3643
66920
7670
1862
33932
82307
49810
17771
44779
99008
56290
12304
13527
11710
21652
42763
96478
34850
12221
97996
41757
2891
20850
23018
98978
6356
49397
93070
22194
38437
86700
25627
6023
26806
60270
31609
52881
76290
39511
82589
32734
19172
20955
82646
45012
2704
12631
65207
92922
62672
20323
67644
78711
69561
88195
63931
274
42922
80317
45224
38712
7681
25893
64708
31613
26650
77491
26435
94681
25892
48534
33209
93619
96226
71394
36321
72156
7675
62341
58826
3250
12958
78552
44606
54149
74229
97169
47887
29399
86021
24053
31041
36380
81088
12682
88814
18944
6631
26538
12346
21512
97535
99379
72372
78128
97966
92188
59813
47572
79218
98882
48536
66282
37311
40481
30374
56973
89971
71646
57788
80757
19128
40257
31948
8961
7541
89984
72653
90230
38737
57398
49840
7233
453
55762
57600
78872
31869
14700
91317
45247
30539
49842
34197
4839
60935
50305
43815
43632
38471
80911
67606
67215
27127
98181
28190
79019
87862
16107
77078
45282
76941
95643
4761
14920
50636
10743
52915
14703
30402
63286
2565
6498
5656
4537
47317
29291
5579
23964
85494
75989
80005
86760
35663
91851
28567
45286
39178
223
45237
5582
72155
12039
48430
12733
38091
68866
98726
28261
73664
92633
38321
45278
27819
35968
98414
34298
23437
76187
8094
60439
62918
95613
43969
33165
39932
22924
58795
55943
49221
15201
66311
78830
39922
21323
91240
81057
74744
30163
91400
63553
26043
62138
56351
79401
79960
3966
21858
5082
72272
50811
89013
59636
29229
21647
9070
81954
70130
73654
35112
56780
9507
86868
30848
44239
50830
7377
98352
22826
22132
54174
29414
51439
92568
45174
34016
67962
30115
95071
11942
84605
27058
72112
65795
70457
28093
66861
40417
5514
63716
23597
23745
99418
88983
34364
46644
90965
67042
28861
77369
27356
2324
66055
77364
73491
63179
25873
73575
58421
58014
64968
50799
88967
24359
72508
50685
78154
86634
77275
41679
12938
11270
91989
86955
44435
34199
29887
5719
32388
41445
84819
12888
76667
33964
16276
19173
25776
75817
34191
13928
30494
82238
61788
53265
54620
17795
98181
58646
72809
105
6334
80490
31302
58604
67154
33848
56253
12628
27166
45757
89215
70536
16502
31872
57708
27792
8902
30703
34667
22757
52756
23735
7226
26615
35552
44031
73727
98330
98829
69090
89820
95406
12633
98119
20385
43658
60840
82143
62076
32261
72863
67418
94315
14112
22412
69830
33842
64627
89763
85509
4040
97234
3204
45577
24300
19324
63064
26991
81909
21441
17913
93910
64199
20941
59505
55898
58881
81076
29307
11057
89043
10076
82310
20418
35308
52482
57304
54461
19314
70602
23727
55706
94187
89478
55715
12850
74264
26274
97383
14388
27618
55306
72366
52133
75116
80729
89098
67799
64040
63327
21231
37733
94373
84078
59798
49256
49702
55745
79006
77529
43790
9448
1038
66116
1304
57621
50741
68645
90755
33533
12625
50049
79434
1291
14542
50883
4273
80391
45479
88018
51995
27742
43304
3020
44793
41518
39828
22178
47101
96272
95554
65967
5420
19203
14530
59861
13970
48017
60286
57366
74928
65920
6043
21356
43920
53687
36479
3781
31673
15498
6828
62687
76798
7397
36298
64444
21648
5137
20068
87074
45588
69477
9192
39314
48559
35149
47666
82658
8574
4911
63266
16441
80131
1824
66505
1767
27065
80802
5443
59423
98056
88152
19487
74962
13908
11432
15994
98536
73424
21131
13384
59677
2480
76020
29876
982
60828
22586
88160
45855
85248
15044
56645
62787
85952
77008
12830
96551
35209
96256
72608
12579
72035
18754
70017
70590
22402
58395
61050
10341
10300
70543
11719
73287
12085
79599
65515
35984
94838
81375
97712
10048
26396
74307
84428
6408
16044
66405
49471
39200
86852
51622
14905
80200
63757
98591
10072
73081
64204
55378
31151
34054
33528
626
67139
28085
61351
6060
34543
85876
11137
89232
25575
92729
64917
38400
18777
44283
10730
54899
93935
70918
16781
1030
19185
41887
96106
25025
23048
50421
74998
13826
81149
93664
19433
28680
33792
49145
54409
56445
4293
17589
94881
36928
45512
67582
71248
32015
38865
68816
28926
20686
85075
70797
3658
5366
28494
8702
38782
41021
88820
34919
86500
76541
91017
85542
38226
13028
79875
29575
44064
24888
84401
20423
26427
53189
52952
87811
51985
20004
65625
65372
1069
22089
15950
56489
10045
8425
99827
11161
65326
8230
59457
29188
53241
48665
89909
71980
47575
85787
74960
49653
99472
63152
96951
44094
11185
17712
52827
30044
50972
8147
59635
64626
96889
98841
29317
48142
11307
18067
40356
30018
40317
2641
65714
16190
30715
7145
12391
31271
84508
81697
14634
95542
13469
2841
50716
83183
75978
33080
54772
33340
45621
89553
56676
31174
62441
93169
4987
35536
35063
10280
53252
62608
64111
74610
83564
69898
23436
28641
1601
33194
66662
45097
53205
4958
46091
55079
10370
84398
95719
66543
62791
91481
11103
49585
86545
72365
86430
1702
42517
79554
25991
38237
16697
64660
45865
16989
84338
55548
2608
50646
75400
71050
40920
53096
57366
63360
9629
2447
67918
36718
17422
54474
86746
87525
79775
3846
9404
19866
68510
47180
54006
47674
70237
47908
34118
47812
34094
95749
92073
61320
8173
45370
88513
55578
59639
47698
20753
59794
53400
84739
43685
82467
14530
5628
99246
85429
70361
76454
86347
94978
51468
30039
99395
65546
26942
80435
52207
65172
28354
39646
75413
56097
40581
96035
77774
12590
86021
84122
77449
58662
8288
9689
38569
25729
7751
34362
96137
78398
59537
95013
20320
50456
57260
1690
84704
88136
53966
66589
52056
38102
77385
26974
79417
76765
49533
55107
34197
75195
61672
71733
96515
33041
65593
43044
34111
98173
28802
29144
71567
92402
8811
9525
9249
57713
66818
17673
68176
19654
24368
6102
57125
20129
45800
11223
93817
90639
97977
66576
25433
48916
19651
98454
59106
46631
30118
3480
58284
73163
3477
47241
94755
3046
50154
77067
7888
7007
70995
76026
45719
87641
69802
22738
47034
52998
81698
31261
26586
72970
57661
90301
45053
20462
41467
47795
63787
13596
25804
6057
33682
82558
61287
13890
34058
46
59635
70396
16339
22201
50818
39295
78842
45717
98302
6117
71835
76219
85531
23942
63008
8643
10764
23102
95879
21148
61458
48413
85505
56100
41007
94156
76983
52874
78873
63991
2855
1533
57098
86907
59053
48241
10643
7181
32701
66958
22641
11044
88460
94164
65432
39460
48302
41647
66732
5576
81881
3154
15118
32651
91689
92563
93619
34419
75134
58596
68241
86395
65311
1513
8306
48828
45217
58875
7915
87287
44067
33240
10247
8993
81297
49476
42844
26443
72104
32384
87071
23757
3321
52197
18451
13135
30247
21725
3132
85716
51178
45791
49714
12611
82198
63365
56913
16339
46677
37099
33933
20274
28337
44134
65699
82642
6830
50271
60971
83313
41908
97355
74409
14755
25866
13032
87491
50110
76573
2838
47949
29218
39521
89231
49568
59043
51183
15684
40649
12052
79244
88406
93117
84882
52938
76494
14666
21610
34983
23770
92585
83144
76595
38436
2224
50877
52944
2320
43588
69548
99634
17201
15179
23441
14341
68873
18879
26222
52590
8636
51807
76660
83306
12303
51520
71818
47890
61699
2176
95837
34656
38184
36187
62916
72587
38175
74230
44079
37486
67024
7897
22924
21640
42180
48250
54997
80284
32672
77044
71705
73272
92767
67479
97573
38642
92171
96408
90351
33711
62648
