17905
37032
68977
78756
29990
69699
33715
82623
22929
53704
55021
59471
9311
26711
36211
80495
92222
52885
80989
26541
72100
11852
19773
56761
25760
28495
34046
82937
53307
12922
96726
23193
70826
3928
61225
4832
44211
82303
87450
17726
15290
26647
8621
86402
48935
38008
45694
80616
62709
52720
95256
87535
54169
68355
8915
88361
47981
27405
39277
98987
39960
2659
74628
93700
34876
2136
86381
11115
61500
63067
61940
76657
19240
29534
40976
62261
22791
31377
79362
10710
14335
86349
8874
59235
55363
33548
10182
27598
90106
98549
72552
91360
89448
24759
39539
55942
20667
52779
65330
45256
29652
73083
96597
71418
47760
32673
50729
48492
78931
23592
76018
67292
28080
64847
15751
39052
31766
68620
26379
7309
43322
18445
62563
14522
36029
65561
66937
77186
4699
8021
29516
5213
24911
36355
93682
81599
95494
53701
21099
2667
18655
7039
77859
67807
49691
65147
36995
95661
22534
3781
35764
43145
78050
12310
54738
16670
14701
59631
75721
15068
97679
5499
90127
12460
56450
42199
94270
78660
17789
24910
49643
37429
80255
55772
40200
45025
91221
28084
48658
87947
44488
29629
90872
48775
68422
89975
35369
62128
69291
7835
84024
40760
32651
27201
79663
95770
81183
24539
75309
71275
8714
47647
49694
27343
61319
91074
39573
67144
52209
48159
45224
85546
37134
28758
56488
30474
52057
7058
29148
58100
80715
11395
28633
91451
83941
90154
20288
33035
70748
1427
38516
66394
34337
32220
35734
89117
52236
48372
67295
74456
93540
607
42937
81869
26990
98902
10394
82806
14128
19051
6270
56525
15713
56170
44577
41128
89551
10747
50102
87298
52332
95235
2118
51348
83221
30538
29512
60675
88128
3672
70457
21587
87554
78425
4409
88602
75035
32672
68802
59919
96031
26087
10117
29472
63041
82100
75619
2563
53437
49911
94436
15300
54499
13071
51736
57086
72187
32237
19272
69957
66713
34033
11096
54559
66111
13872
84827
93747
10761
37879
74547
49817
26457
8713
45443
50449
53663
72068
28563
47600
69477
48290
44128
88469
8629
20444
94109
78938
49159
22728
21482
18918
80810
37571
91023
13535
63150
79113
34037
48317
65708
65409
42689
91545
73299
90838
36206
65604
72176
87552
25766
42292
90713
74978
44220
35481
55350
64460
20905
74734
87756
22976
28386
40907
35015
38449
92946
48376
71556
20392
51033
32923
93592
28609
19809
9810
41857
59090
62136
74621
33991
94763
66863
31154
20301
824
73294
31860
24826
51908
24433
38685
29919
3768
8995
24184
93381
84097
38198
94476
45460
36752
98109
22195
38978
11994
66118
27113
4566
25696
46710
14079
2808
52041
5058
38158
31383
68971
69704
76553
3798
29704
72489
54508
67444
34549
81443
41521
11254
60118
29934
81537
98611
12421
30931
59911
61725
87826
34916
27904
27975
96836
58460
1455
41143
20446
34516
86029
92297
4413
10079
15549
60125
85629
20643
87838
55198
90394
405
27705
65424
64724
7279
98842
99125
39020
55568
99260
24444
7532
58512
47421
67719
20995
63678
16177
19384
39374
41369
26610
20727
71730
87559
87060
86786
18725
65429
25175
32434
91660
68716
65014
33830
35455
88716
95356
43950
11561
70632
72054
52085
15468
66077
81731
24268
22657
6928
57673
5071
3357
82180
76961
92247
8335
60532
13746
72571
46341
18611
21307
57539
36367
65949
32938
24523
82587
44666
1738
95121
97919
65295
37529
56411
55766
55136
71511
1256
66945
95782
56826
96241
24015
75081
66527
79675
67511
97338
47323
39388
13538
73296
58671
48999
81606
31997
16826
54198
60364
4587
3528
48563
45619
71609
94696
48963
66926
80524
56092
24591
46088
95124
13481
18640
76840
87548
20846
26711
6159
44301
62098
73559
91966
21952
95062
76272
68629
16670
77001
92312
44918
64342
7322
42663
31272
41881
6984
49727
36792
13334
70422
29558
58457
92973
38298
63234
80300
85906
58228
56160
65979
71489
35484
41985
26399
70040
45300
89586
27777
4437
80573
3846
80829
58892
85157
72354
96387
41989
57725
37125
77975
15441
92169
94225
94969
43175
71601
9594
12607
28639
6613
28778
32062
9097
8253
84047
90855
97771
98413
14114
12621
1398
61016
10485
89093
67972
64716
71896
44071
55280
85227
77351
49201
87793
84570
89908
36299
10420
4690
53100
26213
43446
15155
81993
52220
96155
952
55668
43323
19373
68774
1300
97598
66581
69375
13944
5362
90863
99635
21404
1977
53357
28566
91259
60618
14155
22124
43346
22868
26730
29088
83437
83618
77035
53300
59504
15482
17961
6291
14532
19008
76019
17346
30108
86616
40069
40661
72322
81481
34019
49151
56675
33564
77458
74977
55316
59620
45906
61091
66880
84695
70395
55552
54319
23610
12306
6459
66036
9564
21257
57808
26643
58649
36945
21350
27053
68798
93436
82688
73193
53772
67795
23378
48033
79125
1169
63249
3622
2532
84186
27427
18577
60377
50716
10070
35336
48818
78400
71757
45673
53861
89197
41812
79445
26313
56250
50516
56284
68853
99021
65634
57825
68960
14260
68754
6377
79720
21983
25194
64006
70318
1208
31281
44826
79710
84385
48678
53131
29228
91657
21452
74658
11418
8522
65475
47103
93078
3298
38930
63036
95520
52331
99456
58492
46025
20473
71939
85296
16407
52432
81231
48006
55686
26208
17168
85583
31657
79550
18451
18475
74189
89440
29950
70228
41822
76404
35488
707
93826
30557
30755
99714
82756
31532
93790
72463
99468
46487
3879
46858
43081
68984
74054
38460
26928
3269
6116
65860
79614
91399
86370
75391
36729
29465
70374
68626
34965
5151
29361
50519
51827
84224
39788
7234
14532
24514
9472
65423
25547
4225
62212
39818
40256
31595
41937
32859
28560
32027
91730
62444
80258
21904
28823
32376
57429
98345
23785
51857
18437
81055
42680
49486
25484
48511
64655
48176
73189
60354
39721
91439
35467
43787
39357
88677
11520
10077
60949
49719
27883
29302
93629
42396
98744
70956
9110
54059
85891
20227
7018
41733
78479
19208
25242
97980
53681
3788
68787
91423
5994
44832
82943
97091
4369
94410
58135
815
31758
77346
77750
58020
63747
22667
97513
9479
94790
68145
97347
14829
76361
87227
16941
95490
21882
25293
47866
40629
78021
49214
14137
15907
49848
45616
79780
56607
98079
32721
45653
13403
7214
98797
11287
53302
23005
83182
54490
22370
70509
72273
60129
31120
62825
77382
54966
48571
488
67812
23486
82605
94478
71910
45222
85970
72306
83398
41788
89271
81083
5653
42011
58398
18147
68436
12382
40482
39293
39122
16085
88097
7379
65986
45429
72042
55432
94391
4458
79108
62173
24575
7976
98009
47343
49818
26911
74750
54397
7286
77069
95264
87783
82537
51053
1900
26162
22889
90317
61434
99368
96171
77565
59959
81308
52726
68067
81358
18283
91107
4748
34035
11614
92468
71613
23116
87180
31918
30631
93788
24348
25204
5625
37292
25929
78209
3920
87128
64126
89602
17449
31188
90016
20365
58838
43385
97643
67042
10543
12400
35828
18589
43456
95130
99406
33109
35809
25370
38377
37652
25283
56191
31220
34899
10053
58897
39555
3410
17478
13399
52396
60081
29749
67939
3467
47629
42725
57211
75365
67098
53372
39749
75113
73370
47307
21166
4626
50967
94935
42775
65290
80899
51158
60476
36745
42665
21237
13954
40571
88079
67446
38845
37887
99211
90903
15323
81483
35935
83501
53840
14733
77010
6320
18431
3917
39469
23951
80930
76558
25614
70725
46199
93267
65964
63971
75271
16254
68200
73965
67443
48915
99245
68961
86429
39324
26788
88817
76752
52550
44054
72818
58349
46824
27742
87373
34356
22979
24842
82163
47883
6341
7246
2701
23022
32040
24485
76369
77395
90391
2598
32144
40120
68657
11679
73741
69932
13446
20656
39080
70935
40446
73062
45080
70246
37593
94994
15192
22391
52241
29062
59640
16509
4955
17291
52948
83696
86701
55170
91553
41749
67801
83285
49348
73510
70776
42329
25629
94301
14818
43011
24608
70530
65913
14308
87364
82286
35461
88482
54964
71900
65754
5428
74468
80299
47606
79577
97853
56946
21990
89974
14265
84577
36840
11402
843
7983
30123
6704
81781
23142
74707
84529
44125
27399
70649
94723
5145
27354
91663
87265
72071
52759
96961
83240
16889
31434
55255
38348
17838
24231
61335
79477
35644
7594
31783
80473
79881
79273
36368
17015
41305
87864
6270
70029
60354
30041
83460
28599
29051
27934
76956
44709
24691
94236
25356
92055
19454
74926
75268
8728
74057
42851
57444
71988
31919
30085
33595
49398
20196
28071
40874
87811
92366
47626
45158
10893
89748
98572
41437
50357
24591
6349
83664
52064
66109
51647
798
89492
12756
60682
52033
95792
97555
90074
99537
26310
36980
87270
61543
61333
15454
28061
77565
85255
46615
58222
1968
69955
95703
77300
38823
86480
10200
13948
42318
59112
67721
7637
81915
25620
45089
48275
62097
29738
1872
81440
4707
20127
43249
288
32080
72298
77500
61631
70668
65655
43033
89881
66464
76933
70479
50373
29032
75741
12858
53759
58234
2479
66202
63121
14054
65610
36744
7869
55641
4248
6212
77385
49692
92052
27369
63400
75865
92969
97218
63073
34685
90344
59223
72254
36217
34309
20607
20436
70691
61295
30137
40329
28089
21834
2454
46503
1189
92363
49165
50075
11516
80015
33010
43914
68545
28344
4193
19154
54759
38309
40404
58520
22867
29805
37396
88307
35391
75640
24653
92115
28731
63770
64410
85743
9135
54829
48223
92427
4795
38474
39701
95746
49567
7811
65119
70774
39766
83296
72892
48881
20605
43220
95318
91606
6290
29691
3351
77161
90648
99859
79995
55000
35862
79059
47136
55525
86655
32492
40857
93521
16556
96283
43779
72806
25701
65768
61039
43681
8512
78879
75006
20346
24928
67784
28203
13169
15902
96901
129
71383
93413
39752
52781
85910
39895
4270
66127
50718
10413
87963
76810
85197
76284
40915
13755
36666
13171
69042
64358
6751
29089
3466
91787
67072
68531
52183
82936
87484
98811
33088
80088
92271
72108
88204
15017
50657
96994
88381
70315
43503
27455
18510
40309
70740
98255
82341
50593
50387
84845
26389
2055
78980
9822
57108
57256
39289
36603
61203
41473
29835
4845
51743
64479
12294
1681
93202
57777
77933
18075
12951
41017
57228
69430
22521
27261
79448
38985
79494
57626
90309
83574
65349
62552
44580
12796
95889
41368
55734
22780
43825
48553
46162
18168
11894
24955
8239
72151
12496
85899
94319
10182
13869
57052
63496
36280
93551
89863
16015
60846
99753
54441
93187
8018
59062
62619
97364
5021
4598
48895
92494
24249
35237
7894
69446
55648
53626
34478
34335
41635
537
7033
18841
52775
31285
30137
76504
99849
22054
39959
92012
51586
75074
80146
94210
53862
3451
41205
8038
48135
88598
8545
56339
23926
88387
97354
96281
10281
95486
5566
51498
19448
56960
69471
51361
70882
67874
63058
29839
36556
84976
89456
32259
6985
85254
56762
10294
5078
94154
45897
80144
21276
24837
88483
95098
25432
47967
19114
22081
57591
2902
48878
23715
48155
7355
28931
2266
94107
11753
80013
32290
49190
46818
51384
79657
18472
72424
91044
61426
44101
6645
28061
28901
35330
30168
56808
8887
62563
4877
54362
78353
94511
20375
53731
25279
32047
94620
76679
50584
43318
96669
14317
77189
83163
30321
10705
7600
9409
82685
3732
20939
32183
57874
45075
30457
78459
10819
1141
98365
8730
76769
85693
97533
55699
5492
1536
95026
82809
18968
84048
76111
21431
77779
99095
59692
97293
64015
90368
46
90809
88024
29934
87476
90417
38387
25968
46880
85709
25400
74924
32097
44546
50830
73080
65433
96936
59426
4937
68719
93373
90404
6402
54548
80930
64830
49934
98538
30947
83057
83336
20917
98420
86317
81527
2242
83639
91373
73080
34127
9083
94477
86483
49046
59966
52650
32144
70425
5010
79380
12578
76683
28958
62546
87137
73817
13723
83506
1462
2228
58399
59755
83631
81979
36663
96081
80690
22537
90540
47732
96302
13176
26152
94742
98445
45585
12690
13799
47750
18226
7382
87391
88624
84986
97248
77047
88432
17172
15846
45124
17651
52253
55909
67249
32407
71123
16516
84023
86275
73277
72885
38876
48760
38609
49146
30566
88159
85062
88420
45370
93697
30839
44822
64726
74261
85519
86696
91239
52852
49239
58151
30023
39689
81690
88730
7478
44805
77234
67552
16276
76847
52913
85653
51097
62360
13997
25396
88273
32939
22696
19253
77528
31107
11099
89111
99117
42200
11391
14777
83670
62769
32376
84675
93776
25821
40031
96354
55952
4669
24522
80400
93371
77497
2874
98865
6719
68435
72032
83545
87916
23608
53036
18412
39603
69522
71252
27486
1113
98554
21342
11673
6391
59563
84331
62268
87090
8626
51487
95808
54450
3554
5329
52278
92545
74149
82347
13164
35873
83660
83230
74895
50474
51911
21798
5803
38912
70224
30901
92141
67853
94081
72991
48489
2560
13478
47970
45335
65825
64397
24943
66840
53231
49498
85913
81207
95673
6231
2809
52491
60597
99305
31260
44153
9728
46365
13098
53686
96467
61313
77107
69066
48670
68336
99703
911
1603
18661
49490
55353
82002
99953
75619
55152
82941
3719
81784
32472
38999
46836
4376
64978
67662
1164
33196
40603
43329
10911
99179
52114
97759
82443
77504
22999
7167
17643
76282
6447
61462
73453
72464
44676
81272
31426
49327
41161
79790
68846
36833
923
97552
61247
8252
73891
61023
43770
75460
80697
12065
48464
30941
96354
85978
68336
6514
18074
56196
95991
4635
89804
26763
33026
51183
7837
46792
66020
40198
61417
3959
6963
53768
45542
76887
52956
76408
47493
52061
4343
43735
49175
87509
52693
94742
95979
33815
51285
88092
83509
50946
57975
71919
16459
62999
104
81731
75241
49557
44924
27356
24468
13164
23641
48482
38075
6816
20751
31008
18938
49564
74662
88697
84313
69616
17393
89864
18513
25001
16894
6289
64302
89516
16431
45002
14351
41231
55330
17760
7178
81619
67180
6951
52333
43905
83685
70177
16640
89632
54237
15658
30758
16433
83629
190
34403
9063
48679
6856
74871
85510
93263
95880
96839
8087
93059
71999
40125
66085
21942
16698
52006
26583
78490
73945
94425
66122
25563
12731
18808
1258
40425
98152
23726
44366
6798
66266
16601
5069
11134
42889
88417
67872
80843
66194
18566
77910
51032
67299
13496
19694
22918
56197
4639
11092
24618
84806
36251
80123
40255
8163
21542
16083
74168
82351
52182
13511
55662
75266
14303
38775
60407
85280
54868
21645
11960
10692
39054
18909
18705
40137
12517
50814
5142
99126
78267
81023
65951
86308
64216
34088
50677
78637
60624
48238
30604
12498
94689
51858
90384
35464
24057
16695
24248
99329
85812
51583
36536
93139
26882
96865
95314
37479
69671
28936
6988
12448
63804
56779
27741
23333
23316
2084
19040
3277
71385
16560
92395
1126
72916
12290
8506
74242
93835
676
90116
64191
44964
43723
88431
55985
90632
17077
67904
15982
81699
58050
58314
69238
96904
11404
25960
98333
114
99013
7622
76215
43524
62476
37080
51295
67730
34923
58990
65507
92601
27791
88384
84143
84393
79173
74211
39956
42979
7278
90110
93685
51069
42815
72950
2702
32834
98871
12484
42498
45782
39709
83817
48639
82775
22390
95576
35120
7040
76160
50481
91359
87591
4174
84014
29637
86054
48513
62646
73007
42551
60543
72176
96174
90232
12498
75473
61564
96205
1408
77654
71270
42661
34978
76717
60186
82869
52995
7278
33934
54625
2903
97479
64714
71129
70549
12884
68212
92608
6739
62062
88726
51591
49212
67418
69902
10360
11793
71426
66514
85743
27001
8641
35229
29122
80838
45272
52443
55298
94726
28062
49197
85178
61026
31796
66041
27859
23447
8341
94385
90714
57742
82061
81406
22329
18938
4513
51625
5570
53166
31692
84389
55787
46072
21546
22621
15122
86590
67148
42870
89506
71795
98412
11520
60334
68758
48155
97662
33274
60968
59830
335
47129
34056
48503
5017
64560
19148
47048
41458
19738
17854
5842
88938
1893
41841
78227
22648
72409
10558
53646
27999
99801
64959
51869
42204
25506
53512
84257
28271
45488
47741
92570
41796
21184
69651
55698
10749
25584
29991
15251
15709
59747
83797
16953
19188
92352
83511
31586
42306
86490
34650
99778
63402
53643
68030
50899
94645
5817
64554
85930
26079
42778
8201
77413
97570
24404
68005
35360
44797
69597
7454
6055
74144
9569
53159
67141
28183
16386
47742
53690
14800
77594
17670
66060
74827
39484
19011
41077
52030
24728
43601
52026
47586
38013
18944
81883
40605
23800
48752
30086
84716
67547
61446
69670
61613
56185
8680
91865
92839
47438
11995
10592
96086
38108
14486
57103
27863
95856
80386
71044
1132
19874
91376
84532
98636
57083
63991
33153
35402
77841
20425
87368
1441
2798
17458
70038
42361
30799
33132
57659
97816
6792
79809
67159
5832
86181
10430
82864
96064
81899
63215
63494
80626
34428
37373
87614
85681
25049
23714
5850
14269
97859
68261
1513
78093
89146
9302
38267
30455
32966
59495
77805
84286
91348
45252
73187
83545
19448
39793
4115
20316
41841
14847
31806
23750
85546
42059
49850
68262
1820
41139
87210
45322
25777
13366
14479
70821
37347
91911
71575
38300
835
588
51316
34350
52662
71065
65064
11134
19514
15781
87612
68542
10918
15846
18768
39002
77519
4174
9997
89118
90950
40161
19894
97572
37279
58033
64604
75486
99405
66968
78064
34108
62409
7537
5396
5883
20018
56916
44939
16042
5614
97388
32911
84762
66190
11607
44481
54370
92015
27513
42426
72812
81629
53821
52960
30464
61298
18761
90485
21898
46908
61309
83338
15562
38589
29704
10256
21273
64076
88647
28271
55283
22681
443
8879
54853
16909
65766
94580
97715
35599
98466
7847
65510
14723
4509
19566
64145
24942
7060
19230
53791
57941
34507
32007
76091
37922
63207
81070
86460
33480
43048
17944
16522
11294
61927
25377
28945
58023
82887
84941
9857
71891
55739
21814
94207
96478
77876
93892
55949
65686
21861
58906
72816
56282
75701
36589
54627
55965
88320
19568
33048
15690
40907
95818
81830
62978
81154
2057
29716
79584
3888
46576
40992
54398
83417
55820
18060
5457
65015
87364
59493
67118
51344
59023
66386
75536
76784
33855
10678
50002
30056
24539
58017
39958
6531
59082
73881
6440
32481
86795
29888
22941
87090
58082
14403
78581
50928
92653
15519
45247
65657
26004
55408
78300
53672
26143
34135
59195
94831
26945
50183
132
69267
43858
66380
84400
90020
41339
17656
64693
36632
3946
33867
74592
76483
96390
8095
22011
74452
94204
63566
90414
41391
16119
33856
27745
83618
3759
81876
52928
58183
65752
91146
63959
31637
44475
31563
61692
97891
42017
66358
39341
21787
19532
95880
57774
24790
65888
50887
81749
57945
7198
69099
98337
99084
7474
28554
49956
94323
94722
61342
29025
12715
43879
83829
34000
58018
72984
75092
6975
51859
91457
24585
67635
8701
38131
9548
47244
38336
51509
89264
52646
6547
66904
25132
24987
71492
97640
2593
39270
3181
13342
62952
8739
60815
72242
68826
37747
38190
52398
27514
95323
23273
11742
23138
43179
1940
47523
32073
94364
5652
95463
66798
35571
35958
20523
37380
77666
62668
80989
24122
87342
81925
80037
88966
13003
5960
16413
20525
40451
73133
85857
45105
10485
13944
58492
70968
20090
23379
11394
28917
60931
49766
97948
25269
37503
70550
13982
92008
71673
59735
87925
4521
11453
47311
43772
77772
60091
59177
26957
99524
25156
35315
45588
24174
10482
8852
25695
42397
84580
84525
29906
91458
81542
84363
28920
2008
66959
4742
67572
91882
54756
87450
88884
95618
66458
39519
67175
41262
97336
32871
17157
4880
59099
43027
19757
52899
11764
95378
33388
59718
77292
33815
28217
87718
63623
71606
60062
79756
53990
85820
47696
70463
53735
83848
37631
83992
49447
50217
21193
87937
6823
63829
19273
18984
876
78019
11854
62662
52000
52517
11078
92838
79287
91782
63801
18772
70732
20316
91473
69220
34697
78250
92887
86780
5253
49493
59193
42431
51560
93057
89607
42743
30666
56295
51710
34014
65050
88245
45148
98665
38715
57570
29425
39826
19848
48620
61718
59168
41623
2160
440
27797
42076
80261
54157
52756
8708
85110
64519
94829
6306
85466
21446
85350
4871
54226
48359
40199
40106
64734
88858
90050
94791
79164
78610
55326
29699
62206
86934
90463
90702
22663
17620
7219
26785
89218
87733
37851
30599
21054
42476
40116
83128
74762
24071
85153
29121
51849
18984
12023
33023
5458
7630
41188
71593
20455
96844
27165
95918
18512
26331
29443
97076
64948
7083
55601
37087
88435
13076
7941
47410
82338
60332
38696
91952
28387
53233
87420
75963
47873
709
70689
50846
84133
94362
36932
57062
83256
90851
19076
51562
45302
89546
84066
7692
66283
8352
68548
10456
62669
92463
41510
5321
80085
41579
90623
87691
30107
62023
98059
56059
72589
9731
30074
72394
91563
62819
87284
6144
15042
93915
92423
63230
37284
23271
91503
27196
87489
16887
23584
73425
4228
88424
94547
36688
38539
70477
27211
32911
76804
79500
33987
88228
91329
485
84342
11688
98264
58189
35082
46077
60538
32249
46873
69676
99950
42486
61886
7398
96905
73749
14585
71341
96811
10051
30174
42411
34041
90295
27104
9504
81235
64581
23062
56377
15410
8687
97288
16795
4096
25531
3096
4000
43347
59744
87247
71192
4871
56922
7939
7120
14519
28285
22370
90000
6328
57286
58621
98366
82131
10028
29428
74049
6204
91478
55162
42304
71187
32646
47813
80520
96599
28883
38740
11308
57826
2932
94845
871
14629
99992
62066
15165
21600
95539
30575
72607
65790
33939
63939
95022
71211
6705
55033
27607
24819
90274
77154
41596
76601
18573
28064
979
8912
46487
12657
79399
87226
41626
24950
97564
86490
52948
12031
96497
94008
82908
97814
94014
85424
93295
37284
99229
64471
1576
24835
96485
61228
55535
44674
91888
28663
65928
83246
39551
71937
98444
33155
84852
97487
97877
88687
93436
45724
20562
9631
1552
21137
97050
42409
17712
5924
1502
96949
32848
60939
31895
712
94735
20955
59103
66862
98690
11009
69467
65731
75888
82428
86966
65471
42358
10133
95209
99420
37803
50237
67445
28773
80509
64897
36403
95996
57274
93260
2723
16840
59083
92090
82114
43610
61147
89140
12695
4122
6261
97932
99563
36499
62187
65335
81624
46743
39923
34466
75226
67024
972
46866
9667
98437
11646
84188
80299
40773
69599
60285
65604
25362
34706
28536
6891
75981
14443
16490
71162
11675
2541
62123
84635
93457
9108
1124
86391
76897
92622
26023
19085
40352
48963
35343
63230
17747
67350
3189
98276
30070
54500
46252
49731
43560
33514
40506
66360
10487
17571
56787
16366
38019
16302
27955
48207
48978
83534
32888
727
1455
74987
38938
26341
32160
79989
34600
17035
94979
12457
26912
70468
41635
37037
57707
4357
95549
23093
48275
36844
1257
21832
41153
30773
32712
31996
12119
82668
50665
92701
69255
13404
55799
39245
90094
96774
6691
15462
13361
60813
19625
54715
562
11822
18017
36060
49071
17934
7269
29176
44631
30059
26842
56573
5770
6388
41757
82363
44396
77653
16747
76390
18021
39434
1357
30426
13400
20532
2558
21945
4830
4842
76634
45808
34398
11175
33988
51992
31884
69089
12116
49528
41883
26138
46652
615
72704
88687
99734
89551
72005
50542
34828
36429
66534
73380
3107
85429
95051
73140
16388
67507
130
72868
73576
18156
68633
52146
40384
6211
23733
10179
10303
77431
72658
62300
89092
28169
47704
6826
89415
34940
15158
15227
4191
94389
74557
85775
39278
28962
15260
49641
21770
59959
76787
1280
28233
3091
23958
18067
31208
16033
25856
35929
18744
52699
31601
35349
78598
72968
42182
24392
14469
61126
55252
87585
10649
64579
99424
52271
79395
55333
36382
70904
16260
21386
56900
29730
70992
53993
75753
29678
3505
72247
24064
68292
41973
9702
89099
76170
96245
99592
42974
90894
43426
84369
70482
78275
44942
8058
80834
27784
45460
70626
15749
80003
36390
59023
67656
28813
22129
50802
77447
32263
44271
17641
51048
77355
66281
69278
78613
39933
61030
42060
73588
64736
62964
75681
9764
4005
70034
85599
76182
65950
45271
73565
48550
76176
35331
7019
11412
90279
83905
58547
93091
31907
39061
97274
39310
98320
91239
89285
88738
1012
44716
67865
86876
85986
53390
50490
59359
40843
13720
40725
39186
70996
85087
62170
15284
73442
44912
13601
9181
99570
40242
65358
79090
48485
93176
55022
51812
22905
84454
66593
96166
29011
25596
23730
47305
22519
8036
57761
630
6682
13908
81697
81736
27631
89025
13693
13987
62206
47456
50070
17205
23731
75002
61928
40551
17778
74539
40235
35967
15752
93815
26644
85142
85852
41226
8699
64785
31365
23914
32408
60510
5877
85436
93575
29997
10515
81455
21162
60552
13767
35752
30606
593
32590
61355
49509
5974
26669
52804
9714
6291
7137
59087
29860
11589
73173
63722
96249
48902
42478
85332
45284
16618
37632
6850
51114
10901
73636
25182
37797
73815
34977
82844
39435
49221
47878
67867
50985
56436
83002
41908
68745
34036
77994
37603
20340
904
33473
74031
47248
80126
8663
37015
47273
98863
62784
48858
41614
3956
88453
73571
47219
32514
2288
45232
66932
14213
94816
74045
58041
74997
12861
89810
13108
14550
19333
27398
69383
88530
65093
7822
57475
72491
79811
1126
82028
27456
3512
17082
57784
19678
56283
62097
54102
11360
29592
97911
85771
72228
83520
49766
43031
52491
81818
89904
6358
57965
4119
18924
32387
65271
27428
2234
97879
33122
6808
96372
39983
31057
17804
91188
33260
94279
7818
11964
51571
41794
77086
84582
72500
8440
7338
25928
41544
58828
41718
52195
10932
92205
27876
64329
31371
47148
27266
63304
51023
13240
4344
88439
13720
99447
55905
43740
31789
63811
58646
42328
45518
37406
15942
46864
65397
61908
69122
65465
66961
25388
99540
50878
36274
22026
67408
71537
1827
64452
26179
83308
44048
74239
94344
40610
31081
52805
9753
86248
44479
83493
33667
92697
19180
40264
99410
23402
53263
40587
28203
74635
61108
40094
64633
95191
71602
16727
39070
3320
81550
60884
29035
80665
45118
61611
22764
79370
53159
94576
93466
49642
26247
95683
65748
37588
54639
66482
20552
91496
520
29554
40714
96436
29751
37238
48839
11263
25019
37546
40564
31987
12850
28239
30047
71524
3547
75698
93479
78433
51927
60811
65864
37238
71145
8431
79630
95003
80124
7315
80171
94973
3236
54398
18723
62535
75804
1865
63236
63597
8879
28309
61460
80820
90514
2121
3458
14849
20718
3111
39071
86685
18139
42410
85925
81313
77832
75519
51957
78116
54104
27580
4895
49182
46854
3233
19194
94616
72105
83370
51411
20243
17042
25646
9954
59505
50194
40375
19065
70948
99257
8510
26934
45617
99833
16418
59351
6751
39465
66949
18189
89826
13541
54211
93705
34111
94867
3888
82578
11420
80960
74605
17465
59494
97449
52583
57412
31581
75510
80780
20615
69984
73952
88938
2289
67024
38388
50214
34401
43588
19951
75510
77657
7689
4233
29436
14603
93555
32014
10655
68529
21669
44071
16551
25145
18393
83864
48053
31836
77772
41794
83357
59856
41097
49864
39457
82867
31024
65999
299
72488
1347
91103
32038
76318
51981
93542
68538
95147
75248
1948
62562
8537
37161
4769
35787
9943
66401
90242
26956
81968
91347
62202
31805
13592
35157
60533
77557
25090
11621
2608
65732
18990
24977
86972
52969
20352
87523
67106
49553
65005
60679
34016
67565
72047
73627
625
72942
58551
4530
44139
45312
88417
2052
72354
56032
68963
59062
31498
49947
21792
40833
65177
36165
46937
59746
53675
51315
69347
61469
36863
93077
57780
50351
64511
7315
16790
69871
4733
45827
54110
7871
55704
95973
27190
33973
99102
77339
60918
87328
27436
12584
7922
84026
23600
78179
35501
83273
50991
59800
9387
58513
38723
55771
64868
58842
63388
53386
99764
78329
86408
52607
88815
73469
36397
25774
370
39128
51474
11169
28852
50633
10270
42126
65084
17314
70840
50801
21356
79227
47565
84715
5723
90162
70480
12087
99521
26940
71804
53125
27147
43085
55157
75061
56782
64416
55181
97713
952
83235
12098
74279
54370
17987
11716
89826
81217
85359
41589
22852
84860
12747
67881
57474
68056
21556
37612
53468
61999
65610
30659
25079
77440
45535
24074
40121
50751
57403
97277
78337
10253
7210
85394
14880
91170
8706
63972
81304
60071
77588
39498
23247
74496
45646
134
96751
46342
61291
22970
39294
80339
47832
99828
60533
14487
6692
70954
97856
86215
39331
5664
84625
64053
24479
11655
83681
54042
45180
48607
93347
87696
68453
67645
7590
17085
53336
23176
86568
22857
41611
29757
83538
6928
30394
37587
20
26547
22543
22617
41373
31273
54540
77979
21494
34963
26743
70595
75068
52814
19074
70908
76601
12257
57879
67569
39486
35445
50717
27060
34143
83844
77961
50299
44107
85035
27331
70725
46758
67833
90644
475
75877
62026
17449
13457
82565
67181
90951
3627
27432
67168
81995
14044
4333
33693
26684
43306
75563
46158
66960
69006
88969
36477
51607
57143
44125
23974
95080
88366
93440
44333
35175
7540
29643
25580
95951
13383
72368
74629
14849
56419
59030
17366
51465
73414
34386
39402
10442
75756
63327
3148
47494
72025
10843
9174
89867
69013
83325
78823
67389
48497
49462
3987
41468
9384
46851
95893
7378
47936
89932
78912
923
72880
48540
26771
55825
87163
29918
13290
84531
58523
57200
35825
53938
95449
84647
9812
49272
6393
79487
67697
38421
69842
46908
51023
19815
5594
7874
33448
34277
62081
21229
57826
68904
13204
98318
94747
10807
26754
95203
80162
71405
24091
16562
33059
9481
62580
45729
18234
49170
40198
67285
99241
93733
72919
48870
84772
13341
31664
96827
41546
56541
64205
42055
66382
18556
35924
60575
95955
85966
3837
84694
34166
59051
54992
56568
72645
56671
25643
4863
38542
75566
77250
59893
33906
73089
71841
71111
93464
71632
31246
45634
8189
66862
51913
93294
23113
19148
22261
29923
22718
21035
2576
61739
89994
36002
87198
93558
62011
11591
40708
85684
34738
17150
58960
84339
4496
64796
64374
87829
39789
95478
60726
25356
77287
69835
36921
3093
79575
138
31769
31535
72032
12002
60992
79606
16257
77796
16745
79713
9962
32342
61667
8884
91563
53335
76692
14210
41575
80939
76506
32514
36039
2082
80525
66861
41932
98985
94528
30482
91612
35852
32998
75670
90110
99942
12337
79467
24320
48103
13045
97708
22229
80128
95115
54290
42333
78254
83986
8822
21660
66017
15952
19396
41836
26792
27767
59576
95918
15547
24770
6839
57468
29477
32734
75117
47098
11340
42790
61630
59435
98461
838
79211
82784
98425
72417
24420
58443
74870
96526
66084
52978
947
69501
90797
71550
28957
10264
44993
9235
27063
72740
62330
39418
41993
45671
94407
83802
52103
21763
4547
76262
51868
19904
65139
73424
48276
33609
49436
67514
6819
99660
65471
20493
42357
89157
3314
4195
99699
65524
59325
63678
69486
44234
37613
54140
22316
79011
61944
6818
36716
35949
9902
18581
50391
84232
89752
44519
14501
30373
58991
69678
96841
31088
91996
81073
89947
38474
39912
4892
41120
55535
99839
59604
76407
80567
78629
77412
78594
93976
50389
88372
1903
46920
9938
17979
23107
49760
75692
58635
82498
55324
15602
33451
53757
36511
64750
21699
87256
47827
26241
81520
32950
12110
25883
1047
62724
61424
14775
86742
3552
29417
32529
30934
59204
30455
35461
78493
79698
19949
32741
54496
85949
90352
96663
85973
4273
82203
99273
65926
3329
75138
56530
87522
32267
34355
16294
84685
26250
34168
58517
83736
40984
2329
7296
38411
11934
10495
78777
80223
28153
39795
69399
45448
61610
32229
52467
70255
6043
93385
7202
43390
64137
62971
74638
41653
49970
34819
12435
34458
16605
38484
31796
70732
37120
37774
68567
82936
63889
7523
964
19844
99885
27671
91829
7465
3935
53632
83930
76671
98254
82221
93260
91216
79365
31907
48331
26606
89248
6947
50327
21792
71088
88295
19527
90839
53259
42987
91274
61888
23251
14280
85016
35506
82593
48443
81043
38118
95950
57765
76191
94279
49822
32427
44252
2111
37193
4862
13180
24689
44455
22965
76517
84325
15960
1846
64356
24125
94093
61843
47724
86983
118
51313
29546
70507
11497
71588
42982
64836
7275
19351
2872
50859
32543
75400
62564
37071
61736
33103
27924
12257
33053
71326
73169
77388
38472
38116
70270
27074
80954
2444
55697
8881
99247
19043
61326
52180
99129
37879
49409
29798
31916
986
20792
74673
86181
92134
8027
84772
20248
38746
99465
7556
82292
55395
81360
58585
53237
30454
34889
62793
8038
32473
5805
43042
37233
11425
82712
62385
59973
94710
22777
5872
96963
57747
82514
10331
94053
1002
37107
36515
76618
73413
2957
15676
34498
66278
885
56081
59475
77487
52248
43672
78150
80382
71573
32991
91377
9776
56156
86725
39074
90951
10017
54598
60132
98918
8540
5454
36081
75097
30336
56911
96533
9713
36950
37614
8986
51501
55573
33495
25301
14900
64384
79249
1293
53407
669
27403
38403
38196
76429
24566
66306
22188
65709
68045
74437
54326
60968
22510
48575
96373
68023
53772
62443
69028
57270
94686
29744
39578
98627
25935
77360
26249
99766
67352
25614
96000
85080
63787
41210
99152
92513
61414
18395
68203
27954
65287
47351
34280
91275
64831
65250
35587
79723
43743
93024
45634
47842
20815
27993
11379
38196
87102
3032
87473
9580
28819
98495
28613
65274
82338
41835
37960
2731
81978
90240
68262
97955
25595
46993
23039
40506
82532
44846
56456
91056
33483
5162
99822
17422
15462
59559
76442
17435
72934
41633
46672
23575
83588
88916
14322
13303
13684
4330
69185
15902
33013
35621
33923
17973
27178
70085
86016
97223
76259
14583
41830
24155
80244
27579
83853
35150
99015
31728
12437
29260
89166
53598
90411
72939
68496
78335
71211
97061
27621
27370
33823
85744
74013
20990
66949
32859
86170
40584
75918
75175
77054
85745
13283
99231
2590
60776
51362
24726
98006
93959
27815
73020
57175
44067
61638
47196
31035
10965
59764
61845
41273
26913
32869
62227
12276
50528
53103
905
3054
2798
50734
14126
27834
48625
56353
8017
66734
4964
66898
97401
12663
38080
54899
93022
60103
84582
29540
67198
83049
45259
87089
36477
55541
70336
28151
96060
93119
49565
37159
55572
60266
30698
45379
49455
71802
74186
19078
99012
94087
65124
15265
27245
48877
13295
78751
26278
25504
87289
12905
46853
44861
13844
33318
46032
16380
62397
83066
47551
72578
4811
61200
98287
90771
27953
16818
92352
9764
95088
38197
72972
9837
7708
60050
14277
1693
65128
238
83049
2729
75376
18939
81636
49341
72100
78487
63587
86131
51852
5170
81296
79840
81181
2382
11311
17931
13334
12031
74996
82618
77079
273
55614
76261
30943
89385
75412
81195
58367
18532
18363
27779
93441
55707
80561
56523
84111
2536
83049
8860
55297
63266
45123
45823
9895
2916
65191
48120
15086
93101
39038
71809
2451
83328
62317
54482
33954
5227
70447
44635
56649
44036
70926
84788
61246
25456
72094
38860
31849
51197
18422
53053
36271
69871
54988
70529
69533
17752
31819
30
28653
34208
76500
55772
43864
49733
9230
16376
99480
19995
57739
3665
18745
50868
76665
2143
51067
56955
37185
15395
63622
93243
4031
95482
99691
74652
47775
56555
7539
90957
75728
39552
72679
43037
44776
71761
52123
85027
30836
66683
77303
13086
50330
84976
16899
59767
80461
96168
8430
87907
69068
38326
80219
9028
90359
33365
41545
23246
19919
32321
52798
46023
81802
82178
88239
52200
32175
48130
30542
22592
78516
84448
63025
11096
3665
84285
8347
40433
75360
84052
47369
66249
89108
61191
11259
70397
55315
55956
99452
55976
37714
57798
1360
72170
30411
35560
36346
87908
68637
74708
43399
97887
41921
72778
77562
76972
85508
42908
10645
31718
56325
91494
89088
21652
25901
10395
29242
2826
45702
9818
23897
77615
47898
52671
78783
42810
25321
76886
91515
25013
83206
12811
92729
70308
51343
60637
58343
73823
93799
97553
95589
95706
83217
17026
5961
21318
99467
71061
86508
38928
85061
56235
99380
14215
8988
6992
57374
11771
34424
84881
78887
82817
24926
57803
96504
58259
19251
381
71340
88596
58606
52703
88832
56945
58327
87276
96342
77731
52354
8923
89893
68657
26179
56908
71776
40979
77613
99805
33697
8977
99595
41212
62130
76425
65081
57655
51512
43728
46464
95311
80093
44880
6476
95403
20792
91919
15020
19849
11899
77200
51238
24783
67481
66419
37268
51776
89138
97207
9919
12842
60988
81184
12214
72060
22064
10771
59083
69588
79374
71839
2090
43094
2861
93814
43479
14393
99619
36376
37283
62684
81165
40208
37322
45014
1981
49464
51053
30539
85181
72280
54471
88666
41828
32172
88622
37075
4308
8163
60775
38118
61036
52611
80678
25559
65137
43178
16993
79885
68148
28432
21200
4553
40320
71752
28996
59092
43619
25765
29281
79954
25271
15194
58329
242
43019
87865
94886
47815
39410
508
76259
92945
17928
92290
55143
77876
67325
66482
14432
40267
68447
51291
87464
98517
56424
76188
24231
95053
53185
42367
90148
10359
93201
58528
68393
97654
19783
99275
55154
62491
99296
2243
39313
72024
32533
77823
70434
77075
16964
81040
36934
83222
23065
60797
15678
52739
90584
11119
55238
74692
42826
57801
69387
21504
26018
55278
42155
98954
94859
35782
92967
28436
93488
64284
91751
11649
15623
3487
65674
86039
94363
57000
13768
48371
3732
79899
98887
54391
24645
7686
8278
24926
32530
45798
58730
65841
40572
44585
2770
9106
83403
79759
23449
70069
85302
26921
50775
94414
45618
21732
57172
38853
13589
62655
6171
98662
4198
81719
54486
26325
56739
28004
64908
32415
15053
74012
28979
83820
37044
79381
25556
34001
52667
80712
25626
51618
29576
53745
17750
66084
72842
68883
95187
96096
51463
57048
2833
65299
84161
82934
16992
98594
44005
89005
88250
56235
58544
97677
81405
5847
97981
68469
97731
53388
94767
61718
2112
74655
63064
97206
55736
61286
61316
45872
68987
90540
55557
2520
72126
16829
29915
29532
90967
32865
17952
25319
83541
2054
33965
60991
16441
55157
98893
94990
9589
90759
3420
83485
67967
99441
71099
92380
90193
61626
79091
24767
67425
62925
1954
39011
36792
65289
22567
60174
53106
8854
94151
51251
20049
66931
92794
31669
12477
70187
41397
259
55388
40262
10932
60706
92330
97307
1252
38984
96693
29922
42474
12228
20504
84359
33908
65724
58194
67580
39322
43694
45282
47302
19983
76280
92674
33047
89642
90386
7485
95164
21836
78585
45549
61644
12813
37927
71125
63329
38792
22270
46392
64291
92447
4164
96469
87039
66604
80775
41152
94711
62342
61505
18653
62260
2252
5175
44923
30166
6097
6236
90731
88300
18660
51923
30460
26558
54522
64881
1589
61927
14683
91361
2030
39041
59558
30017
98123
65241
20001
62793
66581
63585
86081
80492
34135
868
72850
58935
33458
12436
99363
48822
95454
49151
97042
39158
86525
53024
71247
84165
36925
27090
55248
60117
91819
69183
57233
4608
98318
983
56133
28742
93767
52988
15837
3505
46627
94202
50644
78457
68474
24052
3061
70020
52551
61689
70633
74405
10052
40310
22529
67429
44674
66597
48028
79903
81026
45411
34645
55141
19955
43615
24365
97217
23144
33069
50320
12246
49397
28315
23174
49028
30246
42779
89305
89674
12540
94911
76766
16165
60805
91971
47202
78391
77911
37220
36722
87715
88744
5263
39751
37525
60813
63124
76524
48095
28718
44440
18957
20445
14786
95530
26462
42138
45164
63277
46469
49067
61233
13492
41509
25626
95156
90253
80488
88125
15568
54740
77608
75268
71538
96776
56346
11506
28305
57370
77399
34819
71115
90753
56040
66604
78717
31339
44622
29055
52382
92878
99980
37517
54616
82461
94641
50278
97957
73110
7749
47997
33826
95064
25040
15207
81202
25489
38722
70530
15282
69526
50530
11281
41908
99148
44086
71749
41658
64258
73003
40664
33745
50690
54466
19443
94632
63677
56247
76688
54955
48131
29455
47577
79328
77332
51390
26511
25885
26640
32915
15943
24132
37418
15584
44047
90461
75932
94025
83918
93262
51284
68424
88361
46905
50220
91515
49025
44274
24568
5931
74106
58524
74488
81049
33975
57119
54476
37575
97025
72615
22599
64737
85927
62748
56861
15750
39166
2170
32022
47447
4009
4397
60900
62938
92853
90890
65201
70539
87227
16300
87730
40000
38057
68394
32728
11192
28730
85810
89541
69087
61536
16708
19963
47104
24996
70541
9584
2120
88933
35327
99838
62835
49308
42857
74391
31989
75904
91224
46229
39975
24645
48426
25487
64107
24768
38410
95304
2334
57061
36653
2978
88154
69681
78120
61072
21445
30244
87404
5161
22553
31334
16927
91031
40209
98378
91064
51055
7852
12815
66551
22492
82401
86595
72255
80852
21024
5699
85712
17644
80481
43870
54309
38407
45739
76696
81031
80586
67458
50729
32588
69291
4014
13093
42384
60135
82597
24567
85550
11730
33012
74886
16699
1481
2703
62266
15871
64260
70226
9143
38512
64552
16339
34664
10573
68537
48039
42231
60373
49196
96013
65497
42882
31610
21147
16359
1477
90800
94019
90758
93022
86211
56929
70984
23063
39330
1092
83404
36639
27652
6390
98272
28190
40800
52138
54311
10874
17659
49985
64597
67941
89691
30521
14742
73536
92570
40083
56271
44689
9975
96063
87453
