20434
80462
56339
84645
99067
87651
24930
43368
81709
21336
9689
77423
54079
60802
2162
61802
3487
34645
38899
39929
81923
41804
2860
36614
57208
78774
89693
47391
30550
12253
17685
72271
99637
64276
92437
7417
7000
60636
99667
78352
36903
91187
44570
77237
35578
81850
30030
63821
27537
3969
61293
3550
34242
24049
7185
61639
58922
42677
34482
5817
7364
68134
8009
11670
53527
22130
84880
14725
10697
67208
48676
90286
25522
899
94860
55160
1707
8241
83380
52733
68165
22078
72210
66438
18550
2978
47785
69448
65135
995
51468
37019
16745
4424
2682
27123
61917
51036
62087
62621
15250
89659
99708
40088
51281
33500
59285
88397
52469
41819
48264
75756
69311
52546
62982
43172
3749
46547
72345
65055
81258
54709
7245
77688
59017
60856
40779
95418
31275
17830
97248
31478
32984
46665
29213
23424
1642
28403
18136
81447
14333
60174
12015
48751
68578
46176
30828
92589
75731
83834
56292
6046
59937
57373
42010
93252
54057
15146
27969
88702
59781
64517
40446
79171
7550
54469
79244
47259
7455
32187
48824
6490
7141
53596
67053
2106
25747
68812
73962
82452
8482
38345
96879
94842
27414
49649
91287
47316
85515
8081
46239
41077
1230
68524
63141
39801
18440
97028
652
94973
36917
30631
38299
31995
68403
64633
60101
25185
41174
69434
69955
52333
48152
28628
91901
65031
45934
13284
6249
19547
26165
72930
61706
35601
67723
97806
85753
11659
29115
95993
99009
78490
80112
69229
14020
66910
64202
70170
46875
60600
96463
15903
87995
81933
82712
68561
88275
23737
57772
70026
98098
53453
69835
33009
59749
93800
384
68033
97470
54253
48250
6009
90480
50054
20692
20352
37207
45909
43023
49747
57589
29747
35969
69101
51702
48807
42823
338
80661
59140
50838
45271
15639
50719
42575
18033
10933
69228
42385
80152
28344
9172
20137
93496
76765
11701
47204
6197
65592
24566
8901
16536
84276
38981
58001
59322
23256
53168
70056
30923
98182
82012
69422
92991
61373
1093
4071
66871
15198
25298
16482
76392
97259
80948
24428
8041
97291
37211
98725
70270
43851
84757
68304
79836
80831
39076
55651
33753
83365
83035
65375
64721
73898
68885
46521
72823
42662
20465
95575
32726
9539
51758
70262
25699
93947
23519
76104
37282
16831
9996
86619
68177
81780
19173
81876
90356
50263
10595
56635
55262
83489
31996
92400
7000
86022
90178
50491
51954
45080
91802
61729
5539
3016
98132
89426
45855
4172
53995
81952
36148
90364
53339
34250
8832
43799
89594
40854
33363
44675
37141
96413
59709
79441
69896
89855
30836
65534
85241
18680
42819
38933
18033
35275
24242
11730
96760
2682
20430
1666
39308
97272
57846
47015
62110
23637
16865
22424
64265
46457
51791
52452
90063
51948
58890
18999
71794
7985
14808
73653
95308
38099
192
42563
6732
61048
86103
82757
910
30770
36070
34178
42869
90036
59194
49347
26823
27362
72487
77787
79973
30305
20985
81825
97254
63469
5785
27256
43247
86857
27865
47599
72305
29425
52188
51524
34046
52044
80517
72772
98025
63582
30970
43566
25882
72569
56756
24565
91883
16595
29158
10180
68771
79698
16936
15292
92588
82276
38143
45976
42226
24044
48458
83506
29210
79926
92556
75486
44188
15596
19889
97396
19807
32353
98270
45419
96080
22442
24634
52833
22526
1549
6835
11223
71030
3921
21678
93113
16758
4661
82479
88923
62767
69725
52865
85727
19100
12422
55938
41012
73465
95259
11310
16984
45666
91712
66055
91773
90986
54540
10334
78442
56885
48051
77472
70072
84210
17985
3936
84029
45912
84707
40189
16614
13371
43872
34000
53308
19275
17637
38068
67465
79050
19293
43569
62325
50184
13151
48615
78889
41309
49633
6772
59860
83106
95723
11651
72715
96076
40358
22481
35979
24518
98612
46653
92443
93609
29913
89419
83789
95003
59062
98932
25155
8642
61078
62126
43950
80419
22946
59860
70833
23580
85071
44242
42628
50649
34039
82863
54421
69975
37061
51894
30408
91443
53290
97987
94719
45358
39532
59943
65109
70240
6622
76280
19429
74869
73419
77657
37832
58984
51500
61505
17178
54555
85497
5802
7614
24880
45404
34808
81752
32807
30689
65635
32920
42965
32041
67139
8183
6013
41374
48152
99321
8782
40961
339
87826
3288
20319
97157
20102
619
25250
58946
21097
42159
28516
77104
5637
24890
91646
37170
4089
13169
90398
59756
63870
39935
82615
71282
20485
32555
57106
76817
16284
2392
6659
2522
90480
85118
64406
19431
92621
70881
39176
82859
99680
49259
86738
21530
51101
20971
65632
6289
30940
84073
50336
97444
67199
51876
11510
93955
49102
13130
5037
41672
17283
38548
85127
58047
29922
5468
33589
87730
77696
58331
20930
14704
63845
59267
39241
20570
69291
17206
71848
14314
33478
86658
47404
47040
46366
28889
556
76746
58743
16785
96625
18574
10514
40564
96306
37016
15084
39813
63487
57723
85412
23440
24628
67142
39514
72812
90477
10596
69971
57233
4792
94063
53625
62256
37
71699
415
24947
82554
98427
5410
45169
95012
34202
25548
34510
23816
9527
54706
29741
856
20726
15516
91795
32609
10239
22853
89882
52928
64750
40056
33358
19861
85206
84538
10727
73616
32658
78087
52772
71911
56330
89205
40640
93737
9374
68725
26868
68909
8306
9400
55881
48196
76854
68397
44152
23342
65169
64200
4800
41000
69321
13535
88034
5826
59794
64302
28221
37839
40369
44634
53633
85142
18827
52019
29042
59365
60239
10354
72507
93285
78076
25954
26572
36648
12496
54139
63378
61759
61935
82281
74098
12296
1868
27755
63969
82501
36279
51703
85667
10728
21123
37755
15070
54730
47347
14783
86170
90523
94112
43654
2455
56115
64201
79348
14667
25607
78648
28905
14711
86552
17421
9002
42500
34597
81801
53185
34015
16352
91129
19003
68463
94590
66141
85295
90959
94504
73140
26911
4332
10031
79526
59159
80348
41820
40910
29714
71705
45093
24513
13051
99257
25564
39103
64529
76395
83873
22709
47908
59568
43064
9869
10428
11604
47669
8723
10170
47496
45780
8996
57173
84477
75333
5269
58150
11134
16644
13373
3360
46826
30247
28192
34678
38925
20720
69209
62945
8251
86242
93636
83705
81576
75345
50181
13888
41287
64114
38584
80702
49884
3954
15702
94887
10176
16354
88480
14265
2353
88559
35468
39682
77395
35056
2761
7742
69192
13752
38192
80893
68391
74604
63849
44035
56411
21455
13623
2186
13851
26104
91425
17378
3873
29637
19806
92536
14474
62729
98780
43316
6601
83392
43533
80380
53544
70916
66735
99126
81532
96184
5815
5867
78659
69089
71033
99271
87869
16021
11158
52861
28484
44171
10274
43112
39882
56594
89904
2348
28589
49406
84285
66554
16570
71453
67446
37138
72667
55239
2503
50403
86270
14452
29793
67598
84388
41383
27687
31817
75105
16296
70006
37535
86327
53328
31118
71700
88458
31389
9505
21606
5248
7845
13654
18640
79639
44968
74042
38088
31362
70430
99269
35720
12514
43055
23940
28970
48253
21089
47177
40364
87517
8812
19851
22578
74279
50218
89370
10859
74422
86314
43011
15564
27637
53827
50844
67289
73846
64262
75278
85442
58257
16556
67612
90730
10267
29198
23732
78274
80546
65844
40688
95924
22851
97829
18473
55644
9673
49597
38042
48721
75299
91196
32876
96257
56512
44507
16963
6554
9065
83674
46724
57317
18875
88853
34785
97772
4095
85333
59619
13692
33224
75362
55859
91462
90377
73366
73093
67296
78832
83725
82977
24105
80195
42265
22575
82697
46581
99378
13758
14614
5925
17290
81874
57203
77748
69054
15400
56563
54625
75208
39654
29115
97666
20177
96996
59654
32001
57253
70321
52834
52849
35551
62500
14839
11083
75171
10752
15080
68329
74122
54338
85202
47102
82520
3946
36561
63377
70473
11908
25602
82292
60394
52434
10435
46085
94181
72504
69783
97376
14292
67235
5701
11710
18582
47894
71488
30063
2495
80243
83074
99120
94601
19043
39889
24584
99849
99042
85187
45157
33404
6826
36510
814
58561
15834
47640
13124
52928
91202
7229
89658
8743
21870
65679
14830
37718
2765
42088
58083
40816
76509
75419
3388
80210
4084
63064
26615
21376
88557
92814
42084
25211
66509
77194
65729
78575
46066
8318
4755
39272
36791
66685
70915
7684
21318
82179
12627
29475
77691
22162
12347
9436
60944
78199
47524
80202
62634
85066
36959
80931
71999
80372
78019
36008
89507
97003
28898
83704
70638
94265
78183
45696
54731
60667
32527
13325
16543
26917
69921
85058
85780
44803
40714
40677
28066
59834
73017
75475
18553
22604
6548
58516
12845
84251
70613
50121
31870
66245
42661
84482
96226
57613
83636
31276
35506
92698
94418
76808
34670
56281
64972
69174
26093
65214
38310
74416
99462
70152
16881
82643
59988
81794
70154
97144
91017
8325
81263
96770
93394
72155
55486
3055
69507
69246
28108
73457
95839
94847
1983
39063
99877
72131
329
5348
20666
18024
63009
80545
81616
46309
10464
88974
36432
53071
53684
52243
16649
34647
49668
21813
97172
20177
2561
91109
78435
12144
15461
10930
52518
78989
84556
22334
82714
14055
38379
87790
19535
18116
51377
53083
16852
12661
9176
53126
19296
19671
61096
9801
77760
30838
22121
58856
64664
55340
75298
50086
60952
76071
61299
35795
12413
88905
48043
61347
23424
70185
16007
63546
84767
66935
46056
12100
14502
54780
80496
7841
33242
37855
13560
18845
96386
16132
31697
55998
434
23536
85781
84854
37781
11784
15017
58585
73334
45974
74386
56200
67339
15693
51248
37419
73311
38788
27387
93630
7898
91198
75705
91938
51024
34475
22970
96436
6051
58727
55824
16411
54165
98176
89998
14395
36302
86581
23931
9990
55557
32185
8019
63026
6991
6327
45403
67302
18978
3440
87295
16590
44421
13632
59913
20750
8150
8990
66752
43218
52151
15426
42107
27268
61526
36065
75200
64983
89463
15731
73758
46272
78784
46614
67395
39077
38177
97739
7963
64046
95005
77758
92934
86743
81242
45060
7572
14791
99297
67293
27839
82427
79090
18936
9637
69788
9480
11222
73345
51215
7524
11590
49157
24075
35161
52048
37846
76517
53555
19853
31716
79847
24804
66483
90725
8479
65069
15343
90861
19699
76293
94571
7019
62291
76809
72879
71395
3175
16928
28867
20419
25063
24842
75891
8997
80809
75045
27787
29760
39701
84795
62562
19595
21301
42475
97459
143
4712
3122
21989
98984
35350
11510
94573
29368
59869
10287
79978
32136
11433
86962
35598
9148
29123
39611
9724
30737
33504
74359
94348
63381
76698
33196
96332
47235
32733
48677
11393
33434
8119
32573
24811
35866
67058
97415
49670
24954
19358
28568
92428
54536
54887
59986
7832
20286
17894
55693
81158
16701
83219
27268
80823
86217
97816
97914
89680
62817
4193
85447
15265
35897
44144
97570
91139
79574
71501
9645
96379
21861
91834
5816
30043
2712
72004
36563
71048
65534
15957
23059
81622
38654
86983
89632
9423
53552
13907
25369
12498
98712
15144
20836
21080
70335
87223
59318
76818
54736
55530
91771
25455
77004
38389
60003
87866
21291
67684
35721
60799
90800
44180
27489
3438
11559
88127
15070
44696
3197
58031
88957
99767
78908
88339
38033
66506
54786
55951
97388
23165
84925
38893
1702
93671
21157
56722
5517
9677
57270
17260
22986
71140
7432
84711
46188
87892
69165
61311
72627
23447
31718
15951
93722
53953
83522
28456
16066
37210
77108
34301
25848
75238
86960
35259
79778
94758
25410
18294
83403
18264
17420
75199
55624
88217
36634
77522
54534
32810
88898
99595
42578
98384
10173
90936
91205
40501
58141
54570
80394
54733
48395
29893
35214
61363
32606
80791
29442
42033
98201
45285
58223
13470
86721
15873
34104
96802
45369
41272
93093
34198
33053
18088
42897
33542
72408
44686
19249
36472
51330
99133
99806
80518
96761
41963
32866
32326
1242
97381
54204
44780
18236
3
41615
8773
80458
79030
66989
57540
46395
9374
9659
1850
22928
65048
33858
40478
57321
36085
37522
59692
76836
2694
14834
89258
85491
50034
72808
27237
32632
36138
70689
94426
1760
95860
35294
33744
57338
80035
27580
20643
73427
4840
57790
63740
47503
98626
87897
88251
21797
7152
18812
47287
54903
42407
30713
89212
38861
95936
38613
11635
87021
75657
45288
60831
20185
37147
47920
11523
68166
24811
74937
44898
71380
99514
68481
26142
3182
72935
68427
86882
62336
13989
5219
65659
60048
36167
78344
60897
39483
86519
46523
15219
72621
78534
94307
18496
1116
65917
82362
2178
98241
24146
81111
20421
76212
10199
49401
53350
68067
87885
59436
73526
52622
37622
18235
89982
35362
16999
83187
13820
2513
71484
1744
89003
64074
6437
18406
11809
32570
19422
47758
51889
43423
29053
39115
45777
28069
13764
71736
5015
58239
17527
53104
10492
42627
43623
33721
25826
9506
83085
58765
88626
70434
43794
40295
9246
53723
42475
71623
19397
32362
43714
91042
75316
14517
63599
97225
76138
57692
31845
33651
11316
20472
16617
4554
84087
40947
66910
29008
20429
63875
81564
22571
99302
84708
31551
44180
71887
79377
88475
46424
57520
2431
52396
2313
12976
60854
64332
70244
58515
87885
16286
78655
20227
17633
22056
46511
48012
54897
98141
43955
34337
22585
71736
49153
2557
94346
94213
56587
66468
99362
36857
91470
31624
33869
59778
8855
68967
34775
49880
78993
21681
59180
58899
43407
82599
90767
85366
85554
18527
83027
95305
30488
82564
70617
71109
53154
70778
75943
63113
52161
20416
44065
82825
124
10574
31495
22694
41120
91006
77195
62552
83108
87751
3277
47239
22071
27588
42805
79930
74633
46867
34572
62310
32435
87065
98551
11656
3875
65122
39696
33486
62024
42951
291
80336
60599
32712
34403
7676
36408
32697
45959
9295
42064
51034
9860
28351
63883
90365
17191
24789
3653
59788
95663
87352
72086
16963
59109
48100
37080
22873
95930
51738
64566
55708
53883
83665
95091
50938
10771
52330
1939
5276
28797
72769
36810
51501
21060
73247
69023
32056
14490
66861
13501
46543
9905
46403
32470
40104
13817
76414
18452
30466
9495
56111
52990
53797
65150
89360
11491
76903
95820
31922
44550
46187
964
87187
66790
93509
37539
76395
85000
79256
36609
10533
28131
93856
5703
2954
46344
74923
27943
53400
49580
63617
63740
76114
64852
73701
18911
74482
74908
29652
38626
89370
78020
28075
16525
22631
62295
93733
35860
59718
1337
2945
21841
42145
11980
18274
85123
20050
31839
75664
53666
10136
62068
91099
45053
3591
57548
55136
90994
71706
44594
17957
59370
54084
80672
66366
78927
44835
1138
94482
62890
27958
93829
51575
52797
49029
27211
15705
28698
1279
32943
99674
61534
48257
54175
14804
6158
89842
11194
11642
74892
40716
63384
76157
46262
87732
81552
69161
26971
3563
93482
559
10682
10301
34402
41790
58938
18966
67221
88203
10816
82420
59468
71567
62032
1176
97346
42639
29859
30742
10163
29719
4736
23628
94307
17344
32090
88048
27688
49233
67367
45505
3701
85281
15545
89856
85123
1434
57402
66903
55390
73465
65640
46391
46314
49586
40843
90720
68913
28529
6127
76025
53898
38331
54787
35071
26054
41939
92204
37786
65466
31160
73638
39435
71204
36395
88537
64674
39581
21135
72084
40205
38330
649
43496
23434
12222
72487
82339
81405
5631
8765
78824
28445
28147
45322
24552
14280
13047
8889
56703
24311
68507
71524
97005
9517
23022
36562
21103
393
46530
74529
72761
38586
77084
48895
5203
34738
88762
72146
10541
84851
83393
62072
1984
68998
40065
76904
9219
31979
13287
16983
60423
6219
79648
3159
10927
78985
65221
18330
38479
47127
53864
79764
12608
41508
14584
50398
39580
1171
32468
52215
65469
74407
48586
45893
83981
50010
11851
47577
77737
41037
95405
97841
88887
85178
35900
28951
16673
58469
82430
2726
9997
13393
27297
13292
81978
52142
77540
27019
47833
11792
56255
99802
15205
860
30351
21801
8545
1691
40130
53250
17965
145
78075
49834
14885
57511
50915
23334
33494
24548
85389
28699
25404
55226
11395
50478
78813
67037
52690
55082
24060
10319
76687
94015
85116
85654
33412
42663
27313
6574
46587
92901
87588
39387
20390
1927
10883
52759
69737
48746
68066
79434
99301
51708
28082
55032
47073
5660
46268
93172
62903
67485
31579
39474
66072
362
73715
47897
13693
77988
27345
85527
27051
29799
3169
49775
46498
53035
55846
35630
46466
47077
81114
31708
47387
63981
14274
50221
45903
15387
8716
41655
70470
78347
77256
19646
18510
60127
3936
27114
18157
51972
86518
86234
42757
50444
47544
47378
17410
57658
32354
31408
8675
95133
69777
76413
79010
67571
70975
16990
8322
90287
76864
52458
62004
16022
14360
87318
88070
65603
40918
3308
21897
34186
91313
32315
26429
26585
49950
96007
42747
83258
32587
10977
79326
69685
30811
96209
91119
54610
98079
87535
78508
91869
31117
95794
76885
76770
59775
98624
24562
64888
81674
98307
84164
95802
22361
25853
30535
93200
68134
71794
33984
35916
11221
50244
3689
25584
19405
59996
94262
38477
52820
22404
28707
96199
94182
53586
68252
68564
41617
27262
30504
17955
91151
9012
95987
83865
51425
26917
23063
80502
10501
31608
1414
88566
74228
18366
31863
18068
76251
62723
88266
57577
11187
32640
78330
78738
81919
28526
72958
64848
92034
78485
50267
84168
32186
69090
66858
8267
91677
2839
92769
25424
25646
29020
8961
75612
49180
69299
4412
36228
48344
91593
84384
66505
49744
42600
11685
6179
57901
16874
15951
73593
37701
30153
13119
24587
87134
77169
52060
87027
77664
5430
85594
24544
31926
32226
85285
28482
44289
82279
66572
98916
78040
53586
18860
48882
64543
98784
77656
84028
15267
90603
89026
54675
37392
87965
57513
4913
89743
86182
2719
80373
94784
99720
99605
97323
32655
20334
49349
55562
52470
38333
28955
10871
34895
29379
62018
15688
59508
88524
38951
72834
17014
12468
47660
3491
15350
36950
11147
13212
54370
28387
23780
3254
22095
71567
29349
39830
53104
69029
53910
32251
96977
11130
93310
32227
1298
84799
20661
76206
35427
71984
88838
80282
94393
73001
80320
79117
7146
7129
17691
60049
58826
97774
1890
77594
12067
37744
83200
41603
14058
29066
45355
2679
1924
28450
8424
24587
17237
97994
35993
12712
19488
87535
80970
5574
83616
66095
99636
16948
39713
15304
2923
44341
61052
37323
61323
10148
28942
33006
68346
42072
25300
92257
90521
7906
89924
97049
21901
24947
42379
87528
7556
93179
26239
90574
44934
74156
26336
48137
20506
87773
34544
59399
87537
17962
53067
99996
87923
95641
93221
99631
65125
64567
68479
88655
38100
23905
22854
16387
33153
67263
97416
94558
27144
69482
42739
80177
14894
61199
39244
53979
92774
72139
65193
52444
39360
17974
65100
30951
64752
59964
35708
90421
85366
75430
48961
16502
63375
60600
65948
86563
36600
28083
39073
31343
9818
1050
12434
77436
9366
18002
80153
49289
71789
97507
37953
25449
55885
10171
56049
56175
43028
83378
70247
21349
38306
55304
35181
21628
11071
88938
13275
7006
20806
21715
79785
98303
49357
92943
43214
57042
76914
7291
50490
17720
43523
61768
41292
71827
84330
87679
86833
92344
90195
90814
96154
52131
93084
8096
36152
95141
76248
59835
38423
3960
6879
68515
57396
71187
52566
44908
28668
95960
56502
6829
61571
55531
54876
62943
87646
26110
75789
62628
83837
15943
91523
58661
70280
5747
19896
85908
80949
65843
97773
85744
71971
77653
22680
63655
16823
85710
99913
98518
13648
13715
54711
70987
2697
15494
80299
69963
89386
35149
40424
10992
81483
66175
26934
74186
21351
79416
27722
49735
72825
49324
38899
97741
34997
82040
71012
84419
43621
63380
35961
11632
5726
56804
6792
13467
40319
43790
77253
66929
43494
78086
20401
30630
71247
76324
19616
56722
86761
25335
42342
13436
25175
55283
15006
30645
52192
40582
31735
81627
5747
98313
16955
96350
43546
62162
99868
93248
53626
13350
28926
32789
34053
98923
98459
85193
860
87963
59863
51617
75300
42996
19297
23481
23075
84237
75746
50957
71959
76355
55973
11475
67348
36178
39139
51590
65784
81087
83753
11006
15661
33842
10377
51098
28986
35041
56922
90175
8902
60903
49741
35002
1386
41267
29837
87361
52210
53533
81522
63768
64240
45491
30722
65968
25212
48722
58820
28329
53356
45744
92963
3096
78156
10934
70875
35076
56251
25612
56003
74123
60514
82348
6646
24033
77937
61112
61696
74264
16887
58023
54498
27899
23421
35898
962
94708
84544
31245
42227
18414
35754
83561
72700
49780
36492
47607
43431
99096
28986
34191
77000
80112
87683
37198
36744
32539
80747
98886
47565
93346
10982
10991
5704
17305
20051
18363
60282
23396
8339
97544
72515
28854
88870
55950
65097
30069
80128
41912
86882
80058
31884
65679
39519
87668
43229
64978
3765
30252
40685
12290
71912
15331
10676
56218
53013
23415
55751
11995
2781
67460
20554
65093
72106
30632
98835
93987
68607
5279
57757
79613
53280
5197
38277
48400
12507
17082
12197
72251
98513
49335
38219
55824
21861
18879
52821
72875
15232
54680
30443
71230
23359
56857
3000
84874
47578
89222
80870
74763
55761
36630
76982
74219
73364
60725
8569
43254
50255
13926
71534
51789
52785
10848
60345
788
52888
80282
2396
4390
97051
58817
18452
68936
64820
70469
58610
30619
66247
6100
16980
31179
45843
95070
2368
81764
65460
35832
82908
38117
24114
15964
68813
24524
39529
96621
7018
1137
29398
6168
5597
94607
35643
27797
4086
33789
62416
36398
21259
81754
40838
58327
79471
65927
74297
72443
88013
50414
62449
38583
22498
80000
60917
56863
71253
68125
99181
93887
14708
92940
29170
42237
15660
49803
18004
41881
56900
34688
67911
21718
64663
49421
9355
47218
7916
66210
62327
19473
75796
57389
98658
21784
96095
96236
9837
44757
64603
23075
21424
34396
43914
76169
59167
25005
69726
91645
94521
76273
88468
70390
72974
90018
90539
12536
41290
81578
90175
40898
17825
99556
77190
49892
94681
24127
31495
71661
85135
30433
4082
81603
83943
53448
30975
91724
49683
74988
56679
15881
48831
34240
10457
36995
26551
95575
50426
80573
6326
66243
9436
89225
87436
87608
53466
89718
18475
10607
12205
76455
846
52263
86254
37759
95653
30823
42217
68217
27138
34782
1434
29396
60122
59210
94342
86187
37112
49079
77592
99106
18436
78016
99095
61116
39947
2961
15937
18218
48171
44589
22759
21054
66909
17931
52836
38589
33408
699
72250
96691
65214
81287
91147
91105
90909
20500
48785
77681
34276
50824
40026
49354
9767
79621
96356
63519
82578
48947
20817
8577
23726
37117
2727
43477
60882
32081
99079
63744
32234
41579
95559
73215
63708
82827
66926
98516
34557
96258
11212
4186
64367
62732
16084
74137
61685
70104
1783
76597
43189
24899
35069
87521
53128
84481
22338
40081
91905
91581
81387
20653
18103
2489
80484
71297
23953
28526
24760
43537
68141
64631
46380
12458
47245
82441
25816
46900
18431
7834
88515
99587
36328
10243
16986
62573
40140
46560
28428
12374
25788
10356
96805
84487
43292
43785
52709
47581
68304
6357
49245
13949
52482
41208
22661
45925
16115
36098
54141
18078
5116
2673
35678
53677
75071
68184
62107
49545
30127
78812
28346
73608
35065
48312
10793
6514
84397
30592
90334
11958
88909
67906
21936
603
68336
39144
44363
99758
2259
44282
58612
51707
30206
29793
42266
1975
70479
76198
51285
9370
83077
25177
31614
6026
93802
49710
40522
81714
39165
6241
21283
96369
73244
90874
62501
30159
99755
62988
63666
15755
86403
70167
56467
95983
41402
14541
83468
90021
25898
37746
80443
32323
28225
28156
60364
59649
46437
69274
70108
19372
55170
36593
95688
71666
77169
79234
95441
54494
39142
56007
48590
87774
76758
8092
78030
36511
98723
55322
14761
3386
33350
91870
39649
64296
60344
83433
82938
52657
72317
44224
3123
38338
89997
99764
31681
48701
23808
79356
16903
65642
19350
13918
95987
6988
20992
56269
46551
19982
53806
15627
65603
82300
33942
2128
10364
49645
88702
15459
1787
78718
40614
15685
16228
65275
35989
46733
87105
72758
894
15565
50587
2010
87598
37652
565
21464
97717
77069
46437
97024
9935
72325
33743
16877
80366
41514
77407
97847
58502
42862
97251
85100
60948
50731
31843
59448
43788
25600
862
89632
98398
56122
23874
78223
88195
50638
54471
78952
54474
59682
97769
46170
22874
33099
34529
66673
94243
76849
59103
1321
8645
48463
58341
55838
40732
11927
24643
71327
92199
58483
29354
37760
81107
4293
14799
73551
68841
89711
17375
6014
59825
70351
2873
37119
98786
77442
18125
95438
43783
98218
68495
75176
52911
93834
87639
47449
56464
58318
16280
64211
60633
65703
85274
26458
32307
65140
19255
62205
32212
93244
33455
3071
3840
88632
33769
58771
83899
97614
58086
95590
1840
62327
92739
99062
95575
98
24011
769
27974
83218
51094
82232
11383
60866
38787
93042
16050
53737
23629
82077
25591
62905
37133
39311
10794
29345
6123
86554
315
48690
89602
27902
20496
31870
89104
64601
88690
42460
24982
1562
77681
10504
61938
66931
39893
5800
37399
44172
28770
66538
61190
16435
77670
22633
89355
16337
16611
68782
63286
78041
57204
31282
22868
85498
36989
16226
95369
24916
23795
92731
15980
19143
74565
47829
15104
73030
22278
7452
86347
59723
51256
92281
77684
26628
53271
18544
734
64395
9471
58499
12219
27987
40858
50643
2351
54814
32650
51558
42371
66092
30704
26532
99233
75533
44918
65627
98195
27128
12607
91011
499
31828
57257
65916
11502
83283
91708
65107
36186
74623
53394
88644
53168
51660
31075
73849
59432
2765
84811
35088
99185
80739
12602
80378
64137
10864
69689
12928
1567
22058
68244
27552
16770
31851
22440
84086
17638
15812
14026
48598
39123
45650
3921
75349
10281
58409
30977
97959
78228
40749
75509
2530
98439
96191
86344
69666
20792
79316
14016
79079
10009
21474
94136
41688
74286
96179
73641
94442
6224
74876
75508
46012
89981
98920
61486
97658
90553
88109
84808
98017
3845
69568
25850
35810
1818
23044
59052
91136
55138
55773
77953
57683
4340
81859
98816
73743
26122
58194
52928
95582
90272
47742
9071
64778
96875
95780
47711
58519
9140
5148
98478
87917
96528
81066
68944
52307
21789
91028
30043
55414
39963
76782
79375
5514
89604
52049
34752
69096
49609
62570
9377
96341
98923
70254
44751
83459
55187
86827
84791
93424
12175
38938
95237
26508
13769
24337
66730
75321
38245
86997
7049
18507
31030
4812
88894
38222
2366
41136
34059
58535
6465
62240
52833
83827
83556
8049
20071
95019
43048
77473
85226
5001
13117
63724
90465
52932
20068
65111
47132
13111
20421
33066
51529
41473
90153
28699
17090
4677
57173
94693
95862
80241
83236
63096
68082
85403
54816
83433
66508
18376
12797
15082
75468
28902
42962
24917
85240
3673
6421
20418
37946
26707
7249
30391
54640
3772
40550
5631
51855
28914
43198
24915
67125
43721
81575
33109
25610
4819
14386
73404
37778
47099
22119
21258
28018
56460
17763
39321
46300
53166
8527
43027
68216
67920
98654
95937
56753
41025
32803
53787
80762
1784
88972
81791
27963
2676
58015
46621
54652
21470
50383
35086
14220
48171
95739
45700
63918
57821
99875
92829
55745
90856
98248
10097
66347
24370
66911
13931
99521
87380
44978
86517
32725
1853
30131
78187
52189
51574
77086
71026
9052
10976
58314
85953
96175
14233
55723
1693
47350
61854
43815
75523
76061
3563
39186
96191
94885
18365
64489
45721
5140
44184
24168
48111
68214
69764
79848
6909
54095
82098
48537
8761
13662
45245
45783
46075
11823
33196
86124
35737
30493
51
54082
48849
57825
94297
52003
85088
47452
12789
35599
5264
37214
49490
96793
91118
57936
93617
96607
58840
14244
63309
12484
83573
72726
17625
44523
82303
59295
29574
66226
31644
76023
61921
25705
3019
8036
73689
76557
96793
80451
3550
56934
11251
70578
26693
20313
71605
75479
64168
78570
2241
22321
98026
90418
76428
69497
94712
57113
50962
81492
70347
34353
83370
80824
77898
13103
59059
35704
85965
41893
4270
43406
84444
14816
84742
30148
84949
20060
2314
45728
26573
16927
46779
64393
37518
33209
9472
68090
42302
92790
91543
95298
95392
40413
80294
59092
62804
1800
95695
41714
42137
51296
34562
91250
4243
46132
76269
69546
94952
34774
7407
56285
47236
10418
66826
47361
19580
20492
79638
19148
63535
21589
17010
13244
92296
29001
48661
10304
74241
88329
6403
4198
89634
7888
6811
80769
21351
81075
5741
502
52959
96314
86057
91972
66513
73430
44082
49581
17753
24350
5714
84101
78479
52170
73351
57943
32232
9355
7355
46574
44119
79333
93873
88039
52652
22602
36411
32656
89052
67924
93449
31229
52897
1726
8443
66919
46392
36095
2168
23137
62984
4261
43287
16057
12130
44330
13979
52614
66564
90453
90523
88532
27000
2640
33023
68138
59898
62690
81735
39348
89270
48680
93189
55570
28463
70420
57067
26908
36733
41730
44191
26064
9134
51859
27627
22810
43980
77896
74192
84254
15327
2973
22907
4229
72522
50111
336
45986
77648
64363
34979
96960
9497
82149
81893
170
56144
75474
31291
67542
54724
16146
49579
4335
5518
17917
19024
72029
66002
5369
93196
95731
1982
35445
27421
98325
45455
34342
22696
8932
28307
55163
41106
75464
72010
38014
96654
38777
8102
10986
64496
24553
66545
34308
72000
52849
27757
19959
10667
94903
14774
46480
56307
83225
80036
8210
32614
29849
20781
28087
12684
19236
16167
87621
44570
65792
69771
67272
1219
48210
86101
68145
89998
76170
47656
78987
65731
44428
52142
1269
2495
81019
1341
99201
99176
4355
73237
10633
34394
94691
95590
32008
84991
27574
4079
35484
13181
34365
7457
80150
12457
15114
3426
59931
15801
35851
79885
92987
94871
37809
35478
1355
90418
71709
11435
7137
97615
77190
52919
77996
86556
5865
88576
59725
12133
50925
64624
82998
40703
32529
14576
67677
58178
51669
96880
25596
33652
9922
25252
92553
20064
2711
73033
30637
54214
30161
19781
63491
72268
22645
85515
97072
29234
69309
9182
67545
61282
56670
14893
9445
41062
84498
96413
43312
11284
11142
39620
65544
53285
23554
87537
56104
71843
23888
96554
87407
42560
89867
60301
36828
44291
46822
80760
33128
82622
24757
79747
85152
86747
96604
42123
52286
92341
28307
8010
15651
20674
28754
31234
5043
72846
15423
36121
41453
95811
56849
30269
97253
93220
49023
92168
64223
3993
84970
8159
38442
9445
67684
10965
90967
68979
61628
14829
12725
34031
86216
15036
95659
20369
95085
6893
90225
70739
84365
48382
61995
6468
60685
56135
43810
79286
43266
21755
2689
17905
99864
68871
80361
75402
16191
81271
72113
11118
70002
50200
92702
66905
53541
12280
53211
33507
58570
7401
27381
954
68224
12485
40438
27339
68089
38956
21980
10713
11527
89608
80693
95984
76386
13842
69112
63891
11800
51309
43523
98417
61809
16047
56077
40726
67870
29024
6280
91038
56766
33724
38197
80869
94829
70738
23395
70554
14249
71439
68005
45554
45889
58613
7951
79000
88765
21124
70573
54114
46948
65979
4480
13311
6862
90903
53942
22572
96711
73818
94021
74214
93053
62407
62051
95129
45030
19562
69733
59351
19280
52085
8242
3653
10662
70948
32484
40783
78492
19458
538
53468
26392
26149
87004
15260
38941
40436
92365
9597
54581
33416
49798
40957
78586
80080
52245
41050
24353
66383
38161
15174
47779
13825
53976
91926
83818
73531
94311
74169
4884
34543
25973
26021
89895
80654
90732
43532
17938
19305
96965
85934
73115
45712
72576
26985
1450
95195
4829
93868
46705
79623
95738
44297
38262
49015
98569
81160
51295
6588
89932
40856
40921
18064
58448
44448
85189
18780
58691
99220
51040
23930
36276
71203
33325
8596
134
28909
42816
1547
99600
95282
55626
75476
23732
52582
24188
41789
75130
96289
36250
84621
82504
74162
90783
64809
7392
68883
16678
37746
59702
84791
61947
1516
41932
86112
34527
97402
29709
29390
89490
19045
88162
76306
63264
16028
15476
76096
10411
25684
69343
72643
17648
4017
91982
62026
69017
28893
92825
49216
97246
8788
58840
71929
15353
60931
54947
54953
58117
83685
42344
87919
42514
2604
28743
90830
6759
62401
18733
9051
43092
14051
56331
76626
83796
6571
80019
81028
37883
79024
16015
23500
41218
98118
94526
96095
24044
92674
36107
76129
51667
29880
70891
90004
87572
30181
49843
79723
6004
51817
53716
78428
62094
75852
45524
92372
24282
75329
65770
61605
67963
69223
91510
36026
60420
41196
29210
26540
29512
1389
98681
96877
7870
85305
8203
11041
30637
24340
46170
63884
91642
33462
75612
83206
52491
84243
98605
72811
89558
66198
65384
6160
9771
13990
35202
71632
68698
69995
53859
13988
79651
36777
27265
23313
47449
8971
42619
7770
26225
18363
68815
86070
79725
93678
63705
80285
78559
57725
37225
73085
90812
39181
35360
1897
90527
97168
48358
75088
54935
93573
51562
81067
14543
51514
98807
32784
80567
91858
97168
89828
56436
6849
47720
12494
53089
39956
87712
71494
62175
74061
76638
99308
65601
25388
3110
37492
99917
68906
41336
52127
66415
15295
80357
72166
14752
21091
6127
39792
37614
73297
32541
66050
17065
42728
24728
66838
56682
23307
49764
97028
14751
47848
79902
88732
69303
77302
34095
22
23015
58071
51370
24737
75159
68765
49768
66168
26892
79977
71037
13267
62130
91406
51894
92889
72741
84180
37170
74994
63132
54041
72794
35643
11699
9778
88958
87027
12212
22127
37102
73842
93025
56412
69234
98906
21889
59587
31014
10245
82501
64975
37941
98366
24053
25740
87664
93803
2779
18794
10155
76808
56044
6849
77141
62223
71374
84142
27219
62611
26219
12859
71511
52429
7537
69116
25378
37581
28514
5718
46483
20306
10559
44090
58922
22324
27820
59535
55614
80766
14176
23150
50328
44762
30700
31878
25578
71845
9253
35328
11727
10561
58896
51614
80127
52169
99177
37116
50351
97023
19055
87416
9220
35201
79791
50701
79442
53883
8076
32283
23605
99574
47208
68835
81035
22509
12498
77134
85484
85120
45644
61613
2247
15585
95287
8795
69274
75596
2493
7551
12941
84724
92731
77550
23436
19352
65417
37837
77151
99605
18344
44596
49480
24437
46279
76462
80857
88581
61969
29436
10383
83556
25110
76185
43567
53623
61812
32760
81755
23737
91587
77866
50832
46128
72794
95965
20575
4667
12993
37758
3207
935
76500
89886
50028
60033
8912
99762
27062
50630
28349
68596
40520
75254
2008
66279
13914
83334
68572
20728
37206
88725
97613
37121
91564
72918
91168
80679
87218
78988
59402
25283
94940
19093
1316
85501
20820
78365
83640
77811
95253
21459
91626
40154
20906
43448
39622
8732
31998
96340
88482
80191
45183
86722
97039
29991
18837
9292
97890
48561
81369
64785
34585
84544
5491
37059
40396
48917
21716
77549
7666
13559
96652
72753
301
90386
73001
88912
44595
12699
50030
88163
72921
69810
85643
79910
98014
3520
12766
10612
57298
56480
87750
44366
22306
14074
6688
34932
38240
55146
45953
75414
66387
6015
86030
17764
85048
54464
14682
91682
60244
84201
43741
38871
4215
12563
82286
91621
10062
92913
99005
83699
67142
84630
30671
91685
65176
4500
39703
62253
79349
73792
5838
26907
56207
57810
60110
44656
31617
21352
21265
13808
47996
87017
19201
14422
35568
88391
90459
12417
15667
37246
93829
81388
84561
3993
74952
83388
14256
81619
57196
85586
71454
70971
69327
90784
52857
3697
42978
7736
62331
4686
98336
39680
27712
88928
268
28642
49590
50034
26982
62848
57888
3402
36073
58597
5798
33259
98884
1974
71965
62331
15123
16711
87439
72639
58489
21994
50310
47139
60060
2050
31546
39446
95645
73717
55188
8081
83795
56736
55230
34712
16419
67269
27978
7225
16926
2784
50908
28946
26327
83607
79572
88527
52255
65135
98332
61969
55455
95099
19658
50538
99122
32336
91346
82724
69276
75636
9484
59169
22634
11316
19645
64413
62919
29621
21861
90064
82105
25922
40548
48624
10710
5220
99881
73844
4902
5808
77561
34355
50134
37049
93304
70026
47254
63463
38487
25820
30160
4032
15547
46900
12869
69954
56710
11206
38502
7698
60132
96307
28108
92495
8595
47339
45460
21920
73424
13901
9339
1964
51002
22954
60817
76520
47109
72840
76509
65226
19006
43138
61005
44701
13142
66828
8856
65261
81293
32917
27731
89378
46108
69829
7340
81962
37662
14438
77286
88975
24572
7519
88497
96008
67348
81850
65733
15178
27973
52071
91067
89567
43002
3354
86856
32815
91888
45936
38711
91899
87462
90191
74370
47209
20096
491
76365
50777
50552
25348
13183
3285
22913
26957
77309
88231
28729
21512
7493
19301
61131
7660
6692
7560
91678
13609
59348
78075
5310
10690
2326
43406
94341
66616
68072
96841
49829
95208
67491
12510
91925
2955
10163
94839
92661
28060
48659
98031
92607
18230
73893
31421
86540
39227
40780
29770
1856
47985
16614
63587
22068
62150
649
51499
97662
23061
98456
86664
20895
77057
90913
84829
27529
8382
46135
37656
62858
47791
61640
33090
68505
94089
49722
18676
93212
23383
69286
70025
42740
88887
71345
98670
50533
25730
80195
51413
21670
36840
16518
20201
43201
76249
89117
85404
39304
90433
4318
96252
98325
39787
24878
88229
2363
38214
50583
59440
46158
51941
59656
23368
70156
52703
56265
47261
69735
95415
78010
84306
94960
56855
63431
77008
92033
34677
76554
318
68870
2808
6109
87816
38697
44467
85946
35868
53849
62063
89361
48404
80471
56488
86981
74861
22109
48494
66947
59318
86475
48875
45376
78532
8431
29092
23022
2818
16080
35033
60507
28454
89592
7014
8423
16383
16315
2828
50303
82634
95880
65194
24699
41828
4363
75620
11696
69722
8156
64358
45682
75932
76808
24322
8458
47856
66361
19861
41648
96290
43589
25255
32774
83929
77968
46833
98544
4485
447
33721
75379
79221
8986
2361
64137
35717
34749
57598
22270
63380
92924
94380
75275
55667
90160
21087
22156
19481
83106
78572
6336
46772
61138
2150
9821
78267
62660
92124
2509
80446
20360
71167
79721
159
94117
73666
9008
67801
92738
91194
21188
3934
20625
38533
1313
43808
21463
9127
11835
79013
7516
78127
21139
86909
1228
41272
58229
20367
92967
34059
41937
81391
63787
19874
92692
76845
49468
21703
57763
70695
66254
21019
46996
56158
1007
59507
48008
57157
27699
78589
8265
79830
94876
80384
10940
98144
55334
65857
37794
1883
62925
37122
40881
75419
72476
32421
2890
13058
33043
31630
52951
32496
12436
91046
1283
94390
54538
67228
75093
50121
47030
67494
68554
18449
53719
30181
5231
43649
63061
49446
60728
98497
7691
7941
24512
34086
94895
39244
30749
59396
52766
19994
13663
72090
96361
38014
15493
18731
31606
3682
32059
10797
27765
11237
61364
39706
7456
87009
32993
23332
24877
39307
37707
54726
90131
760
22546
60533
19671
53116
97986
50069
78802
64846
943
7432
4128
82216
20782
58369
47560
61099
35215
20119
94499
53855
67034
58869
32779
72663
32133
56270
9185
62611
87183
4749
41467
61759
64508
29547
82536
6297
90414
47674
48833
20848
34076
5822
88494
84520
57713
47259
86098
63961
25732
63018
40437
30167
76592
66405
94636
56557
51791
1570
15686
4355
51672
23932
73877
24478
26897
68812
39544
29478
1235
5047
95553
59299
3353
8929
41703
13345
74532
68703
2154
84370
50511
96970
5951
44274
40265
94959
23383
69574
1908
90308
16720
33438
40825
52853
99991
58553
25030
53980
44600
48936
63942
29423
83461
11403
70203
58035
863
99895
61498
8751
96899
57721
7682
23515
85204
35284
47579
70871
57697
59366
64840
26712
20306
53320
67016
13661
24341
89685
5838
59392
27871
72642
85819
16520
35169
67275
63797
8507
45929
1455
26630
43920
6705
60657
80340
71874
49833
39392
6008
62497
96956
41488
86941
71491
29409
98951
38519
37304
88865
71028
50750
88027
60255
96473
54693
56100
67017
98313
46779
46362
79290
83756
23870
52198
13289
9472
53142
28930
86225
55546
18517
62129
81022
20906
28425
41576
88305
56380
14396
13898
92272
9467
14121
77233
87917
66672
42522
18152
63249
66120
61122
94070
18085
66131
71700
62132
18749
35241
66207
52384
15266
91111
94246
81066
85146
62167
98848
8363
78005
83374
617
53974
47095
43310
6339
14503
1949
74988
2349
14327
61390
87500
26749
67506
98943
98312
7837
39679
41795
46704
2816
79326
92974
43819
5248
27345
40388
15483
65333
30609
44066
14335
71411
74753
61544
9458
76001
79967
8898
81136
29393
74583
90642
89785
71233
22130
79100
50958
85325
62187
62510
4472
63471
99746
44553
98313
29205
394
32688
71354
93596
34877
9932
2707
1038
44463
87993
41865
22294
49887
23857
51585
28092
62602
72435
83859
94017
50330
82640
90666
2808
82972
88306
64743
22815
61936
59208
24389
3609
29977
33106
3800
81834
14291
73606
47695
86190
69924
67325
95960
6454
6731
62526
3650
63392
8309
8580
47646
12658
69871
45006
97631
61746
97494
1123
85280
42085
55402
38495
57125
82274
35841
35647
45913
11058
91191
86085
40214
15303
9475
56264
38948
58838
97669
4892
87928
34354
60924
78745
10942
76295
77972
35339
36977
55919
67420
42165
33607
97140
45814
54498
62346
3299
29767
95434
68481
68169
65390
16893
76813
22829
78226
81391
27695
19657
30483
41536
92391
79174
60995
11078
46935
44788
96494
7898
90982
22467
78996
28828
90176
92833
36503
45188
49402
61264
89263
5286
72692
5602
8091
32193
60120
61492
11347
10724
72638
24388
68825
77085
62802
40881
49325
13088
19789
53326
50047
2384
90239
74274
61183
92813
88335
62143
31057
1370
3865
21692
6365
58185
56982
71825
77890
29190
85498
43151
54283
86589
7510
24730
15833
30761
85053
9733
43935
55545
18788
55272
69805
85921
60451
44831
3524
15835
83864
18946
55177
74456
67530
39740
75381
64487
43243
62059
62312
46623
59511
42932
78301
90509
57657
34112
60633
26773
63693
60886
2973
18535
66784
21558
95643
96768
15315
30800
99174
53818
8479
59071
83394
12305
20114
41285
88442
4082
62711
90787
76016
82498
92020
10325
70127
54920
48781
94281
49660
1944
60486
21594
92139
92413
66149
49133
85742
62402
99638
96103
89544
42334
69256
35113
4928
28474
93781
20809
86353
51551
52159
66254
86430
75329
71029
92616
48803
5026
50741
84681
86278
99396
67531
78948
36172
4431
47960
76896
77353
66491
78542
75609
34127
90523
68503
59412
43463
34118
22069
36285
68190
99779
40581
4991
92278
68720
89149
79743
9470
63823
90708
83733
38876
46766
20289
20935
72966
34865
15291
27044
4080
61310
58655
71162
63679
70725
18608
84565
70780
72490
52473
22741
23493
60337
82670
46442
66013
61476
91185
61487
3172
41988
70576
5600
77249
56969
94219
83449
30107
93400
51379
53900
97031
78112
24590
16383
60476
84017
75447
75616
3234
45018
13539
84581
4969
11389
46302
60452
49142
57393
38740
26220
34776
99731
21003
58047
99225
60651
10509
79660
98384
64886
72836
18157
58835
11861
5502
82874
3689
35921
50417
94375
43037
43753
78327
4705
89199
2235
65050
85665
91333
80459
59467
70090
78687
66482
39595
92133
89352
26597
92717
20886
31496
70081
65971
84954
56119
93232
7892
71551
9131
51547
10208
93665
87922
6221
80506
36157
32571
43743
28356
60787
29839
9861
69945
78589
57949
97940
53139
87462
13107
1262
28716
66985
8137
75628
33570
81959
35799
14854
43892
27140
17766
24802
20617
36255
68
62167
77744
92332
60497
69885
53089
88656
78103
45812
42947
87737
95862
54477
11143
63863
95997
16120
36401
37434
36629
19019
43030
46697
5111
28459
27681
8860
94942
17722
41616
11159
59767
830
2332
50532
37397
99626
58166
58572
36449
44235
17516
19537
63694
87985
21674
46859
23722
65080
1982
33693
23825
2930
97524
66579
41116
81810
49152
80507
62039
61176
4826
72733
47536
13748
57218
59735
53610
40985
89733
85082
79249
35103
73561
76923
15368
64532
18498
57687
3327
51617
69207
73190
66433
82517
79582
77370
11113
39120
33940
56724
4244
9454
7657
93475
58129
59982
50216
56059
91189
58973
80244
21390
33356
40452
43597
12969
38378
60875
68626
22510
36607
85832
54017
34601
8488
76808
85018
52465
55234
61369
27873
88797
45338
8818
35138
41536
77600
54047
57263
84322
8506
85708
92677
5565
80181
74157
25485
96081
4246
15017
13054
9956
50734
87713
40927
96506
90444
22112
56298
99660
81836
86464
87917
51912
65901
38166
55018
86373
43201
94492
72925
45537
36445
96282
33246
15962
81744
14352
99612
80261
37105
36161
80618
35022
6544
54783
74038
89228
60623
62096
95572
1568
74122
34714
62937
59370
37585
63664
87715
96424
31734
98841
57238
66860
77057
59513
12769
92153
34146
35582
61535
71354
1950
13993
69626
58591
51466
3255
95178
56405
78294
85548
93498
77984
9568
14139
60843
41783
15273
83731
80371
48573
96165
11881
69789
44631
28268
36222
11124
97775
24877
48206
26362
32964
87106
89237
66130
36972
11743
91805
25726
78791
15588
82568
66658
26497
23282
18390
29447
22403
16378
564
77756
47863
18097
36673
16503
79062
98464
70622
59545
99823
68503
81170
66832
88343
44738
60023
99158
99752
51315
84260
97462
91448
65503
28312
98191
50454
86053
91808
50737
90146
56136
2149
42564
55242
21086
89845
34599
49309
77954
45580
56822
38926
29828
39326
88549
60071
27456
11172
50826
12263
82571
9377
8855
97754
32393
21648
87012
48819
40796
1548
67115
99560
84503
21755
74445
62026
50769
45016
72018
43712
98421
14652
68750
83359
92726
20488
4319
23944
75424
32113
48690
15422
94698
46952
81317
91266
44903
2309
80135
11629
4635
96976
6588
72265
99179
53195
96669
5100
85005
35103
72316
17843
53023
79746
97956
57687
81875
21474
49407
67950
56168
41361
98514
99232
35796
41836
40899
59940
2333
21065
50043
75447
63975
72349
3430
56153
74695
63688
86806
77892
74358
42750
21320
87593
37186
98386
69694
71497
30142
42273
41195
96268
38522
81400
52110
71906
92461
27938
16310
96308
76142
21106
71523
68070
49667
2314
54285
87947
51280
13446
64350
33029
47185
31400
15610
84664
29923
83777
18815
71817
764
89880
32583
74840
46331
54714
46410
29943
10554
98366
78721
24614
44896
23379
8965
31469
23411
31625
566
44341
74378
20025
18584
29827
45057
82738
60055
81682
66918
1761
10955
30220
69648
84028
60726
20068
51951
79275
57482
70995
60606
65427
81545
1198
84341
74080
19460
64800
42363
82959
46276
14729
59353
80342
9735
75347
6442
91120
50690
94188
1294
29768
50438
53605
95166
29889
20349
94502
14905
52479
33331
27819
60765
54198
42001
95360
90930
28814
19204
63892
4160
59215
71324
64413
39553
55695
46865
73800
13424
29781
41376
19546
7104
92521
85908
95081
35498
37946
32383
16720
93055
50891
35975
8531
97212
65819
89950
79951
11419
47951
80169
64444
86501
76479
94722
81027
8741
61626
35257
73302
21272
43222
26613
54608
54145
94328
86328
90411
633
83804
22721
72535
15267
73026
13259
92541
221
43541
74867
86097
20371
12313
88183
30765
30670
38640
33273
49808
45002
6313
53379
68146
14565
9479
6244
64770
74546
95433
32952
92671
33678
44091
63590
44175
93898
65112
65476
95
48518
24857
21845
31160
72927
991
69650
48218
56096
82937
28390
59256
27124
84754
64754
82064
49947
61275
53746
48132
18938
19536
14359
16122
45069
72298
86675
75372
98776
42721
72532
84781
18587
92603
80327
12729
87235
73141
24958
79448
2493
