19855
74371
50140
99769
38940
98655
61344
80535
97042
5626
98977
16090
45443
82675
71109
30617
50550
19938
20074
70993
7512
57344
43619
6109
22977
82214
8336
48548
91774
68686
38010
3629
55040
46966
32008
18797
89217
83523
74144
45985
92878
46497
77501
72471
7189
34281
57161
40359
5580
73979
79768
83231
19803
78347
64034
2907
53864
5144
10170
21844
45182
56823
49391
29423
56856
48654
47870
38806
92623
43741
35602
70020
41950
86871
18266
54906
69230
41453
10757
11247
60867
396
24028
19716
73314
52509
87291
65108
47421
95338
80718
47530
24125
33441
74117
3726
15435
45328
7188
64664
38779
21008
78121
5381
50805
39775
28074
37798
97921
56101
74282
8885
92558
75576
89576
91459
89439
9755
6341
67021
96308
30145
61536
78701
17776
53360
2671
77069
48620
51328
60284
57270
64119
45122
41721
76102
38632
56861
31234
17376
89442
98260
21518
28318
40962
83844
36241
4321
3080
393
945
35145
10240
14496
38627
83264
21452
75751
38338
18480
14800
26337
9931
77429
90137
30902
14519
71853
84906
31319
11414
81900
66117
17086
63205
46252
51955
46099
26923
40514
61200
67244
63670
25324
89974
26060
94157
65734
67108
94476
60561
86491
78410
73112
6165
75033
74004
95568
3255
10653
90641
4366
28474
55086
54846
7751
94529
62662
91028
22090
79946
54442
46187
92774
26821
22842
51209
83945
69456
71524
59692
44290
17488
3827
96975
77864
750
27013
51132
52852
61227
77211
91278
64328
25058
96713
54882
42419
44600
82381
33434
93549
70210
55516
35021
93884
99476
72696
1871
35610
21409
31902
57400
73805
56820
5275
46355
38902
84874
86015
69989
62149
13577
98826
77528
5897
24513
60098
91492
38886
47710
55271
30745
37311
82599
23550
17835
58995
90998
83753
71193
83683
59316
7799
21308
12561
16657
52760
65641
19685
88380
10537
38980
70761
19845
95022
89857
96436
67629
55805
24375
43300
98342
27447
84324
95652
46893
58290
84983
65485
93696
28497
43134
14633
5949
70517
45388
21203
5593
54412
42150
39193
27642
5800
96395
11171
54002
79211
20926
49646
42584
6814
40081
68785
66340
76225
78864
3905
43175
45180
6215
90384
33733
65716
88752
1936
57328
35994
4957
3061
61058
74749
99710
37656
45783
47968
27024
24119
72708
90694
86019
10042
84536
40745
84710
95313
10285
45450
57424
66234
23339
57154
29293
1406
50362
95255
4804
58267
66689
85035
34562
47900
45952
24943
6917
46884
5318
852
50886
71305
46320
38434
25315
93853
3007
44609
96968
78313
47253
64532
87354
52210
33899
38055
68831
72061
76114
84765
84014
31374
43524
84268
91599
69772
5286
80676
59758
35969
73149
99626
60513
39293
81897
11651
35795
73434
80802
36491
81516
34875
61038
96806
20543
78029
71261
73038
67409
80879
92481
8395
77089
81678
25869
96832
49368
46217
28424
14690
15021
76052
54190
76068
44821
343
92612
85837
20518
34454
64245
16107
13479
36812
28398
59009
26326
24880
58419
4124
79605
49178
41276
61251
48050
85311
2255
24620
10449
66039
75099
36780
14424
31392
4782
3655
45174
48092
6324
44645
83889
43893
75884
17829
87020
64960
51049
68203
20593
5471
50338
87444
8192
62945
58646
85803
59668
88068
90560
56597
63982
11131
85010
84966
77761
5994
41905
47702
67225
55566
22445
64494
26056
39866
20411
7996
60495
55867
58513
78055
29189
38781
29950
59164
50663
551
13828
88518
17628
66562
64626
17852
14212
83351
85794
22229
35836
12757
66763
2647
4817
77234
7972
96812
87071
68745
92918
35638
27428
42434
29309
24313
53190
3791
14587
26742
14269
93650
7033
19385
24670
7580
39674
6504
69285
96272
88350
86300
99711
98182
51472
3564
5201
53260
90860
33124
35465
40327
67793
9237
18655
66807
19454
92357
84807
17784
3981
70759
88565
63077
68297
25318
99117
43703
89133
64028
86855
11979
9466
43135
35132
26081
5524
71994
79023
59680
10810
13049
26715
97592
53472
45149
81236
58303
42026
63120
19516
60925
71400
51955
55654
67811
86537
50099
32319
90774
125
68027
76157
60970
16395
26146
24231
96713
89003
3301
33375
46323
65505
18927
38824
90047
44182
40180
70296
81695
19445
30141
57179
27297
63647
32606
90625
30834
19436
40900
96005
10814
47807
40202
26075
5234
33316
15594
83350
61411
89224
88336
4339
65927
48853
29706
92261
76128
24969
1340
66686
50521
21394
93105
50326
18441
27848
1227
81467
78037
17190
50395
37622
5714
90119
45932
56981
2664
18809
18202
98939
52498
60481
62176
6944
76545
1035
8623
16198
47424
86283
99771
11353
61715
91829
40750
37666
99833
61557
60672
75657
37680
61676
31006
58276
5559
14089
74471
94784
30990
54271
86934
5130
94234
27208
83386
37435
71622
66902
35681
66398
47363
91857
94418
79999
9711
27027
28506
24754
81620
9788
21439
27965
18311
52178
41072
80547
38673
53496
57917
74414
27530
88874
40995
28441
14593
68499
9536
43895
77688
779
8516
18338
79020
59920
52840
37956
56467
79199
9017
53659
62302
97935
91084
89421
30878
8427
6678
98921
94402
7146
92819
59861
43166
77229
60580
41433
48744
29556
19606
12712
16220
26781
84285
17638
40096
77562
87040
24666
99201
91021
42925
1553
98556
82691
85197
17612
7545
49131
99186
50888
34929
79442
80429
81064
24720
6300
30909
48929
30805
32
48994
43522
407
65664
77359
34653
97954
28452
4669
65558
26751
90322
77020
31816
17873
18732
18116
93550
79164
7943
33834
54325
48864
5219
85935
52763
44259
51499
10066
34115
95532
19307
4102
38105
77835
82601
45214
78268
42775
6530
75268
60685
69872
33922
22761
61491
28418
61630
31575
8936
51339
8562
16738
36611
23059
11346
1884
57378
95162
67311
48008
88148
80849
97705
40487
94113
75390
32299
62830
48439
93346
39272
44569
39122
27575
26095
16632
30310
16979
70189
19431
78220
37258
91744
96604
91655
37968
64468
12346
66450
96763
78172
11138
14120
74918
15598
4233
96399
90066
12475
90948
44161
68392
68009
320
88249
22010
53487
95342
33239
80615
92173
41275
2832
58301
68742
15806
46901
30264
90107
44907
2205
34921
18341
59940
32754
16882
87502
2287
15061
47405
29132
57987
97615
43244
34043
13212
46902
23708
78294
42158
76600
62755
87826
15766
11142
97640
12183
80619
76480
13617
57788
90708
41465
60231
4734
13939
95175
87415
71356
70623
48265
42322
19250
57839
94549
70163
54512
51346
24349
60096
15191
91484
8413
72042
33008
84603
17892
92687
20552
8
87869
50367
23051
77720
94265
5819
11580
67826
97402
56729
10094
85819
6366
78372
21762
44973
88134
18593
93374
53446
19619
94380
64646
59293
59740
56577
60122
56239
24765
27702
52812
8983
7520
63109
51836
79357
4689
46408
90610
16933
85568
55101
49206
78248
8104
54825
53103
25280
50007
62713
32823
53596
28282
32963
64568
13555
9287
42667
96902
73046
5830
65249
42295
60510
56348
15432
85411
27269
61013
9682
96852
13744
97453
15302
6730
68553
83516
23236
63758
29772
12892
88927
23473
3095
53368
76201
224
35940
91730
47213
75686
54451
88849
63349
56830
85632
89606
32555
4019
8533
46297
12573
25367
15512
90965
6746
82748
56676
23500
20760
70450
16725
1352
48760
6046
76541
1840
93922
77779
41748
12947
54602
24207
81772
66740
78644
74613
20258
26609
89235
96482
83376
80050
49837
18990
32096
29067
39642
74145
36059
17870
42155
98256
74912
56016
872
8051
22192
1558
93330
59876
74757
58012
99943
26869
11843
90433
57155
26446
38535
95795
6755
97699
19996
16690
58501
21614
15852
68004
30060
26990
23923
41941
88512
49307
37040
58504
63890
79268
65749
23934
66397
64839
9373
93537
82215
49292
43037
40942
92806
97119
47219
36926
15296
30217
2747
4271
49067
18826
66209
16435
98516
10517
18608
97013
1851
83303
59689
37251
42010
69509
74767
5052
7622
7793
60383
38872
3887
35240
64798
82830
93666
13276
88522
82150
25389
64649
55538
96220
79874
7734
25346
17997
31349
46987
23926
32098
63872
39081
49935
4854
77766
61545
92836
76261
64115
27413
34608
71891
20322
99517
75913
82421
61241
75960
73137
97984
66639
33208
87653
8877
34702
54151
92339
50054
42932
28547
64104
88720
11379
69876
72935
76308
77559
97254
83446
42284
39688
16232
90163
99878
66597
44191
49827
70936
13969
24935
17963
55200
84586
62088
73016
82998
72467
60721
42872
33298
64180
24563
69515
25075
99512
50460
89844
20659
15316
89743
78218
68804
80327
22109
53964
15942
30588
1602
88817
57897
72812
16862
66844
90458
86593
26158
33646
89164
98389
58886
98230
41188
2970
41358
32867
12320
48947
18102
11291
42596
7006
48823
34820
1219
79093
55144
28607
71463
30506
69881
90612
3934
7408
4432
30472
65025
80472
86014
93036
20801
92793
58972
21872
65520
61673
72423
21716
28458
6312
81622
46590
79230
65180
55988
99239
90973
98870
27390
61264
81245
77075
40666
85651
80330
78911
72754
27540
47946
80372
14636
80886
65707
73953
24103
28810
69260
24710
35636
45090
75301
90459
750
1219
12339
40719
38264
43161
22244
96302
52722
14532
15771
23804
2967
55952
18785
41503
82358
45059
63592
36217
57355
73168
79645
22354
6010
87976
62794
41588
49991
23600
7493
33712
31700
37325
95800
26366
73336
5692
95277
94401
28569
84830
71446
30825
73830
40977
31575
26130
85811
65338
78129
30410
81425
54621
91275
53456
31721
57519
96382
25240
32053
1091
2846
76267
93980
2625
62017
49355
60840
30325
10061
27411
75910
22755
80770
36957
17721
55928
40160
97374
79867
46715
70486
50924
42545
96451
7273
2815
41449
76610
47102
47733
1107
88703
59204
55568
36121
82081
98241
74874
10460
18823
39351
32457
12077
33685
51442
45341
98373
98921
88657
27141
53250
20012
5774
46114
71806
74692
97836
8772
75469
8421
20092
69520
243
54248
85452
32483
22655
39988
98124
82288
57832
31288
69343
78853
49123
63994
25275
15404
48286
72490
348
41485
796
73328
76843
4977
32430
69189
35206
58433
24778
90557
77005
62285
46282
9409
51752
10568
54595
66587
17752
68528
17376
37738
13337
78796
92283
16566
67920
86639
56216
90173
70007
16953
47678
34316
1122
4668
29619
37833
77997
14875
70995
83821
64292
1807
93740
89423
64750
28611
9272
15099
41495
7903
64824
15874
42105
19363
11178
53803
80294
25065
72327
15687
30069
84652
78364
24450
16422
16168
88322
20470
6644
5751
18972
97625
15862
38074
11277
36246
54833
11673
15571
10585
34110
39073
34660
98468
38195
75884
12995
79007
4337
1503
78495
5420
54506
98316
71880
29016
32012
9912
87887
69006
6543
45943
2298
95494
41110
15283
39488
86778
88357
58924
12039
29080
51712
41145
18327
85172
99644
61100
6650
54293
34117
74292
63699
63376
36554
62908
41817
71794
78664
52273
77198
39894
71506
68800
99744
79094
36378
54622
77531
13631
90047
28353
95112
5181
75474
71532
42759
87605
18566
24872
83396
15122
41397
5709
46329
54166
53193
58048
86400
36274
99502
22134
32243
61874
98289
42359
22722
34127
65428
72478
16496
58376
6705
56380
13739
20587
18664
74685
47782
53324
23623
7906
70165
19480
51829
1069
66980
90084
19836
5628
4947
11710
21585
63596
94162
35269
90752
12382
15573
20149
63352
41303
19861
15450
1233
72450
3171
22982
5462
38128
47625
43197
50194
89440
86783
62861
72091
43161
11815
96348
84598
68724
26278
153
66405
27958
66079
4660
53204
79451
59565
42378
42204
18607
1628
55705
51473
83125
85285
27762
43247
99242
87525
83884
56188
29188
24984
76948
83993
36789
91959
66786
9002
23627
39980
66568
10304
2777
23117
95812
91488
50032
4189
81908
70994
89671
47770
55337
30311
53051
87940
80915
46535
19471
20908
10204
14615
34068
43860
73970
4004
32291
616
61212
90158
81415
1273
98989
51092
61017
48498
78806
23384
59971
73241
75190
6478
92870
90084
62573
90598
69878
67348
4750
72628
58338
45203
80723
20984
946
58182
47722
62575
88106
95407
64300
36662
51819
75201
60814
88117
66457
50112
75313
76624
19127
61717
33685
16549
22221
52268
554
80387
38764
13002
90310
59848
96648
94702
83219
42868
36996
26818
128
30639
34316
56542
631
84084
52859
87129
5967
45017
30013
1293
77592
32700
10191
5606
81971
68875
83619
1255
28100
32176
30015
41145
88992
73719
61381
6512
15265
33342
19597
46589
22584
16856
38766
2921
27585
17021
97371
61621
49714
71314
40554
31243
62574
89104
96081
15456
17782
46740
10057
54409
53023
47874
38069
70806
47071
10455
97883
59919
36448
53898
37616
82698
55671
10141
41459
4198
68046
59654
10831
85864
4253
52117
13924
37775
46616
85601
61376
44470
25090
30131
97830
39141
85087
21294
26320
19188
94150
90138
96593
76254
77462
79468
52115
20957
70944
78483
91519
30632
71906
94882
89596
26886
2643
98549
81870
33357
73690
81633
80575
36732
56281
54973
99836
77585
90567
94727
85174
50696
5340
38036
14217
35568
24613
60088
56665
89291
45559
62094
52439
17155
99136
48197
25028
40612
71161
62631
31885
13465
58711
63174
20404
81031
36577
84773
74447
40032
73884
18465
41354
6949
35586
92091
34983
59483
26610
50211
24390
68328
58976
22849
44479
97930
15309
83779
2636
67413
22705
65598
56132
9191
80661
37187
85282
6442
23069
96897
42436
72485
40706
40624
96783
61503
42206
31233
89872
8945
72992
94655
52733
69383
68032
37121
69818
89715
94221
99920
97912
21389
513
50672
98456
78507
14486
53644
45901
85401
29394
12066
13919
9334
37181
87336
53323
19082
97811
44346
36040
95335
16853
80322
80484
54364
2202
14082
42157
60176
31075
87616
65420
62369
22796
32911
12364
12601
45503
47862
12857
82313
27042
56735
8899
62021
76304
56894
65185
74108
91430
72892
77874
79442
67315
79135
33342
72123
69938
55511
17307
63254
60885
68360
91885
49060
30519
73519
66149
19236
59059
26739
75145
85741
61363
19626
13236
25543
67457
485
97332
31974
69081
26872
26226
10820
24415
56746
78223
34841
88973
6485
9993
94074
7557
64283
40637
5739
3397
18534
9926
82818
90680
44505
85603
75450
25960
53720
28215
42704
18610
86064
24138
85854
64434
56229
88589
91506
36573
23415
36923
45450
89326
51344
27995
23470
87256
82092
45601
88329
91610
43717
22516
70661
6192
87771
42026
36547
37318
27132
6480
53492
43592
83413
1318
76375
16084
30165
79207
63760
31281
48762
8518
34272
76761
80411
45331
23143
75154
74641
11101
62131
86810
14787
52946
50563
40448
99149
82530
26716
82288
66603
79682
4103
72838
28551
49196
88582
44100
4605
23651
20273
2974
35048
85716
59282
36243
3883
38072
33944
59158
38302
44854
13532
23306
21138
76389
16206
31436
26531
29423
6906
394
84473
90738
6493
87442
45819
70880
64478
94949
66769
19814
73003
59658
58100
47241
50161
24766
18228
62956
77623
40681
35141
49614
24312
69485
90311
10129
80475
33112
80113
76245
39569
39000
30970
19683
55690
22094
32963
6
72980
80283
80452
11603
60817
21047
95697
25929
85171
77152
88937
14995
58871
58863
16315
11531
27100
14823
75958
62201
56478
87143
64139
94392
88723
25055
13633
92122
50465
74975
51061
83394
73435
33162
59371
13391
34006
97481
41845
50968
8044
79197
16607
42354
61772
56172
24981
30799
43547
81724
95730
21825
20939
89726
63558
11837
65558
97122
74754
1402
4472
88424
28387
95160
56679
74487
12281
85533
73840
85766
26739
71514
46862
73911
3018
93037
22089
5828
62054
67264
99881
65649
38896
49806
36374
37441
9173
80614
45038
15621
19603
15272
42497
51023
21955
49260
14253
98757
26852
26050
9105
76592
37088
67027
22032
65940
2429
82375
22884
27770
49730
26432
96251
16425
25763
61668
86451
98996
79467
1944
95342
51597
4550
92487
89074
19510
89224
61730
14080
68152
45437
11489
33102
64428
9422
4392
56227
10007
21933
45156
20687
66452
27037
13269
82373
98793
38720
8870
21077
15066
80927
18103
43722
57468
55856
2140
74909
65890
52071
62302
24436
58644
12315
74079
84923
3582
7411
52827
91677
50373
5133
73962
58527
93651
88427
73569
72505
10483
17659
3705
31026
60505
97730
14759
20599
10648
33892
85642
1079
40599
72818
70180
77086
50910
78224
73343
12940
46602
90402
25457
72946
38656
66770
58490
76808
51102
60065
86762
1326
79533
96200
60512
81341
14515
5481
59245
11144
75621
44375
23318
6580
80985
69694
4728
95058
71385
96497
58726
69877
98036
94895
29614
55285
39150
12560
78394
61982
23800
64433
80883
33589
890
85946
9503
92521
13325
34185
10923
97682
38885
95037
9060
42696
32075
46240
58430
8642
92585
70833
92088
59274
83231
94670
62039
31322
98034
38907
80750
42133
49348
73585
98975
31044
5087
17894
65276
45899
90698
15380
87622
93224
44126
15657
94999
32487
14547
58251
72059
70629
87347
33029
57432
93407
65200
90195
92686
28597
47249
3366
60089
87649
57991
19892
20372
58670
47966
13631
16984
55031
86480
60288
4163
18654
85779
7184
95187
6277
90515
47507
6705
94348
7738
5057
36170
53544
62059
72914
29912
76380
54030
42278
55776
7862
85157
58958
98805
80872
81533
31930
34842
43042
26625
20224
14116
34569
937
54214
61181
54966
89103
11148
34373
19885
50594
70969
16787
12600
8755
91776
39674
30752
25229
10094
88423
87368
61858
26515
24582
78757
15040
12427
71235
18686
69378
40
76494
35004
86947
31966
82041
24750
31725
3242
5307
74172
80431
69632
84503
9189
72206
21679
97046
81559
6354
94803
93520
51018
77601
43704
19946
91962
71657
41861
76282
62144
57527
48172
74726
79467
17349
96749
19754
29664
68079
59426
88600
91947
73574
97290
51001
18657
94366
86997
22578
17620
68098
42473
96002
84946
6695
85519
22023
97914
51742
21181
6113
54811
20451
50657
11502
68619
67155
16198
7445
58370
9978
82662
71294
10481
70602
45421
9438
24577
70472
56197
87440
59340
71232
41540
47423
86258
54232
15886
2720
66585
11810
2375
80188
20709
64012
40121
19436
76496
87409
19487
30173
78630
61426
37612
45234
12575
97183
17595
45865
36282
55215
2228
1526
14994
752
45143
5963
87007
1944
31176
57977
34444
29978
26167
31344
48369
95764
35786
35010
26381
18020
70954
19462
54273
60987
6119
72537
8747
46058
47049
14303
57790
38681
72372
37638
88058
14871
7926
60811
21294
69963
90481
50326
88487
3464
14976
6753
35026
3424
34919
19158
4982
55536
10875
79478
59847
71352
51307
53269
49449
74574
58666
46211
4674
48328
56570
54982
91865
45015
42647
32067
66641
82228
70685
71739
34876
19986
32150
90546
47774
34067
68004
41131
38495
40951
23431
10574
91404
32143
91852
88108
45644
48911
68147
76442
19482
73569
28731
91448
97059
59735
5708
84214
64989
62264
40992
57900
12257
22844
12815
81127
76199
12115
38069
94532
88733
98687
84386
50037
40388
23426
84863
12384
50248
71153
72760
52647
51449
98152
22986
24386
88266
46904
89930
29576
81478
65307
29551
59245
73322
19080
26397
39205
47266
74402
43855
23815
80324
50315
72448
55469
30947
98133
88118
55927
82513
83865
97516
10223
22197
69601
31995
30983
86277
10783
9764
79934
26495
60929
7644
10594
58218
66876
30900
55920
84516
44037
97828
50231
78791
93919
9396
76442
22237
35886
10791
57939
31516
24810
81988
50837
33697
47535
56546
17131
28485
52785
93743
20828
82814
80941
35165
8495
56341
51291
56970
77227
94911
68512
15466
93783
34298
9151
96595
34209
37670
51247
29061
25914
82461
61064
6196
66366
66000
52567
44499
64145
384
18034
22207
99429
30582
3333
21765
54456
9023
41130
49105
46491
67304
33078
83028
92749
59922
9680
14865
55077
42801
92574
39268
64047
42215
38680
91727
66413
33592
26781
62787
93023
39785
25636
19431
22526
59162
36075
51176
71298
98718
3339
54909
86979
16787
72973
43766
19196
6402
55925
2497
30091
53940
91517
59608
14869
51182
9853
21802
20423
45963
33157
11588
30200
59381
46509
41980
46058
58592
67780
86618
19983
64611
12996
71492
69864
20531
6183
99108
8424
58846
98835
47576
42839
7969
5008
85717
52146
96295
63067
91289
36080
61406
93619
2380
7200
9335
66800
5106
94894
52602
52819
21136
5924
19204
18936
56248
73069
17758
1545
26386
35349
77083
33005
91145
27340
30190
7901
96688
36041
77637
77910
6479
15819
95974
2506
94510
78139
7268
80625
70780
25101
56542
46942
45500
51173
78740
57804
60205
38199
35783
1975
60597
55750
41612
80838
97513
41230
16205
43494
78491
37790
57948
99219
61985
53404
91061
62319
99422
56652
10159
37589
26607
78092
95102
42759
77396
74327
7176
7395
62232
7625
12897
95604
45535
41633
26854
36997
80684
34434
24403
77552
65132
77588
33057
21429
40354
41321
3456
76646
72336
15961
33516
50431
89887
66574
81423
57619
4395
36316
90355
37473
72973
88584
12738
78533
63430
66985
47292
60235
67109
36908
18964
6431
84630
46449
17896
39424
17736
32691
70362
1843
6168
30373
16240
90163
86207
32248
66693
52165
59285
26617
94793
30698
39648
97431
2780
98190
68541
4002
63618
90942
81866
56335
72516
21527
17069
57624
88035
29720
92261
83200
96889
82937
65739
78036
47214
45109
40612
68013
54900
37763
7302
97107
1951
21155
22468
18331
75268
71955
31960
51472
43533
50657
3852
11248
52023
60539
26661
18477
36808
78018
4013
45652
51216
39485
85852
32298
53947
14602
53985
15698
55375
78127
14770
72812
30889
86639
4622
20088
64975
68152
39435
26455
53617
50936
28066
8690
47968
96816
24115
95444
18763
55329
59477
79122
84115
13635
48030
18091
5770
99285
12140
57227
98604
81710
49774
43017
83577
89362
22930
7536
42095
29600
34987
86235
34784
84200
27710
55418
37717
68346
66537
50385
12479
26010
98513
10751
88853
68143
84647
38684
91663
44314
96471
34139
40766
71940
9516
76431
62246
54064
64771
47434
52921
61424
35786
62624
43408
54740
27157
66475
90281
91997
56829
55560
33240
82351
47573
93886
65323
68613
61706
51103
49119
46462
10966
93254
13304
62677
65250
69536
62209
45486
5814
61608
1056
43180
72702
95723
10613
44544
56506
5418
90799
86588
29666
8925
16011
65798
17332
4404
97514
91784
74556
11929
33037
12228
59838
26097
30416
80708
3075
84418
49312
85135
77534
76367
29242
70648
36698
61790
81698
19281
66050
36378
71837
12029
2380
97236
33803
63778
19267
15140
13188
54525
69423
53518
2958
63504
74211
54592
90616
58870
94883
70712
32982
79992
59184
92002
21594
7480
1842
84222
77515
34506
89633
64384
13445
2818
65263
28657
66221
23976
8405
75795
42446
5352
81657
34370
15733
96134
74969
88502
50693
76207
83415
60677
54712
41451
17792
8549
73747
15567
54170
38639
64901
14735
2506
79967
51932
99376
51232
74808
21636
80698
97855
87301
93084
49229
12365
48857
87478
16843
99123
16568
97515
85107
15697
11919
6745
70926
3426
35166
3547
95266
97159
90134
83651
83684
93490
30396
41046
41034
61265
35149
58596
47743
97621
32605
53762
51247
72703
63928
28262
34946
31526
69385
90335
3718
3175
27000
782
79076
28969
73998
91268
55285
59275
77461
35386
36558
80685
76955
69031
58742
38392
61749
48290
56056
8843
83679
19636
10067
70339
47873
78776
97839
96325
79502
66354
93451
35883
18822
46762
8178
35978
73211
47812
6891
34748
76561
8829
8783
43374
60607
29987
7414
79208
69906
30577
6954
58676
48592
25670
41053
57901
75129
17857
64919
57541
682
35035
52711
35891
20188
50849
73658
79640
68969
26893
73322
22636
11022
1568
5038
13834
41132
52990
54607
8405
78345
29317
72026
57893
96692
51467
47409
94673
92325
75764
27165
61146
87906
2957
79358
64786
22782
74440
3106
99816
61979
65204
5268
13585
43761
61880
77548
67093
6279
63500
54117
61907
51614
65043
43179
33713
89262
88505
50067
84740
40231
32774
45029
18968
69241
85532
31156
55964
7503
8594
83758
25646
3126
1165
29806
96895
15644
94328
79151
56130
25460
91840
77787
63830
4758
88559
74658
81581
86402
73219
56518
77432
38853
5289
66579
68690
468
83867
91436
66374
9877
80564
36384
37309
60830
87052
70812
95144
12501
32597
80090
10438
69686
77488
15895
93810
77491
64716
46274
45005
28565
35324
35567
66243
95713
37396
33132
57437
38614
32128
61675
36706
3859
55617
99550
73930
48438
97957
37409
35489
48254
12577
79697
96373
12530
53134
50203
2876
52410
60766
367
65284
61611
46585
51154
75192
42689
78040
79603
54284
51076
24509
95765
3750
24493
56493
42155
33225
642
32236
31075
66751
27389
45395
49113
91810
30027
10096
83020
64967
60944
48410
98093
90119
83687
82926
53043
16619
46983
63659
71404
15284
78242
16488
95790
21189
59911
10861
64332
51885
58983
59732
40900
96821
85172
21501
14165
4354
61477
41608
557
78887
631
14195
87808
86698
53870
19696
69974
85489
99705
2785
3355
15785
95219
34611
11130
34451
43813
47220
48643
43115
90024
77843
22921
73975
31113
2131
73065
23976
74854
69355
79716
40496
5557
81725
87117
79072
22627
74865
99934
72284
78585
84333
37029
47838
12603
80691
70140
62116
22955
75415
81398
14903
28970
49947
33013
23097
80862
21705
21561
64490
72975
78701
10931
12502
77164
25869
13495
42846
7691
52677
33712
81602
6541
2339
16461
3144
76351
93596
80569
64076
4989
24393
71433
45445
74193
66146
29390
42159
44185
79477
60074
26873
69703
73634
62559
33677
86466
15126
28579
38616
40809
642
91920
51094
82488
22616
2168
22971
23043
3554
78901
34496
15903
51998
93726
6600
38016
71898
59478
53613
34077
7528
8287
82252
94320
20286
99692
58378
20281
13293
12788
84481
27202
50619
44353
45292
42589
33151
52712
78891
32362
47833
48436
32466
21461
62955
10363
44500
66652
84376
1938
83336
64653
62616
72796
93077
29454
12053
38845
896
31575
74693
55502
38382
59545
89604
95657
47896
42818
67245
10115
42507
22392
91508
69945
984
72707
13348
67267
73599
83688
42128
9414
76242
4783
10712
83846
25033
28134
25178
77208
93762
99230
67890
6389
50323
10067
49200
51434
27054
22890
12277
45388
82223
71059
62441
41066
41861
19245
6939
35579
13403
33544
46230
71830
24993
53190
17149
19712
24188
13435
92163
90463
87366
93812
23785
95117
89827
95412
90197
16073
86530
24216
23915
26152
67245
33212
73099
60969
64493
10103
12582
77861
69468
84962
65566
13125
17128
20246
65946
20302
21345
26450
226
54231
92448
52764
28541
44923
77875
52319
22181
91146
87977
89234
76900
46266
14967
218
74829
2010
86788
62373
38873
9895
24375
65271
64412
79608
44347
11107
64611
99092
3533
71311
42189
52324
82146
59705
11971
69026
95959
84184
36501
69040
24502
31099
37619
57414
61953
85998
48036
10179
44543
70268
46247
52708
25792
56590
83460
7027
33999
19312
63661
15351
59859
92181
76054
55785
55169
67761
24142
62791
46786
89508
74265
29057
67229
2999
4076
48240
80193
77599
90213
63590
71216
29118
1860
98433
64395
20904
39369
62906
71638
5379
28907
11994
59912
47304
84178
76171
89330
77927
29459
95084
92105
73799
71206
10495
44914
35946
87780
92733
13161
22894
58114
23305
86157
18032
70021
99105
32523
21676
43169
71376
47686
65727
8338
42657
44896
65965
10326
53134
25384
59583
3429
29975
95008
10660
41357
6447
65737
94424
28431
60623
93645
68354
42384
74894
82153
62903
78109
67400
90933
74332
90014
76794
97042
88488
71893
33584
47535
67912
78068
67190
22999
76988
30552
78443
53818
22815
19365
50932
2966
98629
50527
15277
65026
70429
43491
82457
10744
9013
3584
4090
83581
9628
67798
89852
26318
83298
94889
71212
73768
284
72609
70439
12435
57924
37601
64077
73164
24894
25249
75796
39150
82805
85483
57240
31484
2275
63759
64208
97678
57647
52835
68252
24022
65905
18875
23418
1326
48913
47040
35256
16991
69710
2064
91524
54832
51962
62611
38912
95817
88034
36853
60945
10659
20172
19300
2454
46255
52345
37192
13205
3295
77706
40985
39601
31733
94206
2402
10872
91366
45625
25137
10329
64906
90017
54871
9491
47267
63586
8322
74888
2535
66257
84756
5296
90635
82062
73056
93546
14350
3842
38913
25197
51424
32264
50967
27357
58285
75944
99103
81465
37290
5502
58605
44945
22555
63482
5833
69173
67230
24000
31331
92873
39960
28303
58644
58357
57817
51071
8947
43896
96846
36867
32400
37020
17668
63791
77200
2052
10612
67891
76390
81699
78255
18500
9675
36230
60679
4732
32761
12657
31063
74264
33929
49064
2064
51232
63175
54275
20129
46403
18191
12901
31523
11424
81863
88454
670
59713
93817
90219
31419
65378
83339
8439
18600
50736
26300
29308
49441
52908
16349
39690
8161
1582
38825
40712
86820
1254
72739
6528
54968
39710
18155
17779
4128
91356
67836
96526
40196
76644
11269
59317
45881
36217
38722
51580
67880
75108
93462
76981
64638
91885
83335
96739
16432
68678
84790
22061
6408
27272
19354
5070
26256
17716
31320
89161
68698
14556
49665
65849
81705
97786
24776
67431
78048
25662
97950
64789
75749
17733
51692
63159
13874
7812
65612
31489
37048
49156
56133
72315
25488
76232
93921
10610
12543
31562
8076
34280
87684
71395
51339
17067
55042
45225
81975
66723
53669
33970
47669
31333
19859
47543
48563
1029
51568
87412
4513
25032
30573
55948
65801
20983
67471
53898
31564
29327
48344
45762
80411
7478
2900
29429
92335
96616
68801
10931
93349
55311
21787
28539
10073
39761
54020
34526
6462
84291
81229
73730
3736
53020
21444
22915
70422
29028
48858
21907
93967
72139
9230
57537
90232
70070
42619
82680
23551
6484
64092
8062
61863
86670
93560
46877
13248
21949
13165
65599
6978
7478
30205
42514
41926
81120
49231
83307
40865
76454
93062
3102
27112
59224
95628
86967
97772
24912
63533
10160
49874
38694
59213
6320
23685
21869
99547
14620
66413
60323
47356
42514
22977
75219
86983
86719
34713
90148
97609
32029
52866
70658
11976
2765
79947
62055
93253
63309
86301
901
30171
70485
25799
94130
4964
18388
15638
25201
33146
12450
14116
39449
66458
64386
89160
95108
57829
33847
84651
59798
63777
57215
58235
14568
83005
24335
69624
65424
56913
92941
91947
92367
49315
27204
96183
71382
61958
49832
92807
23382
25949
24902
91175
70275
51358
87463
98607
54212
9713
31361
29274
39001
44151
27130
4757
47977
85416
29402
53747
87496
89205
91947
53980
32801
70860
79984
12582
42214
57881
31519
11036
1233
88873
89852
76890
83605
77194
69268
17563
14854
37583
77971
56010
11682
56528
44418
12564
38138
1261
54720
29183
41793
27603
63964
99188
8464
32408
41389
51895
72788
61248
53454
15799
45717
55713
85112
77857
49571
72036
63870
72783
78591
35842
92031
80990
25827
98254
15660
39229
58351
79538
54167
60513
46097
37265
19955
32021
99120
37451
96110
60751
91958
55391
14952
41790
83959
60458
31022
15392
26210
48046
68472
13135
91139
30991
85467
72027
86642
36374
31467
5011
47676
82232
41137
63773
38923
99665
98085
86757
86069
14410
72520
92530
66430
60090
17601
11860
90987
49160
2770
4570
2884
35886
59254
22368
77957
18873
26585
47717
34402
79853
96756
82714
13172
48421
42403
67191
94467
59033
23621
67144
10802
32952
50128
69412
15202
59029
91886
91614
31044
84542
21304
99412
98623
25798
38157
70149
72442
60933
40526
25312
74630
66901
18426
34231
20267
5661
58081
56146
12430
64619
54472
64416
50012
66586
19608
20713
76149
29619
3074
6878
39703
99632
70323
42258
37062
79228
68912
16162
11253
1430
31311
30255
92980
52628
37553
80877
25655
35907
11039
98900
89950
16045
99456
79155
41222
63476
24021
13540
15659
44058
7122
18714
1176
76835
44697
81176
59949
30770
22132
36123
54956
58129
77998
19895
53248
60844
20878
82048
78186
86844
53361
5599
35721
26497
20324
39748
59365
47177
19899
6906
74073
3565
34897
10358
19258
10619
72124
91561
17256
9710
44236
48021
59441
35833
30432
36156
49276
36195
96804
18740
664
70443
33323
49815
15266
54413
92037
37271
25741
7357
5054
18287
70513
47632
61011
66292
99826
28347
84465
82122
28556
86483
70028
13107
38072
97043
1113
5090
38110
27739
83400
34446
86807
41525
95521
25250
38397
16532
30458
11697
67921
89621
78834
46343
56105
94568
31789
12314
41428
43783
62317
88703
90187
38724
40873
20761
41910
71810
36524
16333
28920
72858
46445
95377
44505
12606
98119
64962
10542
73209
41812
19925
32166
22485
58411
4197
15891
87863
30674
13131
8499
37925
45602
85196
49915
73063
66518
11628
32543
39179
35535
31200
2240
10722
96648
26305
58034
17929
26768
10237
11785
27810
43337
51367
90176
45344
54556
59822
82661
63170
19127
34732
59844
3318
66469
49589
63855
19327
76168
53807
36519
67953
65493
21632
84969
65273
51499
323
11032
75418
40114
43861
21538
12818
36524
14668
20370
57243
7227
70630
48530
50029
45775
44159
74203
83008
82793
63453
86299
31440
96850
91910
76033
10809
5265
23313
37447
57762
87245
2330
26525
36182
35871
74926
70926
8269
2482
68198
67153
81097
13338
92465
75855
26908
16591
6762
2155
91207
50340
50217
90867
55070
37384
10805
68642
39495
22457
97623
16431
68673
86303
46442
87861
46400
6348
82382
57152
46903
846
5339
3633
50607
63407
48211
67534
14771
16969
24624
29577
59406
79177
63229
26443
91276
15999
94241
32157
53502
26623
62486
64595
281
43991
69015
93046
29470
3853
81175
52876
18931
54325
34479
8805
28976
72268
38095
22181
20183
76596
37878
51081
33402
61452
96253
20792
75968
44490
96269
58567
26050
73016
48401
25001
3056
19753
22758
35250
82417
44598
98094
95814
28935
56922
62852
31842
66673
82182
58666
17862
37066
37153
63423
38654
77519
99776
92812
17068
67933
88734
5661
13268
27320
9624
19597
51268
68105
47688
82938
24285
90687
18715
66423
69570
17782
16849
9696
68956
58293
80145
98056
93287
77873
79175
18543
18397
78799
25211
12560
76253
91047
2094
59606
17784
48516
56499
24142
8120
3592
91592
18199
28588
8140
11728
48534
1172
58692
88527
55942
12902
3873
34753
7213
8507
65297
19031
45450
95290
27585
46671
12843
63422
64930
18831
97563
39558
37769
62973
25527
16697
57073
41054
42657
74515
39067
10121
95534
31601
45365
22919
72283
78581
69305
83754
45533
72246
4332
14119
20725
51464
98055
26417
20001
98051
40722
20403
17232
36306
69580
48106
10382
8475
90983
55837
65309
39110
18129
71194
32965
37611
72493
8846
18370
37757
4032
37376
2459
63213
29351
70890
18515
41564
17733
1429
99512
20864
94491
96369
1497
36370
11632
17134
14133
73010
53104
14841
86126
25336
8657
75126
99901
75608
30352
14391
20383
78929
5018
1526
44428
1682
98823
81205
71208
47145
91680
30863
83154
61194
54689
25338
47483
40920
6906
12092
55505
65235
98287
64295
24057
69150
33472
59571
83290
9515
578
84694
68790
25382
87052
16770
56020
64123
83278
41403
85752
58980
13756
7635
27733
18995
23720
68773
70361
16889
333
38442
36134
88337
25288
86875
40768
63627
73121
3747
52866
29880
53448
59968
94475
45679
3098
98935
53623
17275
99042
99697
10280
52993
81628
26901
63523
29137
31669
86723
54551
55144
70062
42218
52791
70783
97567
70055
65481
41973
96633
58588
25879
36852
13636
46120
66947
89634
18151
13736
60600
60678
2501
71818
50715
45044
68036
87849
8864
44119
53322
29930
97913
23162
64896
95890
23785
69876
91768
13634
95415
83245
92395
79216
83358
50865
92891
58435
52673
49424
439
18442
22268
70416
97437
66746
41462
37456
59321
85091
90834
95289
4524
21165
37924
15651
15528
3924
9729
82017
35831
34589
31919
26026
51676
19828
47003
1669
7537
66916
60906
27952
17071
39442
49671
20493
68301
15286
49723
95338
3039
49718
48411
58027
20063
82113
70843
83318
68297
64229
15776
85179
54657
27470
43156
2910
30255
96316
60434
96003
62890
80095
2464
36116
10547
31314
52221
70833
44792
90481
48368
81941
53657
78072
58080
28129
94535
29369
16386
25000
90856
16601
71885
17015
21752
24009
78826
1182
15529
62236
45542
98206
40747
66985
1417
60849
34438
55455
64545
49265
90500
30879
40664
89222
96524
46651
92869
2160
86505
85162
95518
92525
87785
16228
12779
70695
22209
90016
60501
9725
73614
85224
81437
69357
19190
30069
1481
13019
749
42093
65977
51072
41075
24821
18968
94737
2619
47445
69230
3595
36583
22599
70098
42584
66095
23130
99453
59105
66944
56105
91289
59408
49089
71348
7545
55809
60880
85624
61794
46085
51851
20912
57767
97938
15531
44743
93522
97386
25099
7512
45598
60101
99750
25636
10114
81214
98110
53135
42280
78520
71097
85688
8411
67947
93798
55315
82015
68975
53790
46021
61882
54627
29637
65883
98352
32699
78959
9800
20620
44900
14047
47225
74202
61204
57003
18166
41011
28243
34235
61143
32943
28064
32753
40320
36862
76354
19362
22267
754
63564
83938
23825
63284
10923
34654
63428
51063
73487
58243
84044
51818
58420
89372
39116
4550
36268
90296
56880
34951
52330
9322
85926
76088
24877
26762
69749
87879
71624
91321
11774
49752
7050
44226
21518
29429
46799
49755
7358
53410
50850
78379
99143
98862
81517
95429
21733
42054
92735
56947
58663
16772
9624
19054
41679
13445
42356
97001
15660
56601
55730
81582
20722
23699
16799
28096
10323
53119
57188
4671
86332
64211
73449
19082
49134
17790
93604
82975
65048
70910
9282
56254
77294
77390
91377
57228
91240
33212
29639
65619
52696
15480
29779
29798
22985
57768
17342
71873
78289
44152
67197
52271
96212
19727
11318
71878
58773
28861
78605
89198
88984
37777
89226
83007
81977
38375
67624
35623
13219
53662
50396
40714
97902
57832
26368
63044
568
42042
1787
85706
51135
53475
35343
20335
63160
47514
87583
55842
38383
21072
94491
61429
19035
61348
3434
53080
46813
89397
96434
33956
69045
41074
73926
55475
71905
18893
24397
57132
78963
36527
31627
13054
80462
77605
71246
27842
91645
72919
89623
95458
50672
72377
79843
95288
60404
4603
40662
85103
15053
76827
76387
68902
63922
1883
65433
91283
61222
14316
26541
5284
6670
79497
51360
98912
55668
81345
40430
73004
54007
68844
55986
77258
76621
43806
61273
16508
25590
91194
16578
3270
37822
65214
46382
20242
22158
12924
79561
64972
85135
56168
55669
81261
18813
51149
79888
66454
66884
2651
81698
53106
92346
96251
80869
50334
26041
69155
48816
62725
98742
31684
39266
45283
36675
98976
16104
28907
11133
54842
38635
67364
8979
2726
10137
73390
83284
95999
67662
38882
9843
6615
46206
25272
58202
71593
47170
89282
67336
67626
97597
88822
35209
95806
33418
60617
77104
89799
5444
88630
23027
67225
43089
13117
84003
69417
58156
65865
78151
47747
92238
51466
21652
5242
81816
78913
50091
24986
73343
68314
47
53945
41108
39539
97857
43628
4655
93787
62106
35063
36599
54774
45444
10684
70385
12925
97173
8149
56451
5410
649
18556
56068
74193
76732
46471
41026
50994
5185
19889
57999
46858
79297
55059
9000
82113
46835
4626
27939
61727
56820
78322
98645
14064
67780
46889
22462
36903
96605
11310
38802
15230
76624
3375
6340
61083
99198
14274
14064
87566
54255
94355
89254
49974
17619
6077
80014
4292
47859
79188
28956
63320
47699
86366
46546
75271
62022
60130
8844
51262
47054
53336
83596
47136
83310
14080
22466
24587
64334
32591
71096
62585
32651
82020
99000
9315
55032
3737
72250
19551
1237
38965
85805
99402
16394
33726
60065
672
17536
13196
80175
48072
24572
40600
82086
60845
39865
99731
27507
52999
36641
51411
64172
75705
19943
89256
67449
2675
39204
22765
84927
25111
89421
69786
60138
12344
66413
52823
67927
91167
62852
63018
50235
60872
10396
96977
51060
59689
11235
60172
30762
87538
80618
96433
1824
43823
19257
82883
87069
15723
24812
38812
91954
48911
94350
25991
14024
81384
78961
9803
99175
15943
28872
41442
95429
77153
71169
41384
31753
20791
28833
47630
12539
26096
37053
71949
68938
69730
97971
84984
29625
71503
64740
14283
39815
49388
37102
10976
72601
39421
72489
46016
32486
75676
46238
97654
81120
53049
23935
86527
14938
79771
91847
8830
92922
1125
61359
10956
51964
69908
53642
29228
38016
33060
6014
74397
28081
55153
30720
21992
39763
29211
75082
77881
23624
44867
86011
54795
47199
72051
3819
93148
54138
95450
3593
67936
4347
86069
56340
7409
25770
48617
88466
73347
86629
37356
26640
31670
79781
4643
93719
17381
8681
81030
551
27803
63553
15008
67219
79173
20504
7827
65528
98306
70431
34488
52027
33656
17362
26884
17951
85024
13130
96550
59903
22177
84734
6092
91630
96858
27094
11206
60424
35481
43598
62434
70069
15369
31044
14998
89466
29064
2814
65661
89435
80918
27131
68728
27185
43401
55732
65622
28324
44446
89486
3054
58085
59690
64735
85929
4651
5614
85018
46397
48200
83145
72825
65843
72102
30535
45126
17930
85252
67063
2054
42453
17703
83099
83490
78015
50079
51736
26355
23695
56119
46957
9418
40102
57496
22401
46170
47365
75099
51733
42243
12236
90697
8632
67451
21053
31409
46969
73658
57823
30052
68375
91906
99935
33361
7125
47209
12880
87576
55881
75013
30035
93453
94803
43795
81842
62732
65419
35524
33158
29843
15987
41893
66264
62592
96940
33161
23556
87399
86564
80117
14490
84688
25356
43560
21854
65644
13480
75140
80944
11442
12672
58813
37862
47322
80756
42397
41173
61236
4460
18130
12558
46054
68844
73813
2852
82913
31271
89656
9804
12383
40459
24619
26590
52059
826
71402
86264
89228
78169
23751
95074
94303
29057
73391
39180
33009
83346
54396
76499
22950
32263
67639
3330
39400
87013
11431
18133
97280
76942
24795
95449
55530
24882
1263
56464
78744
39269
85438
3537
84326
3947
27653
57835
82485
93103
98704
84233
91174
49587
57955
1041
84916
80162
51367
64999
75214
58337
11119
69551
20496
80484
23781
27824
61310
75262
17142
32211
3677
30576
23063
53131
72429
39874
97075
93230
7654
76655
85106
96801
5037
23354
98631
9491
4820
33919
98486
10816
71500
35109
50464
80661
39815
60367
56716
85043
95406
58801
3892
25196
88156
15328
69321
4331
96565
1954
43396
82032
6151
47685
86955
96345
10427
75724
67708
74524
13944
29315
67864
41904
51957
59379
83759
58796
98680
94673
53764
54759
97935
94513
54556
70207
40106
40729
9353
99253
28147
5872
23629
60757
77132
36053
23918
50579
53092
82859
44053
60657
4469
38482
27810
63645
80157
53041
52751
43511
37366
82159
58815
45072
24020
89826
64067
57518
88859
90782
18377
89005
67387
31631
43778
22336
1225
43554
71566
14772
6171
22205
72135
44437
1727
97615
31686
28009
41848
61666
45429
96827
50583
53101
38066
5907
97202
82758
5725
14784
50403
19957
65631
32119
53952
2179
1271
65973
96114
56433
61442
36064
2228
16229
19909
29964
52554
10976
96634
21658
71931
99595
62901
78971
83725
69871
30610
35378
99260
20803
47773
77175
14230
26496
74078
27895
87542
59345
18975
48697
98043
2182
46875
62748
27332
45416
42052
23580
490
16391
54257
98227
634
79598
48771
13084
78797
75416
72178
76498
40166
27132
56920
18423
51464
92740
77722
79314
26001
2812
98159
16911
98487
8805
92750
51274
58622
72329
4824
38470
7891
3145
73599
23672
93415
43794
10258
35425
60875
82414
79142
51704
15397
52566
38178
97157
60941
38053
34695
92746
9702
62888
1402
59773
41340
42962
80080
92688
33110
71404
99925
5617
99480
46089
57976
63916
40889
48312
54646
36431
55995
26675
1890
4070
6892
67700
14
84261
5752
51334
85113
19812
96169
83481
34325
57028
38780
32336
70995
56912
29153
2517
70926
83839
3759
77677
26672
20149
28001
61797
46405
34441
84177
46763
25882
41762
89616
37018
1105
74714
83967
50605
17541
90756
39213
89812
91860
65034
33197
66884
4909
3631
89842
39337
92215
6996
81258
19607
41564
57366
53237
56030
48817
76756
98337
75036
23843
72814
18244
85996
58879
40201
42644
78780
98461
86191
60070
99036
19690
66419
61441
86194
16721
61970
64734
25099
31590
99477
83359
58060
98479
44083
92489
55654
37231
55123
18463
71240
53743
43152
48380
66543
21419
22805
9677
37208
55639
2247
30344
33845
23884
37794
63245
92894
75507
62299
57016
34111
96173
94245
83488
25712
49021
21776
14831
65570
60338
30315
75198
4020
77108
50474
54253
97189
35754
83939
16092
57284
44614
54098
63304
28036
28398
66652
59269
54059
43368
14832
5365
26090
11041
68233
36994
61926
3482
50897
73790
75669
9551
23968
32340
40388
55813
90306
2954
68917
77616
57878
5366
62662
50846
21938
67930
67756
48067
53604
75197
46911
52866
62356
91368
57166
66709
65829
64345
79732
62330
35674
52391
55810
18170
52213
38867
13916
1910
32634
37736
27616
12176
33491
16847
14816
76883
69933
93073
92017
76768
78271
66281
54140
73815
28810
45157
32786
15678
88764
63001
41788
14321
12911
51008
48272
84998
41038
88817
86431
5947
26936
32314
3948
18143
67613
19707
51095
63290
22085
87201
12535
21881
52400
22525
58247
64058
38232
92961
919
19600
39506
57078
14211
28595
12020
76157
15840
62344
68976
28928
90323
20201
6975
59892
34300
88112
97689
73838
8015
27301
14848
93535
9187
23105
18396
7021
18211
76895
16961
88399
38115
12798
49293
63108
9260
47989
2957
57617
38328
1172
26111
57781
76922
83922
73042
96715
83860
96057
67818
8572
18796
71722
19232
99134
44792
1229
69670
9516
8694
83322
47976
34755
8568
34653
8718
8055
24125
25386
13502
50160
46491
26045
62046
90948
98328
21740
72087
23986
40664
73771
52181
24568
45201
42364
25195
66546
4570
38417
16403
98544
78050
72927
75795
40050
16029
60097
1211
28835
17624
77638
14315
29007
20718
36408
4914
64801
93427
53258
93649
13374
62701
87165
95645
17304
67267
39375
28228
68464
24110
6688
22183
88779
34284
31234
28901
81327
43187
98973
20824
75035
33954
82525
77112
18945
96307
70361
52990
73632
76525
70144
25316
61826
63286
54209
66215
72782
60166
77111
96462
43307
72823
13455
69701
57907
68056
46648
43682
34447
54976
26214
58312
95029
29759
11523
33322
37306
82576
74643
31687
12725
28299
95490
25875
95506
63960
80972
24663
15664
8830
48840
70799
46264
25913
56882
48273
11418
50793
46676
89549
62149
87463
17360
42608
39747
50131
87372
54915
68719
70312
75483
12464
72980
38417
77956
57988
51971
56726
72017
55056
67984
93358
89047
12842
61514
11960
20316
52176
13269
37157
10922
60972
85862
31468
78414
12211
33498
73345
44749
35720
33587
4000
70117
29822
88656
86947
97115
5850
67944
11795
75238
48950
38275
48668
7862
55042
73429
27001
7362
35398
31768
30030
97006
56226
64837
54612
81045
13046
29742
53582
48441
45853
12251
26043
84580
89140
20319
8261
40057
17785
94390
31158
1052
64943
6814
91146
55803
27581
13422
78943
30488
9910
34967
60552
10548
2931
75382
18082
77657
22460
66611
17918
81924
52039
89914
85757
54061
9079
76435
61018
56500
68421
17184
65888
92394
90940
26803
5084
27929
58526
71433
29294
11345
51300
83046
34457
22672
90435
32014
80890
19917
17930
58333
26709
77090
29288
10085
71306
18579
40362
68290
64295
83263
94850
5083
57271
87298
83683
68855
28824
47364
65193
44696
65226
32738
62390
55737
58852
62391
14390
8704
98848
75398
57444
68160
71894
96135
87525
65135
69927
92172
64402
5438
56144
30894
68724
79642
96382
97689
60040
30461
66080
55536
546
3986
54488
16767
13389
23908
51660
23803
77232
65569
43737
45784
33517
86384
71399
40135
54979
11724
87575
29161
21139
37052
51000
90613
60575
14321
23834
97122
67438
92539
17114
49074
94573
62536
10523
42043
72751
59962
67990
66418
51797
79428
19080
50486
42665
86081
1450
58839
29348
90641
78622
98529
33072
72176
5061
68809
72775
51765
60557
8370
18650
39076
98600
39772
81518
27856
9624
34251
29024
72273
19846
79343
17193
79805
12465
30069
42973
87718
94180
68905
67502
85969
2272
55366
7565
76686
11321
76444
95536
86745
84413
67261
25839
38315
50638
42980
89385
43645
85585
28482
90819
29371
51135
87654
8752
85025
75289
96841
78061
66901
85720
42547
92003
59744
56322
2189
37231
30922
20825
29668
2622
18225
50413
70006
98962
90822
99762
7293
48002
94468
39916
92341
23069
10061
71431
57228
72943
63875
91875
21605
5500
69088
82412
86376
38057
3923
35751
170
42106
18744
58985
36148
84566
28722
7714
27602
41542
37191
58134
23611
10301
49592
98732
66104
65170
6812
10432
25395
67176
30072
41427
18526
75278
87581
10210
57948
82690
38910
86900
84688
80977
22540
19052
10848
3354
54799
78463
40197
78096
48995
80639
55378
8510
24302
68854
81887
1764
91546
49423
44529
86592
94995
49357
49799
80008
28350
14911
39811
98004
43859
84587
30804
49785
16953
68903
12124
21103
15677
31528
76642
78932
63023
72625
19255
56265
92953
71405
52701
11642
16476
55191
20632
64667
69576
98742
10197
18702
40024
63815
98418
37602
49896
75890
90345
85653
39637
96607
39964
30073
82031
85377
90366
85781
33341
73776
83196
3874
86797
76501
69447
56694
91798
76478
81214
68094
91756
63857
33308
87011
14367
45373
87963
45199
83345
41196
46212
57993
22354
7669
85365
44093
73978
5839
60557
96439
57474
58047
503
4909
61791
50034
86032
48988
36796
57350
34390
1963
19442
3842
43056
77260
68263
57703
86260
47361
20929
74750
71001
12411
82757
10128
11034
54845
58993
33012
47650
37663
22290
44323
77626
17710
81986
97768
97965
54129
71329
80404
97525
70855
50927
13038
59620
6828
94308
40359
91888
35707
78636
51658
68251
54508
47587
82130
50526
16862
68328
86711
26962
29776
91297
88544
43355
21994
43979
41660
39890
92857
62491
94188
95085
4951
90678
78616
87117
56328
45738
47810
89859
16896
94311
57783
87199
70147
65470
80193
53175
97381
11476
35641
54865
86704
42466
4794
69998
19427
27629
58897
43890
95287
99069
86801
58740
38269
77180
47716
84606
50595
22668
84411
25729
15606
64037
62694
1913
32770
69387
11711
31096
89492
74536
23104
60274
78784
49355
65973
28645
94590
58908
2220
49442
51503
68346
11017
35036
4766
8980
18230
71692
85954
72544
93656
80927
49056
3067
2684
96637
65421
28734
64496
88470
39217
51225
13039
86922
78182
12750
68020
96437
160
82669
1200
76022
49383
28008
70038
75195
86559
12658
69907
35691
82057
64857
61755
76655
87234
42300
21310
33758
8073
67402
18810
14531
84926
57786
74346
9997
99782
17377
41020
14259
98699
92819
61153
96418
92416
96729
23965
65188
92578
41707
22878
67727
96346
25354
40905
26183
64544
53084
58351
27984
52217
22405
32767
95317
96225
80543
30838
70862
61155
91958
87377
96434
10436
27139
75715
87161
21120
74466
22306
72523
95021
72050
49083
38763
30396
60872
54182
32058
15518
56624
43476
1257
86434
50274
75652
7359
5052
5469
71478
69794
17890
57858
21591
41798
88720
68560
86107
67087
30795
63191
73544
67909
8802
24699
14894
4563
98865
80135
87413
84540
41824
92523
52784
29403
54504
92244
67309
24468
90965
519
42606
25853
19878
48378
16977
64067
99569
76494
74187
27482
25572
51916
26292
61732
47047
66811
74748
95869
55741
37884
44444
52129
54282
6530
41126
347
24494
19921
36510
63083
5806
78098
13026
62066
42964
20400
53989
85213
76077
8274
65721
48460
54352
51221
18314
80830
86879
29189
28680
10459
52389
38489
23965
91549
46176
50248
68125
540
92408
88779
47034
2325
34317
59345
73911
41398
57903
98329
77365
72040
64326
86991
67433
78009
81138
59366
86190
14790
93005
96526
65463
35714
34637
99378
8797
66181
92518
96274
16310
94707
56555
74040
10023
95463
46965
69496
13456
93436
7388
44969
54885
31993
25922
44986
16158
93495
53615
61555
97572
31472
69847
83273
85995
40357
53432
73949
60383
49355
95072
65298
72151
31924
13899
12490
86055
88790
72361
18716
38929
42810
54974
17523
92123
82979
81091
28198
43548
60408
91659
24303
23951
45712
85920
82251
12298
16825
34667
81453
43977
37989
6162
39711
95427
48786
27131
77622
33246
80948
25423
81296
26303
62913
91130
30413
34329
71737
26639
8871
54759
8176
88553
79568
34133
61018
12299
13351
93111
5394
77033
16502
89853
51078
45408
67146
4319
62434
11840
78960
30610
40631
7946
42089
99037
94888
27540
5098
26213
78801
43529
95602
37155
34037
99437
31016
50232
93378
16990
16049
62391
54467
25399
47307
85216
69346
29838
19721
48845
62552
28989
7276
261
81074
64926
41306
85391
93793
50415
10365
20480
71999
62964
15259
99349
9497
9756
84653
20604
53597
4188
21886
59821
77089
74104
42594
22262
96237
66112
61456
30835
25927
30199
40478
3005
43865
93166
4791
88537
74625
9231
20444
15345
48437
54806
26836
44032
63920
7289
5361
55303
60798
60393
36161
38813
31040
43889
70893
7747
90876
66810
83954
48724
46340
42929
29977
30876
3073
76704
38069
16960
99996
17305
16409
22555
6792
92722
58131
16425
70704
34185
59433
80347
16345
98249
21614
3819
91379
39685
64993
43178
24257
1793
70403
54293
19714
6576
76659
7654
33404
88983
56807
96839
67653
69553
54473
13441
42669
39788
21516
73938
26923
24336
3145
19933
23394
52512
69306
15004
13871
14745
38643
86640
56466
18903
44184
99641
13783
50359
7454
55521
45856
89143
95522
8242
41552
88442
10272
48328
6967
29063
56306
94977
53813
40881
39077
81105
66861
42930
89721
60594
76392
50224
50165
19833
53474
3521
43908
63396
23829
20235
90576
495
52800
34116
56473
21542
15475
54424
57330
12884
36378
62729
48345
8953
21539
62577
18481
31771
75502
7491
27550
9172
25681
90159
7644
91081
43205
54628
83067
36346
47536
65839
411
9429
37039
1186
16673
43173
51008
31856
5171
25256
65130
91733
6998
20159
80329
88531
29633
1310
89690
17047
58333
64227
18431
40953
82651
18275
58351
99714
56242
66176
94973
76456
6612
2263
48420
46485
9677
90549
19148
44806
37015
99210
25211
46703
57724
79894
64955
24508
30345
70751
15075
58418
28906
84197
69605
28147
83784
84141
71284
29984
77085
12569
68624
7834
94608
10296
4400
86529
81
