90594
81510
67426
82909
20546
22898
67830
70586
2251
90709
51925
26235
14165
63548
34390
60573
30898
74732
6330
7458
52576
3394
61525
7145
33527
22629
45069
74025
54178
26507
12954
6762
56170
18277
3278
85823
15182
53799
22414
66020
86607
26168
84734
77297
17576
3666
60155
89944
45499
48535
89922
225
49925
54544
51118
16062
61844
51203
64735
51181
51567
64465
72629
21963
43763
20552
83323
34159
9439
780
16129
13898
54149
31869
69090
25145
77889
6053
66277
78564
84197
2912
84702
42455
47091
1832
60692
95866
2660
58685
94078
29678
14949
84365
80486
59207
85633
55493
80047
12673
88505
59924
29555
50400
46833
5720
89637
38440
64580
9960
97622
39189
16663
74013
78963
16152
37035
38750
58699
3055
20428
66439
13997
8064
5030
10964
33072
83314
28216
24719
10381
22887
22977
63156
40807
48090
98326
26526
68171
82225
75701
36368
16402
21599
81044
35202
18755
69401
66547
8005
51413
82386
49328
91189
56691
31414
42745
76538
77080
81727
82523
37339
2937
28344
46489
73760
53826
19339
66169
76673
3192
43753
81657
5329
97150
85974
1087
35585
83187
27149
78605
65042
64313
25592
91635
51099
9041
22276
48063
71283
86145
49124
27087
93147
80343
57253
94503
80715
51943
5737
29918
56055
39888
25699
61811
51422
669
59661
26717
41647
21832
61129
32096
16953
41657
17811
54875
64813
2892
80735
62686
62738
52944
24436
1496
58085
58251
612
95119
41226
77051
97191
51817
10803
28727
48595
30471
89836
56212
97146
85170
36385
87268
62624
97293
58477
18681
21112
20522
70816
93768
30010
61944
91467
95016
18338
36122
84459
24857
85960
49971
38416
84993
33240
74526
55145
49073
33230
73946
49742
40871
54224
53698
39786
78797
90727
46938
48803
81182
60186
37029
59879
28361
65769
36116
31988
10478
76804
88793
54243
38981
62950
38233
3570
39134
5137
10304
57134
84931
45095
7791
58298
14361
81730
64848
68574
30341
74385
52010
85454
12172
59599
77104
25941
69651
52865
26355
62655
61925
86060
15768
85376
39475
62673
43396
69892
16629
54599
69140
66548
67599
35155
12426
73698
20207
37253
13185
17297
78706
73586
11457
86275
25926
70634
86606
64672
5130
58486
62747
20929
28466
95376
2492
63030
76967
5278
33977
90810
85579
87788
12926
57617
88698
75365
90831
21690
58668
96270
92697
13271
23191
92447
52036
52150
90993
47806
97700
88572
16434
28954
75215
80173
2296
48546
94057
30106
69509
63104
1595
75335
78531
24341
79394
13912
92680
74161
35427
42775
58772
13967
90364
74629
67447
18731
58326
68635
22352
13089
80791
73403
83024
6724
37363
15608
20700
84151
18147
71870
82449
37515
54862
35136
53218
57846
50339
95356
94430
68460
18921
15821
71149
57565
24877
60461
36344
49867
62171
24805
78888
89925
31784
90354
45382
25605
86956
6262
8002
93571
25933
59832
66799
42196
52406
48664
15052
35011
22310
29172
21630
99401
10693
54000
94552
67308
55986
89477
73181
78098
74871
52777
97308
6720
45310
16694
84025
24179
42845
58778
69293
80474
7212
20571
1700
69326
22520
6180
61444
48175
5232
17521
85997
28125
15260
46323
57788
91728
26413
67104
28265
94836
11503
84442
65969
19172
57851
66746
78158
26753
82186
87353
63297
63600
7140
34875
82802
42094
76662
53592
22478
28272
74434
1800
11984
67995
21809
55147
66138
16988
5219
66642
82562
88742
12710
47117
49610
69382
74949
17714
45543
71428
99640
44455
57827
28184
35449
7116
45566
66439
24055
49896
37871
83833
97795
27278
90569
76983
92168
6443
37785
86854
29143
16975
57035
26523
3904
39926
4940
98394
21150
4882
60138
40303
74025
44151
98967
6216
8079
85058
34477
56557
29180
58023
97579
42333
52757
48021
63485
97318
59845
72520
70139
385
111
27980
75304
82183
70178
34632
98074
60916
72138
48142
3769
89623
67907
17982
95552
38035
32233
15314
74465
39509
4971
81993
18693
4881
83869
97587
61457
87996
98317
29270
81700
83904
25997
38843
32125
79808
35919
24504
10937
26184
42319
11419
28281
92751
3818
63439
17379
11820
93036
98286
71903
33586
48903
53828
53282
15818
99263
34587
5575
57387
71459
24104
67481
57049
68502
71378
93165
33847
92843
63034
460
33834
91055
42475
15247
39691
69632
10528
43299
19016
63484
97004
17804
24025
12884
17706
32517
65786
42239
37665
66469
35881
33099
14644
91581
22142
70766
24484
37086
53890
16378
83394
97688
97549
29647
51284
862
27424
35179
28099
4805
87644
32349
10847
85994
28829
3479
63888
7155
93366
85441
73466
68365
83210
26953
72811
82645
33188
4665
18885
79859
14228
46817
25987
74145
69383
1683
95817
96521
10561
67182
48268
63148
96954
26450
72347
799
61938
12146
74345
75247
34642
65544
32248
98117
86753
84738
90500
80933
53599
16090
37737
88560
55202
42467
95793
68234
66314
78591
42878
21750
40931
33422
34384
81949
4567
96160
5108
17933
17325
75820
21930
89854
38626
89593
20145
46544
41698
91961
99697
53680
26243
91798
99268
44697
96511
79332
78754
24183
21004
10326
69063
87527
185
10893
96003
67931
87655
64459
55743
5722
88801
87622
93831
86691
97914
20216
49880
69201
91362
2835
79718
96666
64932
20465
41642
82546
67839
26569
53352
94797
82207
60446
20409
22786
90519
97649
98361
56203
80254
39223
74350
74120
56035
34150
21395
91779
79790
75880
59201
79470
308
53682
95257
20424
45654
11791
88912
26079
503
48341
93943
5808
23032
79961
79462
84010
65586
92158
38981
29072
24623
3528
46999
22301
91814
84783
17891
32673
19729
13807
73056
79306
204
78300
54236
57246
99117
26163
14729
80772
54650
81452
24005
16739
78731
12748
70916
93538
5053
49302
64060
64943
84144
89313
45933
62971
19166
91205
2507
29698
82649
95215
46313
4072
4959
68980
10948
67295
17500
93186
3497
29670
56541
92210
53572
27019
26924
76218
13030
8144
11117
65535
37521
86155
39444
25287
31780
52680
4192
4364
36062
7114
4792
64045
99280
5038
31297
8671
60068
32816
51833
93600
21860
47847
2195
39884
55912
94955
66543
53416
54784
52791
50549
7964
794
20553
44174
71966
38896
82503
69824
85289
75665
67932
70660
58957
17418
29599
55909
14208
74065
53332
36150
79121
11534
19244
25840
19389
61095
20200
19080
80507
7878
82779
82218
76370
99720
45645
47668
78122
65541
36347
72336
84287
88248
72316
99503
6098
78442
73759
59807
34331
13247
59760
36873
4729
86812
77561
81897
12457
17714
2597
97739
62037
17292
60128
66622
87139
4082
60954
44536
24366
59768
98954
20806
46707
52230
61391
37934
12450
56196
30450
76547
75124
13793
80455
27076
49819
20704
43858
73522
83445
9888
51943
80651
26874
57511
27530
77256
10261
43306
81332
89263
8272
13915
62327
57430
36135
1712
86521
62101
70751
6636
44700
78598
63887
15724
93470
22460
2748
88592
73756
349
83619
40515
70353
68350
52176
69193
78301
57497
60939
51141
69152
90573
61906
36580
45382
97139
86049
91497
16701
47608
34190
77750
46401
32988
56785
52500
47096
7621
48704
47679
70521
28896
16442
69808
87432
14486
73305
3272
91196
99463
93322
77462
74882
87142
63737
31302
35930
11729
17957
2759
35071
89259
17138
70774
75461
62391
84926
44076
99322
22131
55563
75841
2094
87823
94971
85499
35343
38921
12730
5495
26637
1094
18037
9042
65597
32014
82952
72853
5625
22341
20693
6011
28004
17474
18481
54273
33612
59150
62456
39017
9224
57050
30369
95338
55072
83965
78508
13847
74795
63113
13111
61226
6035
77897
50768
22861
76342
47673
83557
39301
67366
21986
63511
46492
83440
29936
85453
67881
94010
70130
80261
23582
47269
40174
71909
72270
59921
74046
32175
11385
79168
29771
3827
60565
68882
51044
88415
66619
36848
86043
28178
39787
38373
71836
37614
52252
79910
92875
65483
58788
39379
85465
79912
65409
8501
70083
12156
898
82087
95527
49387
97460
51313
44803
89940
7373
61999
93900
48999
86255
976
77384
25300
49017
45722
60264
96894
84784
33867
17318
36911
58821
90651
16375
47813
56868
93693
18796
37450
65592
71748
49355
99137
32926
84034
34341
23644
85092
57484
36660
88203
17149
86105
467
76207
55717
21193
51994
94412
8588
90530
92404
89340
63456
96854
89438
36769
91131
58785
34175
13010
2118
10286
9151
36183
25161
35000
44197
65456
13648
35534
27536
12367
36795
15248
7058
14406
48610
69398
52836
1723
56099
69264
75434
33816
78474
15496
66437
42334
41691
1476
27278
56378
20191
935
33237
48624
79241
12631
19799
27892
28548
46905
88533
37303
81147
36408
4151
28414
1892
30885
11708
40303
26026
23545
55324
99109
92437
72437
31581
8483
19864
48810
59471
79588
43607
37909
19460
23088
22611
74530
43022
92523
5780
72945
58583
74376
57042
10070
35799
95259
14591
45562
5526
95820
11636
51679
92927
86760
80343
94017
540
18865
74118
47320
83668
80277
42466
52410
95550
80028
61435
73374
18688
23995
21492
47034
65864
13349
32755
6637
77414
79105
29288
63929
45029
9911
29750
73065
29093
32356
80259
2321
98742
1038
47256
70514
46962
1521
19445
22652
68631
22839
77749
64398
34303
26598
59352
10073
87487
50739
61107
59426
27769
73300
10385
60519
14429
91283
28740
24377
38787
58271
39500
49991
14302
67229
8131
49051
51165
24251
68034
9822
63107
44517
23700
7510
69473
81457
34453
92784
38349
27508
11526
89241
11586
25783
14320
91366
46451
35141
62642
17523
56716
12507
80969
83592
98216
84418
12282
47192
25673
95705
54015
39811
64855
80842
21996
85724
60312
6143
99486
81124
29128
66990
69247
70037
49013
7920
21208
22875
49434
94639
29811
35772
43350
53725
22667
97465
42952
97313
66034
14764
19882
53965
68895
96433
19207
2859
83571
30785
99065
65974
2054
41210
6275
36612
25235
762
2984
81153
40188
37418
53479
13495
28635
60824
24340
71433
84679
50716
8308
64287
37759
1756
13588
94204
70102
9451
6309
72235
62267
16076
70488
71256
87779
63828
75603
24315
2422
65453
73326
27214
94451
59383
90413
25088
72128
66986
88569
99523
31090
87286
21885
13503
23541
30187
10458
76297
47864
37749
17448
37806
26745
76830
90729
77162
56425
99287
7883
77142
70779
35986
37947
90621
96302
76199
94688
12719
76180
64534
57723
66862
19486
41164
65209
26470
90823
79550
14898
6842
26010
80018
25089
62297
20352
59262
50272
20496
47466
95496
13568
67097
31415
26604
75362
99184
34
79804
52565
21894
88460
95713
49068
8527
14337
40896
48923
10966
29290
80472
30350
68209
5806
96936
88486
70095
54565
98894
90193
57197
60443
93673
63045
70120
93278
92992
46873
53420
32260
84859
90463
13643
52603
61679
58818
46794
93486
99256
55384
99509
96081
21950
2628
16339
27370
13690
2059
94388
74044
13330
69904
87686
57585
43648
28846
6919
96867
50417
96562
70069
45319
51049
46195
39042
36950
83843
5999
49123
53113
38678
88579
6375
64465
30324
70214
43812
43297
62924
13923
29004
20664
87759
64433
84832
81087
93135
22448
78683
50683
1828
78242
81935
991
33064
59236
5709
43857
30754
45960
23197
3927
98080
9680
6382
72510
65597
92297
13543
89735
11810
68962
45020
87406
60425
22375
73276
54552
63900
83838
82887
81977
83132
80093
75485
93632
85630
78470
94450
18143
48559
29921
54366
98522
11928
27092
92368
4139
71261
18369
39522
36976
76704
56636
28423
3922
15299
67848
95041
66387
18250
4045
38448
80115
24094
29079
48293
3614
27021
9102
22580
87061
69583
48622
98376
70104
1508
72131
3472
72077
41465
17314
70871
23024
58410
32390
17137
44663
92961
97702
62962
68161
28764
29360
60153
58010
37101
76708
73417
71949
57627
55023
55512
97511
59077
87427
81919
47652
56679
65679
79282
472
8981
31712
90251
48444
28548
27444
10047
19634
43272
24630
80274
42359
89304
411
24198
20645
58030
44440
67278
90754
73482
36830
63136
86664
41974
71187
76713
86226
62532
17646
23163
23871
64980
26223
1122
70534
87474
66777
55252
87703
27068
44461
17222
46730
11009
72931
15707
84358
31332
88807
78935
96656
32960
21646
79186
31597
49574
14900
63145
6422
83841
51988
87662
71416
19739
75651
74623
42436
58840
89961
95860
34297
76000
20413
978
15436
77818
22427
20188
72402
28980
38757
68394
98282
191
61300
67025
17866
11639
31417
67458
45188
59809
46292
54639
65492
93261
99919
89095
18857
68282
47481
45955
8141
54233
4123
99065
2227
3337
16088
27790
59389
33761
36357
88073
72102
59885
9603
41250
83314
88560
48725
6745
23344
91208
98818
17347
91146
12238
2249
96510
55785
13468
85436
89510
18599
27338
77403
46913
94866
96273
15757
30548
59290
69008
69853
87897
25048
43469
13391
28424
68250
79731
47805
89233
49615
70521
10099
11948
94412
73412
90723
59528
27768
47203
85606
58528
77594
63864
12528
70796
9949
27222
82735
36211
62334
78213
73599
88957
27378
8386
84556
99975
55318
53764
93702
89680
12436
88122
90106
81808
85998
60432
50227
39369
88235
21073
95788
36021
53083
64230
2320
3967
69673
73212
13648
73165
48156
83779
53057
31739
94089
77778
11248
62467
32089
76936
19874
96408
26515
65102
14572
89331
57542
43481
32363
32292
98324
74859
17377
54570
97918
53113
43342
47229
46408
94407
12743
59112
15145
13902
96789
60213
71154
51552
50060
83553
12536
41443
25894
84398
61504
76601
74172
66231
84966
70753
30336
91486
47817
21077
44858
34177
57558
17396
21597
75532
5584
70330
9701
31912
2393
55756
93392
76720
3008
61488
24694
11780
77447
10136
24646
25430
47439
89215
21918
71106
79010
53388
18982
83099
11869
89748
66314
35841
55064
40316
2291
85230
47188
22971
64832
9583
46079
45982
20966
72976
70279
14086
21953
30192
42905
81196
86518
75220
27700
17828
78823
56503
6511
9567
99889
23903
99844
84650
50438
85227
3992
97524
36546
23848
31111
13869
3436
43299
75633
52906
90571
24313
77947
8262
10562
54730
98659
96322
36874
46667
52260
16652
25194
77883
24257
24061
24245
56877
72658
87228
90785
95717
13033
289
59615
9566
1120
58900
37532
86951
78912
12404
11283
98414
46448
60915
73676
99124
54424
39934
44853
11041
73169
4155
79132
55472
50892
77643
24550
22891
86811
17263
36527
63441
87744
82375
84030
82260
9008
37172
65828
72287
58115
57375
13010
76340
378
7347
33396
51892
8910
49190
36525
1624
60209
5845
78896
85564
18691
28429
5816
70299
88692
10373
18821
8854
7664
19592
55315
78861
51852
83026
95641
37104
71052
15344
52539
18863
63918
22121
52493
52526
59478
27579
81124
12596
86071
83774
87066
68227
45147
28486
43742
27938
19216
35940
8950
92181
65935
7499
17106
5678
64169
88496
8462
8061
44912
83306
79236
48867
84671
69497
60843
47076
67239
89476
1648
31195
84535
78234
80335
47975
53608
92378
64398
99683
21570
46318
23030
8116
49710
90002
38831
36923
1146
39827
65719
51018
26338
72594
20447
58931
33409
88775
64739
75644
13715
40963
42179
17935
56166
41837
12034
43822
60893
19214
74266
55108
4576
17417
9434
21686
19556
11522
5630
8312
80562
46207
7241
30716
89527
29099
71842
87813
63048
41911
7944
39257
45647
73372
41330
20117
52662
49308
42056
21211
81263
48390
75576
41703
11037
6103
80886
32415
44099
38302
32467
36872
15783
4440
55320
83253
76867
7162
60287
71163
92584
46989
68462
33248
44079
62292
49842
80561
21309
66953
8692
20627
66545
52485
82938
76849
61838
13438
16700
96020
17312
52330
44257
37713
3661
37602
80662
83452
15833
53411
60715
59258
4981
41262
74346
58132
32518
93742
48629
99751
46317
48793
98682
62680
93433
80208
56085
77702
15717
13793
22275
27224
32942
96172
12894
16053
74582
69634
23002
8658
19374
91432
18234
10853
33540
13692
18736
47929
43976
79471
98416
56731
84860
6832
44719
75280
54232
87434
33917
70825
75864
75331
91420
39983
86851
26885
60284
21625
11895
59450
55349
62844
78902
3824
93408
55938
27623
46940
48658
26931
90603
17659
6166
52592
79869
60819
2918
31871
76549
34647
86534
74336
77593
62730
15261
19773
58512
69915
32753
29280
17125
69103
4797
66335
22532
11293
76305
96243
92404
81682
81991
82023
26785
40853
53917
61771
71301
9316
57748
26215
17490
21533
52228
6957
71902
45721
37369
84231
85836
96530
45231
83856
60915
24166
51557
83807
84173
67379
41953
78429
40670
24962
51008
30744
67679
11201
64536
54992
31334
392
8812
94734
15732
6206
37739
6069
57402
93651
57349
59504
64425
19469
11275
83819
98005
75457
78882
58174
21509
17527
58212
72324
69593
95345
90451
23146
30136
17380
9754
99202
83574
3492
48611
57143
52702
27006
27374
21723
59074
72094
68084
26716
80412
14033
57337
49302
15103
71237
57831
44386
59295
6477
35053
85355
80378
12097
15700
53857
14593
37058
24313
58087
95239
48218
42283
35463
22565
92578
33379
66821
71752
27357
84827
51440
14904
37250
95821
77973
28325
63447
97385
67342
50736
66360
24370
16632
8403
37527
181
26178
76654
17406
78727
58881
18767
66192
29147
13344
27677
25453
38812
14325
64897
7636
46317
50575
78226
90723
25787
17995
64476
55225
9275
81606
29580
85821
30373
14509
79898
16184
90061
57200
54099
53852
72634
37749
40993
99816
9860
35400
82842
21092
18159
65104
37634
51943
38559
23997
88734
83448
96214
96126
4470
17073
76529
49583
12998
29023
19580
75695
26273
30726
1805
6031
3715
5122
39588
20646
99985
77640
73628
99682
75855
47850
48558
11866
86014
84858
57923
76446
28591
67238
62324
11952
81673
31713
51200
29036
64371
66499
39497
42177
28766
56550
7979
22916
22482
4625
37850
33690
89332
58514
76439
57459
75217
93220
47822
42902
35017
79057
15152
51351
58586
92240
37160
72806
24136
34639
88507
24353
70374
23180
40673
45353
84260
14845
71323
37810
82358
75440
3568
45235
15612
78828
59336
18718
6707
50998
3075
40042
15479
40016
42199
22187
80979
2363
40005
58339
98919
19838
77463
47154
96213
89215
5560
62441
68712
91693
83408
6333
14817
41632
53466
75830
94271
79225
66787
19687
28074
22019
62657
49112
42236
56603
25518
30366
41261
47019
67104
11309
73274
75793
75207
42532
22450
64319
11554
18214
58236
41148
88062
58697
23463
12360
37356
85159
78544
70876
41565
26898
23530
37583
49468
81093
51661
77622
42185
29717
28893
20195
13934
8966
4950
99246
19583
73690
58097
46673
71923
37380
76726
83276
72889
24251
17470
40298
54617
46986
46915
15835
34185
70564
45414
67520
70280
65652
24061
50469
4219
44787
35191
79368
52481
40531
18541
93944
14612
21272
4487
89944
41727
52967
35720
57251
78262
75350
69304
56618
36855
50146
89036
12345
86972
47200
26611
28919
46489
86315
49119
54924
74936
33852
57358
26333
41838
50808
80149
10674
8665
10275
93512
23097
85273
52786
86344
65636
94537
30494
95177
31245
47353
2004
31935
8697
3752
86154
5541
81402
28259
53548
8905
48111
7956
51284
96151
18822
28393
40824
68769
6882
94595
66110
42056
1848
75863
14602
61609
10194
7557
58551
92487
89526
91986
78084
84816
93121
74052
18086
89199
43181
40793
73948
71214
37298
58245
30976
30502
25801
12038
25
86245
80267
73637
81901
35514
41143
55180
26547
79839
51603
83326
78726
49028
23370
50711
4982
71316
24788
33858
89113
96070
53395
34129
90047
67779
65753
1340
34531
18478
15431
1977
77245
58293
21969
86548
49524
72787
13885
61451
18257
91295
73258
82729
25134
12980
24205
85917
24046
47646
59094
15478
29734
2494
28209
15997
18105
64570
40905
55439
87809
46276
50247
89493
36073
43269
78328
61346
99992
42246
61484
48073
87943
84027
92890
84601
58068
45357
44994
22294
71983
24546
50539
15732
2129
3498
77642
786
89229
84265
93796
13553
479
32476
67818
43024
32641
66602
30339
93702
25820
26472
88905
5595
94906
14697
39913
36962
90810
87936
65837
34391
56702
77012
9623
53233
33055
9791
97923
12644
88480
20802
29903
60279
21087
82217
1335
85597
6728
42838
83576
43921
61796
68781
20599
39571
78799
36988
29626
249
79494
30020
23219
91220
19263
6888
59357
94945
43347
24625
42815
86440
46358
40699
78542
49588
58792
62048
18384
63759
66371
10783
57562
1177
65972
72297
59162
19078
60679
82023
25169
20594
77564
37835
26488
43137
56470
5810
29443
88182
15857
26003
21411
53680
62867
74567
17286
50876
95323
26581
50585
13339
51190
1528
69261
62450
38929
91631
37591
66632
7305
42049
74322
91327
53278
84650
68799
11058
13222
29511
46284
45543
21629
45114
56659
46416
67610
29978
9433
37796
7006
14875
55895
67638
5573
6997
66965
80591
14334
73459
88722
47692
73431
69627
3233
81014
41010
27189
78125
72666
51860
48569
46204
33381
20988
97274
3058
53406
26929
92649
20269
14528
62547
47687
59181
29746
30580
81386
7350
76164
18592
24299
28398
38056
41943
78218
68642
66059
68155
82751
95429
49071
42212
28766
51800
82406
39217
94630
10628
72237
56250
1798
9892
99298
85601
96332
54400
36356
62054
4748
17524
51110
67193
43529
53936
23535
76587
31235
48792
44305
35965
99805
41964
37507
94042
24361
36898
1822
15265
62323
29806
35729
77594
95591
21187
61697
85545
66879
86932
2048
94752
85133
47412
49832
33935
16322
21723
44820
5239
26809
11081
6044
41405
51298
97381
80972
10202
29902
72895
28159
12462
34516
46260
32413
532
63455
64495
37358
40465
92436
15756
38714
16326
88291
59960
23999
53061
57353
27540
72749
64833
72927
153
35073
52926
66724
66965
45532
84071
32386
43571
34272
63902
70239
23929
68582
97358
54018
11883
9023
66588
20639
19308
73701
69084
53089
95333
75581
79808
43347
78590
96044
44107
90987
88266
81619
92676
5140
10623
72936
15814
34519
45058
67346
32660
34629
94337
55233
18058
69796
69882
99559
85198
76531
34010
41207
7142
87323
69151
54553
51171
51124
86494
41351
20730
11601
9633
85447
58163
34249
93704
39012
72923
98467
37936
98027
24916
16349
35889
89408
66797
21273
47362
33243
14380
73477
50935
88739
63111
81957
99434
18468
52242
98943
35640
3856
81778
64227
9858
1648
50352
15829
81331
18181
4170
9752
62466
69631
63203
22969
1325
11384
1851
14901
69157
90766
54457
64872
47049
58716
42884
87507
31115
46709
50065
75113
5199
93852
53047
8118
79345
94850
72030
82765
23749
24828
30550
92460
95258
36449
16324
85486
2456
66941
13399
2381
82953
81557
65561
56465
72692
34200
82785
12634
56548
49309
87781
40966
66503
93887
11724
8031
32626
52466
50850
69604
68834
75264
22340
82962
83549
4037
73051
86095
41175
53027
6534
12916
11921
44419
91728
48788
91867
25161
81985
97453
84538
46802
73329
33673
52325
99149
42486
18545
6249
64467
99934
20239
10893
59236
4088
223
35376
76832
52365
29682
81389
64734
82253
79454
51552
32780
24291
38309
95139
20772
31882
59999
38066
62887
63033
94375
32333
33850
9657
29504
37179
42329
3160
47234
55946
48380
94774
41925
25717
38565
93949
75048
34527
7426
3533
66143
46844
93669
44501
44919
30735
49533
2494
19302
33230
88113
94465
30740
44098
52729
72793
34528
25162
17081
19763
70161
86814
50715
94146
80954
36529
7304
50639
53256
53264
30307
77645
38827
9896
14945
41930
87454
77444
1640
96898
57013
21491
19907
24878
37539
17704
16672
34682
15365
91963
63943
80916
54639
77389
16535
69631
34864
98281
92478
44775
67716
53285
39604
90832
4054
21640
49909
10215
65424
82885
46617
40666
55649
78534
10098
6339
68009
82948
4386
83711
27300
10098
53238
5629
14032
26842
4802
5778
50173
18207
90042
10154
97745
28802
84139
57337
21941
39392
10164
67631
54175
94519
11300
24873
75388
74665
56081
80900
63226
57562
98194
17709
20527
57364
46138
10516
28202
88298
72017
5215
63412
4409
63281
46939
14690
96106
20506
73645
58618
53939
84914
56902
93696
57918
85789
2357
7484
73602
62996
28822
48617
34381
22245
94856
95292
95587
98440
20637
57615
86624
85113
17546
77001
47737
47286
45822
52460
10753
32406
83280
59707
3399
79460
67952
38022
38589
58935
17408
31636
29139
84144
89660
74027
14946
5776
18900
58398
73285
60115
5018
25460
99873
58700
56247
59057
81285
20829
8792
8867
18444
98772
83301
12427
3903
98365
60018
98278
45656
61672
59791
21047
30338
83352
83578
787
25692
29605
98612
66313
17948
17487
67985
29708
24176
98111
88777
8958
97663
50971
6443
99483
92110
97798
74066
65214
37055
93106
51983
13620
11796
9059
81125
45787
89874
26529
23764
17879
47872
50521
8845
98577
37774
78353
12325
86700
57010
34086
34821
65094
11181
57892
13661
42311
51756
43425
16089
15849
3275
9110
81259
15811
42325
17467
88424
60308
50086
7742
94479
72393
13713
92544
76772
21579
94781
68908
25563
22920
94730
14197
54095
11068
26866
15978
16434
29563
8874
57721
97471
44510
80967
62685
32779
72648
4190
84005
65402
72916
15844
91907
71150
59901
47124
28654
35130
98985
54671
55381
38069
67475
99421
84031
73098
73140
70737
77028
13388
97549
6187
8417
75719
76979
20759
15452
65458
55831
98579
59317
5536
97521
37807
90117
22453
47368
90764
65878
35254
39713
8070
12063
36985
87106
81902
27002
72508
32482
79760
64291
21169
30831
98324
84239
13783
12891
29216
64199
28900
56867
42618
68159
71006
5565
38858
35224
38089
23262
43070
6382
43450
78086
35816
79454
53866
76617
81090
59320
75143
30554
16562
66621
25477
15445
47944
66198
4945
18729
16548
10000
59333
76481
1972
3223
14327
25646
90939
73710
38541
63859
79758
89897
78923
26124
76439
36103
22605
8187
67069
99951
31056
54704
76539
43717
68650
79221
26316
38569
77466
31156
21224
28301
33082
11109
28775
35921
11409
28855
2341
23229
92293
55674
87167
81338
20589
72487
57817
44205
62021
99629
71329
64913
37787
16889
58094
27696
17510
61025
96643
95838
20790
28845
31280
65426
66566
47490
52343
14881
18926
41676
22700
82905
51509
39752
80085
92599
4484
35307
45489
25253
45078
61651
36949
16436
35723
47208
3249
1169
31260
85357
52786
87431
56904
80073
47936
37938
71949
37997
95335
15995
14195
81090
21972
38229
58690
93840
98709
60210
6420
16397
55139
42146
11012
94880
50651
21994
60646
27729
3271
75421
46128
14927
40732
43961
18806
26109
31453
91137
26612
33114
69756
14770
8420
82635
58176
87909
22735
99943
4547
62848
49824
7455
83634
45945
78548
489
92920
68200
4078
93960
92916
92263
27367
26809
84518
23017
90466
22107
85513
11348
157
11004
85818
24700
7844
34333
82646
83549
18816
4481
39106
25525
45997
26583
18692
45437
69321
91521
53647
82690
43400
9313
56860
93283
50564
15647
94899
3753
1073
15705
93033
44510
77007
31528
7939
8875
31928
85322
17689
87507
51994
9106
34358
61733
96031
14344
50748
72162
16039
48638
33124
63692
50839
5328
26627
12774
19499
53143
49768
19278
903
66762
43329
39635
34635
38289
3486
90325
30372
13192
73645
12760
66655
25197
33156
73348
25145
38118
81694
22973
99091
94802
55740
32057
3041
98666
6061
72643
15200
25523
40968
50412
73223
33731
70454
94792
55767
99597
7821
37484
73516
80491
52822
48258
66870
57127
79664
52006
58561
6950
17582
61569
64111
81681
89147
25567
87752
70081
19998
66415
61416
60007
9208
28310
44183
74134
88554
46193
41493
32046
14804
79205
57940
33573
94712
78852
49856
80019
17853
5535
15321
63866
41840
13922
4481
93104
25188
30161
78385
3819
77018
94269
88582
31144
76188
45634
12377
75192
3811
59808
41996
64904
50904
45844
1791
76171
22551
80019
34019
17350
78256
2211
96486
1272
74344
57269
57485
78467
48060
57218
67328
9115
84325
5409
17982
36010
54135
94819
94641
96670
37859
15147
42909
16048
40157
25421
38962
30578
49400
36098
49154
27508
40076
58309
1964
73938
39930
19341
98101
19550
33414
37640
7384
65637
64131
42416
38741
34817
79597
63948
89637
47643
64272
28038
30926
61530
3686
42084
37585
11916
36509
33318
6753
73840
79670
25243
12782
84126
77482
89407
46463
59988
98215
63861
8191
1982
71224
40093
41486
27680
93827
43379
39416
22659
70988
59908
98690
34938
50071
67885
48192
88143
25675
80113
28708
85423
45329
36343
34706
46063
56572
1182
72942
51802
50722
65022
73463
47160
10153
44541
95789
29500
253
73610
63501
41002
3101
4441
32701
32963
82037
75100
94435
302
23878
82106
10832
37797
2082
38766
89050
40793
32788
511
2439
31875
58524
79127
46053
33385
57368
70371
47798
79113
79230
85670
70825
76164
98885
26138
36740
70890
63172
87268
60765
74174
14738
44371
41000
55237
51853
15860
83082
68625
14390
64789
28877
31844
80217
92948
73708
88195
77322
27203
49070
48442
18251
2875
44175
39366
55242
74362
40186
42402
17319
68891
88083
4753
2132
13904
52112
16644
41877
80190
9384
37225
82118
7156
14436
66993
17020
27977
2770
26940
32835
86194
50872
4164
13895
14973
4389
20578
2735
51182
58211
45664
67875
33971
66345
64828
49806
31141
749
52150
46590
71486
93975
34743
69384
99729
880
58558
95337
61418
39737
18247
52936
63011
82520
32890
89239
80960
61517
16302
95575
38345
85923
50200
80827
74977
35139
73812
18565
54375
42274
88622
72365
59848
87866
71278
30208
48895
69142
87870
18309
9579
42662
17145
60379
59083
97075
18865
52190
38872
47628
82141
9320
43455
62623
9917
62164
92410
34052
35948
99454
13354
66227
56961
35718
53874
23734
3490
69427
55059
78297
31078
31956
13600
64061
3876
27713
70237
62700
5309
30913
11545
36582
37539
2565
54341
68122
581
59025
97616
55345
93496
79099
81056
64645
46403
78828
81327
34255
29447
89571
75392
54685
74761
76665
52988
3521
57662
54655
68078
8807
71794
53955
82871
76255
62612
55538
32750
42008
5313
66167
97976
84782
45516
99169
27487
38650
36967
96899
23795
19208
66609
3797
3738
42182
32252
2328
12437
48312
68857
10487
66992
15976
46211
25705
71909
76922
98084
38098
79759
82142
73608
17929
22630
26527
14332
15285
7995
92696
13506
80816
22001
88710
98165
30894
37174
51673
6259
88950
76445
58276
18763
48719
80250
27956
16420
40886
63033
44797
53672
21931
91451
66095
28364
71052
45038
65256
66909
51929
82663
32483
39656
73527
6175
24398
37093
21744
27015
24505
66657
27127
26281
2250
50663
15689
61725
91086
25547
49103
46501
55370
34035
20256
20902
4655
79138
87460
66211
46924
10945
87635
39415
97693
47980
92667
27887
80257
60471
37056
14594
93258
92827
22238
82990
38766
4737
51563
36720
64858
68842
23832
49662
37317
58712
6325
10309
83682
50717
9780
27483
94864
80478
52517
44416
18540
55427
50561
66006
5190
74078
38307
37018
21905
33045
74864
18142
33811
46094
85271
83812
94492
21366
97812
31417
96212
66925
61326
67787
85197
85202
51296
80168
81016
99975
76213
98069
90771
64161
38572
85064
36032
83726
79003
99459
14353
75586
35856
94286
6526
7616
87251
74991
36409
3714
19239
30824
52569
81766
48239
10541
33299
8469
47821
55840
30600
32272
95333
52907
3415
18521
57889
69625
12306
78651
78350
35666
13070
71479
3043
40434
91828
91341
67073
64932
96660
9379
25302
78976
30394
41013
15100
85406
70264
2841
22111
91605
47331
43373
44027
18837
39706
80064
36675
90941
30625
7161
44286
49466
4460
50728
92588
6301
16502
84648
10631
89496
22258
21101
1925
66901
47480
23823
77049
10482
53697
13331
44793
55997
90318
81907
73242
97575
12514
62505
87991
35144
49745
27869
26097
46384
96080
77608
37520
51589
77771
389
80456
11486
56405
56147
62743
93083
5274
93097
91306
23070
53041
23607
73247
31754
22445
57204
2150
2550
3763
80969
39616
98318
39045
87770
71113
78951
15069
28364
40787
81309
64245
2904
22887
95755
61091
16938
12400
97829
80483
31830
45523
48693
50796
51064
54294
44497
8548
70406
96386
44470
44015
63028
39235
4739
94019
61444
58156
14836
98551
75272
24663
99800
15834
3253
69194
11442
70879
85062
29078
81033
48950
80682
91896
96556
41206
27979
39426
3014
36023
5820
47636
35065
6748
6750
95044
97658
9645
80623
35069
36905
3362
13231
99
59852
7804
74928
94484
65447
48654
24410
84170
37594
78584
34937
87102
6902
51892
50820
11014
69085
17929
60842
80031
36373
95613
67834
44550
67721
71720
8527
34879
47869
7747
21654
83353
14155
73791
91614
23401
30335
39859
93115
93778
92587
5485
60919
36487
41160
79305
99286
22951
49610
85823
19780
5063
31966
64631
59165
75149
52034
7959
41048
43224
6849
48733
72657
99869
12810
5801
47058
89837
99693
92210
44477
60178
39633
91704
18968
73016
91284
79833
74454
3208
58528
97789
64350
72495
60071
76652
14042
54654
91003
87872
32575
11691
56075
37013
38067
82612
33982
22076
768
43428
10885
24847
75059
77805
28065
6463
42353
73173
33777
9321
22999
36238
80917
54439
64557
20733
50404
16770
29126
97245
86630
66053
32310
9852
43023
38317
93681
59522
62489
81149
73116
13841
5948
50383
59890
61928
51405
32388
4501
44098
15472
32699
62287
54460
23227
11872
53411
35764
39241
91164
34581
24909
2232
27083
81715
1198
1856
48651
7871
86378
87088
31056
62490
85370
61766
73428
16590
25479
86538
31692
7576
27556
87784
34870
26128
82551
67592
51662
16630
13336
57388
79007
80411
95122
65509
51830
51369
59655
12082
39795
74608
34193
90967
35545
13742
12962
11222
29445
42138
13164
19724
88315
79502
27965
21770
99803
45998
3395
10382
627
82521
62413
94494
59118
15403
7666
43841
74666
10028
28234
83802
94887
14489
38362
46465
71931
94221
99501
13504
16419
93035
30910
33991
6228
72203
22675
35180
39952
34686
58595
74018
89395
59552
77271
85333
49421
506
63214
57536
58314
78384
98139
71115
81581
5709
85993
53956
69467
68265
63583
82680
64980
90933
85407
54447
22076
86531
45352
5985
64951
3508
25371
15609
9812
92351
50874
41604
75872
94683
80940
65302
75963
86090
17438
59289
49864
81154
32292
34003
72189
95640
19484
49075
3227
69771
755
73207
19255
98411
53505
26814
11319
20324
7888
96261
80312
14443
91482
5696
35948
77091
88016
4022
14785
27948
18295
217
32860
55434
55116
63681
56741
13965
96681
64453
25404
81090
12511
42933
25513
78965
1827
47766
82513
13697
23205
45339
40965
86710
13243
46204
24308
78214
15293
68054
15648
72428
55530
19743
57838
18041
87656
66180
58327
61436
73448
19873
73532
10029
55175
71995
95638
13975
65072
41886
15403
85152
16128
69039
23773
63414
13666
11885
71260
74359
83128
75528
36124
5821
65627
5981
7361
74692
89273
28206
4470
81658
62590
91003
70045
29378
10734
86367
75777
964
68654
60905
38856
2164
88802
70260
54532
64062
90481
45606
25160
29483
77029
90530
67928
92243
4366
38698
74297
20191
96358
19732
85831
19705
49615
32583
67174
84435
67001
25843
22032
65744
1471
46347
78860
64659
57329
61856
44416
5538
79981
18363
82205
65782
95206
99574
41177
3874
3015
79543
19802
24894
58513
59786
4014
2191
46559
98458
27192
14036
86059
57932
15141
1871
34569
47257
51996
21422
70289
62246
96755
36310
52986
78017
58270
12427
20546
27609
68611
67038
37738
39834
55977
38228
72990
49988
40079
4782
65554
25224
21305
2394
86280
42431
96740
31446
58511
25990
58267
5308
94533
27801
87202
36558
77564
16203
28272
70495
80827
57375
76634
29468
50267
74599
47849
89462
39058
37782
49101
23852
91693
45220
43052
34393
28789
97310
34419
7063
59284
5222
93101
38479
73586
89614
93681
16607
92216
48077
87445
3206
661
39228
90785
41519
98142
19568
25567
36343
8720
31060
75438
84636
24690
44898
54805
14405
88566
80702
44820
82280
92798
37614
11542
74684
4251
57850
14180
48572
82288
81308
31091
76947
88853
53380
44509
93162
90808
23627
14029
78284
6429
26130
61332
691
39974
50647
68920
72209
79054
59730
41772
25116
85328
11026
93371
56854
55013
14127
68926
30904
44841
45068
90829
76667
88543
13547
56818
97635
71627
22316
72729
70249
30685
85188
41636
59171
61966
14710
90906
50674
92226
9904
26111
83719
81614
293
42175
31858
755
38786
90404
84265
7688
90031
87432
72050
93590
55717
548
98158
18460
57734
71270
81057
42867
61725
50113
68098
13388
55603
68318
93115
95926
52299
4305
9533
17019
83483
40070
78692
82922
91591
14106
14882
7951
52156
9351
76299
76798
17381
39511
86717
39215
4909
24153
54281
48644
28275
11856
98626
23942
87939
32489
32545
28428
39542
77701
1811
6525
88360
47061
79360
35053
47442
57124
60184
2788
34628
22286
88411
86268
54721
39886
98757
71497
97398
93940
62613
88627
46424
29046
72953
80414
2969
45981
15192
32043
92167
95169
91387
88599
72513
27119
84953
2945
96215
13830
49085
41513
71837
20801
75222
69940
32011
66862
50747
26284
55572
20989
81177
54308
75649
20117
47226
72634
89482
77472
20243
53109
71184
10951
45803
38733
97210
84312
73475
44649
52330
41283
13735
55428
95162
29220
75311
969
79801
71867
35410
52062
32380
88856
90792
9469
26307
3217
23737
28028
40009
80470
19528
11854
50087
73211
15574
19619
85862
7412
55700
92394
28446
8896
48616
72567
60656
28220
55259
31296
80029
81401
98206
10273
30977
81671
12758
42527
64016
14832
54347
76618
28203
68641
64232
91483
53886
14019
65328
15453
94457
95624
3582
94344
66057
5121
19222
84744
33266
79756
22350
46044
83436
61995
84051
36634
36056
60848
40889
36945
60093
90932
46146
37318
40706
93095
11562
62528
34058
6497
98925
57599
82952
36183
10358
50982
81149
61226
5508
90457
80117
59449
7867
64354
37562
68534
16229
48366
84339
68342
8835
88916
95262
50594
87284
52918
29253
99915
78432
40896
75935
39770
34849
81549
62150
85093
58735
520
52304
62910
7495
53616
87628
56486
54007
39157
97979
83166
63784
53631
68905
98302
16296
95951
72934
38366
42324
95421
33606
73297
36991
1311
58353
77426
8289
75243
94375
81495
84286
62451
5620
60770
71185
92848
71340
64631
73269
52442
50115
24999
4625
90547
95243
60682
43358
92739
36715
54636
18710
1822
6489
58942
84346
57154
13044
50125
25375
58685
87872
14224
16119
81067
23838
72378
42040
66492
42279
4272
95115
96884
79718
15797
97234
17453
71151
47840
74647
86839
15712
64879
2766
98495
31378
40341
37766
42861
1691
97135
25873
38567
57572
91188
61805
94419
70530
97674
40654
88186
33332
72053
83210
81896
4855
79979
46209
83696
70377
62275
75143
96365
72184
74892
99504
90595
85670
58842
7863
15555
78268
29435
81674
96077
65128
6215
84053
54192
89428
76918
96809
74605
31204
70603
74537
78874
56556
22638
9105
17090
6188
41688
94052
20201
11593
19495
58320
54541
84136
41330
58880
42889
34442
3382
3742
62291
59903
30734
43650
1829
51528
43713
91260
85433
70285
80309
40026
88973
20984
87138
66294
26470
17068
16258
54912
6448
76741
70052
4387
95523
461
37087
32502
73634
28376
36068
68513
95933
79101
50092
79434
62871
42738
71536
55899
50210
97507
82264
81522
84677
46606
92619
28357
39167
44094
79589
71887
8102
6209
86279
52156
93608
34472
40263
60653
14611
34972
63944
20040
17904
1687
41061
21823
66729
15654
871
61531
69163
13561
86774
52164
24839
12899
36620
77552
31571
2197
55397
86887
67790
93234
35923
79279
78400
59342
96366
21688
88479
6536
8552
22405
75214
45089
12222
79861
99136
2007
37834
51438
15386
23491
78453
94854
7031
98635
6539
10349
32965
30533
65287
65562
57036
39690
62509
13456
79727
28946
39638
3820
81515
25969
36454
24366
32764
79213
83641
90754
29087
20059
39068
78922
98418
59862
21593
38729
95256
91579
41738
81327
71513
49315
39438
63196
60933
81598
68121
45107
19449
83432
47173
79229
55898
37675
58983
39670
12767
87025
65917
12088
70347
40772
82595
37793
25399
15301
94692
13732
35918
85189
55438
99082
58930
46690
46622
18658
989
38657
42362
5804
46594
47653
60382
18110
1041
32618
28078
21361
23641
73249
91083
43851
1095
36360
55745
31433
41869
452
36220
72233
49151
65790
23610
21618
50006
73975
48892
49056
52439
4489
79318
54288
68334
46044
37670
13412
34963
82178
2753
53651
5743
35984
44777
42192
32600
2073
16475
20341
4728
7528
70468
12397
88268
17561
48116
23867
9992
69045
10186
74346
85272
11849
35023
60945
51329
90242
74463
61858
59173
42503
29890
5072
68454
6578
3098
44731
37922
93068
69876
88122
49308
3044
77344
92259
11067
87180
72382
93625
89548
55377
80558
8051
81475
34773
40234
1765
20799
86922
89040
22958
63595
5772
44726
80957
7616
48636
81410
73152
29640
36405
34418
38794
39549
22381
25909
45536
86544
48042
54973
36097
71078
52894
97836
94288
8701
85824
6539
99807
66444
65544
41114
34298
3240
72903
52961
86252
32579
25281
42565
81938
12078
39880
23383
27003
95935
97302
902
39096
27918
76966
26516
55910
10042
46224
83142
63732
37449
99328
85877
57907
9612
28209
83522
70234
73984
73163
67143
40499
40881
96629
33416
46022
2681
43289
34280
54143
39239
99764
27607
12030
12026
43062
73705
31388
13068
84892
90338
64821
32908
75111
23406
91734
93667
84824
13965
75107
43736
72523
20907
17605
33360
14445
44270
65647
75053
82876
51560
48332
79319
442
71469
43815
8664
10956
55710
31703
92800
37141
27300
83076
4777
93770
14712
3130
72085
77682
41598
39849
99060
61628
73970
6966
13378
79709
49467
26498
38445
49156
73661
57461
36084
14620
72523
18535
78058
9022
47672
60875
61434
59343
16654
21208
48101
74205
87192
68277
48679
25938
20986
2176
79895
14259
29568
11963
57293
35736
87252
40563
57150
6983
57129
44335
38210
26319
50805
85489
31127
6302
32955
95596
33694
6463
48486
28963
45859
86324
22258
2617
19323
88428
51843
39227
47974
61890
4281
38982
3635
20434
86172
96982
53507
58039
46705
80428
55909
16134
13871
83163
72321
25505
73419
46127
50256
54329
64943
97530
75144
38723
34409
89660
47574
35701
78847
52975
76036
87806
65025
76653
64474
70463
49015
6206
87296
2058
8025
70657
74978
69205
55422
6742
5260
13755
93867
49382
30741
28368
44365
69104
75096
23422
89250
84657
41788
69312
6290
48079
19798
827
83835
92642
86309
86420
65033
37792
49563
3986
31813
13251
8667
35953
52260
26425
39197
80224
11809
97671
12559
82520
29893
43706
22198
985
80257
84045
33426
52226
63742
47792
78015
83309
90636
40795
439
98981
14295
22575
67413
94468
85976
6981
65301
5646
86952
96437
89080
46244
48687
1509
48259
13541
24890
86700
30854
75399
58954
37058
54970
2830
21161
42566
69892
49575
47576
87723
75702
12420
49380
26464
23253
43573
93911
7963
19125
18270
52459
82145
80224
91226
35481
88084
61685
43724
83792
64378
12269
76638
11265
88518
22810
49113
2166
38341
82344
11327
86755
96903
24197
40
52853
23207
17693
98647
7878
37593
89725
52760
82483
28815
26457
12952
67077
82857
60746
57249
84235
14839
74959
273
32553
12843
65012
48342
65002
55776
67312
71720
336
48577
93032
93314
73964
58903
14193
66494
41289
36275
90099
88109
45539
30228
29224
50960
32757
12342
23460
17527
65680
79640
48975
38419
85319
81127
6894
32313
32615
96460
10815
59125
30532
2702
10947
39304
53711
44422
92790
72256
99844
37470
34233
60979
1215
73540
21233
89720
31950
86257
58856
58306
60002
21680
90130
47609
20991
68493
36074
34455
37587
41820
68410
56860
95619
79459
51770
68142
65601
8741
22031
29904
51450
85644
93205
39582
34636
49394
43639
92194
13268
37324
41147
55766
43301
87508
67675
30007
84373
29105
5198
26147
70897
4549
37797
70703
95697
82803
72880
28774
44775
12907
68929
9570
94992
60083
30921
65120
34861
7475
51423
94948
82443
56797
69695
72488
12382
3032
86703
31426
16780
25928
16028
36785
56230
94491
81475
26979
56370
10770
99435
53031
30947
73962
96304
78121
37066
8006
6619
60464
22566
24475
70540
4720
19094
69399
16730
652
62320
50127
43057
34444
89002
79076
8506
79286
31893
69745
72088
10316
21353
54100
36430
20642
1595
51382
31
40347
82028
32601
84045
18943
1531
17501
83267
34523
93211
38575
35438
91573
76127
9358
27430
73993
36721
87163
96586
12165
92866
20476
51337
28190
95579
85389
44765
67053
722
92549
62610
84202
13657
24960
13061
80515
94001
57326
14375
10393
57756
11159
90401
20951
80911
49001
33041
76975
89286
65344
92690
90707
2097
21584
95226
685
88172
52914
39484
94076
92461
73417
32174
95851
75670
18224
83334
86160
81611
37761
10909
52254
75581
41412
28277
38567
81541
63827
90487
89745
35532
5415
78933
1875
67591
32544
29358
27981
9696
79445
57680
57922
26607
65526
36055
44179
40072
51035
64915
37880
50317
83244
26568
72605
36932
89067
90960
2744
95396
78433
93595
68003
50249
72740
17910
8442
84967
68002
32329
46578
96314
18572
13979
7251
45340
65506
50608
33204
43536
85911
73746
18706
20764
43361
63213
51212
64083
45791
18036
35742
97328
14791
85154
1720
6751
23339
75675
7675
96757
48231
85393
83375
10240
95882
89218
84132
50936
81727
40190
11395
11637
73399
22150
1935
49947
90996
33328
43966
21040
68372
89831
11086
33006
75288
48111
582
82803
88624
67911
31946
84469
53062
99527
29306
97908
62371
26825
40424
51144
38177
1444
45108
153
79
94259
54981
54798
62138
99732
51398
10365
93150
79884
45467
42464
59177
58535
50943
54537
35016
85598
34972
26444
57553
68658
29061
8091
94347
95092
84371
61775
97118
94983
83514
91521
51539
75613
97864
52345
28231
48829
19482
93310
4338
76934
73530
68396
88846
27694
66008
16420
89318
9284
16196
74013
69244
67571
39430
51384
9335
55271
58970
72497
84488
15082
89547
41073
28375
87559
39947
74625
44783
93936
69260
78841
67234
87419
94526
72758
56922
20359
89285
3689
2494
37436
96214
38732
47165
43281
3727
35985
26585
81095
66896
69843
68691
61234
25850
13005
71504
94071
4034
32873
65221
44849
75121
70544
33572
21934
49019
92832
17794
47767
93147
44605
33924
19756
34119
70878
40646
32845
29429
12136
76295
33174
45450
88824
72948
18786
92282
64249
26032
64304
97890
7413
83837
38307
35421
80552
9866
11267
54886
50896
45241
4097
12427
62337
39468
20919
61291
94294
58955
60174
63660
41922
73556
68473
53467
40004
42911
86719
67489
69016
85517
89334
52990
84937
58445
89419
62820
37829
83434
91934
53235
21578
38261
57481
56780
90332
27178
40225
22517
32504
77089
73750
39176
45026
37236
53717
57304
63291
96904
1932
85665
76783
34522
21933
45290
56074
92935
83852
14138
10635
42231
70338
13620
22000
42056
53716
10897
6481
20595
25198
68153
45897
56028
48873
34557
86190
40891
97516
96084
42722
47778
41486
84687
72578
42635
54169
52411
76699
21568
58282
7219
90653
54246
72789
52960
21256
33574
58150
7822
9699
36857
79458
19019
87211
82800
45292
55839
89576
10494
39267
15203
46076
25634
54057
36607
9076
89492
67102
5412
73185
331
37963
11907
42240
73417
6842
42664
11029
22212
75682
28502
2743
57938
77121
576
90116
57712
14882
48706
76597
70543
2047
42618
60077
4860
89472
36934
88171
88426
69248
78874
11390
49085
48080
42494
11448
54166
10389
82306
59067
80470
76237
39839
31889
98449
22415
49836
55960
68689
95536
13881
65241
16868
20514
51628
99481
46499
4631
74389
14345
79487
58083
77456
75000
35370
29408
91575
20297
12575
44778
26913
23807
77200
81994
89787
148
66570
68657
22370
73609
45479
56986
38618
74616
92527
52946
80909
62693
81420
16563
92163
50355
17321
66539
73339
9491
27237
62332
83620
84342
6874
90141
13498
4676
69733
41854
61088
37349
7090
44073
24886
41245
51909
83779
47735
43829
72166
80849
93874
10324
74218
51992
45987
22701
28411
87261
27566
40849
16676
46123
69943
48197
70234
88530
10400
718
33194
36844
47456
43753
84731
24412
96956
17463
23424
22768
17925
54197
47581
9061
78927
57578
76978
25801
55593
86010
48713
61723
9437
10872
66776
1039
72325
31768
77332
36429
80328
72193
83282
3577
53808
74178
49595
26862
67369
41628
77259
22468
82681
63900
56326
8144
85270
89580
65656
30474
85704
82495
12423
81706
67101
85323
43960
27564
40994
90676
44986
76019
98917
94146
52594
23241
69892
10132
79364
85347
28817
83534
16956
84099
47653
17038
29782
2552
36093
39581
15376
7265
2166
76672
88425
73870
98081
64206
22998
37543
90179
38332
53985
68518
39819
96596
25822
63231
86192
43525
1740
30784
83431
47859
58564
88147
80286
45007
31426
84736
93656
75649
7405
28335
43141
39873
580
92908
67229
48550
78982
26083
66266
33142
50270
875
97071
96700
61194
47839
46760
60951
75398
67175
26783
89678
5914
67189
9880
9570
16445
29739
67162
64700
9636
42395
63563
88006
95690
17926
62982
21878
68446
15365
44475
60068
85540
90886
55748
66588
74569
67118
80800
74159
36711
54557
84494
99236
90960
19664
52871
74732
48858
62783
7127
77715
21448
47654
96538
5586
13553
22817
46320
10210
46480
90161
21660
44619
57351
40123
36383
60474
56944
98448
51051
36625
54049
87783
20007
34264
66971
53541
32191
63697
3504
63807
26180
92425
26670
81111
69767
55723
2796
66210
88973
3918
5712
68778
41392
8367
84859
56367
34835
77433
3666
98984
84703
51584
15146
63911
64158
21550
34094
21883
1715
1237
29296
26895
86228
51651
9034
98671
22566
25427
6095
22699
75412
39871
38708
69492
29643
11603
49460
85476
21460
67102
95300
76218
2862
69954
38388
14626
12136
87818
48574
2772
35865
71963
60879
69235
50428
68163
26671
22549
61547
42414
23887
31778
21110
83800
49261
10517
30048
1053
58503
32895
84791
87403
92090
96715
47022
14297
82581
9021
62360
25265
49887
73012
6051
11176
60738
80494
15983
36143
32754
65035
16906
56162
83934
42761
91081
67293
41842
5454
15173
10127
39302
78245
32623
37894
25351
93087
40561
70666
33472
3162
71811
73830
69637
9856
20391
68224
7803
5382
42561
7402
71527
99413
71958
63409
83730
71750
36577
12435
27221
59589
66540
86254
70695
8472
25041
79731
38944
19833
96300
10265
3209
80159
35036
85293
27555
68251
35799
62183
34768
66622
16263
21369
53185
9144
89509
43200
60765
23771
77328
41885
16939
10718
28778
14141
30429
49757
95664
80308
29561
94846
42739
62633
55621
35119
46904
20459
5486
53418
648
13825
44596
51930
5428
1726
55094
536
47946
20019
33749
28846
38445
11199
90568
5404
99827
53538
45500
65145
37536
60879
31429
89777
27162
51359
48198
16013
58218
46402
12249
36241
33326
53553
39259
77886
53885
74111
34551
44632
76056
21998
35213
72161
83785
61181
66271
68836
44315
7519
43864
32686
28182
38023
54553
69591
73909
12127
79778
13215
62246
32216
75545
96691
67837
69148
18874
1454
66037
30335
18843
97052
91909
32628
55322
76538
51162
5052
24037
10105
61238
15961
23558
9442
2949
97025
73
68403
52216
93421
38572
33863
90465
79409
55554
75476
17065
550
34563
53678
43857
17443
55892
32585
93283
21195
20462
7932
34964
55775
5166
88384
74808
19796
4952
90455
67522
30175
76328
10730
64631
55917
92375
94091
8398
32559
22055
41145
19430
87027
82796
10338
52195
22350
91254
6787
4999
32117
19519
2410
5193
55498
93357
14525
75829
12083
38788
88179
24128
54151
28523
5503
79590
18050
8058
79726
2433
10168
2301
10694
5096
46918
37095
81006
68706
79428
9495
97741
57669
38550
97631
16170
39344
8674
39351
95314
42849
12700
77213
21337
6099
43260
69094
99959
66328
36754
82406
6612
99439
79280
57816
71166
60034
9765
68394
35062
25599
26505
79881
94956
56049
53012
81284
78783
41626
2826
34463
15046
75471
46193
84247
93420
6000
92707
85196
40886
75843
18014
69552
84000
79244
19481
66539
38406
60586
13714
22888
66239
56144
14626
53888
80995
31647
53201
3585
4077
56797
49350
44026
43387
7445
90423
58310
13330
97643
44895
16082
12095
89593
42477
1517
42968
1674
30681
33899
82209
73170
71665
84758
39403
49353
17170
99729
64022
50339
81203
95466
53303
5933
10074
7964
11381
52037
99442
63358
71054
53558
49524
23948
11958
48847
6402
88976
69791
26463
12019
92876
57812
73552
69992
83814
28703
40221
94621
86800
15659
69649
41531
42484
8771
16797
31275
48441
82937
74357
44325
72084
22787
50695
17542
18317
58112
66233
46848
47852
2457
33247
35499
63809
2
31254
3289
18830
5247
44640
71272
25393
96228
3868
72560
89297
28692
59809
59676
62884
92555
46903
11893
97594
49335
26290
41594
39306
81281
87115
60204
75320
83082
97949
90758
23327
92752
48121
7114
91200
30608
95271
87702
89031
19909
69658
65845
48119
14382
93070
33201
7730
96782
64768
5030
39046
38413
56554
63155
29015
13564
31289
8714
66085
73462
52909
8199
65722
17825
9197
26749
41714
67156
20197
65195
10311
17971
6781
9773
51064
44213
49463
22895
83894
8263
11364
84540
68587
23881
12579
71573
94503
16790
84503
69406
78088
26529
74468
85970
86021
62554
58822
51254
10231
45168
8078
42155
73829
98513
46618
32061
71882
50733
30928
96761
45669
25273
34743
28955
61181
83471
93778
96965
7951
19794
74073
71019
56726
69999
15925
28011
61173
39295
1624
50843
67651
63113
34327
93531
15316
516
88518
46441
44416
64538
93870
34771
78643
80328
5261
19526
51280
9795
56778
73381
67587
79412
37715
56982
39297
47812
18901
4183
51038
29459
63319
28590
3499
61057
35412
38590
21641
95343
74867
85620
68687
68608
29156
18625
1043
96858
2074
75875
16025
88905
48895
75707
93910
54178
31192
34499
19871
71876
88311
21465
61011
75706
78295
8180
34849
27261
82551
9688
67831
33495
72118
20196
40745
86691
11239
36200
17754
17776
64625
82227
16106
68484
10022
94123
3037
28765
45534
86166
28963
15251
29391
48053
95529
45881
84171
3281
89115
26946
50711
33293
87668
18688
36067
61947
43108
31207
94698
78987
79516
42129
89320
2685
34233
53722
42611
33239
17227
73164
44823
65811
53505
84821
79154
52304
4019
63348
77737
92137
6284
17074
86981
930
32242
32845
64846
89566
6130
68848
30850
88814
80333
66334
58481
81412
83833
87150
82776
46917
17941
67056
80857
22269
73518
64334
18131
74445
85031
74478
45155
51775
67848
30483
27095
36026
29381
17347
70763
73233
79017
45699
97186
93781
58176
49854
10722
66443
894
27237
26924
34233
17839
91632
79318
11161
90012
57058
11143
31376
33750
68075
86255
68504
8707
46024
7552
3513
12802
39781
54317
56215
75548
13698
12286
79013
68489
34515
16557
22199
55100
27297
70176
34645
11789
4846
33635
30827
84065
31510
8225
5181
62167
95472
29439
57080
74001
99124
60469
60612
54013
33303
17194
17078
58367
82034
49099
99457
60990
41089
40711
27244
76808
76679
71402
67967
12226
33166
6836
48151
36303
64908
45653
62841
80860
11745
57032
5219
58918
54461
5929
21438
13001
88798
40948
41744
83527
71767
82748
72781
94673
17645
93316
80878
23444
96987
79101
93658
96227
46773
6493
48544
8380
42537
36056
10599
37082
1249
23134
26781
93431
57413
8817
60907
6140
19646
71969
39689
83590
28086
53061
65262
90710
81498
38872
42144
39734
78561
16590
43850
20579
67590
14834
73932
52155
52945
95102
79531
30820
69557
30965
91241
77303
31282
82208
65167
47591
11994
41315
37287
78290
50257
96219
94247
88963
47533
37495
30503
44769
75773
95344
77588
48567
13606
64903
72317
17345
71753
73625
45770
1616
94560
49889
78188
23546
67751
57130
23215
38753
98583
3407
68109
38206
66637
5586
19836
27914
48234
31349
58919
96553
93524
2104
76091
61107
54009
66223
64279
64864
77779
89855
98279
13487
36423
46646
8106
39572
95816
64292
79502
62012
83480
97017
20254
94238
7247
30844
22322
59039
76564
30662
41188
45026
77832
52505
8291
97834
71682
43808
22944
82414
21301
21796
8582
43320
59533
54375
30887
98553
45848
33121
78673
9965
74018
37685
15231
83750
39641
20784
85195
53784
84079
92093
86402
68224
50462
12807
88336
15249
69222
97740
54522
22109
8273
30523
29803
14525
82487
53962
74278
64829
43069
19126
89530
84359
49177
52567
11155
91562
2353
6271
78381
24839
1889
98576
98468
78679
16826
40983
17831
38332
96776
37737
25035
54819
22220
92696
50491
36051
18056
62353
84652
74933
26970
46678
35599
95903
64095
79411
53856
94911
67033
24991
16220
92864
87915
47857
30063
60124
46849
46844
56523
32991
8940
40169
5844
15731
76555
98576
8569
88557
79557
98610
74877
25492
147
245
21267
35689
62107
22429
1352
19607
55
4612
64730
2104
7699
58870
76231
78210
80053
2347
92192
22925
59832
98305
28892
99329
55504
10198
43721
95808
40722
24223
35581
49453
72268
96456
33707
78296
37359
90537
47184
16520
34573
71360
90925
43075
28925
70449
85936
3293
89148
89175
38987
72602
8973
58533
62630
43714
69121
66814
44495
45120
63858
93869
64208
11766
15209
68130
5785
92993
21311
27082
764
197
43937
64202
59512
78869
63948
6935
82445
56289
16888
45556
53199
34780
67250
35337
99541
33512
78657
66845
66544
43969
46921
47728
46777
17283
95086
67512
52867
50136
54416
52758
48336
5922
89077
10899
57184
76641
11589
21660
85315
68482
53199
19543
42896
96837
70024
28609
76942
57545
21555
66278
61935
5526
87932
46940
37309
81510
19231
28637
90732
72144
14374
34591
56496
12691
36431
75089
96999
75420
77739
21780
22966
78868
3811
50452
78642
24361
72086
3361
62197
85080
4925
17102
95953
74131
55727
34277
89952
33716
7232
97957
90905
10494
13220
2714
70783
80844
786
81592
15763
28282
97123
54643
46858
98284
82810
60541
47130
54494
87997
37181
22158
15080
49570
7720
25912
28750
74277
5247
7014
66530
9621
44229
69933
83638
32751
56731
75074
88322
54881
63674
4328
60718
66577
10093
38147
25533
43862
7560
58731
19222
21572
62792
2300
40272
53445
25161
67466
89881
46051
69822
72402
14115
87106
16529
14188
12011
97962
89047
29693
70888
16770
37614
59816
5261
44888
49717
30404
46650
73725
29289
94185
2085
4269
65784
28452
55265
52844
4804
55626
42824
9068
75542
969
15211
35563
16123
20378
57362
54233
97792
17491
37074
87576
31909
58201
70538
84284
70273
59410
4409
37009
32595
74393
6593
26492
73663
16330
10320
72186
13
25981
95217
98404
70298
38671
51918
86036
18361
77244
81183
82530
31178
72426
90868
48775
96629
97854
50106
24706
24868
12657
18254
99576
9082
52989
27228
59574
16435
36370
25522
20595
88345
92518
81734
72209
61088
64168
89696
88866
53695
73653
21925
51046
57931
63268
47362
93522
98226
77916
16657
54317
29265
4037
37995
56021
78898
62843
48522
68767
14982
20959
19770
11674
1435
11049
57787
78644
12442
39352
94997
52695
77088
66121
91321
39468
83606
78054
34128
17503
10831
67765
25187
83746
46077
50130
33477
35788
59249
70871
61185
37050
71789
41431
80059
77237
71336
39242
22150
87348
38941
63202
1282
312
45616
9213
73135
65077
25695
29075
7570
45713
62208
91183
97763
2917
64764
38971
68945
25952
44712
19475
40883
94411
89468
47580
98412
73415
67827
65902
59385
41683
55645
89035
89146
64905
13380
41588
90074
99720
71097
76849
85821
49580
23354
70797
35494
17017
79651
80293
44194
43703
79565
27253
11380
57943
93511
73171
65438
97076
70416
53207
80392
28341
6255
30615
80240
3151
56623
53170
93263
37671
55898
74626
80260
20
38288
52628
13983
16003
98340
68372
22316
23604
43795
39841
70329
28354
80962
56799
46022
92736
29428
31852
99113
85983
30949
46122
94362
63180
14277
40667
81506
70710
94804
44459
76283
96365
62902
58215
69507
57830
28020
75403
22339
70907
43695
43801
64822
48239
24257
12390
29881
89903
80018
92782
23694
43796
97491
29224
54924
54917
24123
78804
28646
46810
2076
30416
30934
96635
44001
16842
54214
83334
61350
22896
51291
31536
19924
12419
96895
45699
51928
60330
31529
10789
10686
97251
34763
84633
70127
94356
39352
40703
76260
12608
60848
5206
58342
12277
68841
72738
25636
90753
47451
42953
89296
1829
66569
75287
40023
63586
29735
94433
97050
81200
97836
75750
52013
1710
25333
21714
58092
69107
63411
60988
27605
30819
1715
76847
54438
96381
44073
68902
42804
66001
3416
11696
13541
87183
8543
64884
61227
35130
38307
91886
77277
26364
81333
99222
19891
17363
13344
48962
54750
97161
43154
84098
993
78593
89348
26633
48432
85197
20424
34091
95268
34397
54926
59362
69496
50290
67251
52715
12324
3056
29862
84685
42611
34801
4760
28665
11683
66327
1376
55853
52568
81050
88904
52691
45309
67679
93943
62919
97784
91337
28316
23061
74153
92041
53524
61824
65247
65553
1080
48960
5559
68167
57926
46723
32754
25045
56778
92244
58769
23388
86984
48600
68847
88297
62409
39829
12924
58592
70848
56109
4690
12053
29432
40585
50422
78010
98396
83921
98380
51473
38594
50103
58775
54787
55220
71827
7852
91466
31741
75049
79186
56265
56685
52199
45400
26299
98729
52682
81810
42152
85234
55328
5746
62644
72432
19721
3551
64210
52570
3415
5109
67671
17893
36948
62072
74088
60071
86370
3286
77557
15111
51229
21241
65919
32451
2461
40741
84372
73052
45848
29556
56540
17506
14180
56555
26956
70872
8666
8313
52695
47940
90198
69036
82692
39925
2203
99983
99515
30929
90931
6916
68025
12922
46548
92762
90788
14429
53503
50955
93592
19671
29473
66517
38303
78691
69308
58771
77471
75972
28128
45399
20365
8364
75635
15046
81471
28519
80272
58416
45183
68839
5547
29546
76124
61484
71315
61194
14843
61712
89680
19294
84618
73868
56171
88170
29013
51850
38733
18556
47090
18761
17152
73933
42198
16326
11729
60951
25322
35182
4727
83341
50713
93436
13198
45020
17088
46544
3868
6620
70376
69327
3924
74450
34384
86097
70041
88486
42914
63595
42170
29243
5096
98009
51356
38512
43640
61192
18549
5203
35243
85213
4468
73309
87275
47014
21343
25422
7626
37275
57012
98469
79216
99631
31473
92155
23340
26361
65295
6973
61291
47034
26664
36357
19399
55786
33273
76500
78678
29124
57955
54126
95044
86826
74732
60177
55611
50230
21698
45907
20702
44191
47840
88664
35829
9924
99049
69101
18051
40760
92528
20388
55123
16586
43130
57644
35537
95023
4156
25259
10037
29326
8158
3451
61433
12392
5025
5439
3372
34947
19004
82753
31776
44722
34146
63049
65341
50818
78496
36540
62456
34722
72706
86350
79743
70704
13749
89253
94795
88476
11527
60460
25752
76412
68363
93968
75696
59052
98264
66523
50787
14239
74385
33866
20339
65414
1407
9261
90732
28124
41403
67963
43537
90156
27976
46096
68849
4575
35804
30436
69081
11462
47263
87144
92451
74496
45997
34047
555
34280
63190
15159
2946
27647
50404
46980
13852
95313
85532
59223
71172
86438
67229
44704
2128
76584
67366
13725
16879
50732
88948
28989
83966
15039
94249
61877
32442
75662
88488
98174
24047
18930
32573
23850
37711
7254
38010
70305
1439
43398
11579
31740
18731
36118
66891
50205
67194
47148
23904
91881
40604
45995
64449
79811
76736
92157
39783
82119
99137
5564
52353
96127
90464
22525
1874
53445
45646
20889
68822
96406
26464
25305
37442
33359
86213
54782
30920
18439
15123
8459
32154
4745
16509
77263
48806
40428
55169
31410
34047
8560
27229
48924
80348
96152
45474
97788
30170
61662
12865
83324
58365
59351
14274
77759
7827
92037
66068
