73338
67026
81478
52975
95919
68051
3618
38468
53110
95864
90208
76052
77093
15788
73111
50323
47456
10627
73943
33994
83223
91220
8796
25279
52013
94261
22268
41532
32115
48401
50304
50143
56691
43017
80815
37342
56553
3972
98341
67316
52811
55860
36770
1196
99626
99879
10847
15145
74800
42118
24988
81648
6505
95758
56853
62643
2943
84488
2579
81883
70941
82215
10782
6225
78837
96926
2000
61801
57821
56027
54213
47851
72851
12708
37999
32447
76066
24173
29829
49429
58397
76819
25531
52238
10088
70967
10637
7818
74902
91770
1686
39567
80812
98738
37309
722
62244
7942
44110
25446
12111
48716
72967
11678
59282
91740
75497
54496
66225
73649
69966
84425
3177
89564
37594
18615
48470
92708
32265
81814
79701
72926
23560
71818
31332
56772
68992
49142
34278
63637
58445
12071
27330
94218
39694
81153
24651
49936
56981
41348
67643
75239
37853
54713
93848
79606
33627
61567
11864
70984
65516
27148
61441
18631
75566
2978
20937
63571
1228
34321
90332
36543
35825
2434
38748
44681
18270
97927
5443
41812
59702
2045
34372
79908
95542
43067
29871
24853
43298
11418
6035
27832
17691
97152
14269
18314
90988
26250
46623
16435
80516
31830
87052
89560
95486
20586
21344
87454
91579
99365
95741
60604
65650
48448
89712
26587
13214
23425
92241
30189
69013
7196
63433
67047
57176
51493
20238
98300
90342
2198
46090
17207
46668
45913
67194
48244
50103
83156
55314
3068
68234
10447
37310
85244
33483
14306
94851
31681
89207
9215
49315
33713
66710
96953
31231
48649
99369
85264
59768
42319
23296
8378
97518
97715
53544
10992
32809
63559
68641
13522
84662
46040
34094
69080
38729
17095
47782
49206
66177
44073
52199
77770
94441
88823
48234
26726
21466
69651
75601
60500
73022
19864
53149
51115
86095
97980
84349
3693
33726
28933
51808
95418
30832
23012
70284
93941
96226
9907
72327
25456
28366
9351
14386
1974
40870
89746
77909
17813
21724
504
53941
24103
95780
62315
20034
32187
15601
75493
80046
69509
16924
69537
5336
5886
50372
28311
50598
42329
47343
53042
44209
56324
34382
83184
4922
10839
11998
5621
8923
67292
69835
29740
28536
95483
13519
63260
64915
59424
52152
18210
45983
27275
47816
69521
23981
4020
45750
9539
3522
41369
77234
49818
77642
43558
53957
70263
88965
4480
23478
7094
99455
85902
68969
93220
28126
4132
71747
77534
65012
10317
13000
52136
86100
4628
70405
4167
40642
68239
54794
88700
88227
40041
35791
47229
1044
18027
94391
77809
34262
98022
97138
85095
50374
91871
19580
66292
89323
66103
39139
77159
11785
25078
3846
52619
19122
85876
73944
77304
20796
20164
9636
66198
2478
38333
29419
11728
93140
46117
60904
63825
28754
70844
12053
80381
53492
29539
24455
55022
71076
75816
8691
73290
69525
3663
84852
3069
85852
38014
51301
47289
3807
31621
90632
62118
51685
69928
38089
90983
85037
25482
10941
14379
13019
44760
38372
87020
16109
54607
10605
48456
97420
5963
2617
95066
74621
95757
52471
6453
38455
69287
60047
23644
24143
67303
66138
56736
86351
76479
7054
3446
57541
15725
66264
66580
63735
32940
12066
48393
59637
31605
89684
24662
6823
18963
33494
16237
50021
29314
48083
58660
73669
45763
42554
70518
12175
28799
61854
86550
98765
86357
31134
13905
8222
7490
37246
27871
8329
86956
21364
98213
78159
81643
37119
14027
82649
88404
16336
56917
93073
84900
51629
76544
78828
60581
17995
62555
89348
16032
16025
70367
39044
37823
44476
36844
11837
10141
37652
71841
41590
12685
68701
90295
89312
87652
75185
49051
6567
82980
71499
423
62212
70214
67463
6076
38159
92034
82405
65822
48594
57374
78669
94668
90425
68305
24908
76730
85094
61491
93372
17773
87937
49731
13538
58866
59564
55572
58448
42459
7540
42165
29451
16055
86083
76892
27911
81389
53779
81614
60526
3861
74397
40813
98559
8915
80239
68222
81747
79761
93820
5174
25307
99287
2126
56193
3270
98442
40055
14799
14079
48030
19300
98044
8146
66137
22450
72090
21743
98534
59675
51836
20423
30547
64457
62849
21523
80136
48267
84572
43733
53347
80837
41020
29974
85908
79137
38717
54190
59794
76836
38090
15362
33401
82460
39820
75911
84417
23189
17620
11428
60252
34027
42145
5302
73611
11129
63983
7310
61213
21840
3516
97717
49894
54467
8472
28591
10072
71679
87880
36893
16416
64376
20855
30204
53823
87807
89882
5164
38723
98128
62238
36939
48034
68039
2833
75263
35923
82578
94505
26962
63753
28194
66389
9239
67372
28571
28542
83084
61525
65931
56985
28088
43302
22519
45324
50003
3300
49777
6202
75173
15923
52262
75949
75622
97900
71475
57983
86373
96349
45464
70661
11461
81117
46277
82937
28449
28650
26993
93282
33391
90945
30313
898
1442
19066
85893
55036
77162
68573
51926
81823
69431
72900
70876
39220
92411
58191
81876
6304
96045
88510
23823
44758
11689
32399
66877
45276
94260
81396
68456
13784
79678
79056
24382
54520
81056
7662
31238
95963
78501
40349
40819
15966
20165
77132
63574
77991
42317
47294
43181
43816
69242
95466
30298
10928
97091
71027
21135
51668
23863
25790
1413
68533
22331
45781
97100
71310
72342
94263
19069
84317
46376
45625
8267
85995
29236
31518
87032
49818
65151
60686
6275
40778
47473
5942
35454
46855
47416
99835
84670
51123
49515
42684
88525
41100
65100
95972
10649
19673
2695
51689
4079
61110
5559
41028
36450
58297
72648
70573
10309
94049
46999
45202
15289
89531
34965
947
58495
89264
97610
50782
2927
81486
58935
36994
19073
7248
21300
3282
88201
23053
4984
95576
61760
69627
82550
37939
53405
79901
12260
89934
44418
35024
43095
55326
32179
57518
45739
20184
10529
92541
61343
20173
72005
10104
15677
46948
91144
47863
19638
96018
70878
72349
98252
86456
83764
54238
53353
90520
13023
10891
42061
65461
12563
29180
18405
11303
79765
60280
69750
9784
81256
75844
42266
33950
26243
33382
32161
1269
21732
74804
98648
83032
45854
32990
91111
51388
22190
16725
17204
2954
36364
88502
43526
5654
988
67063
11236
4672
24931
23277
16283
96999
23479
84152
87422
4965
48592
15404
40936
42219
92027
19068
44125
14297
38349
60804
65998
38042
86259
41107
1596
26618
79368
30131
4467
44613
68737
2903
1976
21982
43810
98273
92766
66360
99283
54157
79345
36661
301
18141
83989
47512
4271
46337
88137
14217
3693
39586
4357
90213
69671
28812
91363
29310
59992
69910
50746
64534
87077
4495
72164
50516
98197
50311
58946
93601
7680
45047
72182
64034
44480
17902
34893
18098
92036
249
49151
49626
85188
82189
25391
84720
17774
51412
41902
90890
80927
48658
57820
27933
70541
81587
32206
51255
73825
31956
36619
15636
22978
6826
31920
46657
21676
17138
4404
79275
89248
95062
80901
39715
6613
20601
98449
42576
37996
13696
47265
81649
24321
39292
55040
8590
39517
1880
8601
81145
62568
97307
43774
56423
16508
64475
69701
29797
33782
89663
95245
84152
38149
12142
734
80501
77700
21177
52622
17882
66436
16066
8736
87239
78562
58312
48135
77500
21625
99984
46985
17201
10288
85041
66047
25356
70836
88700
62872
57602
79968
21223
25884
44909
5080
35156
71982
62182
52502
10882
27275
26400
32443
96464
76528
50913
20711
29097
97976
56733
4772
8593
45762
91536
39421
41226
52593
69656
10028
98883
21965
5325
88368
3614
85254
84638
18845
19901
18649
86570
51662
26792
68844
21047
91925
4317
59251
58546
61811
98580
1173
44643
76164
846
1768
17548
53553
27514
67512
81055
89705
70851
90695
45369
96009
54969
56463
47807
67832
68251
10467
57267
2992
40126
52211
70579
9590
1181
37326
10158
49739
54781
43298
92644
31227
85723
53823
25145
67698
20052
281
76597
55982
42256
12012
83323
6256
40748
36858
67780
99596
56867
45680
22776
11360
76505
15655
54376
9922
82724
78758
17866
67633
48663
55844
2386
17549
65580
7499
34282
20547
77421
93368
15502
76769
55486
27167
95110
83816
26571
30860
74721
33919
49898
71492
25034
99715
56013
69418
76778
93436
54438
93437
88442
57163
33207
11198
41794
48736
30357
54000
41331
61480
30104
99928
55550
25604
51010
37060
66831
88885
95273
2664
93257
60083
19267
20483
99007
12124
13133
85152
28332
7209
97880
20633
17840
2780
90448
54069
32456
71510
62986
39442
41865
21446
91818
75038
96472
41628
78126
18623
1129
83451
28507
18067
31474
76556
96130
31857
46891
35119
38382
42638
19428
27853
76172
40540
1154
59049
73848
5517
19384
853
50656
60949
49919
56704
8727
44173
81106
71021
74392
50644
62728
60383
70805
66288
76014
71504
31803
6898
28768
1185
16163
55480
77188
66060
58968
780
23716
4373
75104
34249
99558
59327
87146
64093
4617
9146
44978
9002
14366
37402
13395
60039
70369
11972
25482
32548
45810
76513
40802
16554
95189
75957
66082
55969
47458
1833
57743
68843
16681
37796
4415
38893
47302
17144
31964
81614
4092
26905
75312
93944
41874
26408
70259
63100
29799
21262
80175
38066
84627
42916
33228
41342
1595
9327
80477
77165
41808
6697
44069
97599
91877
20442
78823
10111
31148
3718
97034
24429
45004
46816
61157
97340
60864
80988
37260
27191
13167
40001
82455
47167
28579
42269
33035
48912
31976
74035
85544
88482
26115
45648
61871
33098
61261
58140
22125
52736
94827
19947
70056
15804
58539
22707
21220
68922
43581
80055
93651
9180
12171
25858
97911
88974
45175
89424
117
85701
22608
48038
78552
50497
35920
35266
59135
4626
66452
95981
43940
7894
15289
21996
98122
8640
80944
15542
49090
39061
42013
58688
23706
81615
88562
66260
61699
31748
83811
58944
54621
73537
93126
51659
4993
6928
31465
12386
58891
38810
43823
37713
10210
549
37416
54861
28133
29565
71468
62094
8979
43505
19572
48153
38039
53877
12854
26907
69166
71813
95899
36691
57911
2089
43102
12166
81015
22867
34243
44470
2469
5029
16017
44364
9208
19728
5901
8370
89227
91672
1333
7357
78474
63411
66006
4648
30557
95536
36875
52316
23470
7828
46322
15691
91991
62751
94316
85020
4845
16781
15793
48640
66627
86777
2670
72163
29117
24188
71933
6622
13778
81235
4574
28074
71324
97343
57495
6927
65728
38341
85349
94810
71316
29653
190
47309
13810
94728
92869
33360
62552
20547
84361
3365
49176
49721
90267
75225
60035
31692
13386
68918
2285
31315
14364
91062
72637
97624
47147
48306
7156
31352
99545
24473
32183
43501
66322
98332
93562
83241
42525
64166
22795
80408
11230
52456
97656
19368
88491
80242
27679
99141
33609
20478
59536
69341
32290
775
84928
85826
67973
24599
39981
58350
49019
71325
62825
26144
44961
50781
75045
61124
67079
8194
95099
89745
51140
50767
22872
6380
96659
58643
49636
53611
17102
43834
74671
84275
30277
30720
24954
21922
859
18304
52831
41097
44478
30219
33503
84593
54241
89397
85414
9727
49239
87401
73340
58994
36974
85852
39114
72296
20166
54399
74247
32480
69453
27182
7103
51419
85464
29637
11263
14204
71359
66162
29951
86638
38870
96070
21260
61189
91684
62662
72657
10364
85954
44382
95585
21150
35825
8628
21956
95744
49848
76602
58396
54347
46873
69757
63506
93143
33263
9659
2530
82867
42311
99057
17344
22338
93111
178
453
91327
25407
53524
86810
82497
123
59301
89152
88889
77442
56347
58137
95416
75006
96744
93334
84558
98920
4300
98910
15501
16895
25573
44856
844
22693
87297
2870
25895
62742
20276
99390
10372
2118
87173
7125
3280
88886
45186
79178
63624
64179
916
16797
17044
90155
45358
22250
49773
71884
58303
27094
44287
91579
88903
18901
37354
70414
7302
84821
41219
20295
13679
19626
11319
52109
46619
82167
32079
26408
79770
51606
81710
98617
22245
25380
80920
70036
11471
3980
59725
92667
12218
2254
57107
5080
38501
79628
76818
42166
11779
87153
21976
76573
5927
72318
33405
63880
29115
95730
30817
84997
66640
46966
8817
12808
8816
85122
91528
72940
43311
84815
47186
91303
67520
79162
96652
69385
42180
79538
7783
91921
57789
81438
30188
41420
84288
95470
56185
1035
92137
47580
58473
49087
32937
23038
9810
66132
32346
9452
91368
10407
17235
16456
17023
25990
28086
59055
78093
76034
76871
98970
56398
96371
50872
88177
60609
48809
32287
2701
86192
74346
89257
92712
77773
90956
90951
48324
95735
6417
47783
49140
11484
79834
91550
83947
58744
28522
89536
81311
65116
29624
21586
80026
69770
14544
83543
84829
87453
3175
50855
61968
34597
57976
97470
30026
66832
10368
83440
17210
80900
38035
38458
93200
29704
96152
79508
28811
88259
33992
74594
2752
19932
99806
43370
32963
45760
21532
22560
9558
53250
61146
71452
76875
38397
8043
32525
13047
61237
70542
60135
10421
69884
35021
48216
20051
78416
68182
21657
62045
85825
32788
61952
53541
40177
20393
16178
77036
96308
45578
74197
22640
47350
45207
4867
94161
87068
92629
73946
81121
70274
8746
90801
42568
32644
59285
78821
77265
76408
45127
81138
96213
95928
4962
95741
15298
53438
72364
45326
57575
71657
62928
29115
12639
10204
14769
223
81079
78277
75084
43465
76190
68858
16169
7601
7816
64255
9373
7045
60638
75653
87616
16322
10790
41580
97030
82846
8523
96777
68700
28642
28329
21891
10496
21717
92951
7159
32701
72372
28945
93532
41474
60446
96384
97
4990
82123
29001
30866
8923
97852
70895
99449
57940
31117
22149
13120
61011
92839
53172
23061
1099
72243
60997
48295
39951
1801
45004
17357
40206
86662
44818
21126
81324
1660
71677
37211
46622
33603
52030
32992
54593
59277
20662
30105
22263
51671
72326
60761
52255
94812
54898
23110
59600
73828
20017
44857
58802
35161
84531
4705
27161
34106
2063
66311
96158
68872
39880
19596
48092
90046
96572
89614
89220
4093
2729
35145
958
60613
51356
6907
9628
44000
62551
76544
44892
64377
48190
80540
11003
69322
7199
85719
27152
60147
42556
72290
94028
46310
79285
1079
79468
95006
84726
55967
38232
6000
24923
12238
92
12410
60412
80456
76256
25433
55129
2087
4485
97238
82979
628
42687
26336
73668
52403
42570
32885
8844
15867
95498
98649
41657
72322
8611
99978
75042
78488
98321
48138
88032
89002
92933
20731
2842
21831
17085
29129
63499
67391
94271
15744
18226
39910
94834
11647
41302
35384
76152
3268
44308
61079
60204
42535
25510
28112
70612
4323
9106
16156
91267
27759
83180
72354
25998
59626
19785
8090
62536
31381
5217
83852
96637
31738
96544
3990
79176
66378
53545
58572
92593
66373
52199
20186
55686
24018
31506
39621
44564
48111
96186
17232
41090
56994
97652
40155
15370
54957
37342
50661
83574
93120
39663
93650
84115
873
94304
93255
46452
35686
72178
68658
37542
187
26458
11015
65035
87775
10960
93574
28534
81425
59504
27800
10690
52488
38282
13207
82030
87751
21836
43981
72729
78832
99786
25429
68502
8815
10247
31454
5196
80535
71011
52366
21261
54539
92353
97763
4113
84946
43636
81653
9294
8589
22437
73943
63702
86533
32484
85916
24621
73341
15816
90518
42086
61735
47940
74905
64697
3282
73737
2334
18403
89185
86930
48676
4953
19415
31472
50161
8394
54510
59602
91415
79313
6984
89072
22897
20436
45308
81428
88236
2300
50546
98502
40227
94513
13034
37267
54114
40016
38870
74873
39948
81548
97511
16018
63256
57407
57893
3962
51510
16811
47065
8606
272
28370
51588
30083
19723
4430
46739
68848
71693
2190
81226
59674
90040
42669
46620
33642
16532
76336
65821
67084
61611
78492
43631
85271
79758
61490
53048
2292
39542
70505
69301
87981
48964
88102
17896
48499
37545
50393
67340
60364
63169
567
92585
30711
16026
70448
64195
26813
16244
35949
15245
55094
38176
4264
65947
49269
4138
56359
52181
85905
83571
45046
19943
1713
40119
96448
54069
14324
50478
19114
95980
23834
73582
59596
62548
98258
47341
91245
3009
81984
77572
74841
95561
57258
56015
63842
99024
17152
25968
98705
25022
83879
90708
97575
31923
28992
96174
16916
35249
82809
22015
22803
41911
71055
39735
34144
17070
89502
7444
81367
56987
84360
31465
6859
52693
35037
49019
86879
31121
49837
92645
76068
21146
91047
99291
94576
40604
74861
76971
12343
99679
96055
16095
59305
91728
91552
90239
63208
50395
56432
13460
93923
92917
73191
44103
66228
72310
80483
56904
22195
43204
7663
35179
88245
4874
66728
3276
25637
19879
26572
40371
36988
1571
84609
21747
5792
69661
87584
60972
73303
26431
33596
8208
82438
11091
99603
99683
55562
98639
40047
88123
44434
76907
33689
8775
46167
91283
28796
45612
43129
82680
79473
77002
19608
31329
36044
69598
54028
10304
52194
16353
97281
68479
76598
84973
54002
1016
26751
55295
41280
77092
76278
72600
75088
98443
20129
32157
75359
92410
97528
24319
91650
31123
34001
75445
79326
50622
81772
43717
23360
3870
64829
89345
57947
64670
8689
61294
62972
23337
21054
15392
67211
64409
16780
19074
50272
42408
45018
76274
18624
15490
36687
54984
45139
18236
25726
8726
99778
43869
99893
52619
13394
21178
31874
58098
81560
59872
97153
80088
72568
88714
65639
363
66558
60723
59300
16989
17336
37061
90137
808
92366
4112
28022
76779
15519
97686
99470
33011
87001
35523
83450
28309
52629
25626
59238
41303
8845
65194
86844
90606
55130
10079
50379
14562
59342
78325
96787
39214
63755
56680
82000
60196
60382
31399
73825
29357
56444
64966
94452
11374
85591
60242
63088
2726
35836
99488
53502
83028
74253
70303
99988
24021
40150
37388
51455
39275
62670
30467
96685
71065
5676
55379
12213
35435
10339
85163
69379
27986
34780
70224
8100
82477
42126
58608
42282
59395
24701
24497
6044
70733
58828
36867
40318
18033
37440
65748
69272
47144
4722
7810
34789
60289
94288
29899
46299
22815
31378
56032
85233
73085
15444
57144
89138
83250
14292
98689
36029
15312
53546
74865
38454
42758
82399
51418
47117
66917
93611
58748
39529
88703
18863
42197
52528
42411
65484
96563
48373
97509
78046
3082
1119
76243
30328
6177
91090
89443
92669
88551
91293
27088
63736
33763
81855
12643
87609
19081
55478
36949
68973
45160
71846
84018
6872
37952
81378
19738
70866
13553
27002
32194
17115
84078
2529
18743
76924
20177
73305
6402
49980
43560
92669
25447
79643
69421
15627
82920
57615
36851
37293
92806
49624
63548
90467
51847
64066
96167
41646
83027
4887
82759
25819
43352
80862
50639
79882
77518
35636
63434
9561
10421
37605
33927
49810
45050
95047
52913
7343
26681
63988
42332
66693
71100
81858
98491
88052
13089
95552
35439
77577
84921
96975
82490
91949
7085
15802
40722
1038
69147
82196
46897
80680
60447
93197
34216
21008
44301
64624
37460
64925
89434
79100
3657
49875
81242
21629
97419
83437
97155
56006
21947
32230
76177
30606
63406
1765
4483
56132
66842
92067
90211
2416
79369
72825
23875
79207
2160
298
73315
44234
41049
51659
62511
20604
25117
77483
38980
59166
28110
88707
71699
13289
50703
22203
24478
12903
87879
80789
18272
78159
89034
7707
30410
85691
32184
27104
40007
63336
61314
26261
99168
67113
28934
843
56636
58503
71964
26912
23487
75001
84104
84008
60788
92188
81424
6841
12389
36592
38248
68371
8071
42959
12489
22666
27314
53547
39040
78514
99470
99074
29378
36101
10122
52512
13917
42355
14341
54322
94570
68935
38191
85602
14431
32498
17258
18100
9217
55415
36138
76124
13782
70834
91643
70969
57336
38
97666
1522
23782
95233
75772
15468
99413
90478
95362
33893
21923
76022
75374
32048
91884
91540
58679
22317
35829
52084
69048
93668
60966
25127
83536
10750
82069
79526
15458
72097
285
62304
59356
90566
30638
58211
72820
86840
66717
80099
38318
1322
11836
95273
77179
61045
56005
62682
67996
83566
65519
98370
85124
77249
20867
2494
10843
79884
37353
60996
67711
75065
72059
6767
44420
53657
31451
90154
93756
48218
26848
33880
49010
48965
75084
37470
77552
23574
3225
90126
31841
69401
89297
16977
99025
90557
18141
8400
656
49048
74933
77470
82549
59447
95863
38021
90143
19232
4562
8460
89271
56134
1058
41570
44561
85832
89494
17227
43186
8743
6316
89380
6443
22017
1119
90707
68355
97327
94839
99216
35091
10007
78175
63114
81098
56111
26931
97687
17393
97007
37848
13084
61833
78769
16517
81717
37936
35272
3839
22882
64163
43898
62339
83311
90109
50524
57885
25278
91902
94792
32053
11474
48103
55005
68745
95995
42049
1300
55125
60249
54365
17082
54350
10926
34934
98767
64911
9381
22003
30425
9355
43129
48808
32325
45345
24324
72860
10716
9486
95301
48230
74302
76348
91916
29584
5310
34871
95013
9054
55354
55776
58846
392
11317
80315
60695
7170
76210
81219
85669
94525
31119
74654
58691
58950
30268
60011
64566
13388
34519
91223
26940
55423
29349
73647
65424
6708
77390
75663
45244
89317
27894
85337
28123
65973
68116
66626
5225
7825
77105
870
83370
14962
22270
4091
13204
12959
81202
63811
32347
30448
83615
91484
26359
1357
16368
68754
41171
77044
5281
39795
79060
27354
67643
45411
91492
85576
78538
70886
73338
53639
11069
38971
65224
49367
99130
88456
98209
94616
3899
8367
9413
86988
50857
69216
79434
51732
93779
97865
40296
51638
51531
27433
5793
69952
24125
6050
52876
41255
70285
60204
50909
23432
18188
62374
42066
98031
50391
80999
2876
60566
88684
63794
77960
41541
53161
24649
26185
88376
68515
61177
10852
2686
86912
88403
27992
35229
24945
99322
29096
77267
18544
38136
57958
15672
63186
83819
85373
29471
60840
381
10555
57371
65720
31409
84857
6814
4883
21689
26601
59901
66067
90373
64283
84687
46131
20085
57164
76660
57643
52016
54027
56339
95654
28813
25769
93083
47937
69038
17789
60683
81059
8013
74513
67981
28660
86607
28428
93789
17275
65461
1181
50055
9911
94321
48224
43854
85018
37653
50705
83913
16189
8743
92586
72329
93860
36176
63674
42901
47664
60276
92645
12918
98426
61373
76978
84142
64915
11984
42325
10179
94773
45985
44632
87354
93636
50593
93672
37471
95463
33333
28187
95008
23134
26883
24601
10201
23359
38374
11406
22283
28976
192
87946
79141
89635
9007
32786
61060
75881
76984
89383
64534
55476
55232
81584
74299
5838
44378
80231
5028
5487
40730
96254
94334
94367
9096
69324
73096
67081
62929
44631
72191
62679
23127
83679
34299
29232
79752
23493
28818
1899
24140
32439
90106
84942
84791
11801
6924
71623
80255
57489
82020
88007
744
50990
40229
14134
78747
1846
42233
57943
44245
51595
47254
83833
8379
57369
24572
43190
60812
99999
86043
71756
1839
98776
88818
61333
98794
32005
15826
26758
14324
2713
18337
38369
54563
87008
27482
5494
40063
57324
56753
49309
61880
44701
32340
59145
39218
30252
13902
51209
88286
73493
68581
55040
3685
58015
49731
32127
20157
12618
11985
41116
73662
85619
6623
91410
1774
36838
63041
41844
81208
25217
20724
4143
79388
28737
24158
58235
71072
60620
95026
23229
93859
47866
49459
59164
88978
6208
81936
29470
43028
18394
5006
76671
10592
18517
25923
43758
18254
84342
76638
21187
96683
18762
50213
32096
45702
34859
85110
44804
56391
9804
39566
73734
12992
38562
13864
9108
73307
81614
93022
615
40306
16683
9803
9250
15358
95281
68241
81064
92007
88291
77333
30520
50747
97979
49416
76102
48026
96752
58401
4375
78701
67905
30854
35672
65622
98305
98122
22779
87683
88575
14672
80783
64669
29584
58413
4954
92541
17595
13100
8598
33245
81857
95915
74854
13004
18855
55778
77716
92667
39714
40932
95720
43317
21342
35806
39462
32972
47499
38268
21925
87662
51172
37355
95560
11959
8317
2137
72922
30463
60968
63000
90539
53364
33220
40514
96353
16770
19716
99703
13981
55631
99351
68385
51436
44548
61912
55768
73510
37669
11508
82626
83942
32897
40404
95922
56678
76196
550
64081
58295
5418
7884
16186
39802
50863
80193
85247
37982
71362
17411
554
92918
93848
354
39870
71382
20380
88611
38427
96970
40100
11665
79392
47475
319
321
95114
20031
3434
88992
4059
62468
54978
24507
65718
16569
82515
95147
73959
17392
66351
73403
42655
53236
42523
79351
38397
47035
52835
1907
83145
68616
70798
63157
95513
29984
47628
80384
71510
69766
51691
24829
15641
1653
89897
18984
99375
79226
10660
3829
26172
28972
78797
18718
38524
42793
40412
24458
41860
47886
39452
3355
89126
62546
24327
44883
77875
26144
83372
99492
60795
1103
98796
48787
50033
25439
60645
76008
95050
25778
82918
36373
68836
86949
72449
50688
37506
97514
6622
36879
60661
69571
8556
93327
98903
30813
62162
90657
94833
20103
98020
16226
99581
90861
25489
5141
73989
93781
24153
25807
51562
38613
37084
17726
24993
31247
16270
21271
23544
84587
30886
92859
2326
93103
72950
70309
33696
20189
91541
37906
3703
47753
70807
30766
19967
54134
62782
61591
3611
44812
68970
20208
11188
52440
60460
2852
11897
41695
62232
46197
40095
46112
46168
96864
60873
60550
11038
61007
93284
88678
84114
12187
82249
38267
37577
43963
74885
88668
61750
89389
8662
19191
89690
26784
88683
74636
68696
85948
24974
13097
91491
23951
87838
56093
49336
16884
468
74394
70024
23106
9383
39692
23406
3790
86123
52817
1695
97150
25365
1620
80415
31084
38041
29994
17903
48307
4596
14312
8260
90904
85958
7839
54420
73688
33175
10582
22410
10954
31130
96994
29241
91409
34606
72323
59372
63809
3009
89982
87708
69099
42224
44147
9403
79462
1322
36314
6189
9340
10610
12831
29366
64718
40387
51127
79022
68517
5870
83998
14449
19446
58590
8303
85556
96625
33981
2111
55282
92295
49071
2806
21732
88309
65916
44715
63758
60465
38732
11450
15798
82608
86474
99397
78736
86737
53867
20101
20373
53130
25736
49419
95091
64941
15526
14647
66205
31318
77463
96020
59938
43988
47642
66190
56475
16913
925
48369
13534
43648
96258
83999
22800
69922
27072
48109
33911
50037
92288
42876
82222
38554
14664
81391
15889
85153
12213
95629
29112
33779
2305
94261
57761
11676
48324
39577
86502
851
84662
56601
31469
7559
91090
22588
66270
20999
19319
60077
6447
5806
31624
42416
28668
68682
25139
91904
26962
6152
68559
71270
76170
6493
76414
64568
24083
43475
44690
45387
44616
9902
39980
56822
95809
81722
11103
91622
60229
21299
40019
79703
50172
30800
86278
39382
31523
76493
52205
63344
54265
48628
69336
9173
84822
32392
49811
41423
76540
52205
99688
30169
2949
9399
36770
65022
59259
78125
75757
19856
65863
88826
14617
56161
7522
57808
83358
63329
29767
13945
61913
49204
93801
41755
80660
46255
54496
94887
86947
32335
80735
78815
20586
84886
22465
87201
84349
63684
7682
13781
80096
39982
27498
19823
60429
17021
79172
61889
90099
14085
37261
22496
86875
53536
53895
70096
40614
72519
36749
44751
23603
92716
37537
13308
90685
2647
58113
46946
85760
34651
50329
24676
98268
39156
52497
94375
56178
23552
27975
11510
1675
7575
78904
24470
3704
96392
63447
9863
78420
27505
80256
36180
53702
49562
6406
16887
99619
62863
10504
23852
90160
65241
85347
87152
88389
47832
5857
81845
16140
40062
42671
57221
393
22762
29772
7889
14036
58016
77309
32821
73153
56898
28701
80777
6113
62925
26706
38086
99617
65427
2427
50451
52400
7792
44005
79724
40575
57771
44957
87982
56001
11947
66719
17921
26225
71411
93389
81186
70962
41724
98588
17772
42897
52877
29737
14115
36904
48761
42344
64701
7516
11446
65404
24748
63653
6805
44771
5164
75374
9187
40073
36454
61426
98043
72445
22911
98599
63301
37696
86816
76343
97295
96185
25922
55208
99911
98726
34934
26045
10642
73454
14990
50966
66700
20273
15723
34515
14108
44352
47364
1718
92595
16809
8400
84837
91554
16651
593
35055
96149
17320
35677
25414
99535
43032
3946
68010
73475
44506
56917
75111
30956
76934
35758
11349
86122
51453
69380
93
22553
62114
94121
76219
52496
98754
49121
8414
27987
88718
73901
90349
42870
53546
85966
53092
87342
80381
99992
59100
11509
64393
63925
23880
20026
35797
86866
74395
73827
55109
35786
97703
2208
70635
27405
5633
3885
43127
51021
88128
67204
27594
35077
54053
59772
20712
88135
62164
19586
17260
54560
53376
69618
70389
12393
69828
26610
70078
83565
81294
20523
68428
80306
77238
75205
76000
57542
83372
87071
5580
34504
62128
60583
96674
76239
70491
46812
2888
78043
4123
13501
94344
42678
20443
34541
31812
37190
71937
88070
27495
27155
18320
7287
70902
46639
55214
89308
78693
65127
50944
84376
67174
23365
40146
77842
74748
33886
20947
57705
40621
52575
39996
16244
46518
54479
53585
54075
67353
55584
73728
9228
12018
73336
6951
72251
99431
26071
1490
17561
60701
83076
29921
38671
41447
36376
26440
15191
24954
89190
55249
47639
84444
91558
70172
55196
78906
92477
88294
25263
55449
23723
30759
80886
26788
41712
1685
10953
2724
23803
33191
85583
51342
35473
44244
88502
88949
53239
69049
34219
28865
98588
5753
38139
20216
29445
13406
74247
45368
94678
14750
48093
23014
89338
84378
45273
4001
26512
928
70424
27760
82450
94128
94132
2938
71266
27515
3169
84820
65908
64583
96578
47636
63794
36239
83049
15685
7888
38471
48842
20339
37901
31742
72058
72614
84386
61948
30089
96300
19530
85707
78809
76367
69902
90482
36602
28869
32748
57115
97924
22758
53347
69206
27504
15577
13886
247
90036
91719
94427
39323
19704
24081
50582
63720
59161
37052
77430
72402
67834
93514
65108
87801
85090
28453
26244
11984
26263
16885
37122
6009
22068
39345
58010
14219
97161
28082
95987
39989
21200
80162
96537
19517
5319
92212
7685
80929
36015
72397
84204
59071
47264
82655
25441
16528
83399
84407
3975
60303
3965
57613
12983
35831
72453
43928
71275
33482
41505
94692
92485
43758
20273
8251
94622
67313
65802
80416
31311
86446
82511
43836
36021
17032
84719
80431
48997
67763
32954
43336
87404
42802
20993
79152
95169
76858
30825
81440
16842
38838
21100
35571
48744
7428
98796
98581
86720
72732
31060
98971
28134
6289
25934
86445
91912
432
11226
61854
78196
6086
9778
63996
5351
28222
51447
29571
76404
81959
26582
71852
95917
92915
19453
44994
9104
39996
50773
66709
32017
69890
27515
96903
47008
93616
53406
38660
92247
10684
42999
43119
96675
14700
55904
79800
70188
49494
32595
1962
68258
49184
41600
62432
30342
66407
77418
80023
63378
75099
77246
67006
44454
21286
70993
59626
87856
21517
80726
85254
68663
74639
24313
97064
48516
32939
76730
63807
63022
15647
49225
38216
67968
87531
5882
58528
49289
5299
1701
34420
70816
73731
2878
66964
15954
60077
58188
58086
18154
22606
55879
91254
50203
52686
46227
19115
95181
96134
52212
45909
94273
74620
45964
26306
67267
49450
49752
99857
57547
84477
44036
19518
90800
49305
38918
4347
20554
56058
71454
9503
4226
51797
53544
92536
23864
89661
92410
58525
13585
30369
12544
14590
10395
15986
1842
76285
50718
41123
68879
97077
32896
20329
17977
30328
76533
69442
36300
91031
37474
78002
71484
73275
52012
61288
18730
13841
75010
10143
9858
89409
29988
47712
94997
38175
92334
93765
63630
71546
88901
97592
91122
52243
68604
4314
4601
20488
42755
45504
36068
65101
16717
74040
30362
42108
28061
13193
19651
23331
63948
40216
55776
41404
96922
30919
83460
87003
16495
52664
77907
35296
99084
21199
90806
33868
79602
44597
48664
44208
45518
66169
58977
71392
49152
1233
21676
68327
24583
42750
98790
83765
620
39021
3942
86483
4039
34970
7139
71318
25681
59951
12727
52146
88167
17579
6702
70470
22967
28637
70698
7061
34091
18735
10679
26773
77231
56832
85606
69056
70144
22698
67784
23848
90035
9602
76296
91048
48351
61725
11270
3989
78889
40751
12588
8691
79466
60367
87310
2500
92767
12087
26179
83771
35052
1640
7834
28335
46669
56842
32827
82923
68059
27280
16860
69730
72056
35898
34012
34879
74871
67764
36032
89627
90955
17084
92071
85448
85290
88065
76331
98026
18525
92167
25911
79429
73927
46726
36160
13618
13231
1810
7041
71051
47724
33910
49847
16805
19341
11610
77429
31838
91106
12643
45477
24076
73066
3161
30076
18709
85369
29604
41785
45052
19814
60175
21722
6777
94415
45295
65882
63746
23177
71677
86315
38757
92712
87967
68332
10712
60454
49925
7367
50119
66420
22094
21258
87596
10299
67947
53663
33885
45421
62075
41546
60415
27981
71190
6207
5017
66104
51206
95358
91299
34350
91503
10348
99645
67329
74446
81391
17692
77497
83231
24229
83327
59969
26233
53538
95584
21777
74101
69668
94054
10745
95276
54548
20598
35079
58302
4828
29418
89782
89646
19391
89338
76339
93546
44665
44055
16173
50857
82709
20503
81720
27342
57669
6634
97021
12713
45761
97707
45282
64060
89695
21874
76433
92186
62859
78310
6152
14987
4067
78672
9469
22829
45842
97866
67628
66581
23559
84502
14974
5203
82193
54636
43543
84755
19577
47275
41149
22176
34844
63505
84352
57091
50052
4006
76010
12489
62946
84626
55204
40258
21001
74798
34626
59718
65866
29560
88172
34258
44424
3584
94442
56976
92407
39263
53388
47029
51158
76616
65747
89475
41574
18294
30783
13615
8710
68901
68694
26621
781
13245
17230
48167
39747
37417
89207
17021
57979
14822
78152
4358
91793
62519
97156
34180
18556
42837
84073
36181
93329
14659
68597
29078
3732
32831
67861
70243
88155
12501
75915
54746
14112
39374
80155
92925
25795
53957
38194
95285
29402
40698
39316
14388
12758
97696
42048
93363
85044
63537
20514
59674
36732
39777
56822
84478
2937
61391
96148
80452
78901
97304
51036
90724
16817
4358
34846
25673
88990
80710
37190
4372
5691
56279
13443
31712
3851
92318
70995
15681
18418
78967
89101
57254
58604
45478
54762
18013
77994
51851
25552
60565
54313
52179
14685
83711
43249
4139
83148
46734
73448
39824
28679
36733
94128
22914
30698
31791
2148
68759
21231
45970
63114
74219
54364
61373
93972
82261
33189
33880
48313
36885
89950
52059
62444
25418
37762
57583
45366
92384
94809
44240
81653
10662
12297
24660
93519
14558
508
47301
36884
41549
45290
56906
73712
57426
98979
29348
6282
17587
28731
41556
87357
48115
9842
43898
82000
22177
44767
37048
22803
9322
42552
6229
23608
73709
43521
96285
94092
13871
74223
31845
32465
7429
38519
7117
21753
71919
87415
9214
25057
79045
33697
17811
75336
25832
61216
27541
18858
31643
93736
7806
85597
61739
51454
90174
85703
8585
88129
62716
91098
23865
81108
41716
92109
94147
85194
91679
79065
24806
14796
10032
21357
97388
59753
43739
69230
20857
94331
10096
50350
69405
94738
56357
82567
90313
59167
47762
88149
13790
8863
71221
55821
91649
38018
99541
16542
97258
41143
35620
99299
99580
2934
87646
28257
1967
6601
5774
82883
57385
7768
11088
79280
58603
72272
56433
15174
73639
74095
23442
14965
17040
56910
9676
85690
82314
99691
26925
15894
77568
87794
28864
8683
85140
50760
36779
35603
14128
18964
22674
2652
53372
86858
51961
50180
28169
98933
51430
31500
5130
28065
75525
81596
18018
24514
89637
79092
63032
46244
73439
76778
10087
4496
89719
96869
85074
62743
47644
62485
11253
99518
71081
31372
5686
50214
60014
75293
33498
56631
19944
40304
68245
10601
85517
73183
76441
59023
47972
72944
90127
47776
67440
73519
62820
12259
51566
47814
47130
19126
17940
85756
21472
44731
33273
96808
29020
26048
99667
24689
59620
50826
17180
54244
39308
14045
28366
24240
65241
83338
63597
21313
4468
15221
44996
30775
8826
88609
29031
21698
38353
36731
98551
15452
54421
18400
79973
92195
26865
71180
1806
5970
30441
5152
35940
69532
70419
25679
41645
99812
65286
79685
21700
69499
95242
93716
49694
32215
84463
64541
72775
27820
89466
73464
92747
24361
64570
64447
24400
81266
18137
34301
71392
11894
49550
23534
74309
9356
98063
32595
43053
1679
30883
47094
45901
36467
59477
11412
63394
31522
17381
32843
22002
97592
19513
23393
89073
8151
66929
8366
62336
82536
95864
80168
23984
6639
99926
67273
22916
87369
994
73567
12275
8741
76693
69360
61549
10972
75226
17959
71381
58510
13281
67455
10989
32155
29747
20939
15056
85178
83455
32512
32472
70905
54099
41696
84159
43506
73319
48676
95363
82119
67475
50821
53859
93402
832
9543
90470
52267
6972
63970
43995
27566
97959
37838
56986
82792
10475
88458
40937
55782
11016
70857
93595
72986
1613
47450
32980
41395
72995
88723
90823
51672
75299
59897
59040
57665
84104
31311
64285
57331
90111
19224
52663
24853
1755
87210
69439
56915
17157
21873
71523
37743
36400
28541
11375
65278
60170
29866
29936
27302
68175
78698
68981
40946
66712
91985
30350
6864
54353
79516
32694
16328
31303
97246
49581
46905
81056
2025
73278
73201
59461
74422
20768
95816
20058
53585
74551
80538
78511
74275
85818
31935
99823
34781
40783
61929
54357
23519
23411
28634
77886
18434
75862
49055
22489
6056
18274
85260
443
30846
20828
74997
43216
92906
23524
60007
47020
69879
35191
18881
18335
30427
42772
22418
74598
7553
35067
33904
34686
94615
67856
96946
1556
34902
9887
47851
99704
50569
87802
80740
50000
10813
32254
43828
92617
17476
15572
74398
28296
42213
18611
83431
55998
84931
23522
39059
26522
86344
19355
80219
36184
40175
70859
57485
87319
11691
63671
68801
72168
63062
32312
70931
76099
94458
44743
87521
90740
1206
83507
130
85810
51630
84399
35169
54320
10674
2249
98134
64909
7560
74517
68703
22214
60760
34376
76448
44619
65781
83456
43860
57806
19875
85185
25550
45463
82217
55642
44785
309
13333
97382
67176
6064
41190
9935
25154
50106
91610
28269
51566
26500
23252
76427
90383
65164
29801
54986
36093
9971
91464
6879
8568
89037
84292
89464
91369
88114
71647
37853
64406
4657
91220
82385
60130
8132
84641
57719
11359
97311
13839
24209
63569
10082
8256
675
83744
55086
5972
86518
10073
71540
35640
99289
70818
63369
2956
44642
92312
59126
48814
71186
84551
92459
59624
89623
72933
65939
25491
14251
69227
89443
26407
82265
42289
2733
11232
61311
11749
81521
142
36207
69160
91858
43353
75920
5893
91302
12111
91618
71823
30216
76268
25855
70325
15496
18821
87708
13957
77569
75473
83791
5083
41387
70260
6026
88419
68423
26025
76421
20883
17112
47499
39994
99454
8241
33632
69994
79990
9161
81027
8477
23105
80011
92364
94631
16855
90186
63550
22629
43541
5202
95981
78823
77729
46682
62474
64840
98811
11893
76109
36920
124
72519
14110
55003
18286
47701
67584
1130
67304
40181
97946
62679
79876
32389
39874
80909
12510
35671
5416
61942
65675
62090
91741
23895
73844
28820
44863
42806
56238
25019
82882
80156
38295
55011
14332
29268
2606
72385
59372
9811
91823
82158
74984
41362
76747
79032
36771
31671
49408
24850
75159
76434
33882
53804
71092
1443
42501
71773
40677
4089
21326
71964
99867
35924
1461
96463
7928
41484
82353
1146
12154
73931
31872
83609
99331
68885
21065
78985
96417
60936
26768
90208
62974
6110
11253
82877
65670
43695
48906
87930
41104
98132
43343
89534
96172
79174
6828
70575
93575
34341
77130
4
670
24084
83950
91769
50557
37058
85331
97148
89938
69060
21667
71524
55058
94461
26450
42305
85895
37631
87255
18094
32566
50379
76935
62787
87625
67701
80208
43015
82077
14115
50703
28611
91370
91892
69198
72754
64234
40861
7294
99636
86920
50639
32524
38498
6311
76244
3971
19611
84908
88600
98335
72669
22985
43844
81225
79376
20934
90309
31988
81852
15022
82219
57842
73850
78387
87886
84691
89096
30847
24971
65340
55382
43961
51084
89984
71614
96688
49894
4862
91665
58311
80636
75190
82891
39677
641
24873
77384
19992
47130
63852
64433
30445
63809
25352
90383
7982
1734
99250
63904
37232
68464
43330
47430
51416
75329
77010
81437
19938
68856
74389
15589
3310
48272
44593
60541
93511
72614
59034
22833
16017
9592
59405
9962
6639
17416
41797
91844
64110
59072
88414
20637
63441
463
66948
52104
60697
79793
96246
8161
88689
52141
2045
55708
95412
92216
1987
22422
65627
97336
10738
44205
61863
94307
43914
12300
87559
10821
48701
18174
48135
18911
85003
25859
36597
99245
69750
31648
91793
34720
15777
72177
61232
79210
53930
75770
91821
57465
85760
17659
25837
14138
78755
67713
77325
82015
87703
96569
2730
59707
91396
20896
66829
64137
87086
5718
40177
42413
8715
62033
46482
16946
27558
4878
44404
55027
84752
1794
36045
89877
94301
5294
24528
45521
33538
38513
42135
54224
66089
75991
83212
32558
34862
88048
96276
96097
59514
34587
33113
73235
76793
70465
7442
74923
49658
83326
87345
77675
71266
64665
40136
18706
36718
69301
16249
71296
66819
44545
27513
5722
64851
81578
8545
51044
42991
56240
25137
5931
45699
97429
4192
67109
85075
60882
93988
40527
94000
75972
20538
5078
25334
29699
31667
54066
62821
49300
38556
19052
49050
79156
35144
40193
71178
61236
15164
25822
4603
13317
86390
17291
42142
71497
87227
81476
87244
81864
48988
96770
94268
59524
65604
60761
48543
9732
14817
26714
59480
8685
40780
45465
85563
33391
43894
27241
77441
15259
17553
69603
53701
84371
53977
73093
93887
85529
46109
87639
77434
82537
84302
6761
62835
65123
41314
73304
44432
10464
79845
73583
91643
67526
2654
70410
95034
65430
82201
9814
41517
54051
94646
11028
42147
28477
93325
75421
58392
10859
69691
24383
28463
94519
10222
18694
77032
75524
74954
85654
57823
77562
55605
51156
62561
42050
99077
98148
21259
99693
71716
87500
5217
24942
50589
36760
17255
16904
44070
87703
72095
33794
52905
9603
19840
67288
86961
97502
61744
39019
24366
79895
24574
12504
97860
10956
65854
47013
74870
44138
85474
99319
65803
17519
36561
41122
28186
3569
71942
56632
74904
22743
48904
41667
38651
95749
24385
47821
76489
12405
99454
97884
41826
61184
42786
84508
71591
19229
40423
4660
80133
16224
70098
4794
92002
91588
50290
52610
13059
23907
34389
28049
50487
42081
85158
39217
94980
65033
33670
95421
1964
24079
87558
860
95771
67829
11039
49578
98032
22377
2735
18450
33830
79435
77617
78648
5693
48717
97495
80978
37642
57971
40934
84311
88728
75801
12877
96880
3993
50228
42083
9995
56557
89361
39485
66638
67053
9721
15113
96456
81237
22006
63723
33251
64332
82703
68049
99958
29489
29295
86324
30711
61444
13828
56046
48525
99309
20964
6642
62116
67789
66281
2412
26330
19872
83805
67670
42070
41420
83857
34580
16024
1256
64903
88462
13131
92652
47183
58983
63031
91249
46862
55454
66196
67492
99323
69857
5305
76108
7652
75240
35345
28021
78221
25589
38191
89177
60024
24806
33401
87211
65376
18004
15871
34015
57087
9644
38319
63705
34736
18664
44129
44048
53999
76745
28877
18687
69468
28306
59325
19912
29182
5060
43516
86149
4
15474
57582
71053
71047
77888
46681
14815
79467
54109
91009
72397
9156
16538
87058
81896
61653
21638
74262
35716
91316
28903
38278
95752
58314
59095
51773
86101
41814
39193
10984
66225
31537
84278
36538
51374
31340
58777
1212
6875
61365
66275
56098
6727
58521
79499
34744
82157
41603
97462
25307
45857
95971
33039
18724
13333
53482
26467
78399
42504
22961
8283
93434
84044
88281
50199
38553
94898
59212
62020
35814
28372
82755
19353
50181
8351
37410
17268
21606
87067
43006
74668
71380
1369
29758
91922
22506
66744
26239
50985
98149
35859
4561
95199
29237
40586
72799
1223
74413
72236
89580
2837
37177
5566
51801
49813
53871
36139
15875
85352
74143
48487
88201
21564
4
14177
30251
42086
80636
89573
2349
58143
12596
70348
28475
4280
50077
68993
38887
57499
71323
30896
86350
56960
46587
53996
57561
89961
95396
47965
79872
70715
56743
9861
3528
76633
9233
77326
99756
44222
84639
43826
84697
75607
66768
25541
11636
97115
59958
7715
44823
30696
71846
32082
55992
76987
70480
9940
75466
31851
85448
37003
11388
25794
15426
18440
43904
95897
74685
68819
50023
98991
94038
86321
56935
90118
2525
71956
82270
31003
42660
61797
84720
69344
33428
27782
46253
88695
18426
39847
49870
89037
73599
69224
56477
43408
47989
11014
84660
6223
53485
46531
52062
88556
25829
342
538
54912
39006
24140
93183
31244
68396
6682
59961
97400
90439
19969
95120
33066
30495
57020
19433
61540
2700
13000
13574
99930
17219
96720
4233
91950
21636
81685
92663
8938
35056
21782
94775
58682
67257
9602
40697
35299
10673
76375
8595
75268
18692
78325
32231
20967
97442
16261
88768
31364
48372
90047
55003
45011
92400
97021
68707
20171
33832
89050
81300
9852
62908
46885
62785
57637
88272
91624
56882
50643
728
83440
11301
52152
44239
23736
12276
98947
86631
95638
90071
46753
42011
81986
90784
55791
48353
33695
70725
66619
33051
90055
3995
61847
24972
16247
84221
38296
70888
56980
45804
70033
72036
84984
71664
89927
20044
3005
19101
94993
62675
41765
92913
2415
44293
90948
12793
88611
27353
90346
24980
31152
98946
58161
40143
43501
65124
15007
4943
27014
31076
41176
38349
16816
42393
33316
87483
47527
99774
94744
36389
75398
77321
71364
69427
59425
2197
75928
46635
46146
73052
38292
81587
51967
62369
31722
8052
59701
86057
16594
76794
12003
80137
53194
43895
29413
69723
88936
81928
85898
44874
92030
67024
50773
90541
65288
60480
26509
9361
74004
20344
72865
31054
54191
45094
9404
60571
7240
60877
29024
59902
75363
65506
79394
50908
19517
20560
28674
29102
49015
58427
33478
45108
14337
92001
38450
42628
37060
93469
64646
11579
62699
89861
69683
35956
81935
98803
97659
54774
34686
60320
33028
82791
44552
84908
29081
19903
27653
91355
87934
81751
9286
31769
70349
5088
98134
76126
26866
22896
79405
35693
71295
52120
27346
95798
461
46801
6409
14587
560
8532
74976
80592
87477
44104
12306
68443
4602
93014
25431
11611
87818
45113
53993
99270
25749
13458
65810
25834
29032
93175
14231
17588
86061
96779
67707
29807
84994
89129
4209
68037
18894
28474
94115
10273
59110
35878
63032
16052
51867
21735
14117
49622
91996
40441
15731
6405
43312
8877
87720
99465
72584
71421
75317
56952
92325
62266
42300
46709
2086
25313
37051
57330
85451
29356
86777
68087
84235
31620
69388
76475
8270
62804
1093
87727
36616
8761
10521
66970
76019
95958
9996
67775
95271
86468
8924
69371
25849
58919
70215
4458
93582
35259
74970
27433
47962
14317
85624
47382
36633
3398
98915
59635
38888
23106
31882
65546
26209
69759
93710
46890
81586
25297
57234
41360
89593
78450
88863
30593
44766
71351
36050
819
96717
88925
11267
30732
57998
95810
81811
92770
62691
6449
63888
46081
3069
27861
25127
12843
63419
98094
76648
66073
82145
56162
99055
17504
58545
3050
51380
6863
55592
67885
19632
66804
93783
96491
90890
9343
23996
29839
51357
70879
80317
71240
2152
95688
15265
74065
8947
40885
95883
11819
78648
394
40723
34220
9781
42995
85923
30481
79085
55432
18859
49807
77909
95186
22817
1287
63266
62919
41305
60056
23533
42449
99804
12111
55903
88012
74632
25465
60223
7086
33412
43641
72437
67138
83774
33684
42938
47309
81251
64650
35518
27633
10779
62111
37174
5647
56542
66743
13984
25543
68119
7873
22388
26652
86451
27018
75785
90835
15910
76434
90560
38137
16923
73340
66769
92324
44277
49086
80625
6226
92102
58937
48765
71054
78987
9474
35557
97841
75043
38783
24695
73412
25611
3245
50311
66756
65271
95614
24825
15070
83790
39136
89899
57242
53890
44920
64289
30677
79819
67822
65006
28646
56448
68514
98523
70754
23505
35612
8568
55546
23043
53185
59037
59842
82313
14305
44731
37069
34747
72206
93219
63284
12214
99591
33139
8213
25680
43026
91161
184
96790
92328
37381
4653
24292
46441
83055
56881
71775
7857
94082
71440
77267
34755
25828
66596
75269
68609
95074
87707
51604
5982
94717
28087
39728
31626
24299
28942
26807
72333
52876
34706
16840
59375
93962
95019
17446
63731
22283
16736
42443
95940
94839
10389
18534
23208
39360
78766
17330
18513
61810
28754
46645
58002
4665
55211
15314
79727
40169
72681
8779
96205
7119
51174
63926
76296
98290
81956
7642
53059
9956
38643
6983
8826
44043
71343
42864
27348
84006
28805
41222
52885
77758
34006
91474
96399
34380
54581
25806
14232
60545
98826
74112
25494
1173
54969
30100
19735
93999
43069
52917
78334
18318
96749
89128
42103
97650
91520
77318
85836
97930
64109
11508
18352
31355
53292
79936
53752
77993
57816
60953
24618
81605
40437
5739
54029
42739
88814
9046
36864
90583
88440
15851
78855
15356
47507
92963
14239
75040
98254
89563
60019
10175
30921
9807
66759
66779
93430
62322
13617
44677
92921
16423
85128
48587
26799
15776
26005
47869
87146
92016
23590
49501
53626
41967
35553
38339
19912
21642
98934
30154
19484
31108
29581
44027
50974
67789
68766
82387
75065
59708
57343
14292
38107
36332
89304
4293
66362
46033
64530
26087
10481
33398
56174
26933
21191
1749
50195
61686
82833
57490
29983
54659
90957
92500
89438
91983
65391
91648
47993
78712
72601
80115
76517
96649
9155
26428
26044
58793
31899
86005
84905
91684
99718
27740
99837
51475
67332
60114
8286
19242
38801
98126
18591
91455
40327
41247
14859
75250
34849
18013
99547
57597
15547
49387
74631
79609
74965
57739
22681
58602
93462
44477
85405
12200
43149
54518
70772
21996
51507
95033
91432
59251
96781
23156
57658
82098
35245
73594
27831
23894
41591
94040
14633
16182
40257
94838
72746
78904
73940
20749
98771
89628
18960
36735
37266
64841
14347
70839
26106
42322
14809
39838
40692
99013
2216
47703
24052
26448
22819
14424
17190
23280
65942
23525
85767
12151
50257
7147
35184
29625
44101
22869
1357
34323
86059
45519
72300
99257
6404
53653
87121
10683
6875
9270
83847
12243
66183
90155
18800
74349
49420
80078
7165
32115
97377
68024
54553
91124
28845
75131
46399
28497
17547
54681
16365
44356
81836
61087
33232
40973
69755
71650
61502
76794
34107
51092
46371
38130
97101
61347
36083
43998
91982
91183
63327
17716
67261
99525
89122
65186
60283
80540
80827
66867
45002
62987
99829
14657
13752
11398
72609
82936
46357
61395
96965
55587
7519
63213
30094
15541
51679
67956
37441
94357
51404
97455
65200
46535
52622
73536
85896
39091
3261
63842
69190
83669
23080
41697
14186
62304
39185
73269
32675
52303
91093
11133
99306
57642
91753
20020
39083
44593
90304
2739
56670
2248
70026
19811
32628
22719
68887
39260
53837
54909
5657
4735
57798
5321
78662
35181
68047
33812
8188
40962
37339
30758
5888
67058
51025
8963
39263
29630
22271
6074
95061
32626
40750
97258
67820
53502
84208
177
13532
33711
21142
49747
4273
2602
51710
42083
76138
53796
62922
4689
59390
6561
19820
37488
79289
83751
41533
56643
58372
2238
68973
37155
14210
8262
56052
99439
66166
4917
16775
9969
67874
63851
40774
99209
67755
89908
12531
4056
14456
52826
76125
40107
58041
48708
73082
76386
34981
93296
34419
27388
31899
65736
97241
3329
85642
85859
97877
14828
28460
7643
84253
93906
49773
9158
53027
22995
24489
12851
92903
71740
14324
11011
99693
94999
74643
84098
90665
33328
89543
69504
93463
90180
22506
8785
82535
59336
17618
72381
47029
19283
59378
72196
97559
86185
22592
22898
46927
10822
64497
77659
25632
6371
44288
50483
82782
29991
22062
43660
79358
86733
68196
12717
80300
90030
41172
36556
79228
69835
83069
50344
80664
45434
66252
62181
21976
19466
7903
43140
44079
75892
44550
80478
47618
60096
2371
76414
13716
95697
96752
76920
9436
33614
78847
76874
45432
65742
57116
88525
31483
53663
89423
5816
13825
79956
31934
24241
81124
42504
85264
33296
48647
14227
34571
2931
14895
31592
40351
39832
21874
2024
65884
48346
7815
81735
44125
51754
70749
91608
50728
87177
44264
24312
9165
39808
60662
78420
68012
26205
7455
16952
46676
95914
87067
55062
67270
9483
99661
66799
7128
3796
2877
55840
38453
31045
35940
53483
42657
54787
92832
50273
91579
28628
58183
50218
71451
13686
44569
4945
24795
65372
50286
5582
5425
72614
62958
18993
27162
24956
12991
56040
2035
83688
96313
65421
67841
54093
43286
8687
8336
94375
92229
84251
79577
56992
20957
78568
12572
96204
60718
25884
85421
52290
28468
72381
8651
62552
52709
85432
77419
48442
91306
63688
47219
88966
3114
47843
54691
18279
74785
46439
20590
26443
77967
23900
38245
95139
79053
64454
89365
44568
69275
28330
31207
64676
91541
61498
55237
94324
81668
80383
44349
31000
61360
97602
4574
91875
6419
19511
46654
47238
2921
38438
5470
13316
11012
44983
76805
44721
13115
27065
67817
66988
77474
23472
76653
93174
76470
16985
64612
45
91951
26363
86868
87882
1687
98539
93493
93844
50329
73275
73048
72414
95507
45121
91269
12292
49990
39168
69788
75293
79116
13109
56381
75869
83209
9344
8387
6314
38265
50573
72876
61113
74505
12638
90900
43717
62434
36631
36830
55307
34721
4101
9076
6244
42722
63308
93190
99264
21402
26699
52622
97179
25987
5518
49076
479
91122
69392
8238
11094
27140
99307
92415
37898
41847
43966
67008
10332
85430
7705
42269
55933
53484
6856
25910
96331
38074
36506
3493
87436
13987
34829
22175
59904
37220
68311
29651
90246
8449
79475
98480
10734
88603
98503
64260
69238
32350
91406
72958
48483
15350
75047
26357
30
83425
53464
52098
53384
65791
35104
25159
48379
28391
16536
65843
16127
79764
40517
71070
64966
62428
83390
89455
94533
93728
77268
95933
77871
20607
74466
86673
62223
76518
38034
59499
54242
14690
11370
39068
58254
25782
93553
45616
95491
85576
69602
15726
11149
44181
15308
6744
51859
95557
29667
47469
59503
76025
85703
20974
40010
28545
59790
89662
42579
59050
84593
35362
28540
66453
72176
19719
93682
68802
55811
88579
35191
5003
79614
29460
21565
93997
895
70053
36832
18913
38519
97775
76673
14826
30195
11260
64635
40710
7527
19079
29412
85095
35926
61247
9634
25884
39840
73001
89735
79880
75879
69477
98762
96276
94144
96137
35843
88064
82995
54666
71779
8724
84783
49722
25646
59861
87566
96523
35030
69364
54367
59185
4341
19008
56822
9349
66599
23323
63628
63333
41121
10314
73780
14521
23698
49478
57340
21713
67700
44816
87292
88427
43247
42754
60062
73328
57483
65888
10953
32894
27343
27532
5900
21568
1851
43161
60132
99673
43518
65336
75914
86015
23733
88750
52284
83364
66625
6279
92038
66545
95043
79555
92525
66411
97143
83726
81688
28855
40298
88622
51035
49721
7738
48085
36705
48408
67817
22967
58581
49502
11772
2069
64045
89371
99414
48119
98004
55401
65740
49849
38515
19019
13477
54684
92635
95662
26704
47837
33713
51569
33186
72483
32502
76225
73866
94418
30578
68029
89043
24956
96285
1689
36374
68855
43273
33694
1721
98954
94191
17773
67527
37185
11829
35780
68205
46368
78713
15450
65551
40435
69181
3972
46629
48708
78575
95482
58581
53638
12147
26323
82798
5838
7471
3149
5726
31298
63763
12458
79089
49386
36131
69844
37574
35778
81218
81568
31311
93329
33532
47440
44006
76788
46321
15923
76519
29044
27257
31079
8782
17590
69560
19519
10189
20017
93280
13119
26377
35418
71485
57508
84402
42587
56353
11137
66493
22818
66189
41315
73792
82197
15064
68566
17802
66244
42367
12353
26556
53207
61033
8269
79336
15558
1270
2819
14948
18215
36452
59731
26475
12226
15773
93936
54673
86177
19744
11160
12768
15779
7498
77138
52148
9328
1633
66640
90863
19846
34013
23220
22489
88529
10067
49679
34840
67514
37536
49444
86056
77142
21518
62828
95288
54655
14534
42450
53473
2848
28466
66462
57059
85674
20237
92175
38781
33892
42410
84065
14249
84863
53598
3055
45554
97831
87083
45522
82802
21749
51433
71079
47661
89441
76531
1326
15076
97973
64236
20494
56310
3773
64076
68503
40602
19931
87211
41216
32369
70967
36840
60654
9995
70067
82998
63574
8697
39356
12100
56473
96427
13052
46471
54126
69061
68333
167
32350
57954
56200
23907
12873
29573
34172
23105
11590
67896
64154
85366
46279
12036
59532
35758
15482
3819
65222
37721
99532
70245
7892
52499
76585
5301
88915
66413
22783
89415
94301
30493
38560
11592
94716
45791
84517
1474
25311
53350
62575
93491
15402
54404
9929
40681
90599
71441
9610
53788
16731
35867
27639
86567
69588
1995
61573
73797
41822
47120
87100
76964
60117
46282
59959
71785
28052
59893
50183
13984
51372
87407
15895
3869
61648
96552
48011
26580
39181
25701
17026
14897
83031
79313
51418
5973
5247
25889
66194
12782
71201
8834
83274
19346
57913
13762
70247
25496
82805
59895
86292
12051
27334
25967
97794
87211
21808
83926
89295
50490
90977
94206
41861
54336
9662
83278
91961
17955
34745
94281
46996
15526
38879
74137
13390
15717
50126
11192
70358
53610
40451
55547
46862
50287
58897
49180
6835
43537
31950
82594
29147
85614
91143
88847
90999
17115
20564
83525
89912
39876
44262
67094
59694
92320
37853
89864
99403
50895
13302
19009
12069
42388
8802
61012
58075
53289
53554
65191
32527
37444
50317
84224
95377
50372
20484
85388
14973
93335
27165
12076
44411
46444
14763
46941
87332
60111
34431
29410
49156
4039
31192
87792
36923
12744
57013
18870
31389
24245
81803
1223
95769
5686
72051
36197
4599
52145
59130
11051
474
86760
53692
81367
70438
2031
53291
2034
26587
18281
92873
95229
2047
70142
31765
84379
28857
72699
48417
38069
89881
27302
32226
29934
20246
38172
64610
46595
81712
80168
61296
40894
65748
30306
98518
55160
27709
52130
7274
9768
10519
10240
22462
69005
57790
54442
37043
21459
84038
58721
49482
56838
96788
99984
2235
42096
87273
86761
31134
22256
33407
42238
35751
70618
91244
43097
26191
93316
2564
50361
65293
31988
69339
20233
8963
82148
50247
41279
56853
96143
90627
65646
24020
81179
79025
21128
80793
69027
90775
25459
8973
30751
4938
48678
70085
14514
328
63361
97387
16016
90335
46503
91799
14698
27627
43385
82972
11960
573
39631
62687
10113
94935
45365
34339
68458
36563
78049
50464
51321
77603
22061
28849
9892
70772
89173
75148
76059
97260
6542
94957
27375
69074
8192
48300
33917
25100
87170
89005
83643
2851
68529
23734
84286
28452
65164
76698
35622
81376
5583
32372
91942
16914
81322
11088
72243
94048
93342
9763
49321
84155
66547
38842
58517
20929
70937
81200
33282
2754
13433
77018
34467
5407
66294
70172
89658
19374
83878
11134
10627
62234
89767
48601
53728
91368
63104
22476
87969
54516
13109
91019
56527
69818
9510
46135
33558
79472
89093
28808
76973
18224
46418
76422
61763
39060
61684
69591
17928
48666
2166
