56376
27407
26188
34053
39246
46226
67098
76723
87969
18556
60592
20489
52227
64369
90227
67201
614
92163
51828
86253
33054
64620
82114
97117
74596
25095
13279
51086
84567
73644
11216
4272
60156
25222
69902
35921
52359
33363
54362
88555
24626
29463
70766
80743
7914
43773
5582
64397
8649
60908
52317
70314
62781
75169
34251
65436
85320
91247
66476
85436
62017
91823
99620
10248
56119
44166
66463
88364
62038
29810
70909
32844
66018
36752
20842
60305
27840
38957
8780
84526
59988
99430
37269
12782
42501
53599
54649
84317
96093
42973
16121
88495
16909
83169
55261
48656
34157
29825
94241
60104
54240
8580
18086
42826
70870
89081
49545
37691
92747
57684
10001
37114
59340
35175
67970
35216
47610
31098
35982
89172
2760
61318
91787
15611
42719
84147
12544
43195
96416
57292
1689
2267
89417
51708
94522
76473
89041
5831
2703
75255
93261
74823
47938
83266
597
70242
25670
38433
10017
79684
79217
33111
64140
48350
56806
88244
79579
47355
45168
66302
74359
60219
78602
44120
76949
78478
95867
45612
64535
33422
92384
57274
68140
21081
32546
86525
37138
92938
92614
96278
69148
58291
99235
31032
46766
70970
43950
40399
55941
47437
70865
64365
20468
85794
35194
40115
18057
50159
81903
99448
57421
90370
79168
85529
82923
17983
28981
73373
93928
55349
17446
82276
29648
603
58057
8907
12274
48012
90822
7935
6977
60763
97159
52828
57947
21237
52811
22624
15623
5650
72954
18768
32151
8311
61522
10695
39885
61292
4415
89271
77690
24149
35754
76669
71361
63215
59912
38438
58459
40712
2323
95671
62483
26107
37399
88414
23313
31752
78946
5971
19796
10124
84734
33738
68568
61761
30459
72183
13944
52564
95909
31646
49005
48383
24053
10135
67892
62723
59428
97019
2989
66340
29177
18189
13408
60833
36995
60295
34266
47982
22819
63456
54965
14448
6977
36023
4725
77492
41983
57439
85263
44556
95882
25575
25188
47655
25260
51397
92043
38540
31679
27550
2541
62355
6236
69364
66122
25376
66162
74733
63033
19645
31730
70140
37228
9362
53190
98158
35090
67236
87522
53331
81461
18407
24050
96550
24964
70113
23955
49755
77004
92061
51583
7205
16479
30345
90496
34785
6134
75948
90149
27842
89714
2311
84338
55097
67582
12455
5137
34401
56913
3524
69575
66053
18416
89146
47778
16751
14992
54497
45966
21517
64409
13195
8103
66978
22310
24825
7944
61830
82248
51066
26114
2651
75563
72002
11880
82957
52080
29763
63047
21669
24825
88042
40755
67723
12291
97688
90781
66645
12653
58203
36673
91344
79224
21609
73083
34665
41095
7353
3897
25465
87589
77117
22764
37931
98021
27648
23736
63147
15940
82872
37707
78317
49804
14056
11562
42295
44882
11029
6599
35500
7039
93187
67407
42902
85835
7915
21248
14159
16517
12795
96503
84397
73647
40458
63111
21319
76774
54070
75398
6664
89920
45244
50177
17454
40974
17587
25328
94655
83841
41638
42308
37226
21737
93292
2333
93621
23800
24166
8601
88168
85668
79028
70214
32949
63084
49620
39064
72451
90482
54584
73493
57718
94407
78627
89742
94588
93668
59136
50953
24438
85140
95166
30521
67009
75695
22124
58831
25920
59393
27117
32810
55368
54442
57976
74313
26952
44606
25680
98177
99442
70060
60474
8747
56554
44828
9504
95829
27915
2066
43201
40920
44784
3247
49938
71625
38694
6006
63285
81193
44427
80332
48789
68343
25570
13688
4539
6694
21687
50251
2864
47785
92553
99001
95632
5866
62681
54789
23879
32762
12942
83515
52011
76290
18658
85430
17589
15384
44716
35938
67517
89582
73322
40891
23569
18181
16619
94581
14161
6463
32919
67573
71787
13041
96860
22940
50766
88791
91030
76868
51149
52001
26105
12963
49746
75083
54558
2701
19132
61707
82312
74070
98550
58659
75890
68436
26261
5687
74711
30147
54638
80856
11869
44930
51154
68703
69278
68154
43592
60981
24885
90207
49957
50991
24610
69071
970
40471
38042
17720
56633
60773
69582
40438
19509
4172
3509
53050
81142
34001
47385
6950
32102
90039
8667
19092
51163
75766
10820
49175
76017
82826
92682
62233
52323
84903
67963
4899
26854
33993
53448
40283
323
52458
91345
56487
94382
19341
46729
94801
49255
52888
78054
39299
14765
33502
49767
37841
81722
40890
56162
72757
40831
33272
54281
37046
87740
89453
66552
32162
59260
59655
61566
15994
40491
3230
4038
31213
97333
64490
81185
7068
37661
74862
22385
33597
25430
10707
38420
82876
37890
82575
52907
94491
92676
33988
18406
48889
36612
25797
86511
30065
14367
89395
81967
73593
87527
13158
86753
58283
53438
10246
84785
57377
19627
98778
53519
7929
10007
85207
83574
56888
10023
85530
12628
6347
3126
8690
18614
31464
12717
3796
36338
49459
31458
30257
14928
18045
67563
24165
373
94886
87261
48454
82445
11459
93125
84573
67124
36379
5602
86545
53730
91083
7614
76254
53489
76873
45447
19461
71372
81254
56782
7229
18613
10765
16794
34823
84371
51464
842
31103
43799
609
68262
23950
94793
55078
84864
17245
80948
81286
19213
1156
75562
76600
89594
57888
65589
38682
30764
74722
9020
4119
28248
33860
34542
60738
48860
2391
71342
58047
44888
24889
18266
23457
16876
68642
65370
48014
90736
71037
99618
15646
5994
33747
22916
54754
24687
29794
49653
63170
39321
45005
43898
30367
38977
70158
55471
92183
74234
58023
35795
94822
67562
58581
37812
15081
38245
19973
40850
21215
12743
82977
55699
53576
7182
57699
36099
82127
9170
84650
60197
29700
55970
34026
25594
45794
3389
62622
57932
22511
99433
55033
41496
1122
50323
92698
80535
93150
259
61821
62471
91645
83291
73805
99642
83496
40429
35928
95067
14210
81974
88380
60408
34853
47931
43101
29360
11332
46878
25656
31323
49711
53245
4401
74896
30229
27047
47113
89783
61860
8444
31532
63308
38540
35008
94598
49644
27617
62363
47125
93984
22399
28016
23130
77731
28840
30424
21673
68465
76649
30682
29696
79918
69050
14218
94933
14287
79620
80091
17736
96009
17950
21378
65751
7573
44528
39689
22671
92285
6040
36396
17056
14950
58474
80755
45802
20217
73746
43757
94836
74191
88021
421
5755
30233
83541
57700
42215
58346
63508
57443
81529
4897
80272
48490
79681
19414
98157
29258
48589
22944
25264
89108
53339
55937
50535
80276
58671
62768
14470
98157
44256
97888
2732
87570
66700
85553
7844
2622
40908
39539
16679
83601
49955
91699
70271
37448
1488
4676
79527
18552
47042
89835
53070
86342
19883
41542
84794
12358
95565
77785
2312
15598
67985
31607
32338
81781
30487
49322
522
94190
16904
66112
71459
20475
25223
10898
16015
96752
56486
76625
7330
73638
69652
59567
21589
68952
47508
18760
82343
19421
54729
50187
84094
23010
22605
67144
94347
88835
19873
46648
71499
82534
62687
61508
20682
89301
76043
12083
41731
36854
57416
45715
34402
51144
74470
69987
14858
20828
69753
72058
78130
61646
30886
20472
76618
89662
97078
55432
54395
12272
18797
81966
1516
42940
58100
16019
99074
95410
96050
3849
80895
48366
44505
25885
4683
85011
10109
55481
66320
96584
40160
19699
29503
80780
24808
97685
2896
3351
70834
8105
33446
37006
7135
62113
22321
90146
74316
90593
68877
95782
16320
7562
72936
683
13375
21251
27873
73179
92
74021
9996
85294
45803
67716
26962
81419
53971
98549
35733
21567
81538
95649
18065
83795
81051
4613
54141
81389
26731
43554
60369
67558
67866
61031
36322
92163
27324
84057
95369
48178
71143
10461
74305
81059
84063
74082
50831
512
24364
23790
84828
43243
99117
22307
68414
275
19014
9485
44149
33650
98485
96906
27313
72165
94435
42871
72432
20713
33813
30996
32133
64014
92386
10483
27668
22331
35647
70530
62842
72319
36086
42385
71114
26543
89334
32162
14866
42976
69891
36398
54652
78691
78318
40014
28368
85816
22847
95820
64055
5936
16270
83622
89850
65059
62258
76347
54185
56298
849
16566
59991
87259
31862
14901
99331
90751
34560
41045
68689
6609
50230
27099
90647
81365
34457
23809
23444
9266
92434
92763
88314
17229
15499
67141
94252
73124
4442
95179
26371
39332
81111
70900
16139
78920
83118
26636
32298
80558
29648
81357
21344
15383
65508
33193
9801
95707
2843
59671
43168
60295
94849
96055
73278
51541
2767
15043
97248
72901
46110
74325
93510
93309
60310
98831
344
66586
98852
37835
12483
99986
47562
58271
21377
27016
73264
89196
18967
69835
96920
39652
42487
10860
60399
77781
85350
66138
57088
84950
1464
15579
5186
96685
1655
32585
60274
64347
64707
13350
55707
80197
38099
6814
32945
69792
29241
31480
68318
56343
40548
86744
97172
81500
60095
10740
47200
18857
78583
95633
10528
9234
73242
2585
7083
32169
27354
32379
65198
21708
61776
25280
87320
5039
50014
78533
98155
99810
94989
13370
80946
48160
77973
19317
43986
42195
76443
35732
82521
99878
7476
42254
97715
44265
11688
40340
81532
50875
26674
80393
71248
11863
98756
44155
42045
92221
75079
69629
98170
31643
30239
58082
42417
57592
71149
25016
28503
58174
15951
89631
72349
89058
50754
13892
38783
87152
55240
89599
87001
61591
97956
22661
54106
72815
82913
99499
81712
45314
47570
58616
55139
63486
8693
72549
83614
33206
81
67347
72327
52175
76735
81705
77616
20014
14981
37289
12038
21916
26044
85806
29671
15539
78099
58053
25233
22119
9452
41604
36181
45652
50565
53707
30986
77055
53361
49782
82781
73292
9285
29852
83206
35964
53583
23367
46070
52193
85631
51696
90893
35040
33866
55926
95529
88256
83395
45243
11736
69685
5994
28187
31630
61796
55553
19050
49650
62867
7065
29737
28115
52687
33196
56869
87000
10488
61411
85868
72436
86541
21527
28620
23352
44112
28500
4394
46211
75797
18490
56444
88469
69996
81149
61220
70881
66953
31053
47017
49152
78572
56944
22227
16898
34802
9674
66691
86560
96503
79007
8013
85293
80166
29423
4755
73867
12192
64544
46495
22297
85412
13530
10908
99146
4640
88203
79282
56625
93557
47562
63644
68824
78400
87513
93448
83952
65418
7076
29866
7587
78990
11495
99485
27653
1794
3979
55447
40457
24324
81968
59912
46832
40546
13095
38831
98876
53318
36278
79961
68579
15932
87999
31063
62590
81314
26106
45370
64737
2635
77790
16110
11653
16623
25919
10544
11425
49715
40337
3374
19736
33424
97162
69241
3595
96675
91430
8681
18415
78800
83908
48718
14361
15412
34350
35918
18486
73798
14966
44287
73303
43048
21563
57315
76074
63152
85419
80987
36644
28781
17730
29386
12602
86553
28017
12199
48302
73338
21338
33982
17126
85908
18455
86980
50649
11887
45339
70996
36931
33120
90192
74923
98552
20566
77183
64700
40949
86532
7471
39121
15410
73542
53828
36800
10547
69617
94889
40677
43614
27836
18440
10817
53895
23365
12277
10223
28998
57697
12203
72031
9578
5348
74766
92753
48040
83209
56656
7343
6699
87391
22607
61767
93295
97712
46459
85156
40873
46926
90197
54440
94366
96060
39091
18440
68756
63447
99329
96228
30181
81600
32513
96769
31759
51014
9235
20133
26441
7956
24079
66863
82417
27829
4367
2512
28288
36959
20650
77418
57918
72003
40251
483
90258
76880
71904
81414
78706
57214
97694
54262
3065
64254
2370
8272
44438
14715
80131
40636
26977
95468
35267
33359
35656
10490
17971
97345
98024
87209
42934
16646
25911
93252
50174
23274
65118
63529
13747
16878
69765
81998
50674
44442
44838
60015
90162
69662
24227
76822
18753
84361
61267
70149
52877
93861
56567
35266
7519
22189
64555
3552
30274
14219
51608
63590
61186
64306
63623
53150
73935
4981
52272
17308
46496
32483
18480
54024
26804
57568
43161
29131
15923
15233
49315
7250
91476
33091
27232
24514
16376
25928
18350
90904
20595
69423
86533
75739
23691
61583
8240
56161
62904
11728
26904
11099
42124
12869
9692
96413
48620
70666
19933
69102
7100
91031
13334
67208
52569
70142
87113
38477
98912
17223
98067
93638
39820
51524
15490
5273
46237
98419
89981
63655
60019
20529
3233
25406
12857
52949
24845
71810
52927
75152
42771
63315
4288
39871
19119
24315
91459
96778
1811
95702
28956
10461
53089
22238
50642
51328
49266
28371
96764
3124
59379
98275
96676
16173
72399
21403
91565
50727
24615
64202
75441
59782
2015
33294
34787
47790
17490
17086
23124
64219
80773
83667
36081
23614
81817
15412
57545
84277
65242
12733
12427
47046
57620
41354
87726
91960
68806
42053
66411
50061
49583
73450
78501
95136
77988
59604
57545
91703
18819
62150
59920
40741
14658
56152
69409
4415
161
55579
15571
83160
25150
50507
27121
60796
47911
92592
94550
9253
20521
32305
84567
53214
34343
41622
12064
87985
18439
22775
88246
83471
33031
4295
4668
66812
92461
71767
40209
71955
82011
17928
28055
5886
53313
97073
76751
81546
72525
89641
67263
16682
35869
75121
65365
88907
9813
51105
69157
3407
73164
66285
51054
46761
26337
80980
10139
62803
58443
51941
93894
4847
13550
91087
78903
18393
75689
4675
53034
2149
73612
27528
87758
68922
13318
14107
17545
45034
28637
96064
63161
32941
71031
59881
39093
84889
12629
41250
59346
88960
95968
30999
73378
97638
5083
31363
73975
7102
53976
90838
18694
2272
6982
68801
59174
5128
71208
59265
67831
91470
97025
94854
50495
48734
83116
3199
85231
65108
88648
58980
12229
52278
85744
25696
64683
58125
80232
54009
96892
68384
13235
38109
5767
63119
72482
89994
43372
96138
775
95705
26307
16588
60519
57544
24188
85495
79182
95140
74305
10221
11357
53360
24087
51176
58270
29556
17539
76695
59128
76292
75818
76629
15518
28587
91665
80519
66273
33269
63075
47538
71718
57238
63121
35639
65362
43450
87443
24781
6754
96362
16589
75833
97080
69112
63117
52619
18799
8423
97296
3864
17071
48537
64676
80272
41468
40598
74696
81724
86185
12631
53904
7990
28362
6700
87397
65668
20967
93904
63497
8978
43404
53767
79064
33035
97437
31248
50634
37844
68391
40941
77237
79717
69906
14956
18991
74532
87122
32978
60048
85856
91677
74371
42710
33416
36471
11984
6659
37702
90825
18557
85473
55739
55280
3630
77926
36727
17169
26861
31218
96885
30186
25659
31381
24369
22276
35409
51566
4007
99493
73265
12526
37258
33217
44782
81466
19965
75377
10548
37519
24529
66268
58806
40768
69404
32625
36722
27004
64786
35799
57667
34731
93603
37179
31171
16758
13041
85993
84123
66438
58315
80182
69864
70692
84363
19930
17644
3680
45673
91451
73422
44045
58586
85028
19214
77194
3817
74932
91146
51196
79343
42259
8902
68246
28562
10752
31131
21563
12152
83301
9343
39962
95718
25900
940
9527
9465
22059
76144
38251
97248
666
55793
82114
78004
67238
10650
30946
36597
58750
41735
70283
24323
73354
85193
14330
72406
49755
65942
21031
49082
85661
37232
63823
79914
2409
92560
97196
58727
13592
40111
94911
54614
52498
45201
53200
48308
61636
30606
32684
96694
4176
82590
29518
75905
46943
77249
77464
62498
59409
22024
31904
77548
51892
34819
67880
91980
10099
97352
87749
6730
47814
64029
39809
11518
57383
16450
76732
14157
11109
16862
68141
3391
3889
89828
20711
33021
48022
35777
55063
90188
25349
5061
58249
92993
5614
20972
53994
39136
44620
38760
69576
99253
25847
42125
28213
2958
93757
49528
61195
57555
75594
42109
36969
58595
5571
44747
64571
42540
96947
70558
52857
63911
92893
96226
68582
76301
75568
32638
44280
5946
67384
35684
2615
36253
61649
49780
25470
85017
94999
52360
24607
35163
76217
30975
44099
97751
53099
20873
83535
46242
99483
40396
59458
15750
76987
86033
31643
54822
42525
57358
7639
36942
89373
82033
60375
47541
7288
90117
3329
58002
50554
99396
95517
7608
31381
67066
9472
97808
66669
62225
86789
48017
97233
37406
36375
16543
75492
44008
99819
40765
83673
71984
98826
92496
30205
17345
11661
57713
43854
95158
88033
70926
66826
40450
32554
82495
43010
40640
93923
92864
14381
61943
62147
70159
85433
94890
43291
16196
13148
43962
51228
56104
21704
45784
94038
54355
90525
88810
23452
62022
96185
13913
71203
38466
29675
90773
89896
61987
80421
17126
90609
28636
71823
97552
12811
9744
92759
87649
17171
61738
56167
12507
46737
98362
91503
67993
55391
69837
65057
71647
50663
75143
31452
22338
3306
22912
57504
60561
68605
5976
59616
991
69069
42840
58646
31982
17347
53287
1456
90490
68387
38693
90216
84127
27406
11144
73169
54215
6376
98512
72749
44404
20020
21705
65212
73062
66267
26717
55950
31114
62923
1715
38458
31136
66588
17096
93959
73127
54670
42440
7463
31047
47022
57481
54564
73818
45111
62853
79122
81048
74581
93778
56516
10045
27845
1599
33083
26713
81497
68269
81401
35829
8792
14439
76436
91773
32193
71104
81542
66446
30223
45128
22753
13372
11736
46794
3135
29248
49936
77317
25783
95774
56075
5157
69260
84527
1152
15293
55423
63279
60585
68260
87877
57028
47462
91625
6548
56713
50657
11988
26454
58679
3660
79610
3200
72335
30438
8348
23613
13062
27101
43677
4611
88877
34478
68318
96775
83996
7240
76504
14796
73179
42350
68341
982
25741
36603
35660
22717
27129
88319
60503
36189
65686
35944
11282
31242
98770
40124
94963
32513
50239
7010
41696
8794
43515
38049
93809
30458
79482
24704
37699
62916
91890
56205
76726
73327
4611
78393
79204
81203
22849
82432
14175
33085
76799
15942
82277
27842
42618
32861
17314
95600
21951
8484
79043
6464
11322
82281
30930
13384
97372
62958
2963
22157
85351
22825
98906
85269
41050
64294
59782
15674
34420
70568
52702
2235
77766
95756
84871
99117
39642
21070
90367
58862
4346
89701
80473
87802
50718
36041
28437
85238
7510
61397
70043
65578
58800
46535
91540
92524
85286
31141
84486
66263
61415
81786
426
19835
97632
1757
49451
16046
32487
78002
41180
1055
77732
63146
3446
58667
40605
89574
21326
16969
55196
69785
25168
26112
34622
26763
87002
70040
13243
74169
90134
58765
58670
47738
12821
27712
86784
88957
7109
8713
48021
55630
74639
67879
7730
69207
5647
89879
23848
46051
47153
93347
48098
39102
34340
84273
55528
99576
24734
2748
97966
65704
44492
75809
5244
26477
34516
44912
71770
54736
86921
11874
34423
97861
82314
23945
64118
66608
6232
98563
7926
13093
39377
3496
52477
15624
72942
35971
2016
92626
437
88926
67633
32661
28476
47349
32262
49975
52411
5325
39394
10362
85964
75997
56450
12924
60194
6506
31782
43130
48035
99601
99129
54319
32004
46622
62559
56155
82623
35065
38939
46654
9491
23136
46714
57956
57529
69615
2399
29627
49246
48732
15820
99295
92258
27743
17738
22838
53195
95086
6517
63287
22694
7400
55558
6278
24892
60167
30174
1210
15565
3448
60012
66752
89964
10023
60
55192
343
55955
19325
52765
21457
39776
24012
85859
94909
30508
21154
6648
55705
97337
1175
36300
11189
91401
59217
4461
13199
46824
63757
171
42508
81283
90344
5595
23380
23094
43787
1847
4043
48835
86897
57282
81128
38463
52535
59882
98132
92518
27263
38982
77280
72815
51136
35486
52707
29082
10669
91049
6415
25861
73152
10737
13551
61118
92579
29268
6143
43411
75451
62084
16712
67525
80082
77134
3990
33179
4575
11704
24344
46067
47060
20483
26004
85555
32004
23471
81764
83773
35247
33630
80721
32353
69323
3184
15434
27565
10929
27630
27777
63392
20065
33475
83682
65980
53042
16900
12465
8889
21850
3025
17375
68630
2007
19923
77129
61866
76632
61541
9997
92537
33834
9295
88233
6146
57027
18797
14290
17333
86117
43758
50638
34050
13647
52536
22926
6284
55174
64521
53804
59613
76155
30137
54877
78899
67386
75483
8434
27864
4366
22914
90673
80751
28852
46880
30379
63306
15098
69578
13114
31993
24563
96983
81977
93693
18971
73223
92448
62426
67970
49440
47866
3370
97430
46516
42596
91055
48369
25951
51685
84928
80444
26636
97061
21349
51039
52822
24651
8254
55238
21068
45654
71101
56721
57710
98424
43828
95192
18708
69482
72329
37241
4334
13648
59654
40544
43206
50571
58412
75889
15554
32820
32200
91381
24453
97979
84286
25215
29749
49949
75554
33818
5751
64891
21829
15057
34070
26333
35468
65082
58947
87106
20221
20512
57783
96258
60179
37643
25043
16707
60849
66030
61416
22581
76050
99565
39123
65450
99838
76713
25856
67060
14265
60426
48495
53469
46934
50248
75764
76445
71817
88981
10584
51836
16314
82602
30525
9125
73110
36397
61023
23106
14303
99228
14774
28698
37539
42776
59480
63172
93898
73265
46204
23398
87497
57546
6232
28718
33011
52553
38795
69004
37711
34462
46295
51339
90469
24620
58887
7467
46098
43929
94031
58012
91356
13934
48336
84056
12255
20459
34106
97917
6277
20267
62092
10853
8852
49678
88855
36933
18849
60457
36576
60351
43554
34471
91877
73955
50465
57370
92855
27945
91725
22050
26597
50500
94699
87385
71993
70755
62729
19256
72700
4585
77235
22314
27636
26151
81503
40075
8814
73043
67714
7196
983
61864
34373
95910
67364
20217
37907
44648
86737
61458
95529
4543
35206
72558
10864
61648
74678
27567
46887
43541
13345
75933
53496
50946
49146
51614
25101
15028
11938
26030
70684
54549
27891
60379
5822
9262
64953
95360
14141
89065
62586
37404
82795
82081
22263
66734
84143
25960
59978
93296
77179
85205
30191
27853
11545
11369
94399
54783
68836
1180
87896
96905
8370
66409
1848
96366
41903
92306
5544
71821
76517
22353
35382
63098
4151
43805
51322
21050
66989
27989
44378
15290
50346
33036
7017
5547
82169
64433
36490
8446
99622
35929
96466
27961
78281
16780
37931
94516
57756
36777
32085
20147
75726
21846
92744
21823
18289
51944
67156
38659
61677
37611
61833
44800
75159
3118
51219
94446
12412
31247
37564
62223
94680
56255
69685
53649
82468
6737
848
3041
60395
38148
96005
91654
74173
62250
54644
91457
40668
7668
99082
38431
52916
43389
156
79256
68904
57872
90032
24839
41351
3990
34428
69158
9246
18880
98982
28134
60679
97581
61354
16200
3806
12024
15034
53147
58260
28194
51167
25490
72989
31767
51006
13793
97124
17920
27382
60564
21023
82596
25414
91948
33405
4763
98636
12919
79483
86033
65479
61899
2038
3892
93438
23775
9178
42714
42361
57029
77241
98545
67693
18152
65944
87492
23798
26270
55491
63047
48060
36682
72673
65120
85624
22545
7234
68882
80208
57302
17012
44423
71646
78420
20469
889
59759
11064
77603
2045
72583
12537
32208
4076
55297
15573
28145
52815
89780
88105
65461
60423
35058
42732
48978
247
19114
58889
87578
90670
58541
10807
82158
8053
79629
87446
72169
11825
23394
34888
88029
51317
24390
43306
42587
89607
8576
63886
37515
82029
34142
14166
72348
18292
5755
98223
23541
46365
54304
20040
72810
28292
78823
68237
85290
83182
22010
72676
22357
56847
76762
66467
85803
46198
78300
78764
64672
71509
45165
99591
78732
67696
83062
62938
33982
70785
41051
7463
50128
41446
16126
15074
38005
5672
61057
12654
32303
4553
84648
30643
3134
98249
636
77597
72819
57460
58411
82804
53058
94027
97965
11444
19606
77486
62274
61257
34526
75331
1591
41480
30373
3910
41160
48140
73855
87917
61887
45292
28992
15511
58170
60470
38855
16
89387
61002
90135
12899
32729
98037
23174
17437
29187
62857
27981
73114
78821
21909
87680
64462
32083
39494
79481
43826
84130
11898
26509
37480
58086
95964
67936
35757
85462
82817
60724
98235
4428
92094
65724
36856
44936
45572
24014
21374
22516
51225
62167
69576
96770
8500
16361
42901
48370
59189
60656
73436
6640
21855
87714
94765
1082
6707
54164
40288
21183
64425
5257
69436
30370
75853
25765
78214
95550
73076
97504
70819
80740
11418
52823
60140
56255
27770
5404
39054
81785
48425
19405
64506
89974
53551
40610
6767
42206
32387
62368
58658
89176
53601
71146
58856
57490
69707
83640
52352
54525
91066
11583
68320
1493
70655
87312
34458
84575
3770
14397
54602
51531
27381
2933
1215
30136
89823
84753
61923
94391
96321
85735
20041
72039
35774
74460
26771
99615
24235
59767
6172
41483
8425
63568
48744
91182
51323
91175
27846
65094
59368
78001
32032
47180
97807
61164
32703
73306
70914
51380
89341
17416
30145
99983
360
92911
3763
45890
67312
56558
30691
66567
11534
68203
23445
42774
43920
75249
74243
75583
92613
87511
48793
68282
54850
39202
9865
2038
72110
84481
20076
67086
66128
54070
19638
98874
15219
500
62581
44577
14548
61027
55525
67659
67304
34272
93970
28821
75340
61090
73388
98270
40810
50264
48448
77246
16676
32302
54201
59255
40545
89231
37426
20323
54513
89860
49270
63181
16799
28090
81654
28443
70098
21025
67271
7849
62527
35952
1430
32849
47567
64614
31176
43270
5257
95244
96882
79617
37500
63159
33617
48882
63210
97705
89415
29144
47060
32823
19988
70315
85598
53893
50765
8406
18015
28492
77467
48163
29960
57118
73842
5231
4302
58625
6988
59420
21046
14775
9378
62981
1628
91903
72550
22060
55743
54579
15616
28111
76268
13106
18563
17274
91558
90104
46923
93686
61199
98026
95958
4382
62614
77198
35420
57266
68797
32022
4492
72388
78149
38077
92644
23728
6328
54346
55212
39273
48243
34770
61936
5519
46734
88186
89113
35196
970
2233
74150
70045
12373
88188
49292
59806
53373
44836
53511
80190
28687
3530
79356
20866
76266
39042
1421
63045
68645
89725
5303
24365
68698
83336
82092
43417
98990
53394
9000
86422
3709
8075
14194
52785
6599
52904
60657
45031
13969
48420
39176
10872
90713
50016
38608
62521
1722
25386
27888
30473
73719
98363
92507
89179
91144
84794
85639
73363
32383
1471
50565
14796
68022
76146
13666
70773
17398
59090
63993
44796
51622
56113
14290
29410
94318
1916
45787
93423
70119
57
82050
87646
81282
7561
62316
23481
97937
74733
83189
73343
55862
27685
27108
33186
50214
99986
69546
45357
10777
16125
92216
2658
6800
16273
17818
87074
80676
38788
83155
84390
45767
83891
55862
66762
61081
32811
63710
19017
57706
963
96427
40164
63206
14790
46713
29659
80962
8400
65567
14782
21090
40750
34209
21917
81348
47495
9427
15196
35052
19257
56170
94338
74029
97948
61984
16529
97169
79940
94500
95344
29990
39554
32604
74083
25477
78025
11960
41692
90175
49678
23316
18891
81158
15560
18762
29777
31509
85271
28625
29810
2845
58274
2198
73513
57741
86968
72629
93781
73950
13656
64660
92497
20152
13228
40188
55266
36836
42768
80309
52809
92112
79057
22461
16760
6936
15632
47141
86817
96599
20165
53129
71978
78953
75233
59721
56285
95612
69803
65736
40700
16627
45004
95552
94354
97462
80999
45344
96004
93946
98592
86724
4422
41768
87453
50159
28138
85485
30633
85320
10643
45406
78133
94510
54535
1637
87514
74488
27491
82924
34746
5838
93225
93285
21700
82430
10037
43315
77333
34972
6765
30617
35036
76025
31990
2461
31542
39710
56867
86681
87768
92261
79433
25534
70347
60372
64654
7141
58546
98872
29279
6931
39815
46714
56833
22311
70083
78368
13055
78980
44572
24354
16002
18742
70120
64775
98143
17379
57952
50972
90954
43631
84673
22321
47784
61291
56236
4752
40130
19612
74924
79099
23253
53603
76183
5216
13510
25103
38062
94299
56724
94555
60159
83945
23910
8132
78826
80196
17411
25036
43264
41920
960
87652
26918
10880
75155
38170
92378
59510
64999
18142
45357
2998
64201
61906
73038
54997
48926
2350
44392
355
32855
35438
8065
19938
75357
81689
96067
10370
12519
13293
44472
83835
45866
73964
6286
5158
37680
5053
41786
72184
26305
40993
10425
84668
88862
18355
96401
5868
88781
35483
90581
76012
86606
59183
81512
79395
83115
16774
86937
15127
93102
33627
50797
63875
62797
74522
99995
78263
79617
44778
21872
57549
19125
14103
74163
75075
5593
35579
20194
59674
10069
80872
13723
98026
27419
17172
7863
92799
37557
45570
26032
1045
84222
19369
60420
51403
31501
28867
96241
17351
35595
78772
78208
57510
98278
2325
82943
95102
29886
22108
13286
44242
26940
72842
54780
58929
61539
39376
59537
92107
33950
54335
74859
86065
44601
33387
44095
98856
86220
29403
38805
64202
92498
89103
80623
27289
47480
86830
55106
94528
2544
32396
95010
43977
65925
50260
31324
56020
4265
92984
1564
64346
84330
65298
2927
81055
16420
50549
64515
40973
71504
31989
65259
15443
36601
27440
28735
1018
40463
75927
94368
80639
75733
60893
24888
77713
19541
12059
93024
78217
79187
95070
25147
82593
97918
57454
74208
93683
99427
53275
789
14095
29052
50022
80598
6008
60486
6825
77941
81723
21424
64068
35740
60173
57775
16357
9902
34849
52782
92563
32523
14338
82691
99127
52466
70611
64349
86344
77281
49249
22009
31058
28663
2753
10260
39234
75419
84939
33179
27536
27670
41555
95678
89673
42522
30784
47843
71031
45958
11562
6230
18576
62722
90069
51806
68344
92901
97701
52619
26388
35318
50172
87532
56588
22223
91863
54397
18812
77629
76322
84797
7767
46436
52051
88701
71961
3104
36778
29396
61127
46086
88962
17456
69925
96616
46484
60840
8276
3192
38025
82028
63141
45284
19738
84926
84095
11327
80806
6938
99593
1537
81615
38063
60980
55396
86289
13490
17672
93295
27200
15144
91114
31760
93085
8225
1639
97314
94420
92420
98847
68207
9206
72357
55280
64270
33550
72660
75230
9581
35809
23663
44796
28586
67111
32311
61722
36123
20257
24544
86668
7662
72534
23713
56594
31082
15054
53516
22409
61428
43113
68152
22221
83758
79165
20761
66633
72217
86187
94257
59741
99932
51389
13024
8907
99933
43742
32727
94590
13227
22454
98411
43767
21790
22112
53124
25717
21847
78505
18229
85632
39937
59399
53670
73650
9081
34004
70476
82403
50953
94630
36379
29360
23503
86573
46034
90856
