79786
66589
41714
59804
76897
47483
55583
88930
38284
36655
50108
36482
47359
20888
61466
82749
11449
34049
6038
4009
64777
19683
60974
79657
94909
61800
43009
60670
52776
66634
12674
6038
97519
6362
61623
15075
95057
413
30676
15527
77361
74225
3696
11
32001
63757
85089
67503
41485
58054
38105
42524
27521
67597
94172
7893
42103
54838
83388
41451
20129
37908
25363
76431
99119
62272
16476
16739
20350
37753
40047
41898
94781
37701
58039
9246
29629
87285
16402
71584
15797
25126
31044
13545
52751
22692
94808
41375
24339
4873
51540
21860
6061
68291
47576
93929
47197
22612
30611
73119
46076
63091
65986
11758
22726
17808
43270
62302
32744
4820
12993
58195
80358
614
41229
81814
94377
66506
60376
91085
22820
8901
51935
40525
14114
47708
27846
30278
39182
27865
65138
52989
6399
24431
71747
53495
95805
32757
49746
97424
71764
63598
79746
18028
49524
53226
16422
98757
60802
28741
7055
55331
78656
22477
97296
83465
12115
25377
66992
55084
91670
86420
4395
8927
51163
38545
87302
89961
16697
48953
20173
76248
21431
86855
47915
39695
87987
24341
23428
68987
98959
90424
97426
52451
35608
44517
81499
40798
60021
59479
58603
77694
97257
83881
83827
22410
67364
12189
68862
56585
35052
85471
95020
36826
80195
97316
54285
5697
21654
10892
53467
40252
30498
24038
7188
78035
5411
22195
40179
7886
52730
15330
16874
38368
68634
25915
17438
88545
23695
49175
88447
89754
41899
52940
51139
41881
33614
60103
45918
45061
88466
40114
67231
36651
32913
53941
98506
74390
62867
44792
95597
32510
30391
41319
930
54071
69629
43886
70432
18762
79982
85123
29918
56224
46505
21476
28262
76699
58027
59861
17681
97055
16250
6924
70500
66253
18094
33608
66951
24529
18237
6715
7454
19057
69089
11592
10150
35558
86344
68615
80493
35975
83223
60902
49646
69152
32252
95978
16008
29666
73647
11763
57115
60500
56867
84925
42014
71975
59599
48834
91295
23815
82932
26749
38776
31565
57259
11914
23146
73553
34285
30442
55065
36765
46749
36322
92708
47037
15093
84002
75935
20562
5228
57667
56687
90630
49281
1930
77441
7802
80871
66697
60679
61660
63437
1893
98832
37428
66953
26866
42339
12572
69120
78362
21048
80624
65044
46300
41011
6459
95499
36401
11518
9617
8504
79818
51617
48859
86088
56406
71137
40045
26763
43168
70034
62644
32188
19316
95450
15371
80015
53858
51364
79372
6391
78299
64958
58787
62641
13625
98703
17854
94736
33371
87640
58081
87845
81453
37670
63607
61803
45606
10225
8515
14253
98507
9237
72275
8437
35601
84490
36790
23569
82015
57954
95268
71875
43026
92798
61212
78662
51355
45997
74955
55705
6787
12482
16744
79689
86830
18289
29565
90015
87453
8359
96383
64578
96590
85923
32990
68907
79518
12372
31480
45956
34350
49648
30504
48347
43107
96750
23133
18153
7367
93792
61861
42585
11726
39985
49608
10839
40883
80759
85328
51351
19520
68149
23494
63615
92012
78512
57624
82898
56671
86572
88374
83738
91153
55106
7901
51089
35025
41568
98699
6348
49474
57661
19312
68549
65087
65527
20101
71587
44638
32523
60279
79496
24467
48688
19420
72855
33963
53713
25830
60832
12281
92005
44437
18217
25742
49069
79366
99802
64673
41449
85257
42437
56206
50871
88465
95249
66106
25833
79749
47362
39317
4898
85363
57894
34456
32813
1732
52286
19630
81529
59723
59943
8399
49845
41270
75844
54120
95620
69927
21162
93686
72957
40125
39911
50064
27586
39403
5648
85861
8443
48298
32486
46331
45871
73130
74628
9206
10142
64835
79144
20729
82045
57067
39899
95751
56814
51648
67199
82530
36988
14756
11284
31957
29360
13417
99111
89261
63347
58914
81335
38657
16353
18329
18821
84883
80294
76127
86103
96783
79992
10494
67881
43216
35120
70986
55442
85538
99622
91990
33390
34338
35112
58050
48973
9345
92790
7954
51895
61671
85725
8538
58842
20533
7631
49430
33810
47363
62940
83734
87955
15208
37359
88919
82230
27415
23750
28972
15294
59270
17167
53819
85734
56555
95228
81380
99689
71807
15107
38876
52973
26596
91317
39992
68428
64227
24793
50373
16929
37869
46116
95476
14892
82212
25942
45074
83073
79442
71156
33014
49171
84215
70590
23060
34617
25824
89389
10254
53947
63890
235
2090
8763
7783
31150
64511
2818
12207
82802
40169
16614
48407
72850
51004
11285
4167
76131
28373
35712
63173
97070
64427
69991
48632
61095
14533
75165
81223
12942
66501
74680
39423
29794
60674
23991
30483
64189
14163
19344
36990
94000
9703
74645
81860
53819
36562
14338
9398
93673
74882
83750
36085
454
20752
95116
51694
39262
98065
33157
23811
40948
98860
93491
89386
70075
40102
49332
31790
11957
4249
22985
32339
88133
27651
59938
16408
659
11643
75305
89717
16955
32798
51559
98468
94130
75591
97398
31420
96727
5214
65861
93943
17554
92103
1409
81622
75148
88603
63142
94875
1386
91444
64578
98931
2023
18049
95458
29303
44908
66841
95164
55527
21199
29613
97016
2871
49478
99446
98907
27174
45574
25710
39473
31689
79900
39898
70294
1383
87655
1061
56130
72861
55952
31144
68975
86434
78792
80260
99944
62084
13340
49074
10927
82801
62327
17138
23627
91378
43989
23617
25261
85842
83871
88294
28765
96764
78503
10666
52390
36418
17506
55207
31866
5786
40445
12313
14851
30051
56861
11410
18984
16229
52439
50698
32888
71734
67752
38099
61173
96889
33363
83338
53600
98786
65269
11145
26046
40756
52294
93530
77828
48427
71087
42182
77540
59893
25090
93420
42579
25242
99322
74989
58326
68221
80336
67875
48841
97275
95767
88818
5739
17521
95637
31031
24938
47898
85566
38589
39622
20629
30958
22798
95685
19877
5539
49638
1490
7186
99541
50468
95507
64204
29427
86394
39238
67888
69659
90147
44662
56868
12918
54420
79200
77020
16206
1739
77180
69855
7916
63748
17931
29923
26514
64299
14876
70836
33554
66251
55450
63796
73513
73285
74838
10525
91996
11932
54220
7106
5005
39117
59156
73587
89050
40125
78920
54527
57458
63146
95373
76628
23253
35587
46816
42306
19495
47540
86718
85757
57008
40665
58160
84961
12819
73907
29809
86544
53641
84761
63005
35287
26041
91174
87959
49327
41143
89520
14199
33055
9558
83193
86383
26910
31115
55678
5177
1750
48832
92429
89215
75684
80049
96435
5574
572
25574
30643
23095
98890
94317
50643
5259
79827
8756
65681
23603
55130
47648
33522
53058
21086
87469
16859
30551
90272
4739
73817
77418
76003
98225
81818
16530
52300
1960
83166
95025
74633
69335
56808
84349
40238
86750
65231
86284
49818
99633
29906
93691
6168
11627
44552
17403
40066
9132
61492
45209
76703
78449
55127
42504
74925
18927
46848
41260
51866
25963
69182
88806
39884
41113
54199
22615
321
38255
68337
64947
57296
71620
53069
33348
55630
92491
3155
25016
19597
23654
78473
43400
91583
2953
98845
65093
97528
32653
28930
61761
54641
44013
66615
24407
21737
71968
80546
26873
67622
16659
29852
10836
54457
33026
26182
24962
5952
70195
18906
63564
89349
33232
36252
31513
57923
53759
93999
36247
78472
3615
23716
89573
72438
4833
34509
31482
35492
53537
28751
41814
22082
89567
87126
16484
26778
58206
16546
4904
93681
63577
98335
74954
49740
34269
68787
93311
13104
9383
59473
12433
77729
74330
99818
40139
97068
27133
14339
44514
78529
52783
72929
46211
89560
80424
53985
46101
65621
87533
18852
19307
2373
28303
34440
40905
19208
1281
37106
90863
21929
49972
73798
36807
37000
54193
83161
61735
16920
10515
90718
54916
90116
9630
93533
42995
16237
39808
6754
51965
11215
16450
42833
83294
1954
27210
75927
29786
60251
39057
26395
51869
82418
72892
67316
44333
64831
88185
67028
53231
61726
24280
4642
44370
8081
22819
32806
35579
90309
31644
54493
32974
95244
51921
62924
36439
67049
47550
34384
91858
18539
14080
58804
28605
15216
48849
93373
65527
37547
94693
20447
48981
15457
79456
57331
55713
11340
33106
18624
95759
32674
18288
57301
89790
21104
61743
22713
52615
19904
21439
36601
1318
37019
34083
78240
21250
76551
9449
25414
63098
59696
34410
5919
49165
71877
11423
64724
12358
90106
29277
11119
3395
36811
97008
10607
89440
56352
3824
48572
95141
86859
95105
51284
12137
84974
41453
83588
91073
54810
7990
47570
99913
74899
64699
28183
78893
45647
76585
88106
75252
52893
4347
56055
28618
92098
95087
41039
95689
15646
50214
38201
79139
77517
3224
75398
60719
45738
22066
48387
90829
61742
15469
44103
25399
39990
39500
75979
25447
73251
63410
15385
48383
46746
63485
77341
281
56331
5635
57593
6987
90479
92999
5525
77302
97611
53688
62195
588
35698
60679
41761
97595
68902
35107
43975
42330
43903
82130
11200
9967
85828
50222
83909
5467
94133
16729
90757
51523
97228
49311
92369
92892
81976
22919
86035
47345
64425
21237
25215
65652
80074
79039
35810
31999
73319
53962
80631
73797
26320
34432
85624
15259
90070
38992
88530
97884
26707
92611
75057
51581
81222
20150
33082
72654
84251
79161
96600
6634
23209
84226
33037
65499
56469
35023
26826
96236
44885
49558
94331
12461
41070
11531
37753
98973
70078
27086
96611
83799
39510
32781
64295
14715
31263
97565
94201
41335
68958
35409
6662
61202
2642
70261
131
60214
44249
8266
81342
96599
48242
60637
45910
37284
66462
34822
15335
48457
31872
49338
99229
5822
54627
44046
97514
11728
82843
22313
28914
39978
87683
73412
31203
29120
67494
77664
64675
67223
72505
10340
61409
88564
15589
67634
7694
92416
49666
52325
47172
35444
16031
59978
85668
57159
7167
13143
87774
74961
76317
38636
97961
55067
91888
11045
33202
54726
10345
38521
97073
62132
93977
99666
21880
18967
77616
19049
84069
88276
41440
71869
40630
30642
73120
68528
70460
76165
89740
27998
17736
5874
43690
53211
28353
60159
37991
66952
17048
98969
60640
10386
79091
31712
72029
86375
23398
59923
45367
85781
21792
93715
50427
30689
26528
99927
88998
13665
61960
67756
86576
81847
38218
94342
53701
21898
63552
90568
75406
63330
78616
53324
14543
22144
97323
35343
44521
92856
31855
56188
31999
75820
88322
35923
91574
61510
80679
11382
87382
11185
30637
16752
68013
96405
89546
73251
14899
8013
67048
76588
54312
14342
31830
49940
45657
52311
7295
18614
737
87896
2743
29672
9100
25952
54353
25992
64823
29631
76461
74884
53363
3444
37135
93478
68969
97100
13292
31962
2423
17464
4830
89630
16376
5513
75542
24293
56674
94187
42704
86311
67913
92859
1026
99273
55745
8550
24239
23044
31680
30016
46744
39701
48642
33854
61938
89664
68038
7344
68563
85218
46550
1630
12069
65138
3332
87678
413
25010
46479
49680
50021
60280
78117
94166
85781
72339
21987
44307
43585
7677
22071
8222
95084
93820
29478
90147
58330
40948
79498
9334
87747
909
75763
42773
38691
91260
17679
65690
88942
79984
98052
81049
13505
13019
61081
93212
52371
20636
1429
31929
1899
12197
2591
6732
30731
88590
9188
5398
74250
99797
13239
76722
38688
14095
21587
87056
30106
21456
50300
50736
73741
38579
14532
56732
74759
20742
17385
84610
53857
9686
56603
32845
75920
92882
62460
53375
36571
61310
37824
44173
82983
44087
65843
71927
24430
1789
61594
92802
70479
50978
76561
21876
15998
37422
98100
71436
77308
41229
1241
82555
61697
78037
47771
7459
90038
24439
42641
56906
30047
70561
77341
48314
46261
36110
94049
66265
91282
25739
42411
