31825
98895
72469
92637
50942
12020
90486
83032
51576
17591
48864
65993
93535
90605
74184
18014
92220
87277
78800
30270
98613
69705
41169
36815
62188
34808
25098
13968
77270
65935
10212
81126
44787
50318
16929
21973
53583
80694
34145
17380
10452
22552
64625
7075
29993
44009
89424
29800
74667
31121
65215
31380
85446
1571
10309
34645
18159
21927
31260
76868
89026
99507
43611
53903
49012
17208
53025
34705
35124
14329
6555
29725
84259
76566
75378
67482
8108
44934
68084
26728
72673
26115
60477
57121
5236
77823
8482
19674
17935
73781
11001
70280
55345
91131
59048
74336
55782
2003
46953
14743
47553
44288
88567
79528
12696
3669
48729
62164
32605
66633
73095
10979
72436
13063
38589
79816
53749
26402
1179
55171
99680
4806
28470
80449
26872
67785
1471
36862
71934
13569
70190
46282
59275
80143
43979
2248
82441
15960
35416
40051
55535
60405
54782
76092
81815
29216
69971
60815
59325
20047
22821
80788
26358
13469
34086
31249
21450
93891
92627
54540
2192
64518
53315
5645
59621
53802
51401
60834
86345
93637
421
47453
18070
77838
55757
73752
7069
27060
77779
67097
9727
27338
79028
92336
7973
39872
41181
52029
75004
85485
53177
73422
77584
89064
67387
7302
89092
45622
88805
20058
16812
73854
40659
64725
38695
45081
94823
94843
41052
44933
58098
78378
55503
82040
35995
75068
94304
21329
63919
82089
27969
10858
7429
12362
31634
43369
76588
5624
9467
1622
39604
27027
71653
55656
67574
52382
91509
10840
18881
3464
71974
90807
38530
71813
64386
34587
57039
5243
65501
340
70896
79417
56398
92445
92394
86433
17098
97519
18410
67175
99646
69167
67754
65489
55753
82919
78211
84958
32821
68433
31951
85219
85392
41424
8217
15440
13835
72825
60836
86962
44110
97839
67316
13233
71317
78829
2301
55801
72364
91739
87815
16983
9602
38212
20059
81721
46157
25118
56588
77944
99610
64136
94084
30225
70415
9298
714
71918
20159
2870
73997
8228
70376
57060
60144
62678
58989
65147
84594
5366
42859
47764
32600
88043
54523
31832
24538
35151
5795
52466
65447
53423
72632
46879
97397
66870
19125
19426
28169
76419
40369
19348
88991
66870
82623
16217
51831
33898
27783
67277
89628
88220
19421
82813
52722
95753
70843
40690
34235
4214
73216
27111
15463
66089
45988
73436
44694
91925
30231
73988
6730
94003
57781
70361
52878
77323
11848
71920
66077
79506
77722
97254
55504
12461
84500
25881
78120
30036
90456
53939
52628
80466
4728
86817
77663
98761
26738
51171
54266
8018
40520
26748
13122
65602
58592
58984
75853
71176
61269
18573
51222
23859
91095
57866
61058
75472
55206
18413
15918
56048
47878
66785
37175
7240
7007
13892
55078
20179
8276
5462
52822
84498
40414
94509
67043
49844
43141
90438
85073
7504
54810
29462
52150
21519
31284
85662
66821
94375
17829
39293
10712
52705
54648
70015
15289
17244
71177
60115
13933
12299
8352
17403
27293
45785
88396
61916
95683
57261
93561
6742
18413
75080
85005
32045
25233
21547
46308
84197
5902
14774
77446
57612
90586
39659
4802
63346
63981
83889
17482
75156
25033
59861
28010
86165
11941
83114
40358
56013
38517
9265
8815
48796
79863
93684
27937
88471
36252
34156
45980
52867
95536
32034
82653
48128
75272
58450
49465
38172
69224
73452
4949
25577
81039
74869
93413
28936
38111
8234
43231
81444
52460
40452
79771
7836
65665
36215
28682
39480
86889
50356
83791
89629
67745
60015
79838
16251
86391
94939
67920
29411
96158
39888
69888
82742
74866
83343
69541
36345
19298
34268
14604
60005
73663
94858
850
86074
88575
82613
82715
86228
7854
63977
30642
56598
51474
43168
26237
67490
23610
86728
93339
5930
75490
91554
78429
99425
1157
50759
54879
52875
95072
76517
64610
61651
28703
12711
52519
63067
36390
82003
24297
19150
62334
99501
16824
37778
90202
99737
52654
55609
55461
90110
65807
31958
49802
64102
7906
91788
39006
64097
33510
92642
12206
2441
74867
23507
55265
96672
85775
56802
81418
26517
25289
50155
50669
22150
69621
88597
31147
12095
30244
73347
8780
81057
23648
28714
66855
50814
95105
61020
72209
56353
39023
63811
17504
48746
34164
96809
68442
83031
97597
55924
22335
638
51885
75503
90767
73910
926
97699
29818
40630
39797
56454
11171
32085
7584
45386
69296
4529
74991
80085
90768
20363
43117
32144
51337
20367
96601
78073
38397
43345
6501
44788
11576
9523
99082
27550
17977
38979
88582
91489
77114
75969
45075
62980
61022
41407
50373
93850
14999
78753
22784
94971
15473
46851
92500
54831
85598
25722
67542
2790
31902
41970
35420
52485
64170
17431
15764
20700
77053
51504
44226
63507
76353
60037
15828
82241
85138
37953
64803
76383
90032
62386
21096
70929
50886
20973
32121
55332
31538
59279
40959
8886
94161
73087
45621
61998
84808
45007
91167
20812
48049
3808
72964
83035
24608
96389
25930
86339
56625
51264
82573
46299
56049
64329
77595
34972
12357
41198
45871
3089
57434
85811
66472
91627
32874
20922
10661
88592
12840
78558
62783
94355
33480
91257
19555
12191
60334
47622
64714
78637
85937
62913
91543
8757
39340
77226
35021
48896
16033
80328
20107
66972
92490
22890
84132
48425
40701
13928
25023
73073
98075
58313
7656
9941
63062
77726
24657
49410
84477
85579
74377
31970
70277
37254
58454
5422
52437
92984
15378
11265
59246
68864
17088
38984
24213
26967
72553
15094
83487
22286
52791
9684
63704
87475
84046
39734
90543
30419
98402
66952
78690
83353
16921
11239
81569
64532
64477
55660
59266
79191
74717
24515
27424
38746
95138
49946
272
8510
48426
55508
97955
47470
60066
86974
17
60513
5540
62297
93640
91644
89578
58454
15280
54419
67182
65600
32922
87088
79073
32530
40133
21772
6564
38185
46092
52955
18598
37204
70991
67077
10202
97449
4220
36910
72948
99793
10651
94006
38496
98019
64179
36284
4830
78606
78716
20990
69982
90576
49058
19676
77493
95300
14738
48667
23225
91864
90212
48325
47199
89852
19974
8269
4238
50775
9537
78128
17375
21427
73289
56599
91668
96920
3238
33529
72530
62071
48058
45854
72412
41532
62415
69246
63885
54887
99614
19751
69394
52500
87678
80573
35362
44086
6440
11452
14970
6370
94147
81498
889
97799
3824
39880
49301
24444
90132
94294
74905
81682
58237
7894
51068
68009
66035
48824
23582
97694
90877
77653
13633
84129
32973
13352
7138
56068
39081
30294
28499
70256
55671
75182
10838
20050
67684
91884
96407
85171
36273
55607
6599
36837
83898
59338
36433
83064
94020
74512
77211
26029
79523
84936
88507
42786
42149
45992
59315
59532
49055
44062
36555
58339
1009
25170
5449
33655
61912
7879
85615
58976
305
17984
52433
50355
7749
59391
28433
18896
53109
7529
82233
87736
93923
3941
41300
56668
3514
83395
23818
881
61788
90809
81174
93632
49606
81960
84870
25914
58881
20254
65391
75112
2568
52469
58890
75392
42289
91481
41838
35700
36539
44774
89131
24292
7570
95695
69856
96883
67745
28251
90970
57144
31444
4138
74346
15051
80457
68694
56962
35519
89939
74613
31596
623
33547
78906
6566
61777
19699
20411
97565
47623
38088
36205
41253
10004
6724
30667
14291
84395
35596
950
43000
66019
59741
77142
54586
55976
92366
97823
17648
89547
23394
92399
40409
32089
81772
77395
92698
1576
51455
35017
3571
22094
79217
5441
96604
38604
6956
49404
3009
87560
83153
43446
81111
40664
77417
84641
38618
81562
42537
78279
73188
9697
98785
34192
11884
69001
68289
91108
34777
63019
5160
81672
70946
10701
23819
93413
76931
19185
64191
18663
56478
19373
86563
21889
44555
58203
75468
30701
91741
15942
45582
32945
29843
677
71844
98590
43928
72228
35165
11345
64120
40126
54883
46812
50431
69799
36873
54303
91599
6950
32752
6608
41533
80031
49718
29562
59753
22286
66332
52577
27897
26288
36402
24867
56273
55003
64801
25530
51504
38703
58804
1119
56874
90692
44932
50440
36830
14562
96127
45586
17683
70351
34260
82426
18036
13666
96830
86692
12228
28311
29419
86399
93824
78524
42535
95648
80624
89000
98442
15082
99914
12139
66362
4752
42403
4449
43486
19473
95730
93568
513
50242
73092
29520
60959
22441
21589
59450
39023
91525
34129
4569
17421
87403
15623
4621
71331
25164
96839
66287
23859
83378
26808
24447
9668
28713
43448
12409
13446
90298
7185
15078
47939
44019
31444
82030
67877
6050
69429
51467
51102
50016
78083
39704
32504
79210
14946
86825
21049
56299
83623
46804
72434
5078
78415
91405
58596
55630
15677
57200
20304
91176
97102
44791
24282
27560
58906
14412
68601
65321
86025
29304
24221
44217
26767
33273
28669
8576
52998
88050
92317
22753
52774
43452
89145
5560
83556
22682
21136
82372
82532
22827
89935
1022
20188
20697
96344
5479
98439
86542
54480
30081
2787
81062
63330
59155
19624
21919
34963
76368
93220
35693
90819
60113
77464
4266
98588
90591
74569
586
79131
7661
85827
41773
56248
10049
32497
21166
83315
44755
70353
48953
48253
71950
10200
13433
56736
81108
66242
4750
53900
75903
44627
45949
77503
20001
46095
51266
88913
94893
62387
75041
54489
9166
68110
26938
73215
67477
28095
35675
48542
47376
40396
34895
32053
94806
35004
70548
96107
41791
60530
31755
64381
42096
3686
56264
93670
81940
67202
61193
63049
62534
93110
43651
21886
21068
99704
50103
33111
