51824
39589
27086
9556
97489
83876
50915
37619
60820
38002
37959
72968
82750
85992
89223
33862
72339
73442
86450
79604
64612
30370
83316
60250
99413
44757
49421
34613
37034
2829
57005
54442
54702
35918
815
28183
54015
40612
90511
89061
39449
91025
5257
37626
7805
83429
93040
10603
89086
91174
18695
74126
56201
80591
34527
59085
1742
21812
61358
80854
66959
91971
16264
11120
71139
43494
69277
53193
16776
8485
37775
23082
17091
22889
61806
2124
60597
54075
37745
65283
4796
8107
86515
50424
2626
62349
89576
89781
23078
29021
81179
64602
71462
22531
94021
8300
28966
51634
64876
63405
60415
83242
84566
11719
75399
31453
86280
70369
79256
29711
6047
10388
32384
50230
56522
15864
34469
75777
98306
78071
38547
15349
80456
61731
87107
82322
95417
55363
16969
40373
69872
17608
93370
53783
72600
87838
84696
45138
26220
50527
2396
59651
15182
90113
48511
90539
51968
48400
48997
72719
59554
22614
84166
21216
45512
10518
69466
76277
44855
70712
20769
43252
13021
50750
53484
42159
56938
32341
14091
11179
75374
36936
11284
17916
32400
72271
38765
73677
6057
5796
65078
30971
21947
60534
30646
75585
65489
58902
57760
78350
78388
51503
92961
51026
89542
80691
48553
29272
23263
35248
93396
98637
68002
56289
25044
20863
34108
49537
4637
64992
89368
83610
22860
56202
9409
90331
6933
18332
40981
10441
96136
48451
99715
39980
5022
12596
9761
87466
28902
52117
13356
52369
79367
61115
28188
3534
43537
95214
5187
39035
53988
71497
24291
67540
92060
71614
25769
16010
21016
44438
4138
69265
4358
54326
14584
75412
2668
7677
1888
6888
55829
70378
53412
19518
39159
97882
52464
25682
23133
72911
65627
56673
14934
38188
38972
52791
92312
66108
16774
15878
14130
77235
90146
51027
57966
58477
43272
77226
57439
53170
63609
76529
18444
68091
27035
62298
19864
25646
274
97235
2062
52708
84504
75351
2406
63436
40985
70375
2006
17609
62157
47027
93976
14422
89362
21778
97716
40842
96998
95506
7274
97623
35102
46985
11774
44780
30950
81674
4448
14138
81270
59859
74998
6835
90444
5090
75433
42574
83340
49608
82953
54759
92401
60022
52286
66660
81646
24852
15788
37459
16070
92689
40482
12910
98852
12820
50687
56129
26328
14992
70113
50594
68687
19095
82635
1566
34862
93509
77906
61365
11850
22141
75301
26492
82726
98322
77751
3520
53226
66491
91403
426
35485
43561
54234
28734
6559
57845
57667
95069
74726
9266
47536
33451
74963
39906
3328
97451
68015
29989
71959
3206
10503
93004
40990
15626
40961
73323
69656
10255
63066
22188
64835
4661
16030
66464
91047
27849
30947
38321
4638
55110
33155
18964
19008
11289
38964
81018
88650
16285
53381
19237
71178
4324
40759
53175
61097
87383
39925
76965
65109
99092
87986
20011
64618
8663
66366
21850
95069
468
59140
11308
61349
85024
70243
97816
80966
85583
57223
29985
55739
33015
25668
76777
66431
57300
13454
61058
32664
67461
74519
17125
32385
16884
39302
93692
38547
65843
67088
25689
50127
61282
14710
86474
97802
42125
6939
18916
30966
75057
8544
93404
54376
19935
21726
10197
18827
13529
56512
32787
35777
89626
14266
8814
92337
72690
54441
47298
19634
86095
32937
64835
21234
25655
1165
88462
46083
2322
76414
34107
19043
92900
93683
53263
39910
50392
71466
55021
8802
30232
11488
13996
49175
70969
64211
71812
11577
12659
43729
20482
32347
49806
95228
41692
8666
79256
26941
77310
45155
3347
77697
81794
37986
36524
48276
94781
24680
52901
78009
96342
7064
71125
62404
45971
3406
58565
55860
33164
18060
98491
46736
16256
64611
4819
38781
39078
23738
43337
889
95772
46942
12052
64855
83099
47174
90188
19895
36876
96930
92076
8801
63315
65184
47859
91518
17033
15226
69220
44596
68809
41279
64013
76508
49472
14684
48548
24481
30759
77159
47917
7383
21868
23624
6649
29909
35500
35333
56521
73072
97630
38344
49008
8662
40233
11695
33366
36580
35349
12367
49657
53476
51967
58502
28173
24295
3110
69212
29508
2811
95810
21781
617
37449
3060
83382
17606
52110
13048
13073
33606
3731
46040
76366
81301
56491
35994
69720
1507
71240
39802
68482
31687
58107
6066
63732
51552
66630
56213
41686
11991
25599
60411
91575
99872
83172
75510
72890
65248
93782
45828
99070
39208
67124
74301
31369
46079
78516
35564
59984
16606
39775
66875
13990
75124
52490
48071
77310
16586
34797
5170
56542
98529
36162
45367
78658
89079
2588
66872
20970
90601
80770
40595
68738
11378
15174
54483
18732
20882
21542
9827
29131
87658
14974
37373
58990
85539
35815
87297
94584
84014
2992
22049
60968
62662
53880
41049
90186
7954
66085
49564
34393
1190
56485
64297
41807
10921
29086
64796
94826
20242
15444
42017
45181
3243
8439
82788
88304
56248
31173
10852
77109
22097
55235
38982
16937
90442
73652
86181
57762
84819
24243
93926
87675
39004
42579
48650
54425
27281
97841
85789
6969
77443
95666
61612
83705
31110
22303
40563
37759
1495
79929
97524
28202
64886
54618
20548
68115
48593
57898
8639
12255
58817
20698
57404
61252
83533
7809
79611
2869
73708
4529
730
54572
5609
98613
76551
64787
51295
69705
58192
42608
77379
44118
28982
98442
74081
56713
11264
74428
28703
92494
70092
78421
26686
79278
55360
93768
27934
3266
71423
17047
53153
46003
43895
5208
71144
51632
16694
84481
15545
85739
13373
65301
16002
88273
33197
26475
97240
27203
22014
17719
67128
73621
39951
65751
68526
36163
16983
64508
19188
62411
90970
62227
9650
40235
40471
19983
52164
34008
22782
42325
60409
92696
28543
97284
76279
38461
6941
87742
96860
36382
75234
26008
24576
18291
22220
97370
49078
26188
8357
38995
7857
14639
70480
83132
54211
85229
78015
35719
69025
65248
62978
14308
81218
70243
83226
40143
42566
80494
3211
49594
92180
6924
19856
5331
92347
9563
60712
67857
81626
68895
89678
64864
96443
30947
17702
41671
74329
7533
51283
21842
21859
84509
96806
7425
72313
79906
71697
42540
58195
91961
50554
1617
20897
56771
8779
860
40013
50977
82694
6418
83773
23182
54101
25241
9908
15834
14431
86343
34328
91231
54967
10438
98318
20834
15727
90497
64641
80007
74826
83790
70338
76945
33550
37624
48202
93397
93272
3975
24346
66361
69962
3566
61251
39823
22751
64401
68578
14952
30752
75025
93923
16663
751
86550
21030
38179
98399
59416
11359
25736
93575
47817
62615
85514
74380
34882
46673
37783
63547
88617
5095
47224
17400
55740
18194
70004
15696
3645
81320
87234
76683
16857
1279
45032
49566
98806
99856
56789
57053
58521
21751
28855
31277
60114
48087
84953
59190
81221
36058
50717
75448
71573
7542
94578
4501
26254
46379
51602
48268
91087
73801
88987
36838
83859
84143
63688
49929
32187
38318
45579
18666
5593
94092
49705
35679
78587
49988
83058
96370
17618
65002
19611
35890
75007
39084
71866
85188
9721
22708
53373
37943
63677
73515
26248
7892
39762
53848
26345
75124
33815
48613
12889
60779
22028
42114
99794
40707
18490
75555
54119
5156
12320
1700
65893
59950
43739
5422
74340
74249
74449
34705
94985
83732
59481
58801
68156
2714
24107
54557
3040
84706
896
84314
46228
84005
50277
60670
13158
67995
12994
61240
64143
36142
15841
30029
80206
72240
62877
60638
3877
55849
61129
99781
77802
58024
5721
52062
26699
59194
35313
7139
61506
99321
5321
65295
35920
88220
43769
46628
73593
30028
5959
45607
35227
20246
49386
92969
76300
41564
33977
60673
31312
66631
77749
47125
73268
87287
58960
24152
99370
30202
36313
69357
70849
18075
13126
38601
15039
36402
91260
93559
61598
5626
16829
62677
25537
35103
4974
86779
23666
98230
31428
32444
29625
70087
63371
4037
3802
28869
53747
93890
61836
29182
42807
19616
7730
98285
7915
96941
66904
38509
17441
76251
60971
2568
1240
44708
11957
65326
64514
55304
17107
80865
2897
44465
41813
40109
51901
85143
17778
2069
88948
89696
21638
22280
50430
77151
81065
12371
9132
65821
46956
21104
83389
7125
32274
27164
36589
47321
41161
96550
95994
18675
88581
51426
99059
13254
74327
82974
19200
98642
87823
49900
53353
4469
40139
12606
93604
60239
26522
48880
59709
1151
88561
53503
94084
17065
93129
39064
1422
85945
17972
21579
52265
49312
25146
88765
31041
42045
56020
21341
62887
22712
54148
36878
38020
98119
64559
67235
61530
13555
6968
74314
10451
35349
94267
57791
9545
24506
71042
47617
14385
88934
40103
13025
81540
51509
94599
50390
24428
62588
4415
47502
20199
17197
9446
13983
42619
40505
62855
21884
78583
60976
9753
57315
73793
19461
5308
42643
61153
45293
10226
42522
48745
16741
59512
22508
54943
21011
28160
47377
48169
76549
61261
73237
61940
52630
8681
83171
62849
22159
34086
44683
58189
89162
53711
68128
54171
46481
44011
2783
4288
58085
83662
15081
73770
32347
37307
99185
73070
8193
43545
85585
11116
16350
82577
99863
28258
78295
5986
79997
59274
68941
54337
93974
72048
25764
76656
9604
2485
87039
97945
78727
94393
10535
10088
66576
24520
30186
25250
2131
7844
61216
90502
70971
13322
87369
81631
66647
91460
71155
83747
39442
72650
26359
34603
2497
58262
99362
14350
36053
45283
73586
29820
29328
32065
62774
8949
72660
76472
74840
73540
28279
37845
21847
73211
97555
66870
82412
11948
35770
24174
7470
6913
12550
86070
80529
45048
37358
77489
8489
43615
42005
52505
96941
29128
99197
96971
40855
45801
32985
68684
94440
83410
36095
88119
52199
93260
1372
53220
26602
99467
73890
96438
49869
55023
51805
35489
16095
65693
88291
28149
56029
33269
2345
32780
16758
51151
31634
52684
74669
79191
13314
31802
81949
53314
54001
26972
65079
67596
9660
33736
92646
67568
70261
61774
8052
42979
94490
16126
8901
9133
80739
56824
78241
61093
49653
50927
35280
5288
76436
23992
82301
48949
20053
64597
89533
49800
48049
52792
67017
54481
43445
16854
48422
11248
65910
21258
94822
56016
14787
20899
57512
16861
17235
60396
20922
4035
2908
87477
70558
59652
12389
57699
20619
67830
69140
29809
8778
92087
90689
37857
21249
68877
13484
5475
23981
96863
4906
60224
24936
22473
26682
40131
84074
74784
27253
1637
24651
59843
82468
20404
87302
76761
93580
96160
80410
36333
71012
418
80490
43107
41639
94857
25284
20310
85957
72065
29119
92783
29396
79298
92925
49828
86435
46131
35664
73418
61711
67481
28249
25593
63823
85344
16491
36571
79562
94052
84238
42640
89801
8860
57632
97889
44294
84068
90166
94878
59747
97638
23072
27510
96728
49028
75498
65811
64100
86213
76990
1744
79588
38842
63079
95064
28322
37899
79793
21405
56645
35298
61548
89489
56966
79380
61359
94756
50595
74055
34330
90554
78892
69253
98291
13288
56698
75196
63858
39147
96351
95183
14392
20326
11897
68540
29082
90998
56449
61738
68156
88243
8448
9583
40952
20645
6336
79676
92093
58464
14272
15974
64692
94750
38370
92338
87422
93400
50878
85820
53306
39969
8378
99907
78499
66206
85073
58196
49077
34437
50767
15250
96272
53842
