58941
47349
66054
56256
33593
55048
81456
56937
81799
38071
5498
24114
1080
14303
14759
31573
72601
29746
33913
23223
6682
16972
94525
72660
81353
11924
14909
39179
38908
14801
91641
53636
24461
1606
79088
10714
94079
23979
71160
4393
35711
11466
59853
30068
48743
15763
95398
93427
4732
53500
82531
86040
89078
47865
27906
70460
83104
30420
56785
52139
98485
35465
90046
32649
26443
51104
89515
40351
21004
44103
65789
2086
39518
67148
1107
88367
88421
90612
71667
38380
26622
27195
96512
90975
18956
90152
83624
32445
76880
33484
56826
89950
95601
17687
85493
70275
32155
22391
85147
4388
19331
29903
36644
97622
83560
79696
90671
15670
90262
64662
32595
5909
45253
80129
17268
41311
85694
3309
97361
28585
46685
20241
1402
38071
11953
59089
1952
73351
17793
11904
22628
79933
77353
99222
28273
38892
22562
35402
69765
9502
60831
16300
69162
69216
20083
78242
76548
56813
97168
86876
21123
45430
45707
69622
9079
28746
71996
66346
46979
29576
18913
79695
15723
92478
74753
80082
59815
48604
84622
87471
90
30523
91524
7116
1564
8387
63214
43282
58418
68605
92007
24489
70816
73110
49182
58703
30005
23789
38739
6005
21188
87130
48479
73207
6451
7162
16272
14485
19692
15515
70705
71378
93873
95808
82504
79240
88108
10225
30904
9414
84196
84099
91751
6504
87148
94431
83130
64945
21942
71730
50333
64008
90949
66481
11775
57516
15616
4390
7001
79028
46402
58651
82671
98312
51214
11746
63855
70678
2847
83774
79095
20722
43902
87058
20275
27757
6381
52452
5380
52016
90048
50350
59356
39381
75595
44321
7173
59266
25238
36341
16801
4387
53614
8242
7212
45252
6933
66996
90366
81000
78489
55359
10285
98856
1602
54879
50544
51339
75205
87449
27870
35742
3286
32628
2196
30289
46906
33214
54581
35310
56730
31357
26603
93366
75955
45170
97516
59610
35659
66955
98937
87731
85342
62950
20896
88062
30934
49373
14849
29272
61017
37907
25837
88369
43772
87129
81834
3312
90262
18909
27987
69508
82863
79215
90876
68641
40855
4305
92596
36607
77107
77339
57859
14987
8242
60873
19859
33864
55325
37345
91435
3654
88077
43588
19093
35517
61687
3697
833
7910
83746
75120
48387
45174
66297
770
32920
92024
42844
87298
99750
16870
43505
9272
13313
99972
45048
91130
82281
22777
3932
70207
42033
17546
3653
8866
9371
78869
48650
53583
40446
72231
65955
5165
64457
62042
68381
78344
41858
7759
47687
73850
83879
89476
59786
46197
42198
48210
82997
17903
41640
41221
55926
9739
23896
55385
53700
39200
6113
7789
51257
56648
88037
93159
58237
75527
60906
79812
13438
72374
35166
91930
97084
40555
19932
46028
18624
30535
34887
1097
82157
59483
33395
9921
49551
94648
83555
25829
68399
54226
71852
54906
35784
99344
47097
93242
10228
8978
36328
38919
43456
64223
90193
78732
41311
96459
15719
58418
72025
90273
88087
92188
4036
48786
42542
21152
44939
38810
12503
59683
46538
21164
61697
26159
40220
63546
10046
86323
46988
73411
92392
24247
28263
3480
86495
5435
92563
40652
99758
23979
50329
10840
23851
17697
78109
78729
20828
69719
88174
68423
82711
46471
60441
99426
27682
69153
97592
51451
48218
28296
57672
75500
45359
22409
47864
14133
90123
70681
20701
89412
65011
19851
54243
45024
2342
10186
31741
5106
24259
17593
43581
76369
9480
71621
96224
74729
35477
72579
30272
90502
28142
43851
18509
51971
94207
56560
46614
3337
46842
9595
20641
41734
8476
37316
5114
84525
80877
77421
41672
38115
36614
5114
59963
13613
46957
77840
65538
627
62300
169
44505
18033
50688
69170
75551
34874
63933
98433
45093
32841
64463
470
54851
26982
75723
43596
2821
6034
46596
44412
16194
22191
29609
93967
74253
14158
58155
23326
16164
64150
41789
37480
66982
44046
61780
72495
8898
77991
90990
37775
21930
40169
24239
53660
32902
12953
19526
60087
60133
91523
95406
78860
78767
37194
76368
89419
79926
58921
19526
47810
99626
60741
71834
27923
47051
79249
4205
6999
42233
57245
43636
79
36968
38813
12189
81122
4496
10513
81679
13336
40928
24950
21039
16017
86098
75336
1535
96227
51066
38578
33
71919
70360
91412
20313
36095
33677
55695
57360
90590
17481
50481
75637
36179
26275
70072
81374
35580
32931
36772
52428
71651
60409
48701
62956
3423
96720
52029
17402
53802
31197
38972
72896
18842
92849
18263
42845
98463
68974
98204
85376
87192
45591
91253
60147
27442
67423
17550
34101
59262
85827
94949
71328
38093
91060
92685
33545
61418
88493
76126
80325
19509
43171
9148
87368
18360
94778
11394
16681
19591
54612
70156
24130
78489
91620
94
40596
77277
22273
36821
49543
69563
73590
10887
73006
43561
26838
46809
22409
77990
97677
74205
84100
33110
47473
17350
5885
51419
13687
3242
68387
6668
53026
37362
21914
88085
85015
8033
30938
5674
95308
16927
16823
90761
84991
51681
5180
32747
54978
9878
74289
55879
52211
70480
71739
12996
39818
40589
99362
11672
55052
83362
17646
65921
79741
71715
59242
48959
47826
92177
96427
9933
22308
24352
78922
2522
57921
88356
11693
97352
20636
61752
33380
8481
61157
88042
35150
80720
46227
76774
27996
87427
11165
51582
51341
19099
26728
93043
51257
68621
46234
99778
52938
79353
56334
93294
292
20004
94433
69605
85925
20404
62665
79218
92102
42599
2117
42207
51458
4752
39150
37573
78318
11504
42381
77010
40806
81837
62407
46965
94665
6737
96499
37192
44922
61666
51341
49338
76104
39801
78242
90521
54631
545
95051
42425
55325
37167
10103
84131
87097
19704
36609
33021
16573
35283
48097
35538
29596
98571
46334
71902
19294
36001
26913
14615
60161
12349
77701
46747
18042
15598
3818
92499
68633
54726
24904
50433
78218
30827
48033
22059
58680
48411
55088
85923
4012
99583
40349
65778
93363
86506
36882
36673
45821
93455
23112
19236
55842
66749
15226
55491
79839
38040
91579
70726
54750
49908
99748
14749
83092
83472
17029
76489
59747
34093
78141
36107
24736
97034
1477
87142
4847
52478
62662
83603
66346
53424
53291
80642
37793
74966
98225
43655
92059
89577
45498
96489
90938
96833
75009
38082
35389
99474
91753
96627
76990
73475
13358
29192
73564
16806
62652
7427
54612
20761
86942
23976
49384
38073
87471
62756
16449
28733
70765
29723
56753
38134
16939
50829
79153
74689
8933
44036
65961
92165
32014
25212
57902
45520
79494
56847
45765
11657
19304
54172
42310
99185
88639
57235
98524
33212
65848
98976
87048
83749
75730
42802
80293
7635
25362
18311
88583
30406
30515
73782
17917
55293
4955
42872
597
22888
51145
18035
32094
165
61739
30117
9225
23482
16172
9834
4681
27277
12137
53833
15481
39427
70436
89217
86204
50867
52562
44972
96608
28999
32976
48141
54204
83278
28787
95451
9529
79008
82652
13514
15692
5744
64682
12562
23105
72647
57897
61342
99187
51778
75880
93268
32024
81386
63464
76092
13338
52044
77425
56366
2016
62165
74847
49468
77195
9132
79929
48025
91612
45164
71298
28614
94419
12604
90120
71159
87922
80780
72826
93990
86016
65038
74455
32371
83561
99599
6977
39414
46882
13457
82321
54275
17707
4166
88356
50713
25358
25771
56306
72839
87427
46846
36223
83867
1270
13214
47179
17033
54976
83454
83204
43924
25777
51877
92987
26332
75440
67397
93908
16516
121
71829
3798
26334
68357
46094
79075
13334
27208
26878
16610
65816
88115
90124
152
86494
52121
3530
18133
3034
77167
13392
80202
75901
60493
17530
20440
20609
20881
63424
98051
19257
43490
654
198
48787
87698
77407
18400
68871
54365
29275
12205
62399
72878
58090
72367
22691
26145
84180
74155
20736
48259
47030
73232
10644
79445
64803
74417
9720
80016
54453
64308
35274
55458
38446
1923
53111
16982
93040
90816
51137
46354
82132
78646
80082
1370
93803
99914
94174
86130
29551
88016
32206
16128
82149
36026
59278
56624
63570
64044
24436
10257
2903
9130
50059
51517
90410
74866
69404
54005
594
86822
59224
67211
74047
17954
29445
21017
9667
87341
50242
18895
95537
23946
16760
50186
68273
32813
57599
43712
21756
92491
27594
67928
22650
25834
9680
16757
70486
82839
50008
37908
18523
97815
25856
52075
28846
24149
68234
67601
81415
68314
62212
48317
93293
87963
50610
15494
49900
68300
11194
40329
48662
10162
20076
72169
6707
10807
6220
85745
49510
66934
2589
33589
90751
42166
63724
34647
62774
34131
40310
29829
3114
43895
93367
64671
52598
89960
17840
99158
80749
88828
73108
95920
68818
44007
88111
91176
17654
80117
71156
76915
96590
71059
38049
2845
10512
42311
84465
30034
32299
54528
6686
3384
10433
9159
45872
48601
2178
49909
90759
63551
97989
58271
77633
10904
60901
61133
13576
85049
88310
59848
89563
70495
73762
84401
75063
38641
42405
83982
62914
51296
76001
28351
28725
98288
30335
9999
66723
25873
23267
79334
21449
31686
71274
48635
79604
69478
83651
24903
40074
7457
65031
77525
24150
93786
7510
81013
65108
57171
37295
75503
88468
30439
81676
83285
10734
64656
49976
73810
18083
63912
50958
63518
37292
68589
93519
89043
31586
606
24959
32506
69321
47554
61245
32926
58233
99016
99102
9027
1162
34824
45444
70991
98203
3912
63872
14118
11071
71772
79329
19412
37478
53861
16087
29666
47683
11193
44585
82252
11839
41731
85135
97834
13305
43297
90093
51754
17720
15852
42605
60638
67023
17397
6136
64689
62507
6346
46512
30453
12636
76631
47469
73561
96957
65226
55026
83094
89314
25039
65899
94024
46782
28794
38054
17722
60398
75266
36235
82202
75558
29194
99961
59020
86645
59740
86462
61786
99639
43247
10674
76936
27287
23783
61777
52229
82943
18747
72595
16798
97118
62321
73386
59085
64116
5318
24599
94191
29949
26218
26890
45460
55319
47975
16436
7759
79506
37667
94730
54956
48468
37339
63800
47681
61542
36527
66208
62941
27870
17405
7470
34334
81065
79461
32281
29119
56789
76043
5752
94766
40824
4795
56510
59931
64417
17479
42195
8172
85177
22988
26673
95629
82709
8595
3000
89573
32539
8595
78830
4580
29807
93747
1655
31609
46873
56013
86604
2752
28564
45038
795
36088
52085
89691
28923
70323
26454
37133
14379
39142
6494
98109
37222
1792
48751
89530
19908
19896
43404
34359
28432
75679
52805
66306
21505
10228
69728
38511
64984
30294
17734
14707
50581
50900
68551
48652
85814
83169
46987
23710
6926
55779
76662
31864
45085
11466
50646
59733
50577
96350
78060
37631
72281
76401
18997
45038
50114
95027
32052
52941
12208
85988
51486
36573
80379
49381
83906
81715
69027
23559
40051
29053
61041
81413
41171
47747
11947
74606
20317
82952
46804
52346
20847
95599
43774
51710
32371
29498
45708
5178
28744
44045
93353
94895
43826
73905
75199
61966
54106
55637
69205
204
8227
3215
83400
71249
65547
84192
72708
3248
18585
10582
28959
51985
11946
72043
32178
99306
39570
90634
42485
25708
85521
30418
74582
12825
44275
97874
85526
43828
28452
44308
75552
22513
81583
12119
90406
16523
41553
32789
3866
31156
25182
26083
9318
26663
45839
12983
26857
47673
58855
8835
80975
18126
46625
88319
11115
62792
60952
28261
45524
77179
41778
27670
95577
78844
61098
35226
36545
73143
17336
17605
63075
78879
72160
50133
78655
15008
69108
39031
40760
17136
47974
64777
78959
64164
42925
16698
77277
69792
83475
11470
72588
646
47962
96606
57715
46640
88265
99484
72428
12600
60631
83251
66835
28308
68178
74125
30621
15263
25035
29103
51218
52914
52770
4767
53929
95794
43850
81862
87359
55875
84025
72016
28436
72955
65487
85519
67586
16561
33632
42335
23418
97363
64127
78789
84637
90071
49832
36177
53172
12073
79306
2723
36364
4708
12944
36874
82321
14972
40651
27014
42214
82615
63518
35919
12479
10844
62437
72527
49019
81219
80706
47498
75937
62188
47429
81182
76917
56524
38328
90885
68471
95586
90628
93687
76025
29224
66788
88973
26651
26693
80804
43200
83013
19263
79701
64048
33088
12238
6384
94753
71409
36011
26916
58847
69875
68967
68478
47298
47568
69592
10612
74412
59964
5902
15278
71375
17422
73828
76593
48525
35899
80018
48201
39703
52497
27488
36723
86294
60205
37300
68164
29352
25369
31980
30873
30594
51525
87624
84381
89109
54721
74206
21136
12395
15221
88081
72922
88016
23582
15836
24108
93197
77317
58887
81902
92207
85404
51676
1899
80294
74072
91092
23254
7882
55782
53355
76695
92056
28844
12178
52533
62970
72573
17411
58210
53989
35831
85070
77182
40892
48189
82930
55593
57938
92428
26184
20552
6764
98845
45945
91506
69220
60726
96816
10808
10858
90317
47114
976
16005
21818
4746
97501
45623
42295
361
49084
1567
50486
79562
96652
40376
64224
94636
47867
72767
19046
37720
69002
96114
33861
21179
78108
64115
87259
21613
35584
62956
43584
31951
53176
99724
47876
62132
36422
75215
59523
77878
66930
33852
93223
55529
64314
45736
35386
19501
95031
4313
51941
74877
8839
37221
13290
96068
85149
39768
9371
11183
96705
95827
49462
88189
69605
82354
87934
70100
35589
48230
83638
9005
4793
4577
66620
37615
13627
25009
4831
4281
8624
4547
71423
79865
45589
73865
63392
86426
54024
71478
69386
38586
93903
36709
1760
43449
80808
9530
69243
51309
60143
61312
98083
87827
64005
71058
55689
6816
1379
11573
12228
33301
95067
24898
10566
78833
19943
35042
41082
11072
80177
43729
66812
49297
40478
21253
6709
43046
63384
85256
94289
932
3990
59937
78015
61770
97002
96402
61316
57535
4391
70330
79068
78052
10060
41338
4815
20168
35538
49364
86572
23418
39918
97743
50181
38681
22915
32151
78374
96008
96263
87426
39315
30397
29200
17517
43581
10040
30011
99877
29664
29041
2969
78818
4060
93322
6615
77550
49422
4420
18056
73379
50795
57741
84369
34577
44952
3702
83568
56319
78601
24067
57642
66793
62420
17052
20208
17576
67697
11425
89197
95376
88561
16666
54575
48755
77719
36268
12879
69890
21015
11175
60063
97651
97290
19388
60623
44542
57419
79884
66363
40833
14353
2620
77333
15268
17770
94661
12906
86487
69456
72231
6676
98167
79850
35389
7068
64399
5154
15660
48873
34203
74302
66614
44329
88776
46173
53195
12603
72023
29136
21695
18263
14593
16051
37366
15291
64821
61127
763
5842
11036
65805
92656
99171
99613
11297
83296
82036
43100
33584
64080
11384
21597
53847
93557
36540
89030
43513
41375
61962
41219
32765
97106
88344
74147
38722
2101
59089
86528
10560
30275
97245
39260
70493
76927
90063
61126
26472
39173
81355
29020
37109
42172
95890
94315
11797
51239
74731
50065
85362
65146
68688
31748
38564
76522
48050
71723
60499
57469
14858
44138
361
96897
84030
67995
4115
121
71371
77975
25012
10929
18549
45525
73510
62066
17448
39625
26222
55697
28106
60718
89210
90178
86208
18942
85818
23307
59994
98237
71225
85587
86363
56566
55542
49817
25000
11805
69667
49568
11021
9492
64377
50856
49478
27913
30998
28408
37809
20157
41749
26359
99758
92511
50920
54139
65391
29430
8563
5721
51586
3101
7464
87386
62008
51401
26843
49166
78609
42279
68130
39290
49094
48320
35883
21709
98899
31166
12410
65841
9727
15080
76221
95005
35241
53737
47181
92519
2097
57615
2723
32471
18976
90768
61269
26646
22677
96519
79020
29477
6796
10587
16035
53739
88429
86880
49278
29638
53647
3575
96773
96802
74663
59376
67899
89991
56817
44881
43583
82924
99033
3118
9182
89546
86759
74200
53587
7820
26693
35283
90589
56482
37038
38526
19419
77141
6900
8407
77126
42517
82510
33495
49003
54830
10396
45017
21379
68376
70841
24505
29969
13165
73052
67223
42040
18902
97995
1306
63191
47711
79132
36337
6850
86377
53993
41877
66109
33918
84176
42506
25975
89599
73668
96580
96289
99129
68499
52935
43114
21430
821
23654
61400
31343
9454
82861
101
49375
94592
89242
69300
97299
47440
26854
35182
69374
38674
26018
23453
85769
97332
74204
12613
13863
33413
25185
48826
64647
59840
77724
93890
46275
75385
90845
59111
88917
78082
76565
68825
82024
58810
66269
51614
59308
28691
60502
30103
57604
96958
42795
5328
37946
14582
4946
23715
58515
65957
78258
70891
46108
97239
85023
79968
5379
78393
16384
51667
98467
80077
11122
92935
33367
96077
21477
87690
21327
75738
68868
4239
4480
24928
39762
95530
18550
41511
18032
9511
51461
18297
35291
49095
19453
67915
45266
28471
21372
84778
69045
25167
33501
5475
58312
90436
29262
97166
27479
38539
51967
95128
92884
74347
35702
76140
17853
5853
67008
98142
57624
42595
76770
55220
70624
39906
60749
97680
32825
1437
25104
74878
1374
64591
10248
6999
88829
82565
40338
5200
87320
17110
61632
54850
3372
6207
80906
310
34254
88671
44636
17677
32337
76
78702
28297
88292
34481
37105
46812
50585
24933
4452
3691
94401
36904
78790
31870
90386
34332
86311
49447
72586
28638
9975
92780
16045
56192
56832
69459
95467
38916
58159
39593
50621
39799
65292
15278
69933
35463
15180
93889
5429
44258
26492
95780
40160
30701
12542
6283
4909
63838
47248
47463
2099
41047
79847
89673
77406
80896
62075
37109
93686
97727
17884
42661
93312
48950
80994
16982
97694
32857
36034
36852
90930
92330
40284
47933
65505
90451
21521
41428
90130
91103
60082
57668
28149
80054
45108
6382
14272
27092
76192
74258
55381
9028
8839
5014
87167
74174
29810
71766
59387
26458
76759
82024
20948
16847
71271
88298
22663
89037
18693
43115
38629
90259
23953
18514
61430
87022
55874
85615
86906
87855
99315
50972
43882
52616
83988
87792
48254
71235
96417
98560
61352
81950
63983
83058
21374
36998
12643
26911
92149
27599
6333
95780
17512
99502
5265
68902
90936
50580
68566
5343
3886
89959
48951
94761
61595
22622
33928
96774
77280
52536
72499
55594
23562
13434
54031
67846
70901
28132
59250
31889
99601
90030
80861
79028
16482
83460
86166
75315
73377
68283
9747
7443
9760
98383
80946
47405
4331
51675
44069
65709
39242
7027
44587
27687
47843
85153
83194
66295
69116
66779
69304
44179
79550
28541
47018
95023
67477
51433
96387
38316
32019
32983
66525
49055
16213
17498
98438
96666
47966
31377
64786
52217
80543
97831
5358
12875
2936
57896
50069
75130
86327
3648
88763
17977
53119
49169
61190
42889
54469
64528
19325
3879
79764
96413
63577
10934
73296
42078
3224
39173
74647
27543
18096
39037
30436
66855
59136
37610
49965
1762
88130
7203
55180
17095
34301
19831
18074
46589
85976
73141
31319
31375
52552
23256
33415
93953
13898
93933
51478
8749
69708
20067
58364
9983
66373
13262
87100
69961
1797
20344
33798
37251
66599
26885
29532
72547
71684
82337
38322
89814
75777
87240
7758
56248
55144
84977
32047
95669
7124
59896
61867
7964
59365
85575
28432
22333
17588
83616
8172
97087
25697
30985
96583
44608
32488
71861
17838
33482
23793
18411
76587
24494
71751
33525
98159
14144
51328
77159
84946
16655
57115
22314
89138
34783
90505
45060
57751
23045
43521
30438
84023
26718
35479
84274
10005
99597
15527
93702
51075
92815
84747
75689
12073
73276
27789
33809
3838
39900
20950
70991
19859
90115
50628
50584
28047
98283
52314
66128
76149
62636
50865
20757
82786
32603
21612
74310
97010
79420
6986
82958
74242
72197
18389
13136
83056
54641
62199
37168
7198
64382
78956
85468
30006
97860
71602
91318
16295
86130
84893
42719
30510
46566
48935
8897
94480
53736
8324
14072
82947
42243
66772
33151
72397
78210
93682
88851
49060
99811
58665
38982
50356
64731
8999
26146
54111
96262
97609
52311
72862
71432
92885
12611
31622
90981
2983
71357
46886
71322
79395
14206
27373
13334
22665
85517
87560
22680
88135
19142
43369
88134
25608
94470
91011
57895
51466
17717
69649
34206
68141
3568
45271
58403
55912
17106
16993
74784
65877
5214
20519
14405
78349
48556
46898
42920
65134
98189
86520
67196
79064
97853
12419
80525
21175
62885
61040
46582
82107
94249
55602
82847
41411
73684
66103
21238
87064
8222
84035
19144
33750
31864
19000
35996
68261
46388
2359
87021
65094
14355
3136
17282
86536
68716
96470
18572
2043
29846
2334
55675
90364
87027
17477
24669
24878
81529
51137
78037
75626
65373
20976
16179
57997
62398
22173
56245
47728
18539
13505
61882
5493
147
80613
57119
34973
79976
95270
61944
7030
27630
70769
37420
19378
98981
79950
70701
94291
95984
86618
61715
92322
26850
24492
32245
15838
51973
76377
39619
48466
92006
34226
19490
35840
52576
39211
13797
35609
86371
42295
83908
80878
99009
33775
18012
52864
13205
94609
84195
86452
96400
63813
93253
27843
94305
18843
44032
24654
83104
69360
4537
83406
65880
40848
98586
40553
42607
94869
14952
3969
35283
98573
41636
12710
60930
54266
96606
30956
35222
13426
3537
44023
79339
15271
64512
63091
57710
74305
235
58272
36069
91399
21741
29258
90197
30013
43925
30262
59091
83143
94174
79961
53067
87788
90157
85731
93510
51830
69384
14808
5820
77333
37038
54175
49686
98371
8918
54452
54942
27106
16007
45400
73765
30114
90385
10504
15185
47871
70215
79627
58914
54183
69658
17572
77183
65432
83667
23368
96161
64744
36844
60041
78459
72414
55051
73873
56164
17054
50908
99851
70084
86083
42058
68122
46391
4324
55706
97741
48960
76024
27013
55402
48813
89366
56175
60839
92291
33014
73320
28409
34438
23827
38047
59075
1831
15666
4926
26992
62155
38011
4870
39963
17299
53414
50184
75243
92333
62418
53468
43933
87
85262
8290
91033
55179
36154
48403
22119
61195
17128
57795
4122
74154
61724
69973
6762
50645
75667
74234
42784
28220
61407
89320
1834
12481
83024
60724
15822
44412
3407
61387
411
97768
60516
28370
16891
12942
1079
55800
79333
25164
9939
81269
17424
18785
13895
62754
34913
41431
90118
93172
15237
46286
55246
25174
99674
97761
71301
2818
14599
32344
62496
13819
21741
60425
9949
11722
89877
22315
42704
43444
77416
68280
94651
65940
60382
85086
58807
43802
55662
4131
1935
50655
50948
34579
9675
78180
57936
51912
99946
49286
73275
21364
4872
19648
48437
78381
81759
63582
93130
59221
90026
87929
63187
98341
26725
10195
37416
53078
31600
23217
20883
96556
39378
35120
41663
2464
87642
40165
56976
41032
80321
35254
62733
81669
47532
63566
29496
26696
44973
54433
16862
20865
93544
6524
42665
26374
71155
54023
1778
63037
58711
82555
41396
80294
85812
36186
90749
41448
79136
1615
73949
49462
97104
67747
20993
79550
23919
92313
41017
73870
79851
87207
64021
39459
52719
37873
20879
29999
46443
77379
15841
59814
86096
55947
7767
88550
40663
56561
46079
2432
68129
12117
22397
56647
55321
35395
45883
30164
94838
82420
91806
8116
97693
27396
595
67566
74211
92172
31400
99061
35311
31196
62552
33222
91934
78103
67102
2590
19072
1162
88747
1020
4992
86858
23538
6798
10337
41801
58848
88347
98404
80341
94249
23020
53894
64941
12509
29720
92038
54785
15674
79562
7781
17701
78811
69265
78469
75601
54286
74852
62868
41880
44548
74479
89730
62627
78145
75455
99341
8202
96179
19302
990
3950
87583
20780
26892
39030
10934
45650
2175
8388
90183
67172
43695
23506
74607
33914
79147
90478
28267
40523
70101
96048
16686
99471
27978
69044
66350
48974
6719
63321
89624
7338
99784
34677
91844
42119
1042
47506
25955
52499
38928
26792
63412
19157
80179
47288
57719
33142
14065
83587
79129
92134
88744
58533
43150
12365
46877
82001
17212
11600
49181
4394
37939
93531
11876
71004
34331
15665
86460
82709
97703
525
18589
52707
44421
93875
13267
16714
76887
89145
93438
82818
7515
62763
43410
2251
73414
41280
51006
25039
38928
65591
92874
96338
55241
67789
98617
21656
86634
81182
75502
35571
23142
96852
24875
79879
97438
28817
22581
83613
3251
9174
18419
80288
23895
68462
9877
81367
4413
87866
23730
38463
35151
9881
72009
38309
8413
57139
90953
45693
43347
32258
17964
60737
67620
22718
61630
21066
53474
95268
82875
20964
64848
54210
97239
92625
38415
93889
8183
17373
86772
39055
32124
59928
16538
49896
61504
55829
62132
3009
68281
61215
76763
69329
85754
60883
64773
31453
45433
62142
6327
58814
33227
36499
52081
32944
75051
31849
19655
22714
90682
24335
53841
81397
77313
76525
61944
33210
61810
91129
51312
16493
89228
39346
98661
52032
1564
11932
48494
70917
83712
52984
80063
81876
63912
69887
8954
30197
13686
61372
93029
7435
99620
64195
39223
56030
17572
914
62251
98115
8834
53634
41047
55305
57702
48585
67255
47426
79030
76656
71362
19372
9113
66252
77119
99387
15638
2747
64464
9701
83226
91517
26315
20458
54264
92173
53578
54622
34954
88154
44665
68149
26870
85030
97612
29673
73580
64314
17587
59307
74060
42820
7974
13092
66661
96718
3546
87430
9048
76156
78678
67668
21723
47586
71199
75402
22009
17760
27918
70411
92919
76571
79652
41317
6609
824
14260
31811
20546
34328
35198
4335
80355
47819
42844
36481
89898
90130
5685
3145
70228
80725
16400
95317
4862
40957
57347
31551
4589
68400
1704
90199
84654
51079
70224
21480
62647
46477
82674
74185
71275
54806
55132
3842
21629
29753
59562
22169
78860
81804
16693
52184
72013
57947
68226
73949
52935
80036
44379
52190
40951
88882
79323
59702
74291
83379
3747
68337
94059
97336
99082
2319
29772
38793
2321
18681
18847
14051
83700
79006
36206
82992
81788
27431
69415
90464
62705
80863
29529
86121
59085
9593
72410
8825
13132
20669
97995
90835
40799
275
62835
89486
52512
52875
72808
60518
91904
3526
23341
42876
39548
28164
68725
7793
44302
42571
18150
1723
29664
58640
93880
96289
88635
14982
62844
27641
3933
90528
52282
8699
79145
17700
57138
76162
47705
47887
81348
90335
40110
69631
90348
91033
48040
56448
16165
98789
75857
84087
38222
81021
36403
97156
79529
40385
11882
42296
61024
71367
11668
28275
62339
79135
22053
64760
35948
51560
73688
21711
69188
92937
94815
48791
51134
73709
20251
4742
10848
58622
39
27294
58723
46876
7759
13551
92048
70427
19358
25987
1642
30486
1780
61129
55818
88179
41847
7777
13253
65621
27137
82241
34282
47000
16919
85890
76488
24365
73849
75562
15565
434
96693
5398
7689
57804
53622
57508
67664
96835
18523
89115
83070
85979
85442
97431
29204
19499
93090
53973
5377
37020
79512
21175
27421
60800
79513
28884
38799
99052
30663
44927
41294
467
79583
55154
3300
6688
13038
18264
16366
11663
98788
94516
16512
69193
91681
65713
56133
86907
6540
54182
99620
77266
49922
93157
88863
60213
14091
16545
49141
81694
2600
40506
43207
4118
5609
52039
19064
15404
5755
71390
76845
18642
28958
73442
947
8053
86197
7306
86400
87446
34615
11274
69682
78410
21762
60320
38804
7274
80207
12702
7423
34040
76928
91375
80157
52399
75638
54727
35881
78437
351
29195
4978
32000
47149
97402
20413
23442
91266
46071
88810
14994
90215
7156
97935
93624
79548
54748
52161
5589
62058
38237
64018
64813
20724
11345
3380
76306
65003
71784
68091
6750
6176
29011
92384
34924
3253
11119
1665
62868
95725
26123
50118
92545
89890
888
93535
85169
9653
40941
85290
70888
88511
33236
92560
72465
70214
86613
57743
62547
96556
88604
92754
22539
65506
8745
284
70316
90105
3028
8643
17008
55353
63163
99577
34201
6698
61738
31847
28744
19344
61606
90802
21145
81940
33238
90591
94553
55644
80622
43026
36230
59741
81977
85618
34113
71399
22210
23433
42130
12735
28095
64616
8121
14154
10971
60647
58540
60132
9823
42537
50642
36081
50748
78653
31834
12267
42935
76898
79769
41850
10545
44354
67742
55873
78546
78559
30836
82005
56178
54892
18195
62665
13444
43826
59459
65092
25151
57234
15343
99380
4266
84394
92354
76060
64675
38289
28992
14409
5739
96572
48355
91778
55442
49699
76465
5790
19131
72766
25494
78799
21804
44392
23492
44764
65365
10950
87491
35500
11226
99937
78166
56350
73534
17870
73388
58422
11118
35983
29184
58098
56327
10195
26126
76538
56165
3832
27857
16406
32361
71505
31198
90457
45893
43074
69495
31163
46568
75336
91469
89925
49857
41270
35797
10277
95185
84474
26821
90594
98162
56893
66316
52169
34461
86953
17803
8389
26813
55014
41844
95182
46862
39709
85693
89592
73009
74526
24929
94764
1967
78588
403
45075
42887
12789
512
87503
50486
96464
38720
32004
63042
26079
67257
64755
14499
83780
70320
20264
76175
30576
12812
37961
80064
79366
46697
42543
65539
57599
71638
22641
5664
15174
82796
34907
83681
47555
46027
21886
59266
51637
76658
27041
73587
52216
81594
94293
14412
63015
89905
86470
75310
43611
91854
81069
65554
66321
30869
95554
47312
75657
34569
78223
70926
98954
30121
53216
33827
82596
62249
86871
24231
93006
67374
50971
89401
37709
91013
9264
85900
92310
18304
55331
49583
26666
60494
12316
7992
86528
25686
99541
63404
44769
15120
88650
85133
33805
54016
79078
40481
15899
57968
68061
75642
40733
1897
94297
13928
76898
23757
85931
51319
3188
79156
39363
84134
63842
86784
46267
25638
82777
79551
36653
97962
26443
14942
66437
89489
44625
57221
16274
90894
76108
82226
25685
87088
23687
36981
88988
8147
35129
83301
83977
21698
48199
32542
33738
53798
82598
54648
87342
2192
19102
10085
18125
11999
77674
61222
74566
98159
94203
83626
13670
11358
12156
87973
32164
93500
10289
7657
9642
91374
87001
31171
32717
10623
47538
99700
94173
68356
27611
59242
46488
30026
21077
63611
20410
68127
60002
91614
56687
65945
31536
60326
14056
85095
79247
18171
30380
98514
93693
5270
98278
21935
82628
49369
9948
98404
19801
14154
59455
89396
45285
91914
9214
9897
66496
89045
56118
11741
345
89688
10757
91621
22226
35114
55004
12667
46664
85129
85297
31238
59921
79218
64052
17768
54846
93437
80410
88324
2208
57458
80565
46154
97479
58476
6245
91104
21125
28392
83239
71854
80016
61801
80619
89926
26695
22348
78052
60527
44
86755
21689
61549
21007
40657
59448
2190
25516
88641
23114
66003
87659
72323
47266
59449
73317
52483
88366
55555
72006
9063
67408
32838
8238
17318
5479
80976
47889
42368
91814
35734
81822
99677
8038
81145
5949
38950
9367
75124
32626
67738
38418
50853
83966
94926
37642
60821
93732
80069
18368
38502
24073
99975
33398
78648
91124
39297
52731
46455
6678
56697
76101
79621
28035
76587
90077
6656
61950
5509
71412
95023
91091
53756
11252
81454
40861
46377
30513
54356
97736
23428
50814
95069
77968
36763
33179
57017
66921
22063
77868
74288
19448
43979
89029
38576
8702
20449
37794
19572
46165
55907
98131
47891
7059
31515
68565
80451
15532
43368
26331
75592
39668
52085
30795
52508
36577
94423
54149
67068
4015
21252
51390
15373
23517
4394
84331
72010
80916
79283
60313
9995
45992
8435
77625
49011
76855
98763
92920
14998
24175
51614
10829
72997
84524
78476
94988
24600
60063
10832
80408
46775
34378
1555
76308
65284
19207
24940
95162
2856
96457
1461
16005
37081
8090
93642
96233
44356
55779
73344
48547
7805
44650
25791
63626
39361
28725
90238
57093
13668
49614
94170
39478
36667
27775
44114
9140
25320
74204
85762
30006
5246
87519
93338
57771
49904
43119
63963
12295
46586
93306
29037
96248
25483
76225
75903
74999
47502
20851
94109
17593
23795
79697
95687
22213
61631
56113
89972
69600
66509
17534
12898
2372
67423
59805
90232
40847
70309
39210
45274
15512
54376
58273
87432
20764
15604
32184
83668
74902
70496
26057
40317
19534
27067
26318
31789
37192
52469
63973
6700
21085
13223
39219
72063
70695
59136
92645
78785
14837
36173
87633
21244
35742
71747
26683
56707
28755
24844
20339
16399
35565
22573
86684
36564
46854
91952
9192
91584
69123
18258
78335
58383
23503
25962
32382
8846
79331
43445
33915
79850
43681
75834
64359
74068
49983
45311
28685
73620
95713
62056
11127
5382
86336
82630
28431
28021
85094
48356
29923
24563
77403
96841
8130
33362
73241
36459
26563
62658
27996
70993
32804
70183
29974
41058
7472
96374
73375
66927
90874
77933
81609
78906
24422
19852
5873
7618
80967
52468
59249
82124
76931
81050
9363
66800
50290
22503
99136
18429
25125
76143
40407
6121
51012
79116
98041
38456
50480
72087
66624
12520
19527
22755
60880
26264
2053
92886
37286
77587
7623
24964
33997
47965
88012
49129
73807
24984
85620
8067
94632
6867
37642
31178
77719
68144
64638
7693
97710
52145
37003
44811
58280
60766
31991
84618
73978
46389
35513
24663
738
63310
18708
64955
54588
28170
34370
62582
45588
7288
30220
35802
40533
5827
49077
45735
53056
86236
6135
22782
36024
50399
5829
75300
1658
49828
27119
58518
75019
57221
12068
84804
12649
43815
10258
22091
70243
46247
76744
19762
61285
40386
11325
28448
62059
61088
67594
28152
39894
38654
84370
6355
76829
63416
39106
33625
12027
97615
87506
34459
33702
88828
81483
12207
35072
60945
868
73417
30918
22568
59365
57139
16998
91435
13164
53545
12973
52127
39981
63347
65182
1805
75571
16224
35583
46958
51974
98651
7630
90899
20773
80973
51569
44654
92083
63023
80714
9377
79502
23049
31977
3169
10586
19308
37115
92134
51004
96169
57537
69106
47586
69004
94427
22011
12512
63576
11235
35351
76149
6688
45431
7139
16300
20831
97934
16816
96478
39765
15435
45418
67733
5919
66831
32454
30412
65426
61545
15464
27794
69619
97768
74575
71757
87478
54354
42397
57146
54801
76845
76582
50355
92988
9754
37876
24650
50215
78401
7957
28530
66680
67336
31266
76604
8479
76541
27980
35647
53880
24051
92197
71825
81981
65833
48296
36018
27557
96581
38023
22440
51997
90912
76879
90244
98753
48475
93882
34211
50072
70224
41744
64433
31785
82371
34523
59689
95357
91031
37510
90039
32563
12573
29136
38750
22393
41607
18675
70581
60174
80634
40716
14123
10354
20290
60102
14220
3718
43871
62824
21468
55397
43070
27095
56929
58814
19266
41161
11709
20269
67265
10728
93944
74677
71595
19966
45564
23325
41029
28259
51706
82212
99860
19329
34218
3394
47317
16480
16047
40572
14665
81395
16729
87779
79342
31165
19044
74762
41897
92929
97950
57347
86334
87814
42630
49077
19202
86755
68944
71483
74920
83948
97989
97788
43032
67929
73671
41442
23134
88175
26065
53209
36382
10894
57949
56551
94373
6071
64608
63938
1914
58327
76400
34962
31156
39156
74917
7205
75365
66898
24605
80264
62228
73987
25146
69513
31561
82121
83110
43366
88865
24073
35543
67633
91009
92686
43661
94275
43590
2359
47351
46553
603
55071
36214
6320
86597
32614
75994
20921
84793
81664
94664
29080
84813
6138
72189
36287
8747
28837
63532
54370
75681
71393
76931
75863
20502
41703
41292
60844
42135
27411
76911
27460
6383
93548
28917
6191
56694
90289
37863
33157
20192
64641
3317
76799
90998
76167
38930
53907
39234
16833
6172
47882
89091
89355
67258
97919
9601
68877
78239
45430
73338
84925
45995
87670
71675
55410
48624
9828
71594
20007
86545
30526
29152
71784
91463
29489
60788
92093
9341
63832
93203
80784
66779
89842
90347
12251
23777
73150
21542
8915
37385
89877
93300
26635
69039
11427
87170
73031
70412
96260
75111
21854
88925
26872
43196
53258
52226
13090
68907
30640
4483
72195
24416
66086
19885
88973
78429
71046
77338
31527
95786
26062
35375
42652
7977
88880
33918
23360
68168
96925
6892
62817
87535
83881
89869
66885
85177
39579
87435
51334
25855
11092
70342
56967
14768
7129
34901
42161
16317
13438
37898
25102
49584
59793
23572
83297
44477
86689
12318
61184
11025
64041
71989
60400
65415
87452
45351
28091
33177
4014
21222
32240
67732
39709
44299
97944
98212
42747
30328
98512
43374
98809
45174
6728
8861
48497
86237
93783
78515
94608
17746
74840
34497
70366
28330
49157
52947
52716
55021
57358
19234
92120
69174
61622
5837
36960
76631
5963
67554
25153
729
69472
84853
75274
36832
70824
59283
40258
95981
20497
92561
86931
24094
77531
38365
58865
25488
36532
46678
38987
70660
71185
68216
43885
48256
57994
26927
98831
59564
23987
7789
47806
68988
55731
41846
64325
16302
55875
24760
36344
33737
95717
86361
44540
95366
74141
14248
48214
41962
8688
19126
43759
40561
92408
53277
13824
91335
98018
2302
30272
31503
9189
16073
17703
98759
89374
98485
62174
90946
43564
84368
85318
64117
67941
69104
90337
92302
74259
10183
58624
95997
38639
39349
98122
46135
67032
42423
20166
4367
54288
96606
39750
70565
54196
97307
46608
63003
9173
93237
65033
75266
52344
34941
42560
93524
75366
22201
23989
28538
82576
90781
29412
12973
40580
17848
80946
54329
82884
27049
90099
59006
85545
70994
75125
12336
72980
60805
52108
5439
47340
70972
25563
64465
60345
22917
82300
10
60924
9113
50668
48941
24841
24110
31766
96221
2818
99362
65946
82397
21233
43480
17754
78805
51937
479
40769
77078
76858
94478
46800
10900
55095
70188
53383
40338
59206
38187
25996
11292
14107
88501
45594
57485
82001
78622
91497
17937
44894
63641
14550
29413
57394
43783
85552
11803
78924
36585
50335
50073
80537
7383
68112
32129
19562
70890
28512
96587
82512
79091
70405
7342
21655
92654
41492
52830
12732
12209
6994
99055
24365
55871
72731
32727
27003
4858
30984
96690
958
2420
46305
40607
14630
47910
30847
61959
3129
79513
73340
96446
85294
46722
31994
18307
45028
25611
88333
29794
511
56844
93509
41912
481
43321
79035
76694
96001
25173
93112
97118
53803
45636
24381
45034
51860
57630
87666
74509
57783
72607
8590
689
96241
41179
94816
63359
86614
24655
86936
88542
19886
58866
38997
2834
29295
85291
27532
44581
74264
41532
39090
96900
24615
94876
53574
52000
74327
19011
26749
66485
78266
79454
82283
78887
73807
87138
70955
72296
4736
27037
23787
56822
29179
2280
86295
81025
99307
60088
56417
69930
85778
66196
86762
14279
39973
72225
70320
71876
36228
53273
62931
31011
99380
90747
97157
87268
14907
30555
15374
44287
64568
32794
67129
23694
636
2160
77791
18440
16777
58150
42478
49320
82469
44032
54453
42508
26139
58199
70191
71865
85870
46693
98729
31580
44699
86074
31218
66316
67498
64683
87934
56683
37840
89130
46039
35370
73221
13776
24544
46796
47933
97591
90407
54595
63621
13669
28839
27735
72667
30978
51607
4517
30314
92458
44243
26756
37665
72990
22148
88610
34127
56149
35215
27309
38462
21840
58071
654
95689
11820
74383
94608
41658
38608
24192
55551
88005
39621
5300
38603
70138
39941
28221
90955
95787
46509
76132
11358
49627
46796
44849
73580
90047
55070
19508
96012
90580
35474
74351
27679
92316
87238
84320
10553
78262
22197
42542
76672
28089
62886
48239
71276
49357
89926
76947
62927
47078
64336
86289
73806
41085
92713
1900
88973
94189
70632
51266
74153
99847
31602
26065
17407
82419
81476
26534
44970
31428
22185
90851
13385
82357
42636
58476
68191
47494
88711
67247
45108
31630
33529
53230
4537
56219
90518
41738
33705
16589
12473
19661
78763
89835
75701
39347
75859
44545
32649
566
82280
39895
39825
99093
98720
9583
45305
73185
1160
6522
74413
29828
61632
6519
7403
56014
53283
96169
49018
57053
58372
91380
83060
24712
73012
58004
82143
78600
12032
28794
64793
26244
47894
92324
60753
70839
15016
75928
77619
94912
51850
31293
7995
55654
33814
51766
97899
58054
37423
78299
92024
41722
50786
17045
33982
58472
67432
29526
18867
94820
40072
84883
89049
10115
64153
52704
21805
67133
86853
22118
83357
16670
42154
67331
90967
32489
32922
99230
20508
66153
33794
88677
70387
29846
8231
33189
7833
38720
16780
99845
57206
15068
34448
69152
44140
61800
17237
70013
7497
61628
2683
94380
51355
74222
76395
67199
17379
48226
60624
18915
84002
28621
36031
38778
80272
93316
91095
15639
44011
73478
43043
56853
94221
14914
87485
50963
50678
47366
71213
8304
70824
23270
35919
75327
1714
83749
68018
94823
36548
13507
66236
17082
44769
57667
46315
84592
54643
70552
32406
75103
51864
28972
17618
73561
5721
54060
89073
99938
39356
92627
93061
79277
85615
70257
60131
33330
1477
17399
94466
36622
29950
194
58946
26358
42430
23586
83593
62521
11935
88358
75912
26994
49634
10182
24349
519
53569
60333
88626
36097
74720
10880
92130
95272
55906
51535
31004
86298
9464
17047
52896
14119
82484
50066
22246
7660
16412
56860
26206
71339
79833
64002
4658
32099
70767
48617
94311
24945
19879
58617
99330
97315
36488
25860
86920
90164
56869
97686
27806
82057
63152
13242
11375
23495
37099
83015
25228
44111
34623
22054
18157
58360
70566
16769
14454
41127
34114
31593
23349
49741
17521
996
99111
508
80088
86417
19002
95271
51004
68537
47149
64214
67663
45876
60916
40131
58248
42773
66904
81364
6859
17876
13563
64245
87912
43381
28793
42801
16096
56986
28650
37325
76577
38050
24836
38369
71090
47484
63453
99508
32106
53804
38029
83539
72091
10169
28402
68333
29644
56592
86574
72494
57477
77945
31915
22966
65603
37492
40415
83125
86763
82319
69834
22406
54267
44199
63228
18885
98876
20760
66292
48206
97332
1284
70915
14964
47928
20732
57646
74298
93566
16109
7218
24017
17392
3401
20706
71343
53789
5745
94316
88200
98761
60957
60027
77004
90021
49608
437
75005
31481
9914
29380
7947
97982
32659
86481
50925
91304
80817
53228
60478
40800
75935
24808
28242
91696
59738
59684
46452
38776
58720
33893
74557
38302
9111
25086
87795
49409
11672
37490
49788
66030
68342
42448
22877
32843
54159
56380
51251
74513
6126
39631
92365
11320
18713
18069
62148
95658
87230
39764
59897
8953
85877
1100
13993
61740
43602
18234
42319
80532
72939
78870
66166
18462
70368
89629
84217
52961
71179
76489
36698
39574
4741
17755
66683
58184
56145
2267
39900
51873
63018
3702
58065
39524
85253
17990
383
65241
64898
17424
91028
42914
60501
3335
75968
28973
8779
59726
25843
45442
79515
72186
71732
90140
7850
87669
48348
9588
31067
87103
66477
70265
7601
37519
61138
70588
13634
73208
91124
68968
47387
43527
67253
65199
39114
60680
75309
88511
36620
76264
16703
43155
13395
50580
7320
25446
42131
48609
81539
24962
20905
11333
10347
7479
26632
47587
39022
89575
38658
55268
63130
34365
71152
95840
84904
8062
20254
65213
81010
62744
18966
82222
12017
78872
68231
33948
29303
58136
87505
54530
69542
98260
25840
32434
9963
58173
13475
68341
45915
23367
78680
25392
79944
67037
79222
8418
94079
88629
28678
96937
9858
38973
47198
81029
52253
3668
96523
56468
35975
19414
91035
24893
14231
93679
91045
9352
52128
93009
3413
55658
44619
32897
46456
35230
73391
81643
80096
72783
63472
30230
70196
70514
15121
54161
79608
10224
35351
76813
13076
91234
84763
19141
17123
94645
71499
71959
15515
73005
13119
93943
8756
61797
54899
4857
46006
2388
16230
3339
68195
65099
37037
53541
9790
59099
29684
11321
91671
58804
73202
72741
6069
22312
69992
93255
70206
74159
82679
20176
9446
8099
59099
54449
67217
45067
42535
74802
55046
30836
96766
98530
62547
72443
84747
76712
18231
35016
97246
26072
40080
84533
52196
96001
41090
85452
35169
35075
2816
42702
25677
21182
5498
20815
41992
93413
73091
11999
48763
81969
62493
70884
82573
93107
77859
9059
78558
42401
10803
67197
26500
81682
83607
36566
78015
7620
36431
31825
99995
68634
99900
55639
72930
91940
36843
85110
67227
99350
74524
26950
58531
24666
9774
9575
86182
69058
79240
62534
78810
84629
87239
19102
20793
45099
85023
49115
28281
61332
528
45946
23785
20370
44743
66925
50826
47047
67213
9466
46247
90184
82512
5155
29267
43601
48844
98752
19870
63027
5782
15496
25715
8072
32933
85167
57809
7815
88093
56777
132
87699
71481
88525
65376
32846
61141
98037
75129
61963
36789
47681
17121
68768
15189
20379
72927
42266
42381
31797
19720
47019
41313
11694
79645
37982
19491
78676
15809
38667
39141
95364
69429
35270
69663
22413
61202
11410
71769
91378
87875
30611
63862
95502
33564
93953
70173
34385
82202
33368
78788
39785
7833
43757
72252
81244
48268
19035
82900
23569
33532
77818
87466
77231
95840
25041
19701
18205
85398
27363
51048
73641
19323
4453
60451
35076
56653
47407
48572
35338
59066
89617
94790
87263
74756
4061
8987
30389
26003
31970
2923
50507
96535
60921
59265
15631
3065
47480
34606
39171
44413
55939
25013
56477
439
7683
34514
61481
80358
50575
39752
85450
40305
20550
47429
54749
61
55359
78004
84766
91400
10104
41887
60388
26373
31626
48766
9095
55892
91102
20224
7714
20957
38105
49333
77939
2313
88626
58935
58944
61662
75492
10579
93907
88917
2782
11895
35302
7609
12216
42937
51898
98590
57281
68321
10369
63515
51571
30036
91196
97925
58888
23583
18462
66922
24326
17980
66767
91527
27125
27108
75500
31654
23986
84369
27980
728
89116
92270
87006
13675
74347
65566
35310
24776
288
90950
34630
267
67896
16824
73041
67904
69082
19805
14651
80215
60400
990
12852
97987
27186
58958
80051
64052
49789
77144
89655
60527
67299
92704
48585
36807
84764
93849
33277
80987
89883
8355
18455
43916
76347
65086
2091
91160
45720
42927
94781
48824
57146
29230
93254
11282
2091
57066
3384
55516
16330
58169
24793
78830
66840
52448
76331
6210
93648
87996
25676
95211
3572
21802
76249
27983
90978
21657
79117
69795
89765
37034
82567
58658
98376
22721
73578
9640
75589
66059
6879
81617
46492
29451
99701
80041
15455
74019
46056
46320
586
95611
76286
56908
49840
80113
66510
2763
27664
11838
75132
97043
74566
85889
45407
37800
34622
18794
12068
66458
77444
49413
8139
31911
75351
86112
63055
18420
58044
31579
9060
7076
49710
77451
74136
68498
4947
69451
57915
61393
43273
62433
8347
70366
23807
46536
57896
15486
67969
60158
57303
89433
36812
16684
63234
18771
78527
57357
53228
98275
10834
56093
78531
26994
70496
14944
88414
76465
83872
35149
66949
6839
6898
59925
975
26838
28244
77747
46566
97369
33332
80913
64968
86332
37280
4628
5863
99912
70809
79270
76496
71018
61702
49758
39145
68974
6053
88462
33490
89309
62076
83049
15822
74544
8494
76815
99836
28208
61289
86902
30621
41036
41916
87062
91866
30646
20677
72273
79614
56443
43912
1022
67134
50908
20124
95441
85210
7149
36128
51816
43739
95242
15051
80180
41820
61393
15937
20514
23973
72032
69857
75493
45778
98764
86523
18626
41714
23067
16063
51768
39723
88382
94641
51850
14619
78735
80600
62698
14714
6595
54901
26563
42107
81195
90449
82115
94225
59405
87728
62979
92430
46810
27585
84821
60327
74988
9047
71657
53587
30846
55858
13180
18994
94632
8534
45213
23658
34997
72190
88669
88397
50307
76201
29011
53079
51574
16242
96137
68211
32217
83165
27494
17404
82386
63309
5721
76193
85601
48051
87391
29570
26741
29730
68721
59447
88651
13789
76429
74032
48195
32209
57438
24599
75393
93503
64203
58450
50205
55921
85562
8068
92520
44526
74431
86355
27996
4745
72133
73156
81022
61108
32119
52226
56786
25618
39979
42718
33179
61737
37355
15152
41934
71702
39810
26428
60305
51003
19904
50320
12854
36212
60810
78218
7822
11303
91329
82454
41932
28249
71533
70772
56631
47357
78789
55736
71178
28647
29982
4427
92428
75711
11982
60431
73352
63185
62363
97536
1160
18529
29445
70294
24819
36284
27981
60167
23520
4554
18433
92105
59797
40128
35429
31573
57793
44818
79327
41575
51282
70693
94750
61762
88851
75522
5416
12593
26726
50982
69631
21032
6394
46710
63504
69800
25449
14896
24184
44289
63345
45213
25714
65266
54253
16867
32257
51148
72239
93335
38679
78676
85276
5135
1440
75975
89956
4918
33646
76217
83932
71256
50145
92406
98746
40445
12754
3785
34092
86451
61309
65787
16310
58851
92649
33906
60774
91366
73046
22203
53525
88625
79585
97187
88989
15915
18678
44447
36177
34655
50483
17579
80894
74509
57493
19375
84636
12634
97570
92702
72016
65800
5618
37368
13602
12513
75962
95856
43957
63501
19478
50919
95368
52899
25427
3191
6185
19067
44438
11308
49745
50306
684
9836
61023
10599
91471
39256
28981
56210
64818
23530
24009
27380
14826
75166
79401
23546
90809
58669
60655
76827
88375
16469
37052
47537
73791
66900
74163
82212
82451
58579
15413
19457
92013
74560
10869
14346
92484
54195
84824
81960
33719
80722
95947
51323
29241
21360
86112
49554
52889
81584
32838
1365
23980
62695
56195
49503
71769
66399
17873
32746
72513
46680
74899
88931
62666
63338
27347
20956
97926
2181
24633
38176
94212
69017
93801
2145
87699
90865
32570
33997
30222
79386
943
80639
70441
18498
21524
88050
14679
74044
23798
38704
69333
37344
96958
63273
33046
81006
52716
82015
8043
93075
44653
81630
50607
98884
49561
74281
12012
69447
97739
49263
72206
4242
17758
70333
88194
68619
69472
30701
48395
60046
78837
43740
93505
16845
8331
98809
69253
50833
21014
60377
84838
15007
21863
63079
39753
61942
19533
55736
83513
99413
28072
11741
17515
25914
91974
75795
12684
49348
57149
58452
93225
93434
70724
89232
29147
81508
33038
58838
14573
88631
41411
94795
73035
40399
74812
96798
74377
40084
27675
58578
6349
84031
87781
12602
44698
71702
37693
10084
378
80179
71839
26732
53158
7363
53429
43345
10005
27306
29017
37220
67264
579
25736
6972
39630
84101
62591
11943
28225
33506
99541
251
11931
12233
59125
35051
17966
81131
22646
21941
19007
20378
65912
80984
85014
96398
90461
15330
37765
48897
96642
73928
89875
8218
18329
31183
19139
61159
36741
4295
80966
73379
90320
35383
48249
36631
52780
21875
41084
89533
26148
91466
94289
77855
99231
92604
65549
10846
30449
44073
3294
28303
51869
73572
52281
78911
71946
84423
75551
14935
65889
71712
86667
6267
19840
36521
14107
22765
39295
80406
77528
38959
57405
97607
13443
42949
8837
14908
85758
34008
11555
39176
58325
14774
40444
66847
86119
85367
75055
8201
39157
42971
76839
62552
36613
26703
54490
63734
74451
64239
3201
1304
7669
5413
3667
18767
38025
7215
82368
41213
10430
38239
96296
61700
73724
77948
96630
23994
91185
17797
74236
21913
74552
9558
39468
11571
60168
48803
57743
93826
89814
72865
3750
51229
35880
33284
71452
21575
71672
25379
27940
72258
64897
91224
51539
57441
77129
86787
61212
76603
4170
45262
68101
93147
90814
59819
64291
54195
40103
76986
42326
42193
94137
83751
91011
62986
54789
71632
39370
51955
89986
27684
31395
94543
21626
93894
95386
66339
1070
92625
45924
93317
15591
95061
57949
37810
33786
65792
11136
77342
80439
48441
21794
9702
31983
51749
95883
28482
39327
68620
73202
10583
88861
75413
40852
73673
10238
95598
52752
46061
55745
90824
35138
63868
38364
28479
22778
55427
53249
92248
30616
83191
21452
74691
31047
54919
49804
62847
24531
60234
32523
47677
67048
34423
29532
34108
24136
24019
80192
97523
28777
24548
10389
1006
90569
35140
51612
22000
20206
8722
33957
98295
45630
89507
92729
22204
97208
11478
77412
69625
26734
39332
44733
43686
81312
26166
53011
6300
88117
40561
5141
62298
74584
84972
23198
93190
22189
41090
34492
10283
89743
89315
54396
18464
83911
75621
44211
57514
42955
41496
79851
59896
70544
77238
77320
71851
55822
7993
5718
31001
32559
94471
3473
97383
54514
75881
39601
1683
29443
17401
38768
32724
83855
60409
58456
67001
85190
64961
814
33262
11282
88848
99477
82110
38030
67812
76129
89298
38021
6884
3673
95543
87881
72634
33224
60989
5708
22942
57312
79227
43262
8110
2347
27312
37859
54778
20239
23525
41168
53243
44093
2287
53538
17540
70327
53008
45564
20464
27644
71101
68059
80603
56945
61337
1911
62669
90605
56256
13624
14929
79873
60897
54738
26147
52514
44419
98431
45960
89076
70824
10104
56856
33845
76398
20655
15350
86212
5682
1548
14368
17644
31888
95298
56993
14416
34693
75950
16484
13717
2677
65451
42244
65894
50025
77300
38558
80936
56944
5399
76648
27676
15910
82450
57851
40394
94962
88718
51755
10288
21769
90580
68375
47014
25392
20912
83132
