9637
236
33238
39688
63675
72227
1722
82215
14279
7020
24747
59957
96282
17702
76484
51394
29418
89448
91697
30106
10938
18734
93771
64118
13889
64948
56692
91630
19129
19162
60657
26924
30822
42759
13791
74844
46656
54314
76531
2591
62047
19804
65298
74399
93027
58977
77930
93725
94813
47406
99019
65734
15806
98468
93414
41796
12442
46042
9184
59536
92759
38777
96146
72710
67320
53280
30369
11025
26657
28808
24309
86181
48998
1698
44920
26603
72596
21245
27949
58134
49980
64067
33834
18965
21559
87747
93363
14946
62043
25225
82516
68727
91673
93481
13467
9120
80111
45116
94320
97035
48497
43201
73874
15740
25615
70500
50224
68893
25795
59803
70016
4691
65241
52045
73055
91564
87707
22830
82566
59924
93400
42726
25637
48806
7953
61103
29279
79871
66944
16637
37505
99215
7652
38040
82368
57929
10477
29252
30190
41562
81793
46658
60281
470
63177
79215
76288
67853
71612
33930
15219
77117
20293
33619
60710
24097
3091
73807
71281
45352
1789
80488
91527
98464
25456
46513
27729
33296
53046
26664
95047
49637
62469
3220
54602
10116
21857
31309
94273
67199
88207
48986
49261
27299
82135
66710
30667
98189
42708
25228
18150
20796
95484
9474
31607
55650
13991
32210
27098
1621
47742
93554
9902
56066
23841
72053
31496
35329
72052
29387
10997
88611
64903
84515
38314
95752
4961
26577
45129
96877
72936
76875
84659
30530
23152
28365
96100
68986
32894
76060
75791
62299
4663
40552
53879
91638
93738
69482
47528
4848
61078
15085
63184
69183
86361
42089
13213
19089
75511
80618
30035
58501
12995
77935
22730
40221
36333
9807
83234
99787
52200
77558
97732
21032
53366
28044
84695
15907
65747
46423
63196
97015
61563
7095
44390
96278
5529
40943
76729
88897
19277
71011
71870
68217
7672
80573
49440
37904
43783
97898
72550
93977
85082
8929
65517
86014
86928
33860
25346
56496
18321
28191
32089
83896
30487
10957
53772
37324
60890
5273
91668
48894
87863
58978
83837
41550
63292
43480
9193
7488
93331
33988
94627
35496
17832
1828
79102
65026
6360
74963
68810
70462
10296
95238
11475
36920
27615
98195
29462
21478
90801
40493
14848
38090
3145
44906
66628
78919
23459
8901
10009
87505
36867
12031
21742
28157
20421
99553
52491
10263
21666
61468
55813
67699
68859
28401
54398
54075
2438
87821
24727
38886
39570
44044
8114
25578
76152
71583
7496
75112
99360
98727
95876
69510
83821
36161
74106
11291
88902
10972
57160
76643
85954
86437
88839
1681
99215
9540
55917
36036
91455
33663
70627
10066
93328
7068
62526
44162
50039
88836
90268
48790
54312
75267
11453
99973
84932
7820
32572
20198
4863
29978
37000
15272
53484
98929
31779
26015
59656
55874
77078
96440
65728
61229
16047
3694
24000
34273
28504
79125
1433
52223
43669
57748
24622
64477
99066
56400
88156
96870
30438
29443
39299
56638
34721
78507
54421
29188
51501
3870
70905
40528
95979
88379
21468
44987
83150
93693
46710
36414
15764
57737
63988
95699
86118
3398
82119
94808
8173
23180
57577
60498
20911
75540
8135
81997
36933
60176
9871
31681
41274
26612
23575
14065
65506
34225
6440
51533
36692
30147
52581
10168
79078
42944
79484
58468
5060
70064
12871
53240
2540
94492
33631
97043
56360
11551
90399
60107
30697
14682
96336
11086
67869
23684
23670
81418
49101
53438
38454
6824
70646
82212
69442
5074
4642
95103
1955
53109
18305
69847
72162
83970
61641
60582
38099
43855
90408
8360
47102
27355
31585
76686
17739
17070
73483
14386
99721
92382
81442
40869
76028
45646
53959
45796
34401
59633
71579
88841
33150
16812
53556
5950
88363
73466
98009
2860
2167
81129
97472
69618
17241
39841
52129
61552
10516
58501
12023
49027
98917
89394
54323
65067
30188
1508
11868
74184
8789
97432
10279
10532
72642
58604
26286
92521
77655
47363
70704
39667
59393
77893
27718
78912
85571
76290
78269
48132
5343
15383
7509
93850
44862
19817
63925
80596
30332
46063
2824
87891
21331
19468
50328
210
35746
71449
68517
58365
73049
33601
10946
97215
57956
74790
44877
44249
91026
9954
86185
93262
40160
53864
68858
54395
51623
89160
63164
76708
31231
68945
61792
58410
55566
23792
54595
3032
37042
71159
88653
23517
31558
37402
62115
82132
6996
31026
21482
87326
55960
93220
14297
44945
77004
26396
2873
9930
64821
58675
79196
90975
72201
39855
69975
38479
98204
27017
39133
48826
5222
54890
51385
43341
22962
2607
66503
95541
76837
4332
78608
1205
59817
98637
46721
52659
6614
87543
87399
84428
59004
4012
66825
26568
44719
45646
12929
66248
80783
89243
44632
12252
49074
66326
86781
94673
78480
64743
80898
30503
94924
27800
68564
18177
48090
1568
97172
45526
5905
29533
44567
48740
14895
50970
10710
83556
14083
7760
77683
97720
14971
77321
13833
93505
3850
64095
52142
9358
37398
25027
40808
80174
17659
39866
18441
95078
67455
55746
24456
73022
81331
68050
35837
22838
32803
70399
63481
59255
14939
25627
40128
47684
41301
727
51300
36238
30659
64169
8575
49831
73717
83402
2572
11086
61480
91030
32963
59753
56332
75862
64751
29905
34288
78586
60910
60199
58603
19391
50884
50020
15306
51345
7772
9871
51409
31050
58333
64135
76112
20089
48452
35872
84292
23325
17764
12555
60774
56560
9143
40365
92436
29409
42655
92721
77818
68569
11133
50490
51549
23392
43661
16433
90948
72088
18172
16413
41955
30566
46472
85520
54181
58929
88530
9629
56981
26659
50882
49576
52329
24044
42936
41398
28460
21094
35498
26084
59014
32756
59487
84275
42634
71875
14694
71936
68253
42034
45556
78418
7454
13486
78968
53101
39254
36854
13949
70051
34876
52894
82171
18890
52037
3278
13114
617
39463
15434
81829
84171
65417
77101
88711
39798
67497
54958
97476
14742
40969
36485
42998
65843
99383
65351
7203
73505
93975
37836
53303
94645
76911
83058
68196
61365
92718
12890
42674
60008
69082
90288
43172
78221
71702
76841
70473
80840
11884
78981
75132
1431
75580
24691
78329
33890
42433
80628
51419
90193
79356
22775
22839
65239
81824
46212
69295
46732
68665
38357
37460
34041
56633
92093
9947
75725
19425
35756
71994
89228
27880
24907
43712
96518
55947
46626
89230
23302
45969
74810
60054
46977
81434
70844
85358
48366
55683
41431
56817
92629
61433
99457
98546
75552
97624
5685
44318
83854
53406
28699
57101
65030
79057
2053
67685
80073
14697
92117
13835
7168
58171
27292
60550
43156
18307
40413
92722
59517
46542
44272
65214
27058
19521
72771
33859
57183
83274
60411
99905
42581
93057
81784
279
57627
7322
42742
95230
49538
24010
83920
91459
42454
68210
4415
10784
85616
49261
36671
61302
18504
71699
57779
25801
83272
53895
58207
7064
46684
42628
83539
45719
5798
23870
32072
98923
46222
95992
28771
49377
10422
87618
79510
71531
55467
80044
27750
5496
67127
98859
711
14671
55988
59270
47971
30920
38075
3743
98681
85703
50586
8953
55362
50614
83076
93034
77744
41981
89603
21854
55023
28001
14024
92197
78701
43606
30147
52474
37014
97794
39726
95697
54359
57360
23683
605
42116
57742
782
83483
78422
93892
68094
59806
80780
86416
32949
92504
89522
47874
86974
16033
61375
46961
65790
27271
13496
8281
44771
29075
34706
14034
63353
11667
97301
19630
59515
4426
58652
95438
25479
36496
7128
31553
46058
14087
60692
11707
2363
26075
96244
91502
60868
84917
18102
73863
13402
31805
29307
52839
31598
32489
74431
96348
4283
85062
195
94940
56448
72513
18124
28222
45000
17267
99108
30933
62404
33575
96223
56041
83067
67689
15320
16883
83832
72589
59449
74133
72801
7417
32058
67796
50344
48593
80000
40436
54106
73117
58887
68558
49780
44408
20378
38096
75382
31191
23807
61393
90512
85235
10992
15631
48761
83606
73700
38887
43550
81438
92716
45841
68535
92881
41113
33589
50005
42334
75514
11950
33080
22987
32035
22521
77309
85665
33578
32665
91092
86448
82123
91627
28528
36927
6220
36897
74584
49588
8314
45054
35386
34268
19026
52365
93791
5240
42684
82750
62746
98021
97169
54365
32282
41350
74429
44304
74302
23120
51359
39822
41800
85298
70478
14615
25994
66718
15638
9587
21021
79128
20544
41227
93361
80123
11375
40030
52063
93154
50950
34113
37082
89402
30504
79223
70947
96897
15351
1160
92284
58298
94526
47617
1556
63921
56202
95399
40801
7493
9587
80473
18380
46679
13944
44450
81254
41614
24488
39128
67545
20388
33181
31444
99353
23248
47619
96910
45433
70512
21943
30740
65209
13363
97226
23591
12349
18849
24325
18098
60762
99496
35398
27559
62857
7460
16808
1432
56734
51241
78305
86383
62706
98000
9861
39627
7324
49212
88071
11575
91486
42120
20192
30088
54171
67791
70376
32115
60071
49239
31905
86537
71863
49242
21428
22161
82360
10387
55283
23456
44667
85826
20445
6903
19053
79388
20704
98104
66661
24946
68664
93062
87191
3195
51861
64697
55846
47713
35100
63899
10262
36677
37540
26018
42078
96368
99136
49610
12028
74872
62268
14159
16163
18859
13249
57827
21424
2139
98387
58930
3067
12901
73401
9200
22056
93375
23644
39450
51100
56926
66120
63506
27213
6241
20177
36817
17267
84958
41647
85128
41402
93447
85929
93623
29625
89209
36272
27689
89245
12864
38978
55018
64575
68874
6927
86055
72180
46375
90360
56928
39363
5849
35987
69036
85553
76030
73099
16105
50872
75511
20357
97501
36694
16501
66685
35471
6466
4095
76878
81116
52953
84130
83857
32886
65047
91157
57053
99615
23329
23527
48621
23134
45854
51336
54783
47932
48838
4305
21816
49854
76531
30576
92485
53215
67412
77300
64764
82025
72609
91122
1697
28431
21160
85426
29156
48298
23238
48857
91848
6126
69265
91219
13599
85865
61746
87260
94320
32375
24272
41452
64283
71269
67303
8317
90323
35808
9976
1018
23530
5177
67354
70118
70890
69527
23790
11653
63039
13817
24816
36235
12979
22087
72457
4191
57201
75219
75425
7596
24171
14322
68082
14148
38807
89201
3224
91377
43316
98389
53797
70394
81482
14515
81553
53902
45872
33705
31502
63760
66983
70903
81849
20671
78211
12094
1933
14496
11113
25811
3985
56746
13940
40127
65138
28814
10514
50390
90891
62049
85484
27602
53536
73512
56514
91020
17867
5343
90772
91895
32845
88773
24766
66745
98886
36776
63803
75398
33504
69960
82186
80986
48518
36011
49262
99411
61106
25501
21967
89929
76899
27201
8254
46411
47341
44696
7765
53560
27498
56044
52893
46614
71343
88346
46409
22930
1914
72251
94176
87477
39719
54669
50936
82526
49634
60834
14046
13506
1558
2021
60466
79070
46020
56804
86062
24564
88560
18334
38919
34601
85365
28491
33133
30778
23960
86690
1709
23318
6618
16235
13365
76797
82438
86242
94967
26003
34091
10660
903
67200
23620
68378
73151
95847
78643
55871
45473
62465
47212
59471
97340
5078
43629
90894
71880
82359
55851
67026
15884
44698
2344
50349
91039
5651
56769
22427
66571
81484
59748
78629
73357
7361
38207
91568
49721
27642
11186
64453
41659
15430
86566
9214
29112
39280
38136
79017
90291
44257
51086
49180
9419
90290
89834
18581
17474
69835
37628
22605
77016
14493
20817
81177
56246
84857
13866
3387
34726
12907
88488
78476
94751
74998
62306
5022
78975
49037
58745
1650
63378
90955
66819
4885
18255
16976
67
56215
51329
51449
97786
69546
33122
92443
33207
14643
26947
63355
2154
96720
93001
61997
84566
60262
64370
8871
78564
15813
31701
6977
37972
96698
32136
96747
16271
30578
5338
96203
54296
32198
7328
6897
24768
29735
82413
20249
12857
91911
67515
69533
31906
3074
84550
37300
68193
40967
4151
70475
35728
35591
98367
88126
36238
87288
65721
48980
24213
72358
70770
86836
85068
30423
45796
44487
29362
73945
94206
45067
70651
58763
52223
97585
92216
58597
12705
45173
34958
27172
3507
38232
82281
77430
25823
84251
30954
72126
26186
48153
43963
10341
69657
58049
65731
66461
2097
66159
49204
69075
49271
93990
29250
37425
30614
85965
37134
84045
65374
1635
481
83025
42090
73504
9364
38567
18362
52873
332
13985
68799
91407
30531
44227
95861
42405
2817
55790
83338
35293
96810
64841
63549
60734
43920
86318
42178
30179
62729
20526
7553
79059
11068
83842
96894
71768
67605
35023
33524
40926
27384
66229
61275
8267
26226
40148
22505
86133
16779
17467
57812
41348
2679
66191
87732
8933
92459
19701
95719
53352
53037
95548
72591
59320
31877
59722
31254
85300
57488
90977
88209
41198
16883
60973
38594
77887
16876
42253
92024
13252
22083
379
93458
5050
17312
86106
10080
26322
36407
76219
47658
47440
16606
10252
37418
33350
85215
14398
20116
90024
43880
46737
40822
7052
16160
69886
25786
448
87924
31104
46632
41607
12016
4672
21768
51473
77481
65884
65926
59030
36886
80052
10414
52079
75583
93424
92759
58098
68238
97617
53436
38344
9506
37811
16421
16300
45091
92027
30884
99106
29136
81411
57372
5201
40947
47775
34364
85310
62230
10411
50408
67847
87022
52851
76088
5977
96341
7518
1082
10831
51607
3704
12339
88840
83523
27163
73315
11586
51937
32569
5863
43385
75650
79145
62775
17750
62258
25611
72303
21462
82314
58202
56139
28120
88290
45
4812
3234
3460
21449
47639
15313
59421
7303
74333
42075
41740
73981
65493
71684
41884
8556
75844
52184
15887
7174
18687
73355
31024
63673
66312
83211
24778
79005
61268
49726
21431
64278
93805
71262
2544
19045
13843
34509
62820
8945
36573
49495
32900
39278
26365
42947
96858
78248
89122
3765
81082
41230
77815
55683
95057
1661
98664
51954
80026
44552
13541
97292
30480
22401
78399
86336
4637
76167
25488
65975
71216
66859
6551
97614
41997
29889
1185
85333
55455
62912
49923
5219
89097
47093
29507
16979
67066
49739
68822
75711
9566
57679
28292
90231
86897
80419
64712
28990
26766
87937
41555
38370
37190
71305
59888
98006
96012
91881
98883
29517
64014
94089
71979
38101
2558
86224
18310
32878
70702
76470
15316
56230
61657
38246
96883
6802
77502
44687
41449
42442
55720
30057
