55762
45621
5998
66052
11429
45762
70369
96514
87537
15014
60762
24523
9368
59293
39481
15052
65172
56843
77345
43716
3223
44756
57999
18762
21492
15092
45927
59735
94070
91517
88809
48626
18638
65547
12099
19159
6890
78501
34624
51746
17825
64594
34814
84350
34283
2260
91837
82757
33485
55910
55795
53042
92786
21358
23581
34059
94805
15455
26384
54692
26556
69423
64142
73906
21022
74767
57684
63886
84548
17260
60143
95809
53869
72736
89838
7506
55340
55958
61363
64297
17133
44953
22692
74527
90869
24183
42878
52964
71718
93751
31113
76493
71713
97524
72966
53816
49702
8885
42980
53021
18519
99531
74930
83955
34620
44646
1871
17787
4223
55380
14174
21645
20407
54551
73078
43582
578
18146
58709
32235
39242
91024
12724
99012
65611
81537
18805
66392
21035
61425
21881
3160
4455
51031
63918
53803
527
10391
99013
20878
44776
3396
92162
51557
70992
9366
47213
79203
62814
65379
81798
57458
22054
6494
53429
24415
73212
34953
30175
36133
15953
49975
68053
47636
17433
19587
90854
70941
23821
22438
33844
94622
78859
94425
73060
13317
89115
3272
91119
75874
57165
43087
19574
9997
6462
25428
18802
51665
27610
46400
77993
31796
80347
41115
8765
39012
38479
90723
24190
59903
59735
69129
81024
67774
54412
70056
31591
84544
72861
31235
21150
24751
38579
74393
61640
70097
34229
97383
36558
8206
60615
33499
66870
57496
50893
70289
28628
51771
73326
54444
48411
60451
89460
16978
69196
61765
54031
81124
78127
19595
49017
78233
80351
58783
6356
2678
9024
36338
99280
83372
47852
97322
99241
6798
40234
53798
99084
22349
42944
98095
37914
71953
81247
32766
67686
50679
38077
6468
216
12546
321
17785
11156
83167
18966
16420
27156
80793
41858
28420
96018
86101
40209
57721
84354
16427
41098
44946
64220
41634
55427
31252
23543
40743
76336
38883
94577
58282
62551
68048
24779
65557
11167
45151
52177
56041
12007
27380
73976
54710
14483
73594
35935
79959
32832
55151
24408
96265
37593
45136
55552
84486
22018
74652
57706
77857
13522
91271
25050
32320
20190
83518
24108
20945
52879
33329
53269
75787
55702
31458
66306
7330
38038
11017
17725
46086
76255
84353
4046
7161
85915
76339
77981
68587
46241
75004
62805
1524
9191
59422
38948
79629
42133
74656
58464
90507
7189
62787
49092
86649
13574
88578
44503
20625
76015
28804
63789
85174
89904
57762
60487
57553
25333
79759
43254
32038
98884
46537
63389
14611
14261
10875
44756
34533
54561
52300
4425
51382
59571
76008
51265
26151
10588
89192
63580
24981
41763
84416
79446
20891
95768
35366
98441
26916
30729
71546
19184
3724
34638
88374
52903
17266
32191
93907
11502
78844
7302
32693
87852
1319
55439
7733
13488
20808
27868
19433
35667
52420
92596
26929
76633
82921
89979
4833
40087
32007
7901
75782
66254
36239
356
45815
45429
41510
73706
52762
87029
96037
42088
11503
66221
13169
92012
75965
20374
76946
23465
28503
10145
46194
60457
68043
69373
60499
12381
24807
46292
45005
66517
85384
30485
48228
58506
40992
86956
64066
82489
21027
91629
19670
78763
49902
93361
93960
20399
77461
38039
8439
10313
36360
33259
19538
62819
87681
86564
86511
84833
49292
54662
21739
3123
49331
85320
96575
16708
261
33393
55611
13936
62019
48988
48673
77618
67367
49914
59553
14170
7505
19222
74029
7390
54319
81875
90936
80968
6568
5586
61264
65741
31557
76240
49108
43581
6044
2732
41652
37878
67323
73638
77444
19475
20014
92483
69468
52386
13836
5261
48463
979
18756
86520
2502
13485
2560
42143
33945
2171
24211
50412
53993
6019
25476
56214
18940
95542
24855
18629
24182
94819
62132
17521
96337
80167
4023
8808
66969
57471
64947
97999
49383
9726
20739
37440
62039
5113
36783
60401
3528
288
60343
81589
94991
53991
35583
7740
21048
60355
42679
29366
71643
18000
58246
61492
48695
16942
15123
89647
73230
76781
14863
76802
18812
95229
18402
29458
48244
75272
55408
42767
11545
74619
59880
48850
45462
30911
95369
15430
28124
24198
96209
82563
45206
4129
7844
22965
4649
99183
55381
38907
70381
72335
39348
63628
63330
31286
25908
34068
18225
10812
34168
41435
9569
80017
84985
82759
58003
69869
43350
8184
67130
70277
96473
80785
70938
38042
68834
97687
46876
77099
13043
37073
395
14346
92918
9999
59150
64876
99374
38119
27010
61594
55705
4123
73683
82533
3359
70999
98456
74391
65755
50742
19016
59556
46082
99652
58716
87966
92212
38589
53123
30696
98494
42868
94556
72962
39754
73745
23731
85924
15908
16050
40827
15558
52105
32242
60132
37147
81870
20870
23802
93246
14954
8356
50202
77829
22754
15039
87153
50578
17167
8621
56978
11721
38253
88521
60692
42427
71522
39764
20902
76448
2409
96567
89200
80036
73243
31139
99431
60216
58170
20889
90604
13065
12761
42758
74275
85934
48906
30246
81899
2139
39013
83978
46942
49362
3378
26804
37286
6777
73428
12190
52634
9862
59730
85754
8372
56407
55491
52724
94033
5759
1302
76020
50308
1755
47707
68672
29111
21826
29424
44958
87007
81178
35820
86039
92794
65288
28610
38967
92776
25375
28115
83281
53507
9530
73075
84640
7197
31684
10582
50280
85269
3764
35830
23770
26037
67831
55300
21494
51498
2021
79272
40523
33441
60918
53399
45466
28507
54317
82289
10809
55245
23506
69683
73715
49814
28542
15871
61292
75293
52751
36838
21891
25735
85980
51184
40272
92594
37858
77800
52812
32594
78684
46310
57968
16997
6065
61562
9462
95156
39848
96178
36924
5544
71990
53544
98663
10663
52280
37995
84675
13674
64700
97737
84296
39196
22777
43702
76281
88913
53568
54139
73575
70880
26890
44093
41394
4191
82864
72521
17679
54841
78554
27834
25796
33519
53615
32998
56208
92648
73131
67595
14921
73046
97231
71889
35357
33095
31153
76604
1402
33700
79540
40305
86729
56906
54835
30818
74100
67682
37175
45016
21289
84735
7145
97340
374
90356
352
96930
43444
27471
20699
13618
4417
14582
35275
90484
96005
98589
28392
72664
78230
4352
3524
61759
87639
4579
27868
80009
31035
64132
27690
1532
83271
74841
3800
93069
99478
40524
55759
32463
23830
72304
82413
45461
2479
31198
33909
93317
9988
50609
71328
92092
77426
55546
96370
78072
21269
81536
31816
30053
40330
25239
25293
31239
76591
69404
26251
35457
89159
55115
37086
83328
75066
99326
28676
58856
58264
20226
86673
6872
86622
33431
10463
24892
55409
33796
28131
12303
3368
53364
33787
43723
26566
91217
18499
38735
61700
15803
29958
73323
78670
57605
71634
13067
55524
84493
77476
69822
76320
20374
89123
22754
19575
35460
93192
70317
7576
46163
96603
59898
34898
41363
98617
95599
97715
42980
85041
45799
60042
38859
13870
72801
60846
11022
38478
67715
83895
17234
81778
76620
17546
14542
68366
83701
99603
4107
51072
45251
51435
77755
95677
80557
64120
12402
70087
69476
81107
22054
2235
88003
28901
88031
80870
91636
73451
41178
13368
92381
68217
25728
5425
82469
89275
47870
60663
86311
99542
68000
3498
32530
65133
77839
59662
49498
21791
84197
56840
18271
1197
52969
90788
49879
59289
46507
71091
58683
52235
32125
68050
94475
68237
57707
89125
71807
97110
95289
89602
5803
58916
75640
8938
89005
76034
29349
51187
11830
91433
40670
83072
15667
73635
20674
81042
58456
44362
76708
15575
40648
21295
43210
92897
97315
23511
58600
4946
80012
84000
58773
55859
4789
20673
8679
1764
11785
21039
5232
55885
29014
50844
68404
78515
70262
43033
63013
94407
17240
40061
45917
60920
97680
77054
32951
23017
91319
27419
90731
82653
31136
49308
1508
13070
35161
32945
80832
25692
45978
87768
86179
71619
8301
30426
66680
98598
82393
51508
54694
81832
461
43444
71978
94137
26214
89401
17079
53069
20861
7165
31622
42792
38288
4175
24347
87990
51019
88472
23991
36471
52499
63968
3572
4471
95343
62889
62272
67548
47123
99960
73624
61113
49386
79604
98176
76863
72415
98343
53533
4626
88840
76737
78768
19866
4720
8764
46479
52176
83904
79995
94561
17528
50089
49547
27445
75631
98832
31531
16063
86265
48950
43912
5905
43933
49027
73569
37234
94253
67471
29706
94334
36957
31500
14091
37274
37524
3924
9320
99442
74432
47306
7772
68881
83108
31855
58590
8603
85997
25476
73414
65226
10306
51735
80201
18724
61753
8812
32671
31925
45927
68073
18918
29806
21039
39902
98719
10202
44924
93135
9943
36057
4650
1599
86720
89691
90590
43451
71421
34938
38837
83488
70429
10068
45466
65897
15390
4612
81425
17977
12019
30076
69841
98626
73984
66977
11727
55408
67778
73667
70517
75030
76875
54584
56657
99186
56619
3572
27722
50238
89227
27430
91245
29110
58771
83602
62533
94466
96108
59015
19657
43295
55839
94428
39024
69710
28283
34924
30303
44536
18134
38282
51459
89052
91979
41571
40698
88183
57346
49423
90796
80559
24269
62931
43511
47068
89838
51319
11400
68979
35574
98399
63557
99633
58408
45128
27719
10848
97980
55104
12485
45929
28864
60770
84235
20118
42489
7917
91145
98
60007
85089
86792
78112
8998
38517
75544
57701
33425
26391
90821
35315
69345
44385
75560
95554
82611
35188
32154
97773
327
91476
36003
47639
44132
25568
49008
55192
23481
12812
63970
92264
8383
1501
77411
81382
73467
64512
86612
76261
26687
64135
64706
11124
7248
11937
664
86344
47138
60469
26125
95881
89151
47355
7965
38422
9223
60247
69654
84277
94864
64531
27561
25211
87343
58615
47072
39220
92591
28008
49423
80656
81758
22842
84995
93195
45352
67347
27223
83831
5914
82494
40389
61703
296
23817
88409
87450
52491
55515
85889
24130
16482
58165
74241
96689
83321
88740
47396
77375
34407
72480
36716
82299
77489
3877
12010
69131
12492
90283
66409
10113
96160
89572
25925
78812
19912
61329
18905
63448
53173
66209
39062
80723
39634
41160
90543
92381
53539
90839
29169
97403
10886
13310
7473
87160
89724
9083
74109
46249
40353
1853
85236
20667
95030
68858
22769
2684
24320
75625
5602
67778
4170
2396
57464
85372
42117
64830
17367
25971
56463
75877
85389
75580
47985
51156
34816
94525
3811
57328
22911
1145
82570
509
58234
73242
61250
67668
81902
54458
59094
74915
41912
41550
60684
17825
37067
22448
36030
63692
99709
97799
72771
35841
34619
81621
90956
72183
44477
36893
53066
54841
64309
48366
79404
45726
38112
51665
68966
31143
90815
58251
11726
71348
32799
99247
18432
86595
3540
59683
86402
55366
26277
40973
38497
96512
62592
9979
94298
98972
76718
55692
53941
59273
50465
93277
34955
16822
79658
80723
93896
12806
19432
94658
17835
77584
27899
5561
94059
80950
73462
90187
2580
50048
60562
20666
17743
77557
18591
49185
16159
40853
42453
69086
34440
42837
96649
38618
38058
52247
33564
99735
73451
79718
20653
95925
62866
93835
21647
62400
84175
33519
42101
77050
7737
31502
94505
37216
38511
36372
59388
14716
60896
94935
86487
8295
59239
2000
10001
93496
34093
80375
7961
59886
53746
4986
49363
42838
19206
29081
45888
88153
59314
18914
25109
5892
79252
14916
42670
98773
17159
53842
44187
1664
78913
17622
44952
80603
62518
84494
75835
66892
53049
81704
50823
62029
94243
73110
54301
85049
25964
67470
96786
90774
89334
54369
73947
43775
1802
90742
91716
97740
45978
69250
26177
68224
80069
75750
26204
66287
32217
10052
57773
32778
72146
26207
67368
20137
57377
54447
37455
46771
55112
99710
19624
33133
20097
83266
94282
73341
91326
63639
77809
91353
54924
89816
64273
22641
20721
70106
85927
58582
14580
75750
53514
26917
71195
40208
74688
96020
8655
94392
69966
39544
71229
30461
95208
92177
59574
81465
25542
78610
66293
44701
13655
529
16352
329
29583
73671
71624
38568
92988
6756
21067
89670
46198
84466
86041
33935
56789
79844
16211
71686
26493
60380
77615
38142
67796
10358
88184
26393
52372
28020
86067
36890
30907
63782
9436
14697
17599
35445
26766
80674
5856
49389
90146
38234
98838
74661
38383
56720
75081
40012
93520
34956
57856
80626
37763
92503
90993
24528
27629
23542
79126
21685
56699
92004
21249
94958
11235
76650
53222
44912
7529
96414
5175
85349
49565
98198
42445
76305
98274
31111
46594
67904
94410
28510
98491
85615
83196
22714
31522
68851
30168
48549
38163
54153
54769
28141
23660
92251
29209
2371
1511
50028
42362
28206
22436
67680
2688
49613
56287
84939
72053
63688
57505
42933
49348
29073
48659
39622
65855
63357
58253
40724
30172
8313
90092
94214
29338
14922
32386
69283
60386
88613
54919
28764
27336
2632
22925
69779
62480
33459
9137
75271
41197
51142
15469
59741
54020
37177
54987
50668
94960
16338
89108
40709
97887
70534
45255
90877
78554
22991
29061
55705
44801
97350
60840
11573
58421
24414
70292
7185
44143
26589
25350
29880
73773
64951
49833
92078
99181
79496
65767
11573
34770
37870
72284
6300
88164
46881
91623
83845
35188
24912
53786
1617
25468
5913
74704
16427
95589
33669
76222
46126
7298
61342
32066
57779
55994
62125
38072
35163
71043
51380
70124
40853
37770
28805
76297
37932
60591
57149
11216
7440
8588
40225
69540
33280
20854
80819
67842
72849
18781
88369
15375
6046
85742
29770
92873
26412
45431
92798
27295
1079
23754
17489
77340
97983
71451
48139
47039
37065
25412
18127
53894
29843
72040
17430
80009
67352
71187
69927
15619
23932
10016
71702
94602
10517
21461
14294
8128
52694
77033
66588
14658
25369
73350
54514
80061
2279
47817
97172
91905
32743
60839
27914
63182
69442
70057
78371
6155
54415
44439
36522
20213
17344
98451
91944
85556
1319
49756
72149
3626
72902
9044
83100
59332
46770
49339
52011
6707
71427
11898
57652
94452
40347
25339
91299
14187
64720
89333
28475
18095
1144
87206
6063
62718
59856
47930
43706
93329
905
39560
93436
49451
20655
19835
37554
16907
94391
47629
86129
26944
101
85807
87998
92604
8823
4838
91533
16129
21266
560
468
93017
70823
98789
9578
44610
57089
52760
74274
8613
36141
19451
14846
85415
71174
97474
6898
74521
31677
26624
22519
44490
41890
51695
55272
20093
12689
91371
52220
61557
43131
62013
78400
10156
27920
33814
56080
87459
67718
67185
64146
77652
30569
22395
57936
43971
71615
9134
11056
73843
76983
70073
37425
8373
78477
41179
21444
74970
19932
76526
47493
58410
10497
44961
87860
6414
97479
11710
65140
89319
46677
2826
45376
53825
54160
52650
35653
61474
23214
50659
21952
83837
79064
76730
39028
15299
12251
16506
5672
40665
21036
61875
16763
90532
90741
4480
86629
83489
15745
72961
99563
41233
66335
28999
15870
87153
10774
4110
87185
54216
35046
25028
47669
95962
52822
85960
86836
94010
76992
3470
46150
44796
32021
2431
78706
93736
63118
21148
83141
61194
95600
89379
3496
33126
73851
42891
60673
26248
15823
66218
64713
50106
76764
48150
62501
36464
53605
26375
94979
98973
55631
87131
37971
23368
25900
96020
49823
94904
58590
88156
59177
65932
50538
55752
28064
85224
83099
89787
67325
9130
77040
81313
44704
34171
86595
70972
64963
33793
93527
84059
37335
51472
67037
22822
56099
6368
5443
58519
62230
50298
31514
71170
69413
79821
86274
70101
44197
3453
31700
53146
15495
50139
34635
91449
94891
84303
12912
10682
14402
17585
65537
97609
30884
90040
59870
28178
19754
8746
71664
95948
69674
63250
46485
11730
77901
75919
12524
60716
8398
93065
88985
63916
27985
81118
19030
34741
47549
86235
43767
63638
75447
43846
9496
1683
59261
21112
8165
57764
58268
24552
80774
93239
85487
31874
78788
52465
71412
15991
91612
50866
33932
28942
32832
96055
77775
39640
18916
33080
93866
55105
2700
94673
30358
64259
65871
33854
38070
58900
13991
22240
36589
26463
16984
34460
92409
63600
15547
25955
27952
81545
25479
39468
31317
20626
88122
26557
74679
95149
99593
76552
55687
38151
83458
59090
77204
23595
24282
88079
4036
16432
44536
77545
13073
88595
68253
90656
17053
85119
84942
47179
76596
51048
59391
33884
5181
30232
57982
54658
57084
22145
98937
17448
21735
22097
67341
1019
81475
35843
76013
15112
15098
36753
61803
89444
42459
27271
1510
53605
10831
82676
4368
65837
47091
46906
93242
98696
16631
52388
10974
16363
14257
93047
91881
13820
50527
56257
79459
82576
99064
84654
45020
20495
21517
91642
68501
51732
27489
99681
91784
71792
79169
41553
73013
95215
10786
57537
25899
9426
7671
48955
28367
56251
62796
1748
94155
9672
1282
80349
60310
42230
47014
89938
39260
74886
64272
53200
79242
79805
30165
38723
16216
99590
48010
32252
16083
31730
44022
16642
56198
2112
3698
78464
62084
80151
69983
94268
40213
70351
15172
82472
78171
31120
84003
29585
78623
7507
64599
49301
75229
92484
2733
60210
20201
30409
62235
61273
57084
63612
1089
53793
639
62420
94395
29399
79762
32386
82240
24435
14874
85399
93754
98279
20325
13187
38594
10992
28731
8152
87991
77455
86147
34605
39931
73553
46543
28607
43402
99402
9061
77809
73176
55041
18666
61556
63782
31845
56973
68353
67777
51261
57262
42947
22071
22076
61577
61491
59798
15955
78627
81499
99331
49697
2704
4219
71092
50342
4030
59818
71851
14869
42945
1300
77007
43911
87356
97122
60296
72973
91145
18968
46103
81469
71301
57111
61904
91821
77019
98211
84597
77118
38795
11870
43440
65072
16375
87859
22572
76275
33610
36399
48241
11037
58501
22410
11226
21464
49095
64420
17908
41843
26169
19626
48086
84536
73907
30455
20504
4286
97486
67319
46001
76853
50375
76519
16753
60318
26285
67704
18135
79229
46695
14131
15952
70855
66981
84886
91533
79573
10561
99997
19167
94395
35185
76315
48402
18290
685
38631
20291
36817
29399
16340
45247
14171
32940
85721
31706
24625
20453
85871
4393
57032
59178
69433
55356
40437
23540
25501
22748
18565
31037
88336
89148
62218
77575
17
77599
28911
96485
15499
82406
97388
95274
59838
66420
8533
41580
60695
35776
90701
91476
13308
59478
34200
66758
9604
30155
1165
24199
33475
80442
25482
11087
24451
51456
1635
99661
94605
37360
12434
67249
11367
56500
85010
60634
53880
20610
4391
29853
98087
10646
38964
42926
28642
77713
96368
48686
30874
67214
15507
67026
73547
13149
40362
21515
88665
78654
17386
9623
27509
17403
46881
14820
84416
49922
92903
96060
84935
16158
81812
5682
41452
73201
65484
15719
81509
23056
73813
45528
95005
55771
43113
47048
94393
90615
63015
98086
11893
22986
93923
94235
23053
93555
73310
82098
81592
88675
52848
7396
35150
9372
98658
42175
75786
58532
41016
52370
16778
56645
37259
98040
883
83909
32533
46206
84338
85214
31461
94770
20413
43417
86835
29931
36664
29355
61966
66703
52692
72108
27952
37573
96658
30383
73427
66936
56101
70179
70268
81220
19732
422
20758
45600
76543
88737
48602
7976
48889
66692
79242
19109
50996
74590
99869
64635
19067
11672
61940
10384
72152
14095
10123
16468
29558
73133
83308
53457
48352
28739
58621
58672
83784
7557
64409
34821
31589
47618
24508
25273
64499
66558
9656
91506
254
30478
11397
46753
28633
67823
50390
89639
24840
43363
64070
86149
83391
76841
84656
41951
641
5944
46366
27627
51978
19895
60250
18524
81000
99452
2368
25606
90628
86624
97940
70285
40575
31708
50000
41263
50071
87778
99862
330
52393
90297
28836
88619
96880
55254
50565
47796
61355
22516
15811
52169
99261
48561
89051
52312
62030
72420
63881
24226
7087
58942
81442
53514
4859
31100
35841
92985
93976
93286
81657
25260
94365
81960
49513
27067
13998
1034
47213
30246
62178
31501
64017
68446
84774
57925
92992
63277
22490
41774
80315
72643
91449
4620
92198
59166
23382
52195
89404
76949
19073
93839
30690
13985
57225
74529
13657
60680
54396
3319
74477
14152
11562
16311
3115
95453
63144
21800
70063
14415
53072
95980
23643
73243
74565
40254
59267
16635
91092
71268
38725
10389
20854
91441
84759
45597
80050
61242
38009
87432
7711
75026
67337
26670
40487
74245
8021
11067
84040
35821
75402
10354
72820
63732
60524
42110
17912
32295
22655
22135
25401
95988
10337
55629
57370
21280
1658
99956
75226
48582
90732
58541
78459
27919
39525
66860
20317
29195
87955
87979
48841
16522
6007
80554
44170
51194
23794
3361
19989
4701
49692
52613
85225
91334
35059
82706
8721
59439
65168
1211
455
11738
13014
17387
38451
2691
57156
72023
54960
15358
9130
29474
39215
72946
79800
38412
88310
56465
70577
80728
8064
54259
44766
29081
96872
96494
55743
4632
24640
80980
19837
82341
7643
81833
14555
2807
80747
1536
56491
22593
92292
73777
24893
48756
53760
83192
47121
17835
81052
43341
30478
40791
46399
73916
79755
69287
10362
78337
80682
76179
20235
1410
78277
38341
35676
12424
62752
7653
11944
92090
36958
5408
24350
1656
38800
44340
81950
92562
27400
49243
52800
75939
42283
78737
78868
16493
52389
26275
42467
4786
59095
61526
61717
72300
40907
55153
32908
97898
31304
70921
68014
10087
2081
82823
79744
98152
7847
90071
4397
32978
14719
35056
79718
79910
29807
24955
18883
46267
77905
63458
3015
54774
65802
22
51234
72871
20916
37916
41777
16419
11703
8790
62816
53498
57431
73034
15535
30229
96871
2961
10290
98606
90331
77182
64530
31819
84475
12392
10193
69304
28755
82870
89675
70112
91623
93639
81559
41256
48964
507
74765
12200
62130
60993
11106
24454
91078
67069
3215
62289
56755
42005
63152
75448
4064
87641
28648
5925
52469
77325
65793
31545
40303
42773
98705
52740
28499
54172
91768
50785
81215
74528
56262
16780
6652
92445
55290
62657
43760
56980
81444
3986
84624
1176
80012
41605
64562
4022
88268
18312
77664
8318
79608
46578
97288
41010
91614
9559
42097
8618
45608
42311
72649
90273
55775
75043
55481
28447
95593
77501
8730
86244
70195
5452
77024
33390
75241
76233
10996
51591
45570
42889
36544
43055
32634
42103
53572
5953
72119
58988
22789
64292
5196
87086
20997
64560
19739
48610
71758
28795
23989
84272
26983
58528
84350
39890
97801
5130
70636
19032
64683
12130
80238
77563
39610
62419
69962
66907
14405
71446
88190
30392
89524
97535
31175
36490
72184
93251
92800
67357
46813
26276
14370
12012
8381
3259
72234
97112
88014
76385
985
38438
43931
21178
37845
80403
79473
68927
41452
36660
37520
90150
13592
98190
57601
87695
29150
85966
16518
99693
39569
13031
69132
22320
98228
60742
29918
1451
42908
66323
92436
31367
36819
33990
73256
6595
69497
88676
94505
60518
78693
71029
29448
49123
50730
88706
92048
70920
84212
27696
46387
55139
41394
83700
36383
81616
29293
48594
49199
97251
63670
62550
91613
36431
53599
16590
92310
90130
84703
58818
26342
54109
19257
69617
58771
40163
63926
38057
6661
92061
63758
66531
51874
20503
87942
37464
95736
98363
17332
75588
5748
57176
80926
91382
86991
61358
48896
86448
8232
10169
6444
23874
96717
90040
50891
81117
17427
32377
1314
73719
83237
27330
41104
55482
96120
29278
82163
37128
39837
28771
36427
91792
39408
80476
96790
42886
24302
11480
7898
56226
96771
42094
21218
86327
27201
18986
33823
9390
64365
83161
30800
63486
71059
84941
32669
14602
97785
73549
5468
23192
53073
62493
98646
2250
65768
89893
97988
5594
51772
10592
67859
6454
14123
59939
16838
28406
92742
2472
97723
63702
82660
98583
31942
6356
37395
45680
43385
36712
5833
31159
76165
2267
58777
60316
87738
56165
97601
89894
95210
60615
34847
58235
61676
51553
92132
57294
62365
26962
20001
46790
29344
62250
88158
21479
14470
37965
49194
32416
60265
21798
32364
45040
41074
65701
69559
63477
9146
42039
27101
39890
10990
93920
3834
54109
95019
5432
40433
11394
61321
67583
35829
15927
36725
63486
82397
30590
98390
47132
56730
48464
66768
34745
30597
29228
89319
9163
54929
1948
30875
81522
52256
94944
79922
23354
78194
80505
86228
41325
86680
75636
47056
28690
27846
96144
36763
67078
26246
83758
67896
5077
73865
83253
74515
93621
78073
92447
15656
44064
26507
59876
42561
31116
31312
10497
31996
13000
70922
70116
56107
16629
38171
60566
14900
83102
55160
37669
52057
59030
4989
26893
34034
73037
94843
34019
59446
10222
5004
72030
91513
62776
95239
5410
38095
82583
97711
14602
84495
80254
51334
64561
96850
59268
63326
47070
18491
69592
51056
49929
18545
77377
83302
8622
11431
40791
73106
78445
62492
30360
29730
18108
85566
97576
40555
43082
32810
52968
68546
60528
86190
77681
93610
72758
58160
37293
31047
20734
99111
14611
14193
39313
11207
87453
68036
97189
98106
74407
53012
97928
98474
28295
21086
55436
22843
29603
20698
81519
38805
40627
33613
16037
4703
276
29018
56484
77895
4486
17080
52876
11902
42243
6239
51409
20832
95965
8060
19398
20305
13138
32740
82600
27619
62542
51526
95492
13492
26142
96888
76550
89300
38156
68787
63871
96965
81980
83899
81202
99099
29186
53814
71931
54275
30557
70719
88476
97887
23700
72978
65318
49583
8236
94567
90752
84364
5955
44444
42551
83597
46156
80426
34915
6669
11335
46362
6193
6500
54076
90512
75826
78737
17364
63429
14207
91193
43604
25587
80455
60041
33399
65130
2455
81144
27271
82688
2597
37960
4472
44964
82746
26603
39553
24435
11609
68545
67672
86052
45647
45696
23656
16350
10585
33741
51634
81641
79469
13478
75229
9730
390
21506
16251
28712
21103
4560
2266
66643
97611
41180
8259
1284
36287
25968
82002
58679
4317
33975
23667
6742
74158
35708
83157
48071
49242
29714
40846
35878
36951
62157
33931
88717
64204
65901
84498
43119
54561
68442
41430
17700
9861
10827
15158
87710
23483
27361
34291
36315
19459
34928
30859
15123
50912
49598
3479
28497
17515
39652
69277
77567
16083
306
57779
45306
93134
26478
89969
95172
65121
1020
33777
72728
37736
83770
70182
36376
26627
18562
57366
19938
73694
60563
47766
76833
22683
47689
25472
64576
65981
12616
5459
36153
63987
69176
84840
96492
93216
26218
44940
2859
53987
28441
21119
74546
51784
66412
44615
77940
85802
58904
84625
97808
46915
90498
37894
64738
18865
45089
89734
72054
47303
43234
28836
61816
56877
10053
41086
78951
81077
74341
39991
50663
4252
14389
42802
68950
53176
10630
52909
41910
21380
30885
80696
41257
37989
88129
66480
49467
36024
9802
24509
91129
4283
20341
48772
88031
10933
64732
96394
28335
75842
22690
62310
94654
82398
13780
15136
78216
99469
54219
51084
64068
39493
59566
59358
57682
57529
59317
35881
68976
97156
7464
75672
36908
72238
27398
90439
68372
77885
65633
5311
76009
71930
29478
43692
77266
52735
80474
34493
13037
48283
31200
21976
6336
17026
37784
22551
50126
54227
52865
70627
27781
69639
91135
45771
24627
10451
34616
91297
63961
92922
98872
36049
23288
77971
66548
43583
46440
70482
7307
82396
44584
31797
17705
7397
63631
34989
51845
56632
74337
45511
28266
44915
34973
56022
59731
71371
60499
80639
13936
13509
7059
40001
42501
13173
49472
2015
32113
94513
68100
53195
36491
68753
541
36592
80425
47270
68693
73180
96699
31476
33231
49064
81588
21389
42973
43494
72200
13227
72719
1670
92881
16009
48006
85829
79596
83103
81030
70162
92544
49880
41098
79902
447
44369
84785
10528
93348
27313
34838
38754
73340
44255
39901
18667
71330
17893
43305
77129
17763
82879
44587
22363
82208
95328
10997
47609
64497
62497
94573
75137
60454
24934
56445
86815
2185
69840
22919
58616
89759
72056
92917
72435
61230
64174
46958
29955
37016
52815
41093
89941
58246
49372
2252
52307
26080
16893
51462
94867
4152
23921
48281
41920
71014
11184
28194
72515
7886
86432
15107
87949
17118
60880
37271
21347
89299
87285
46310
54150
48572
83806
90356
93181
73654
47798
39156
57922
91446
66037
38619
23399
86949
46147
96175
88739
43621
63883
13885
85244
29970
41463
29225
34066
43556
87502
13056
22182
14673
43207
18922
32645
17615
26984
8028
37910
32663
86207
27817
71259
49125
22172
70457
73991
12188
54570
63537
39709
74502
79273
59474
50496
87769
17545
37790
23804
99958
29892
12564
85584
49035
62872
36765
55927
39543
49375
63231
85874
31757
5293
50063
27571
41266
19974
99427
8808
1633
77210
74373
81891
65614
99647
3012
15298
25992
50920
42373
70527
40951
27175
49399
56278
43652
79932
83939
41454
61048
78329
98114
53542
93885
65364
69320
31966
75105
17383
25151
1727
7928
19752
36239
41288
49889
51552
11608
67382
79969
66251
9090
69359
74188
50603
35980
27243
40290
95080
60801
68703
33141
520
38408
16391
17513
57159
99354
58607
3093
83315
12303
98911
10758
25351
31825
19617
38306
99234
19282
34576
76681
36963
60762
10335
10424
16100
11864
25859
78888
72144
9145
94941
18547
43329
2839
66216
85206
72666
16937
56987
96626
92190
8216
11580
4205
71724
80497
33666
10485
47576
43382
60965
69989
45702
27311
40612
61760
58181
71615
72338
20185
13446
85809
44509
37429
29464
51313
97885
89897
63298
72855
10870
71549
38172
22142
64554
24690
67466
57522
31774
45343
60277
1896
65159
44343
84808
1896
79185
97159
58020
92549
28364
77947
87073
40973
80723
32896
46657
52091
49114
38916
12786
12266
71603
74554
7169
67748
56861
37401
18357
19737
96554
80804
25647
11211
55212
1765
58780
26342
62427
78834
71252
49453
65189
13297
78674
77583
98451
9432
10736
67609
35091
6541
26367
24197
91271
21356
83008
85520
63658
77767
45730
50536
73786
91559
72216
99236
76583
51889
92182
78543
58486
86724
8040
25404
56530
24191
98959
51965
1200
5567
72697
91982
38013
64294
3868
87820
32102
12119
80559
12036
66563
69662
40228
64134
5794
16013
17510
35447
67692
32448
39531
40102
81685
94914
43702
62390
76453
80649
81132
84474
82526
74076
70096
78240
38634
45301
96381
29636
24771
49601
13024
10917
7070
98659
14800
80084
56405
19513
11915
72520
83119
20247
86158
49583
41198
16016
69008
71551
34644
67699
32123
64171
57363
81937
58921
62513
4624
68156
26711
91887
37555
67243
98760
68886
53902
78363
80505
38839
24039
53936
3132
90426
20612
87033
14579
36014
87826
97489
1867
52411
2194
28801
77555
45298
15905
79458
86007
47142
55522
94849
97181
99316
27082
25404
56987
2557
42503
37192
37907
52980
13678
86261
77485
52115
1280
78569
47375
21640
64248
38761
5979
4429
93011
98743
73061
72373
58237
27540
43824
80738
15316
15494
42980
17012
65339
3061
75725
64924
28477
144
71155
35950
13308
92685
54514
45301
55477
38605
4630
37632
51474
91101
54516
47546
64684
53369
13127
64376
69754
90315
82150
46219
8922
67121
89215
92149
50171
74013
15794
26104
78565
58293
43180
80938
27365
38075
93023
33957
74457
8871
86938
41754
71605
45585
33482
51398
29679
97835
20749
7421
79213
38762
2126
45795
13577
44677
37154
68570
24733
42069
56222
92149
79345
29501
79123
68202
67487
35428
66759
63206
20543
4797
9457
34523
33972
3816
57393
73525
16818
22641
10
93962
53802
17813
72604
28527
54131
97029
54178
68903
80439
82756
57477
94326
28759
10635
79803
38900
252
43499
67904
26750
19419
49010
92335
8134
21220
4038
90045
89898
59432
67375
24210
1282
62372
59026
32645
80243
36910
17079
60210
67777
17914
56588
67995
98241
47242
70050
92601
46412
15760
75253
29245
83919
43649
35274
18535
95775
53369
62704
79489
67146
19332
30217
64890
51113
75696
38498
77947
72370
41933
29438
66919
30666
26045
12497
30291
40024
91806
13352
63327
76052
6033
95430
59697
6558
94662
79144
15341
2763
91814
4138
98099
12633
989
72579
9237
8548
51234
82251
86258
58674
73828
25054
62452
11145
2674
32024
14019
9408
49479
74943
25380
91346
96945
14465
63921
95663
43260
84594
37846
21708
19424
23895
76709
11515
54340
2209
34743
9238
87629
49553
28608
45365
34631
93402
36366
13759
24206
94469
99549
78109
39353
80973
24601
81385
89988
51402
7986
56773
86841
97355
8821
62217
46107
89276
47629
14612
526
49544
55893
64259
14662
78167
46552
92768
57162
50680
79015
66258
9700
50107
19319
44274
75753
23605
94004
85693
39328
93158
87366
96069
61360
23287
75039
31907
55882
73532
49021
74887
93424
42650
77154
89488
52928
94978
6446
90359
92994
65563
4790
88261
17514
65310
69827
53060
70825
70203
47849
52883
7863
10201
22754
78996
71893
84410
89159
33855
63074
10876
16138
2041
26108
37052
50707
96288
90737
35702
14069
16189
60993
97319
37228
5756
65361
92083
79510
49623
3919
3970
63947
27758
7645
32102
9146
87571
14428
70776
8065
9698
44599
83296
23240
53134
85704
82514
60603
59543
67211
13621
40867
31319
1405
672
46911
92859
4944
7614
12676
59183
24718
63024
94126
37618
35655
44913
92738
76713
26938
35669
65826
72111
93948
66538
92235
86602
85863
59169
56943
92281
52482
97414
96074
78761
70377
73834
2179
93991
67161
14722
49441
85040
90458
80104
52231
41604
59337
68543
17454
29241
19105
30037
28509
13771
89638
2241
35655
35953
51405
99659
36610
68715
68683
39883
90335
33783
29337
38697
58155
7907
10945
43140
81601
46237
58920
37070
95689
77351
50327
54068
99281
8006
47687
67676
43751
87449
50760
47463
86480
17926
95055
98870
23080
35632
42618
95656
32630
24133
69153
51617
40363
81076
30107
62631
51799
35067
9834
83558
99081
39871
16996
93747
70241
24949
52287
78702
19347
48125
70520
70496
22042
72910
79039
42372
58198
70316
15587
26274
63971
19862
81974
93526
48408
17628
25436
96944
12409
81518
22070
25140
90457
39504
32357
52865
50160
58218
71357
42831
80245
82587
22408
2065
15032
88877
36083
73402
45855
14243
48409
26941
44538
23887
84202
6988
90725
13121
54936
16898
5690
2970
17598
39164
61424
24799
48205
45089
88084
49736
373
96483
5506
50104
29900
20222
9408
63239
42558
9373
3863
82234
54673
20540
44879
19572
3507
65415
37510
39462
65666
16066
81901
13667
57464
27394
7264
37294
2738
82488
49727
36372
66715
99566
76365
77878
88665
56042
19620
75263
51028
98800
4211
32916
10942
29923
52182
47977
33316
69100
4720
68112
67247
179
26120
13772
18999
79978
91773
76516
30757
34474
38086
96147
93892
47156
89803
284
35939
14777
45946
16538
24009
46006
54215
83829
26006
28151
53571
11314
18641
75293
7191
95394
41683
59130
50045
76570
81647
10808
23899
86178
34653
26809
43741
40615
49762
86138
61199
71115
25246
3345
56532
48348
27121
39765
80517
63938
58154
36188
47049
89714
9390
55103
40941
91616
42018
1754
79937
82545
4725
84080
75439
12238
7020
84140
50329
26068
459
31458
63565
68681
11805
73267
3783
66153
7105
17007
74115
1982
87729
98549
13118
98670
61359
790
71081
83118
76367
40504
42248
45941
15675
81430
96077
33099
99591
79877
13099
43616
82898
16273
6810
72025
45173
773
76647
74628
63819
99658
85397
48461
23229
55463
17812
45322
37417
92583
79708
90833
84558
38904
43494
26569
43095
45807
67591
65437
74625
45960
78186
42541
82987
10891
33449
17407
5273
51531
99816
53459
72517
62761
98446
49812
79043
45813
87104
74473
90959
17780
19420
54604
29077
43485
655
99506
54588
9309
22708
20169
69904
4442
93193
34432
46890
26549
54351
38495
78366
82536
39902
68280
65506
12207
4418
74453
52150
68228
151
13457
33204
12898
61404
95779
15094
58379
47575
59092
94110
70725
86757
37810
48069
11775
72956
81533
50820
51505
88351
72350
78296
43105
38397
68600
566
10114
21478
54550
5035
60375
86603
90372
13582
45526
14545
30970
90213
40871
8242
82707
89553
6091
16688
72092
90391
57626
93110
45735
67403
41157
5421
16415
54843
31258
86200
50998
19573
73317
81101
52603
63926
52755
59121
83879
53136
15442
41006
76918
73303
88661
46067
8723
41577
57876
79241
3915
25816
58159
67757
92868
10709
5875
88174
82119
16538
149
92229
42008
10227
39644
75404
3494
23242
71515
82653
62718
72783
13692
24584
37338
30336
31736
98288
94359
51867
44610
28354
52612
71741
56675
24115
70198
43253
54752
69878
35960
24234
18009
75350
78976
94469
23659
72726
85149
49021
52244
29859
93260
76477
19158
68242
99114
28372
32309
51771
71364
14393
32794
19858
35786
42777
14938
95870
8418
8831
16945
36087
33432
95358
94472
35937
43315
67166
38293
10591
80995
70304
49954
89654
33015
94640
65670
29952
26827
3846
54767
53002
94174
62457
43713
41738
59169
71233
64695
60672
29548
98407
71752
2791
60555
82699
29606
65208
26325
61489
89600
56924
1853
55050
94632
10956
24865
64250
84974
18535
64736
41707
29226
12303
22377
46030
89817
50880
18574
11945
68127
14574
62967
39937
39947
43706
33651
80229
78392
52432
31049
99156
22927
48640
88941
90349
44874
85080
31983
22033
16468
64282
57229
54391
34156
22111
79304
15820
46024
72552
4820
77060
81877
74268
32776
70306
31005
92195
23094
34271
52354
11677
88469
83707
23974
80256
68761
94333
83309
94157
4292
67016
43738
29454
91190
35165
21654
22318
26688
19399
17872
75540
82391
53287
70270
48958
4227
14844
4417
61526
51639
50894
54887
91955
60667
62296
53033
22703
76517
3472
79285
83744
16422
34292
65158
79094
56832
62258
30991
12368
50037
87699
11895
89915
22011
65446
20221
56392
3372
50853
35965
3272
67674
74054
22923
37734
91040
95936
70588
90274
66003
87768
9701
66854
73687
40039
58587
24422
46798
79241
75609
41241
41835
84517
82719
71502
25189
58964
52503
8525
90119
44112
63476
18636
9412
10907
47571
34730
59720
81896
45155
54123
35209
43241
79809
1233
40508
5047
10940
10195
75620
24312
2040
31613
62758
28144
37102
72515
68088
92198
54832
75939
12055
34801
55785
42518
60344
9632
37571
57011
502
2787
83299
56737
5674
12313
2158
67254
82137
45718
11055
74640
2855
19473
89585
12719
69897
45192
78214
58894
4664
31344
42122
38236
38722
14652
61186
62267
46586
2665
10782
61013
24879
93221
94718
18229
68506
81466
93744
51753
67186
98298
40119
67826
92922
24968
40135
87397
19225
43713
6861
53922
54538
57061
24108
60366
96778
86214
79074
60111
56302
18796
12137
70179
23927
49506
12217
31037
51454
4928
45770
95998
97930
25046
23512
30028
11329
55506
39583
7825
86010
69455
83078
6547
52016
6394
49176
25995
51027
47937
25549
88389
21145
26075
59623
53683
91762
40558
14040
95501
65209
58465
62561
53385
83174
51742
67637
42995
10432
76195
58429
87337
61360
16006
55348
73398
61617
73571
20978
94921
2691
43139
7750
88593
1534
61834
82141
95767
63332
29149
99199
25592
60079
51887
7672
27613
75370
58215
36148
90265
82396
60271
78692
2687
15774
83483
72221
90910
89326
66227
60447
81050
86364
67487
26739
6727
15714
77167
87278
26468
39184
43428
14227
30130
58117
67902
99028
51408
15706
12771
65880
74037
18040
79369
56248
97800
53290
58400
43300
93855
58477
71455
4099
94675
78563
60489
85335
87068
41831
99324
37311
24718
89979
93366
38582
96848
61022
32643
15032
31253
76153
28840
20293
93912
2072
84518
25822
63513
20054
40203
80749
9518
50545
38906
84225
81416
43324
789
60982
45892
96499
10469
36883
2953
66217
19239
50413
4773
55518
8754
98761
81727
58540
30920
64383
78424
45025
7097
10586
18788
67015
9103
75708
78142
75966
93850
94430
63821
73035
72888
65332
5361
68137
27999
63503
60329
38654
19627
81788
33797
5193
69215
87595
42211
27063
26393
80874
80329
53461
48631
72527
49694
83392
38688
38868
67268
91640
50929
35165
10453
44307
19428
19797
27514
61390
17566
60662
52034
23806
60502
94536
24581
27236
46557
10113
85078
95934
2990
36810
91966
51355
23252
2018
17146
55335
47954
6779
48819
52228
90579
46498
74934
40153
79375
15933
86384
63620
56726
20941
29096
25676
47484
23539
66457
70098
44577
24783
88010
99525
50364
95203
38859
8916
90883
46262
6062
22398
34586
46900
80768
53413
52501
20883
13411
89089
50124
95568
62249
6129
14938
920
8751
48109
13778
91587
52019
59703
25439
40378
63220
19535
72725
75193
95269
37062
90265
46128
10573
30282
96714
13923
6270
63679
89899
3153
86447
62991
64431
28338
4825
60025
2431
58778
31658
17701
85738
28154
45258
99415
26570
63718
3624
76418
56399
73616
10687
74867
33770
9971
42410
81390
17688
17420
71841
95223
79145
68643
92176
83079
74924
10855
16690
81534
98937
72759
51567
50295
98714
5022
79887
183
2007
80086
51322
96063
34108
69676
9229
24418
47337
95844
59003
77872
75799
77235
13950
96080
51842
57707
31032
97228
73559
14228
60395
91974
38715
84212
60880
56969
74165
45009
7704
922
11769
57198
32093
6157
67698
56434
30788
27700
90444
32582
49330
850
96891
6556
81000
50574
67851
37421
87292
49059
98533
33083
65653
19732
38970
86901
65027
77245
12463
14841
75256
70020
50149
18323
81383
24143
74756
89988
46968
43727
41316
80094
39493
94713
66520
80843
56436
82742
45303
68750
40304
87536
27080
88609
43878
62445
51849
39005
43674
55576
32508
7480
34180
44250
40271
22601
65227
76744
12039
65479
37019
82166
56520
14063
86854
38537
86882
18084
19125
19018
44155
35473
12648
13623
6678
43786
2802
96723
27134
8817
75210
57630
90545
39412
12559
34335
2155
78035
31036
60157
68205
41599
34788
39085
32266
31614
63082
26342
40462
48684
68383
68368
12395
78587
42328
71227
53890
9115
70316
71596
47562
57588
68199
97138
14976
90224
38190
66039
99628
30870
67792
13554
60523
44753
4836
52729
23742
65039
42117
61523
83983
74661
90055
63564
80123
57872
13908
26146
9856
95126
67464
67740
27684
5131
70565
4442
69439
40783
90164
57095
97223
3989
77849
35147
10070
54431
38641
46941
31578
83781
58795
80246
63544
71316
83456
38144
20062
53523
11792
18222
96132
67968
54170
73125
97918
34457
67512
38296
99169
887
47637
60465
79567
28053
10988
44267
20897
84590
14558
80157
80912
71780
25232
58193
61951
29149
65854
44402
88649
78600
79616
54339
76227
55550
78840
57165
3085
11875
11892
53841
38330
4683
88934
61691
62521
88953
57245
20599
86752
46243
26912
43677
98420
23889
14087
56968
67224
18116
70518
7045
31663
62356
7447
9223
52079
54866
49747
63159
89924
44236
4940
33960
49694
60975
36890
42569
17753
66118
22112
87539
85415
38752
60618
34690
85724
19536
3366
57633
38709
12270
85820
56254
90565
80859
54027
79644
49886
73537
90177
15591
38008
55417
29590
91267
94466
54950
99814
46077
87170
5375
40393
54467
586
5995
71409
80463
37914
48164
18911
84830
78027
69437
58979
74400
51359
56608
98702
84808
38979
90768
51829
60194
14237
47117
32261
49828
48920
55734
98941
96957
30921
17257
57964
59755
98686
6758
60648
68105
91170
97458
54792
48868
64911
85750
38975
89455
50768
72743
26517
65421
25586
48737
79268
69803
88967
95245
24524
15760
69430
24418
36787
83276
12418
89735
1245
16078
82261
13527
86563
41842
70217
5917
95155
62039
30580
39806
16804
85839
70221
39894
28533
65423
77759
67194
79809
35814
90185
34397
544
27563
18767
26030
53885
32015
577
95582
14575
23761
31013
25504
22903
40464
75555
47401
26549
91131
30606
80855
4903
58180
87146
43022
18944
45108
76126
37533
79040
5304
2968
88608
39797
42488
26327
78462
8174
27400
78265
97810
19896
41144
39553
97447
70359
36870
39716
47324
35363
33235
20721
68263
99452
33459
1498
59158
63659
58654
63108
70896
16374
87396
59815
28570
76512
22781
9634
23574
28315
88669
80542
64198
75146
35559
71709
44366
64472
32249
92479
45271
64911
76805
97521
26064
29014
36063
81234
53231
47690
32242
50659
80470
75287
39886
56139
89584
87091
23356
27876
27706
55063
25170
8294
81790
40507
74977
29805
31227
52653
34123
7689
58465
39406
4243
94946
14200
4297
39469
3142
13984
66576
53748
24593
46738
18997
76058
56632
50566
95203
12058
80370
28270
5622
18185
89891
13184
27005
67563
42374
89457
2282
94690
60918
38812
63924
47042
45657
29313
86954
42591
61673
49739
56627
99496
11201
18826
79078
98925
97857
71903
60259
58650
57182
91510
62541
29160
63529
36429
83781
60137
48602
49267
61572
11010
36025
67276
9492
62325
61704
58705
26796
81819
54896
6004
36614
70705
54919
49729
33150
57546
92411
45311
18153
5442
79966
30806
14512
50
62318
43083
69607
99007
33919
33383
15022
71021
40679
72662
4996
98417
14693
45611
85347
20549
23983
97664
860
48756
40055
47514
912
63477
65786
88076
3496
43124
29541
87090
58193
203
18148
68926
79415
66065
78664
33872
95421
45065
72659
55005
32439
65467
88067
7634
7684
21567
37113
57330
74731
96629
94630
15131
45616
12946
63985
59975
76947
46229
83815
71695
19238
77944
99135
84713
38729
79138
27081
99442
6788
4985
27826
84326
79968
74965
76054
17452
68034
98831
39491
85711
72453
46456
83558
69703
79411
20102
20885
15799
48512
68521
87736
2127
97859
78812
71509
52305
53105
67607
2102
73136
16440
57921
42520
53045
80021
20803
87443
51132
96370
68440
67905
50843
66399
43936
20429
1378
39532
86804
34714
91229
73217
63412
19117
51223
51835
17563
23991
73529
56291
10388
87619
89552
45419
3910
8441
20109
5224
12875
97900
51557
25927
93470
98694
69209
9646
35475
34030
44368
15536
1728
69683
26208
42763
78777
37432
56523
38658
63994
284
20774
84466
32829
58437
73397
11700
62891
25736
94322
16718
15727
7127
8525
23606
99078
23783
57741
86340
10291
37117
3893
3986
10607
99445
56257
82259
96925
59311
75727
93229
53596
95926
78555
96372
18805
95950
97571
51620
5396
93978
72905
37531
8948
77255
68407
43185
44979
45656
47580
97110
65125
33582
31797
24870
79300
75700
72103
44811
63428
18885
2376
99279
26501
12314
32221
19515
94306
65972
75294
79633
85350
23106
21142
92835
87198
57840
29671
57647
66313
396
52362
57816
62284
58678
70644
83713
80835
5923
32788
9320
77458
22126
76664
45404
89369
40508
51279
93213
62694
33226
11754
77231
31268
16853
7260
28090
76305
28582
35265
16193
44845
81432
16506
33341
73806
96007
32022
97302
75280
39895
79788
59774
5578
510
9317
25769
76637
71375
19862
86764
76869
19748
40747
50993
17554
92487
43808
75828
61968
26749
81672
82270
75586
9584
65201
99195
20845
23799
76031
79578
9808
63460
37332
35040
57042
75017
64113
90825
81876
936
29110
16349
95813
52790
69893
38059
30676
91275
20741
82085
83584
25033
8482
8855
49292
87463
54514
56389
46350
87001
57683
42080
66310
2973
13711
60164
15244
57828
22657
77297
88514
11098
82098
580
12616
22037
78140
80722
97199
56086
22992
36192
18661
63295
73810
31234
83215
47346
4962
74126
19445
18785
27318
54556
27318
20631
23394
80861
30685
7745
38618
20884
3371
63835
77038
34901
15956
91731
87252
32089
41286
67004
61764
70907
38019
61554
91996
46098
29360
38116
49668
69420
38501
36931
77804
87427
87589
34949
42833
79518
70088
43446
92446
48231
42388
68861
90447
19108
24939
89414
3825
45332
71357
95025
21126
36969
84285
70518
55268
73532
51121
83666
20701
96273
14980
53139
96697
45224
55062
50365
68831
12637
94323
77750
19219
86205
33632
1236
49273
20069
37265
67809
35288
30488
25144
48360
89
80701
33753
5247
86862
92755
59193
496
95280
73682
41492
11942
67073
18368
26413
11984
79793
93292
57888
24181
36955
13962
56148
39637
39471
73100
19948
41432
41835
60249
33212
82101
8354
94156
70841
47169
12703
71436
85033
54066
16642
88611
4154
6062
87784
91326
86574
85813
32234
47872
6388
26440
46172
68803
28786
70900
54486
300
64286
63647
45999
6825
20748
55214
84580
19242
7554
82064
9817
7130
42535
54219
40182
21432
15641
37729
58739
34518
52030
31422
7342
1485
24499
58273
31801
27515
36768
51717
61937
32955
79628
13034
61800
84415
11469
67237
23044
8043
50135
53569
77089
9457
31030
25840
70609
13637
41591
60210
5732
21789
17952
63616
31171
33863
3936
15446
52693
23271
57281
83771
93861
71019
87866
51022
48827
716
69793
3950
71878
55363
63550
3590
99099
61702
91898
33044
26263
72478
13110
59637
33824
46086
34648
95854
73802
18658
74497
25273
66198
56250
53626
13322
36917
61137
91308
23421
2250
97702
63374
52063
3213
49094
79385
30133
30411
75980
39224
64140
57963
88951
16283
22718
85676
44358
85963
17950
7690
96754
89688
33792
23967
39816
57709
78824
870
9858
2917
16877
65882
37920
29303
55562
60573
65768
3469
95553
74837
87576
29587
35532
47857
37988
69674
8258
66794
6192
66172
88225
61316
267
60970
26846
53780
22182
31776
30151
65019
37392
86410
42865
34000
61807
58785
35427
5211
80157
34206
54110
68798
34045
34831
89095
11854
93880
44231
69971
37375
55193
7887
98318
48383
61505
40922
10567
78008
78215
53079
99644
4793
77264
60607
76605
57966
88646
5614
40320
78059
69113
27791
97249
72232
69711
75984
59443
31110
46153
69301
3239
56592
15987
71976
46775
25021
21671
11630
60368
50801
11328
65204
91930
65475
20278
77160
54342
25273
6778
45829
93331
42384
84175
94278
16284
52920
79395
23675
18305
88988
94185
84825
57617
95359
70325
26860
72721
57122
91827
85512
96619
50146
5380
81277
76502
28670
55317
78889
11070
10678
76638
91975
65936
89231
12757
5925
17413
58227
33196
76051
54216
51541
95117
94103
75173
46834
15152
55230
63727
50291
29943
60429
10606
55951
23143
53813
99076
95085
65155
51621
45819
46919
84678
60441
68141
29227
95517
67217
70478
29307
18495
21436
47546
55348
88618
11795
90807
9163
60730
79074
54566
67891
70216
54529
68108
81116
20190
83873
95703
92757
75699
20161
38063
89554
46599
60704
31227
41513
14076
35533
59117
39222
98543
94843
62603
4286
9522
30736
94875
98672
45191
34141
87594
68327
50235
64551
63257
4973
88988
58499
25668
36186
42008
5057
79120
95706
12404
52095
90353
12812
18566
65119
33845
4326
50160
68275
69681
8246
26394
34932
59686
707
41962
11761
62127
42995
77826
67397
33673
77958
51126
47585
39839
90783
328
25385
21969
706
33346
91675
59745
31737
74575
5481
64635
37808
24247
85832
65918
79841
51606
78529
38986
1866
81751
46340
45448
89818
42930
61501
7632
28651
96095
94431
86043
41064
11605
58556
25927
90416
1764
98679
7744
24179
84523
37552
45489
74617
70935
65310
95303
22114
44633
80156
35101
10824
67395
8570
54569
74880
83615
6196
47107
42048
4683
65727
64365
98746
71029
863
72580
71430
34574
8183
89858
60287
28430
80632
396
7716
71205
11898
32895
10718
19577
97704
57298
7712
88801
7829
3400
42218
19133
27917
57428
54665
47855
78887
72297
78105
54330
81270
9278
87914
27765
43231
67194
35232
44524
89924
24929
10196
14900
14719
31707
79672
78601
4011
78621
67640
43334
51259
67831
79004
49695
95470
89049
6410
72126
5146
46978
27592
1177
94181
12935
1727
40076
78067
31965
56155
47481
88378
43683
19663
87096
88177
90414
21717
16892
59335
65714
80051
43717
28368
48938
47129
57883
27545
76997
92935
