79515
45794
72913
8239
42301
44936
82193
79319
33367
72630
25807
75546
82247
20387
56972
81259
25256
20647
10813
99781
20780
97615
16659
75468
88466
5104
87180
97330
67076
49176
80566
37109
27088
38816
26011
25989
72193
73309
95565
27300
49913
50070
7888
66886
23213
12272
10686
94423
87389
61925
58267
64412
47151
86260
26678
57009
98758
44945
632
13682
89700
65437
29100
52245
1945
91312
30091
54772
22983
22707
33954
69225
37044
12746
62819
23731
49675
34414
74117
18453
35535
94361
75545
19516
90749
75514
87530
52897
16029
70441
51952
18341
45956
10613
66993
9497
52106
44984
51572
46272
51683
92556
88900
18060
81916
9430
70013
91205
38771
59777
75158
86696
21235
66342
4234
50348
86251
2535
59429
88544
85226
53467
57448
12112
25946
28963
23226
71110
42550
2107
49515
15084
7880
57261
11621
28112
27492
24959
60721
90305
33147
36332
931
99030
47836
51856
31940
33518
17037
48701
3770
52242
11202
66795
68694
94774
52664
23725
39001
85598
39185
18590
13443
76541
33452
88569
84794
49881
59456
63528
11060
22923
47445
69429
29474
78370
73535
23772
59193
14471
25623
10977
26429
49466
53336
61566
68492
81884
87859
38901
66820
34086
12016
23748
87570
81047
91810
40310
47352
97259
34885
57685
93050
5062
83510
56702
60902
71216
73711
49901
87197
79418
6301
55607
44994
16542
3904
39479
3326
6213
66559
62624
58190
6051
81094
66481
81098
77308
54045
42982
44946
97834
51110
41067
41846
70070
79762
78987
16931
35940
66016
44871
80805
49099
96659
52579
19870
75745
39183
65306
15489
23638
71280
10257
23307
66423
30727
4521
30335
53843
2034
78958
4508
70010
41879
79533
50174
45344
69277
76482
41773
7809
74631
46671
52325
50655
34957
43368
78499
53543
21592
3051
73321
32594
18554
61774
28431
23175
19304
71025
12294
94910
70198
47410
1770
34175
79117
71711
60707
2824
22987
17382
55032
19053
59159
10632
22449
94970
14495
56748
54407
3796
41872
10671
72202
52702
85137
13465
1710
66136
20893
65996
62931
80129
38811
44438
49104
99741
51035
85925
69308
32017
66991
17178
4088
12011
84580
99158
49180
99423
73020
72337
1117
26796
97834
76681
15415
49662
79241
83927
7517
40876
80696
77886
63226
82177
80438
67517
61859
37176
29494
82884
93499
17632
54175
15843
37666
40031
84771
54301
35771
97875
44538
99515
55481
29748
60314
62493
82117
15541
35093
97900
63822
28425
2287
93547
26126
59106
8859
18796
77717
42260
1137
29471
68149
78104
40750
56612
93353
28749
87208
80546
6658
47001
95211
7856
90351
48494
8405
23120
26120
15463
68875
44508
93495
9105
48694
23896
40644
59207
15710
96231
72796
85333
14817
94522
39101
21310
49807
22659
24544
92409
31237
97864
93220
19862
90853
49010
85843
74207
88366
46181
59891
40633
92573
13354
53227
79370
42560
83336
11151
22388
91378
69106
79819
20063
94681
70297
84008
44821
59928
26306
6750
8679
62000
68499
42262
12173
62970
35782
71705
79691
23578
24000
38555
40335
87329
19483
29086
23830
43681
84896
90309
94094
909
92336
1142
91670
24269
41345
298
71586
77019
5190
85204
34043
19805
10375
63243
3107
22751
29008
90166
81462
29932
74821
27219
64044
69289
57139
93348
56635
29390
23714
23543
82905
11458
19623
25745
41151
23314
97301
16566
97449
34989
69075
49015
26745
3263
37065
120
45148
26440
45140
93405
15908
84152
95225
86545
80629
98602
93334
11602
46971
85018
76244
87164
52696
72868
40921
92016
7068
97435
76730
89345
37613
59522
57389
81212
75718
64362
49788
9233
73883
19465
24469
14338
40538
32147
16383
56102
24013
79032
22920
25595
84988
28026
51321
3430
87408
745
49579
36264
5106
17020
69362
74239
70482
27982
45527
71797
89892
24467
37732
25321
16036
31958
34521
21081
59994
62864
20443
90569
17817
2599
61580
6482
29953
95041
77078
16554
74020
98179
52032
87019
27206
97930
18563
98787
80445
45253
10935
1048
89720
5901
81350
55606
48252
38563
70562
26486
62697
25956
29938
79244
8220
68491
4103
81933
49774
44323
39725
14843
92729
43495
25406
28719
45498
64217
13008
75106
14386
62875
98895
5944
46502
2701
82213
74569
39655
33155
87509
68781
492
64002
90023
80036
43099
45112
35037
82687
91814
72085
72644
91758
76274
67593
62951
27527
55955
78075
96830
65200
4436
81412
66339
33193
71090
48710
77605
79513
26920
20684
98133
8915
9733
86655
56446
58788
92089
6401
2738
81212
28719
9642
64639
24183
25524
30013
22112
12071
77782
35463
3568
86048
2567
61523
21593
59039
1345
8492
81674
50584
22179
5680
86312
2779
93626
28526
10939
4705
80219
64124
521
17113
35532
1719
69440
73258
41378
21079
9485
96196
21445
79886
72106
83719
32368
89342
45907
77423
22613
180
94969
18747
75453
97893
66448
71897
95053
30755
64099
5839
11524
21595
7431
78152
92769
175
18029
31354
16705
9931
31921
91216
18118
61734
71952
98201
87251
95831
76342
38571
85075
90193
89589
38229
95066
32829
12658
81697
48900
24563
87577
47842
42713
57972
52464
20863
35250
36998
46665
62683
79189
67693
4658
62081
63035
88739
59558
95369
45843
97748
17606
25129
57888
18008
15554
36091
11901
23885
64945
20135
55681
85649
80929
89133
24798
66681
42184
65009
45123
80017
13273
55459
21249
38417
25586
87497
89450
49015
78577
40620
97333
96359
88199
42236
60062
80220
13605
62497
17995
47625
70547
16607
20202
43409
55200
95813
82197
40767
58963
54674
25240
35171
62239
82148
2889
19754
70070
31262
5557
10777
72916
8821
69532
26693
55260
79736
28147
8177
98273
54586
12487
75109
71450
59326
44225
61000
14680
30973
27109
65210
55316
15222
96596
64209
42977
91411
57970
54926
53793
50259
96610
31098
43732
64858
52429
66434
74795
88337
97121
21260
67514
66459
23798
91093
10731
54870
49580
66441
20815
60362
72976
85086
69808
60529
96253
97998
46083
73539
20576
69007
52633
99197
55412
52048
4756
15085
4331
95346
20598
95196
32558
61152
13428
12760
22811
20909
81290
37149
24462
76585
76297
6784
21595
49887
24587
75960
13783
18094
7719
55689
56694
18402
17600
70126
59758
11535
79672
65858
69851
30697
47489
82507
41404
79746
75892
78372
28635
63457
29883
98406
81930
84699
20232
6386
14729
68273
8009
69853
44548
81094
31603
88857
15992
31803
50587
94107
49334
86793
97828
32846
67904
64155
48914
54580
70513
44517
66461
41716
5369
50116
70849
89765
90662
26452
43506
15573
92062
18856
38893
35350
1641
29481
32042
15590
56203
47982
26126
81433
96719
40021
81052
75653
20479
56443
30603
4394
30960
81182
49651
31452
84154
7884
85953
60174
52485
58567
747
16029
11775
7896
68701
78838
40874
94316
90801
45797
67475
97903
21116
3867
59612
94756
48933
64987
20604
68063
7538
83105
28348
80991
10843
78543
59874
66667
68511
77462
70410
64936
91541
23197
64880
81140
28859
58737
28075
17122
53258
44105
91347
30834
76107
17333
47299
12524
13314
93379
8378
29529
22632
34445
2555
81791
99800
54562
47732
52567
4575
9807
59675
28236
54614
90986
50292
49874
68843
11035
72272
34688
72987
27208
52272
68427
46301
26619
17383
87649
22072
69394
15133
16863
54132
52194
87920
62767
44462
1577
28948
25314
29221
87439
18459
27110
31249
89112
58128
22052
37523
79497
31997
26457
61031
74644
34701
21038
2359
4993
66636
5846
28585
2555
21322
48355
24601
66069
35710
78374
71169
68407
41863
3585
5428
55561
8910
31562
41674
74778
17511
94815
87957
3693
20183
12257
16307
13089
23663
30127
19036
25020
25078
39231
77787
22707
29701
19290
53338
1625
55147
56885
64342
69281
76625
67176
94417
11281
28664
58509
48934
18757
83422
55863
45591
77117
69600
63565
28002
14085
90905
7489
31858
44287
54857
3217
81426
59278
84945
59833
41212
37761
67642
72722
14352
50747
17173
77867
81280
46235
45501
58243
15592
13229
6297
44320
61531
12172
25821
26736
10040
1746
58992
569
97979
16797
56137
2655
44496
34848
75858
10738
97027
67171
28655
79632
55795
30040
52216
13630
59365
40508
69665
61055
35348
32133
71482
18574
16645
93486
84371
49086
23897
72028
80152
20012
57788
61164
26842
37981
99131
69564
85901
44250
34674
23570
46414
88708
61251
90765
68093
37877
771
62246
23912
73013
21006
36802
57928
20085
43451
3511
26468
47756
15242
20088
9427
44236
35289
87167
76576
66016
22358
85398
24422
82692
91695
11875
19194
56321
21669
19213
59688
96516
91263
67631
20406
95417
18299
23416
48485
93225
45983
36443
60597
28589
22574
15674
74344
88142
53686
62763
63
91835
92133
1124
37024
76710
51324
88808
18521
45820
87900
96110
55935
17342
45629
75722
64271
46240
94302
61018
92149
33790
24886
19023
80907
2518
52521
68374
40761
10470
91638
72162
33691
60579
96429
47256
53248
19571
55134
11863
41870
55752
62380
61697
81603
73721
38401
90827
82231
70654
98875
73245
52509
60839
31300
36006
33320
33722
90655
8191
22410
23656
38366
81658
38872
82219
31537
18887
91369
2878
921
55042
58461
34425
33722
21789
50043
63175
86095
34342
63442
53542
69879
10612
40833
82618
75021
76979
29298
65166
46261
5034
57696
56808
87538
29221
54042
74504
33301
99428
512
55517
31184
45791
11978
10052
97929
76212
90312
68510
6442
40463
56228
21100
9525
31925
86308
36745
30644
24332
69195
32517
34510
87178
77343
21178
48246
5497
86053
86029
34046
89540
47304
25890
90505
32225
14489
29244
87933
86331
90801
68432
63735
95962
44305
95364
6393
29073
38090
10026
97982
77028
44089
33427
72463
532
53770
12402
43822
44105
8573
4782
34190
90619
36070
16579
40806
22492
62702
21781
22459
52389
60888
45170
25754
74652
95262
86883
59399
89887
24633
77807
91279
33776
67327
68845
16250
63100
46982
64291
11389
14025
96103
99648
15916
91580
57214
91218
61868
56325
80014
59268
48741
58856
23553
8888
23159
52392
90413
73021
16612
26385
93874
59437
49995
93762
31712
27110
26549
96726
77462
92227
7496
77902
99589
27254
40697
77500
38323
86628
7838
95886
48187
25597
84449
82421
9681
20982
53169
63954
25027
99941
32371
86364
25179
76920
14870
67728
31010
52659
91587
37685
30175
35268
10707
99594
92252
39076
68762
94383
5225
29869
34530
99757
97530
44818
71699
33411
52491
32288
2061
91374
71685
33743
2776
32276
42264
44132
21779
6604
74376
8455
13033
53486
54756
36923
34049
83059
53233
6719
97012
81064
43877
9601
954
83509
19407
55418
83101
10788
81780
85577
30191
12400
36021
39056
41496
38028
61388
12069
95463
56844
44981
73974
16713
44180
58442
79357
99832
62364
76166
9083
4395
10076
8683
54260
52331
14362
4542
41990
68837
6925
83696
53095
90299
11244
37240
70299
11926
51192
42428
8175
79286
84259
40879
36917
89737
64348
49908
1532
89722
39385
46400
43370
62913
13887
80702
95353
33945
23248
20012
13324
90350
91377
96802
52845
10229
84023
64659
41348
19798
56782
91564
33589
77444
39014
54393
85879
78925
76762
6663
56333
91788
72638
75844
26915
39740
65380
37698
74054
66343
34603
30267
21536
64253
29957
20847
50862
92576
90148
13736
42464
94844
6432
83198
5421
38868
74663
86583
31345
81047
63201
11590
18916
6450
30143
24692
41079
50495
63840
8668
96429
67739
33696
36720
43956
89077
13629
80058
89408
25921
98406
8829
66434
98317
18339
49849
87754
49803
57404
236
76694
94381
85191
43862
13909
49391
58832
13494
16924
34446
93415
40208
17508
23287
96961
81488
38783
86010
75532
99143
39509
14876
60756
92852
51167
54156
71530
58559
2271
17133
29367
6046
17530
96658
98109
8186
32211
60553
87174
38444
61062
64526
30476
80065
90333
99680
96356
86045
30770
86000
32295
15580
75650
39957
82687
34483
96906
22365
40074
89876
11265
96862
80366
7440
76562
80555
15226
18423
79220
48450
93396
11612
8807
48450
14660
5236
91021
24857
32124
50268
37987
30843
64418
6490
74811
50736
70364
20508
83544
28740
5271
15933
47556
78754
2612
7526
30321
21242
61584
50353
98186
53151
23278
35208
31990
28174
14083
36428
30825
92904
23229
73810
94022
91712
53649
84520
74132
37872
25279
33013
46204
87750
24133
68510
47613
83420
43197
94820
6028
63109
94163
34347
57707
28227
22600
53622
8644
72342
37884
27886
56771
23375
60795
5153
62189
63298
10375
8295
98209
58554
46493
75232
81738
65414
24903
55258
766
46385
1181
23790
4886
91376
8121
33545
79753
45140
53750
53961
63719
99775
28484
94525
72016
56499
31787
90991
77903
26342
90712
78238
83382
87986
35113
18723
84567
82505
42513
31317
83388
65541
58921
72296
59043
55581
45780
61936
1018
78228
45228
29892
71667
61356
48334
81726
99492
22936
27711
75295
33981
38606
52666
28718
51527
75227
17047
15553
60598
28817
99321
2740
43754
6652
7060
79382
18760
59730
8056
86052
56560
81320
70591
8461
30042
56737
99215
3252
94194
82113
87085
96820
75885
74112
5759
43934
48135
25083
39067
29917
70491
97636
56593
36251
71870
66585
18225
41724
22296
8082
68635
86696
29472
95892
98658
91143
45939
22019
50491
25604
82416
532
39272
34420
7187
27296
26779
15408
80844
17044
15849
18429
34651
65861
80461
84461
50795
94594
36406
8671
75880
46530
23279
86049
8382
16251
87624
41525
75183
86836
67206
18610
86097
84179
51268
89153
74146
12592
58308
6856
54952
68523
48438
99012
2154
10681
76739
31887
45764
76985
42070
84993
20171
28804
74600
98322
25438
68035
32199
3581
7076
87963
98083
50561
37640
81731
55733
24897
22158
79894
87820
29867
25745
548
95572
66582
79514
22851
56549
58308
91167
25122
87686
48583
6805
29214
37500
67808
53076
80206
7475
99266
22022
48537
28775
69717
63499
27400
18447
14935
18732
27317
40391
57757
82393
47746
14553
62743
90689
38279
40007
22929
64366
26819
39800
92213
92251
92787
10877
28590
97619
52129
14878
74952
25512
82996
62309
12115
94700
19973
52423
99878
81039
93362
6698
70369
14069
87147
91448
61450
15155
809
56127
31289
57382
51998
58818
98479
76337
19368
39199
15169
86257
46848
24861
59891
53118
51279
81138
77503
58720
25151
71439
80500
51755
15567
80841
98683
40345
29505
37061
41397
53443
10605
11583
90273
35420
23641
19926
22458
43625
85120
71159
49468
48960
97678
19781
20679
57501
4142
36386
68060
32891
14074
71997
23780
14069
83026
2648
36848
76633
94857
25076
5179
76421
99960
43131
80460
27842
41109
86186
3768
94745
94207
26425
58628
61078
22768
19049
49768
60760
10453
36937
9710
64689
25146
42116
3866
36737
75518
56970
39556
11081
50598
61369
72608
45422
16718
37001
31039
71405
34169
57361
57422
84341
53417
26777
71068
15461
71210
39069
62554
90691
10185
61946
19867
33430
29347
27480
72602
78433
41784
30292
97530
67453
17438
28201
18920
21777
98641
64635
79357
34993
71272
70911
92193
81680
29795
66154
59689
20674
58880
48021
14049
51571
67629
27914
92356
98974
84248
9965
66856
2027
68195
57034
53079
46761
37875
61463
34295
10723
20807
52709
85867
385
98533
78729
5875
19646
76496
30625
45103
61442
3126
75557
54945
91419
62886
75404
75951
22653
24222
94456
41640
99091
86563
53983
42814
36640
28906
19159
33937
78359
5011
69500
95341
37107
49333
92385
13738
35572
59892
73618
66129
52471
14479
15457
25502
40272
36406
12213
6560
24262
10425
87915
25566
91628
33980
15496
29492
85016
64551
46460
18394
4865
31129
96468
89958
84250
956
4125
29960
63973
73139
6480
6547
7350
19920
1438
58012
59397
22755
76185
49370
49647
94957
90524
71278
60394
75699
9400
44668
74211
42605
3069
19031
25238
79678
14305
39610
44617
1854
76368
36979
90310
83698
78896
23706
78803
75869
24975
95071
96111
17296
52587
41826
35979
46686
77182
38908
17730
92619
19204
4123
6518
46626
85259
28330
73577
41732
8790
23950
18550
78654
57902
75117
40298
98132
25573
67978
34145
14618
24392
87499
33185
17634
31264
64796
54925
76783
42021
12876
21447
64520
3360
68692
10342
59432
41051
62520
31247
94642
7464
55430
66419
66625
33995
14460
10117
64638
82660
4070
85750
62251
87037
22532
9263
48924
14572
83754
73642
89445
64101
84418
2414
19790
33536
90444
74149
6436
69378
12805
47771
77801
36107
4901
92565
32459
35899
38210
52300
74610
6913
70355
71173
90003
69890
82607
52110
62050
1570
30739
89878
99620
88947
47330
82250
13602
17239
42630
82760
66841
39411
8789
45473
65039
89682
95504
61680
40640
53458
35333
86162
32758
97296
25588
22881
20759
82315
67118
13681
99320
53815
9145
19493
45104
14913
14160
88367
39879
99450
31207
65091
78189
81314
21453
31446
10023
55794
15466
16504
10243
23461
6568
76491
64621
68388
84589
38591
19931
56429
44774
21804
323
55647
53760
9035
45516
26213
25488
24530
69825
48604
59315
95178
96194
62563
47503
60558
15317
3550
33784
78913
15322
66375
16206
40556
88860
77170
23076
6612
6883
77722
70812
46260
91654
56077
82829
49788
24829
98065
79654
89702
42485
36050
22381
70064
29693
66506
45856
5787
59997
23051
67517
86911
93959
88140
637
39721
77893
50669
71450
97202
83442
37896
14674
50653
51397
70582
70756
49580
62535
83099
26647
3359
49158
38224
87001
26507
47234
29451
91973
28659
52804
15821
1022
80422
31727
95752
46552
48437
66958
85226
26806
45422
19437
13354
5389
9625
20996
15438
10952
7951
59310
37175
76773
60850
84312
44874
73404
49006
58772
90683
33376
40650
23725
52216
24094
6634
73941
90479
87555
5956
84219
44733
57658
98108
51544
500
36466
73503
77416
52904
86749
14489
14966
73623
75381
78867
75887
55411
81434
82060
52665
51949
44791
15635
10301
61535
22050
74142
41247
80533
21377
32842
80238
65081
90410
85040
41047
76699
21187
5824
38228
99769
28680
32285
35362
75152
96139
54613
80208
86975
56598
72123
91411
37300
20940
58722
82358
40054
53901
26648
77775
303
81976
44668
94861
90291
37611
72478
12205
16145
9318
78994
37676
32277
32653
59281
71735
1463
43756
66028
58174
15908
85173
9997
11751
7686
99780
42476
59582
91763
93156
98154
68042
34575
77515
95918
23451
82143
44416
73594
14944
49644
1373
93769
74037
54415
11663
20007
85209
36287
79034
67468
97821
14580
41946
84695
1753
59543
90692
36004
85753
37960
95083
22313
2772
65675
52414
41203
2301
61488
42254
41271
850
30238
93486
42391
95250
58812
44883
2516
47500
66620
38907
75499
18162
90820
17962
59757
13068
16505
33103
14014
79465
24970
26597
90570
29809
9238
49877
71967
78933
21180
51513
34155
92680
73565
52539
28275
33831
91248
23804
29484
13971
30306
40433
4858
72224
20807
53736
89955
3013
99457
11016
76975
39636
17068
86134
44319
53956
38308
12948
25222
68873
23508
29796
14120
65286
22300
3658
78382
184
2110
64943
19779
83827
97701
32610
5231
9355
68210
83289
76813
9929
91588
63381
69482
45725
71171
4387
85053
91090
63370
18751
49533
77181
18319
65427
53476
20047
19919
797
10270
10730
52411
52303
37037
16304
90873
99440
35613
42391
13145
16352
2879
42009
49077
34008
56900
45448
82275
85968
20408
83775
67994
87738
39256
75635
27391
49227
88049
38024
21131
73210
97495
19712
24986
77217
77758
15758
49459
41633
4889
21257
69263
49634
66445
50364
23144
84631
85744
71802
57823
80992
89827
91279
16778
56937
82634
61041
51384
78960
12708
59317
99042
7844
51307
22302
90257
46312
30058
60177
86886
46039
82710
9540
6889
83554
78666
80948
62321
29269
35043
45686
79180
13943
97204
71909
35245
95504
74375
85530
24816
54629
73713
26682
38058
22079
35313
94089
75281
99433
88293
76572
42309
13592
43880
22220
35355
82501
97612
28967
71364
918
18736
91488
61214
93403
4894
57990
11094
627
40196
2579
46425
8335
19852
635
21622
74286
47354
67268
21969
79336
5634
12628
21030
11463
33988
62598
54904
58798
22821
35671
23350
21309
26219
40157
82632
28109
67412
6806
3900
53974
80564
99486
53799
92273
85001
60827
7578
30135
83420
12403
99523
13224
67927
6173
68989
32775
50301
5909
2389
194
59499
91400
24633
68400
66761
76047
59711
58484
44748
25945
56016
56606
89931
45569
58927
99408
62172
58783
98378
15773
87019
53114
69564
95117
72790
81723
81020
11358
92968
29309
66533
19173
26864
13728
83939
99762
70301
89500
61847
25297
69816
58259
30183
24429
62462
46943
95301
93231
39801
7851
64314
79588
76794
57406
76559
12764
31893
97681
26840
31471
69848
8674
62398
82266
21673
11713
50663
55463
2812
89544
37795
6635
81070
75815
64694
80360
73248
29597
40413
70195
66003
42755
45247
6256
81629
9090
54450
9977
74694
84133
63622
23389
15042
10825
79186
92006
5770
61744
90009
82259
11001
38677
29016
8355
41952
66170
6191
23379
46022
98238
68042
49471
58720
45290
56299
37477
82921
6794
91286
26215
95486
65881
64409
37614
64824
48789
30645
16172
50695
20433
47469
57402
28744
15081
64778
53664
23619
60336
25448
92403
47299
88838
92289
75256
7346
45286
72052
79591
49873
24827
46546
53354
17
45266
67717
88581
14577
89098
19069
53328
73620
28968
28119
80928
27326
29607
93420
95364
10987
20365
27124
25290
99724
47897
75990
31937
73087
281
63757
38010
31017
87159
8216
89832
11763
66451
39198
93350
80287
83756
14459
29303
28453
7352
85388
265
33070
19252
26195
76275
86508
68629
60744
47261
36308
70812
59804
6399
78905
36007
47754
49218
22406
70565
84317
10082
63320
57730
60152
98037
93878
88832
98246
13605
90157
21862
91935
74393
50412
99186
70099
63282
88217
60363
9302
34321
93999
1554
45000
26710
83733
47350
72448
25123
42971
49798
3380
78526
29203
6241
40679
62742
17578
75017
22160
46653
59650
9686
83523
81012
70605
36551
40575
76708
94568
28724
58963
75272
80850
91455
76781
49833
77095
43752
14593
15105
1021
26656
14770
51808
25530
8821
94272
19757
59408
92108
98958
41668
78263
60428
37838
50686
20453
17399
75788
97102
1772
11476
66516
76040
29680
1063
63073
25724
76227
40643
32387
9344
20735
99190
81611
87211
87584
89858
20694
57566
9595
88971
57364
62781
31967
71148
75348
27643
62087
73764
34542
49108
26040
11822
40620
93395
12765
62991
99509
10452
76317
91529
9624
78084
56022
47500
38962
6628
14264
11627
15709
92589
57984
91212
79797
24973
28687
90969
44167
86479
98183
94452
44824
93561
16578
10056
53519
12879
39246
53242
40576
72053
70537
35294
40310
84881
19093
77926
97436
19535
3000
35285
9225
68606
52498
83378
69734
6711
32668
39224
28860
64830
64698
38090
1407
51394
9820
9348
99249
5182
99095
74477
46132
94466
90490
35112
38928
54027
76272
14633
42877
97742
4370
74340
24622
43925
18470
63330
69146
84416
24760
49645
57704
80877
27155
75179
66902
66578
25243
65063
49606
10374
57098
13162
25030
76095
96326
12425
40218
28311
74876
86072
32424
45640
52731
80540
53920
69750
22799
19390
23814
59500
99640
82428
19422
34110
29862
83353
50802
98989
91731
64565
58499
86122
40574
43255
3177
42802
7391
41734
57321
95415
41100
7895
19346
20319
12775
7777
21428
11013
29793
46956
62238
11006
23536
712
43794
27414
19752
38938
79399
60089
58905
41489
27578
94445
62628
3767
5043
86332
49851
91395
96719
73840
54260
91563
57903
30839
53034
41110
26748
89222
67249
71536
7958
57178
12532
13047
8088
50393
50188
94418
9097
60279
91838
73217
54849
25429
6450
71919
41365
20964
41068
54148
33442
32870
95817
85879
6162
5621
86264
52865
78158
49534
6226
58412
21825
55205
38679
27435
25604
6028
97767
19491
12363
13550
36281
12807
11851
24869
92316
59233
48678
12747
27431
12972
88341
55710
40159
42335
3184
69789
69477
7492
5341
53615
78105
81574
61331
66499
3855
11624
7210
62097
24492
93459
76258
41215
79837
38728
3820
87808
58452
90643
96664
61560
40705
25600
87644
53018
41
31624
82525
41586
72741
44451
60605
94846
9113
61025
35298
54487
28847
8372
25119
13230
67407
79429
71713
63761
18238
53511
23832
78028
90033
35465
65568
55756
58764
44356
88107
37856
4987
65716
9164
89688
69259
77156
70531
37423
41190
61250
59264
82533
73706
58833
15062
51365
28325
15262
2685
40838
37711
51146
73571
27884
94724
55973
9681
28686
84861
9372
17142
65490
43145
5705
50866
25941
16237
49801
5025
30631
3029
88876
57186
48146
56981
1061
27874
95899
85345
4576
77002
3138
80422
17043
96322
80452
28259
93389
21696
38752
96679
20524
82321
34614
39880
24267
56611
75338
89725
12151
80461
63368
52985
69731
63835
28002
59045
36370
57849
85077
40952
71665
71548
94058
95189
14983
25640
12024
48322
34980
1377
18630
32160
70167
57489
22606
67116
70236
5938
79549
55537
88690
345
91959
52039
41451
6208
46680
36876
94716
33071
55989
42845
3892
70086
90657
7762
35562
95304
47852
51155
4111
25095
78853
10523
5538
92969
63968
69287
56994
61588
65106
48859
78302
9947
10105
77810
41832
34693
7161
24831
64169
17110
73249
88517
86926
31900
50764
52463
2687
48600
7300
5677
45872
85095
49728
24651
64529
82253
11854
58416
65536
60349
8652
73584
64671
90342
57520
1326
98271
84189
39368
32402
84795
74595
77084
55395
96642
43764
84655
45409
39692
59820
60484
35713
72141
98805
93980
66790
61256
54673
93726
87416
75131
60032
50512
6564
93688
48175
88962
72144
90931
37821
16138
40537
94071
28011
96457
61899
34804
90144
76781
53692
9843
22390
77840
14213
33034
51396
88541
78430
26762
40905
33746
29013
74069
37234
74497
23467
10638
63080
12753
31627
22665
31289
52642
80488
16577
47553
69038
23250
68584
41333
61002
468
67417
80043
27660
93005
98729
59337
48134
80680
66812
62569
36592
65595
63412
12294
81316
31449
11557
14471
58883
67284
11715
30884
71349
45811
7101
48569
36878
3595
99395
86854
43979
53437
64930
42848
82908
75340
16752
54616
46940
79769
91170
82086
85179
66429
8124
53970
99293
70594
9088
29502
65658
99038
69159
52147
85030
83117
52494
71111
3660
79242
84616
77992
71380
32874
91057
97224
55876
73046
97858
15108
67586
38563
27264
56499
36279
95951
66735
80487
21390
73113
8741
46883
44988
19133
73977
15706
94362
3404
47065
34367
82126
16452
72283
77231
71176
66577
77291
64343
64136
42943
10084
23170
66460
68507
3450
51555
62759
5637
48275
7612
43070
74964
83286
69161
68108
14918
43547
63884
56405
86594
90242
89558
35767
23853
5024
49518
88812
17189
2580
56289
53260
22333
66808
17542
11632
74997
85843
77996
40881
91540
49611
7555
30223
68869
94040
43428
11693
47149
52723
12606
31194
39365
76013
15006
14475
57783
36956
66106
54179
56441
54128
62362
52724
60097
92164
55235
8159
23172
1104
39042
71640
4592
71004
16785
18757
42466
22862
17929
91717
60228
68452
64068
50157
31719
4637
26029
62445
47545
70770
77255
3986
75298
31459
47606
72229
81473
11275
19566
28720
37022
9013
96311
77984
71852
75592
52793
95205
90557
54814
25194
74039
46081
78259
89297
29939
19549
84248
26998
56515
24516
40486
99400
84988
28437
41232
68906
47553
64784
68786
68987
62436
4438
99366
50720
3373
41596
63573
81649
76275
98027
67754
57437
56391
74552
87106
53242
73456
60411
74848
27277
51344
91310
79805
7666
30854
45444
37212
34121
24941
899
23164
84893
87266
17471
4070
39922
86211
70165
23014
94506
18482
27681
58135
3060
94392
46620
8119
77043
1895
17173
69370
50278
18552
72778
54362
55417
38131
76356
81803
95143
47853
50189
85645
91049
11532
65711
97083
67072
19270
32650
77120
315
26727
13329
75625
24485
80720
94017
19797
77423
72061
22175
84425
40981
43647
78125
46881
1040
79368
56745
70977
18584
82246
29379
65769
88339
39014
30264
96967
48030
34042
60879
8134
92886
9301
25104
88260
31684
2898
52604
2625
74083
73717
29261
71763
13743
18793
59338
20695
61772
15337
1479
97121
23088
24090
14135
98037
81262
99413
52879
88111
20704
21027
36057
81468
21584
84672
54481
29387
44195
19650
49440
74878
59746
32403
6194
23066
67751
40538
64374
87102
72864
99129
7346
75281
61571
14607
22496
75156
83279
8028
50952
44566
25658
58597
59643
75398
83548
96334
8010
38659
85335
68708
12673
22288
19970
6717
86020
79107
8176
56214
37604
52988
44866
57340
82461
72723
86438
55975
61199
93226
30249
3392
42264
74434
63328
92260
95242
78281
35887
50496
84270
99280
97589
89404
97012
14331
17492
72820
56918
95762
16736
29761
29480
19445
55172
14071
80766
87436
41483
49223
22043
70811
41905
97765
82896
15925
22503
75332
57913
60520
63997
43613
61424
74966
21007
62254
62829
94244
24463
23551
43707
69098
66315
39871
89943
60651
88634
12142
36263
62655
5960
30708
24789
32780
7771
93006
47591
19380
20002
92713
52477
79463
86201
61798
51654
55736
45627
46974
89086
90254
35557
69215
46088
15441
62979
48501
69156
90244
14329
89700
31278
81138
14384
85488
57267
98848
987
36352
74224
15554
11621
93239
81257
8106
14520
71970
96994
3420
26892
19248
7198
51485
16395
3931
50289
57673
17597
18053
100
38755
93141
23229
31749
82887
93911
6465
96616
2300
36708
45342
32479
53509
63332
92562
98929
13078
814
99347
68538
40580
89559
40520
32222
68597
76244
39061
32043
53943
28494
49876
43210
2188
37858
91358
58433
77091
30289
79466
64201
49890
58411
74540
91239
90175
26451
15423
83978
25614
40943
49501
56096
90101
45550
59242
86068
57467
81686
69489
98376
14367
10057
51302
76395
18020
5971
56011
39607
42922
47603
83278
23305
44632
83235
29391
26526
51413
42246
75744
46567
59927
62414
63941
75689
72658
2182
79738
97907
56530
25378
25236
38973
43780
16034
93184
45209
63278
43101
46119
68857
61023
53071
64691
79677
13281
93473
41995
44502
75563
64978
12474
47356
8211
88287
22126
20329
38497
64212
9693
14832
54462
3087
3073
98109
3307
23245
48804
47723
30990
75475
60567
73308
97384
95643
93884
75800
482
3449
77667
28677
14021
65321
14193
38270
66696
66328
58781
10388
42628
46379
11733
89726
68004
78511
52669
74398
69048
13758
17623
90226
57641
5866
90046
41652
19783
85866
29420
86126
317
56191
68828
69469
96070
1281
32170
32449
36441
25355
45878
21854
85152
61535
15399
61138
62695
56375
75436
55571
40399
48297
15934
30468
18306
5750
56257
95316
33921
624
30889
89684
1688
44550
46969
16083
68979
87725
47591
43320
58955
64140
89916
63226
78649
50084
49559
95903
76587
12506
41425
50255
94548
21763
88827
75381
85373
94571
22851
32018
99289
47265
62902
29181
91223
29411
63
28987
35056
82465
63726
54743
41025
49264
24691
95710
66226
7022
53450
40121
19572
26509
24593
3848
8842
42687
18003
15384
54942
17116
87241
83521
17557
12594
97687
76414
68124
82345
64530
38345
45729
36369
48481
9330
28831
96459
39489
38524
81105
97458
89922
30997
90151
95332
52335
9488
12982
63984
1835
45889
24234
73406
80630
11188
66103
38549
58096
55242
67501
9005
58996
68465
78122
63794
89317
11486
58697
28209
871
31978
73208
84194
53668
67974
55239
27410
89743
39613
25436
68460
33157
76325
47364
44804
30671
64800
4068
80864
93796
3573
77389
29667
97900
68199
34062
55031
43839
15919
22531
96597
9899
85658
46476
96628
99893
46625
27288
17709
90967
38017
50496
40199
49319
44599
13200
27363
97752
79162
7200
63590
81529
54548
66145
24158
36188
9246
39826
31091
90162
79927
40722
82412
52945
35329
94000
46299
35255
82649
39039
8998
48808
46961
63333
72467
59827
31659
34291
90319
94036
19508
58862
49307
5714
64282
19883
50291
91976
21228
82778
4028
22017
52109
69849
95978
87932
1300
62122
79979
92784
82275
82879
93780
64264
98561
21105
47045
82735
36214
55983
9115
56007
95523
67956
19667
50547
55036
4753
93974
80181
12899
99690
44997
7154
55650
48669
50466
26065
4549
77756
97656
70946
21009
80540
71625
94171
90277
27462
82770
93214
62124
60266
43708
67062
75099
12180
8098
52320
52109
75735
41882
46119
30137
85605
63522
45191
11820
80801
71529
79795
2569
88331
93591
40339
34202
82810
16345
89861
37265
74057
53613
42499
67839
9928
3974
2789
34000
24563
8253
14173
58177
59327
87700
40897
32768
38032
21544
86886
39807
4745
79411
22631
48372
83195
93082
81829
15951
17822
45754
44744
98136
51805
12458
9156
63109
11
62285
24407
3382
36148
22
50254
19469
13583
8088
62184
24525
3439
76905
18
62158
66009
41971
68017
20153
25744
94071
6782
97126
71243
1246
47371
73808
41032
47933
6244
98546
16889
85892
60305
22401
31133
69539
53943
92901
98506
90457
55007
52788
60966
32699
51406
53869
29397
49246
90867
6830
17965
75521
8736
80787
76677
64569
14480
14348
67596
83418
15142
20697
90166
67423
37622
70436
58160
95799
33853
27067
23797
16012
45226
12393
41145
94033
50016
48016
91522
73383
70068
80582
24759
76044
51889
58601
41745
769
27643
98911
7086
88982
62704
52686
17604
40596
1930
4405
52178
49510
88354
24069
70482
72581
47503
31808
47243
97951
37003
68684
17123
53891
39030
59860
14322
35532
50772
31836
17074
87368
98961
89086
56882
21027
41413
40358
81001
95925
19667
26630
47047
40324
29643
96951
42727
77431
58767
1741
13505
38201
93459
34901
8317
33670
38973
41166
43842
94453
74156
82529
17324
87970
74934
8158
34267
9463
20041
74932
38856
12470
52306
72269
82355
59942
50108
64580
77175
78935
57009
33284
47775
75731
71196
26462
32242
18468
67694
39526
24778
56156
42047
14635
50531
61156
18445
6353
80782
68805
68384
46573
40805
7821
11406
14716
33689
73598
34457
34592
29639
15385
69206
91192
12905
27682
94058
71707
81640
56304
45517
79505
752
3059
90288
45358
19612
30146
63514
39436
39792
9633
68718
58116
67909
87756
89161
19496
4414
56482
99687
43904
21210
40080
30117
60479
39715
78584
18753
46241
75587
22079
74845
80451
23254
63280
1219
1055
12058
71408
29922
15043
91234
57631
92279
20653
82123
12263
647
18021
22662
98661
64456
72823
96308
18033
24671
66123
15216
66283
11492
42659
11397
38500
53379
88496
89024
47494
59
94129
78145
31329
12489
66826
94187
20147
31647
23741
30555
81363
17933
48071
85365
85755
9825
62009
3673
37999
88523
29873
84149
91950
2393
53109
73044
38676
62690
90220
58900
97865
99102
57337
68405
10890
28338
32821
66478
80466
94378
91239
77145
82564
34110
77666
21966
95288
7767
88571
9422
81664
8555
80166
58486
88469
73923
4620
88851
10307
61406
22123
3732
14766
25871
24490
55835
29343
22466
61623
75886
86767
87132
40704
23722
29198
33663
97546
74359
74448
53612
46897
80214
40854
65187
46300
23894
45620
74279
25500
33126
68964
51869
25281
66374
89895
99090
50329
50070
21299
476
86310
99216
3389
13881
97595
7537
91204
45588
80691
78258
64344
33574
3085
14837
73669
92888
93160
72411
9984
33991
13559
89650
76492
2336
83233
34380
35433
54027
96921
32779
31067
64901
28052
43896
24082
9893
47628
86290
443
68256
43152
75268
52834
98087
3173
16975
10530
62350
85470
81127
41643
74760
33523
77338
90383
95502
19521
94186
37833
33886
22750
83132
5802
17056
20311
55689
12962
93572
72872
3410
99399
91495
20983
15696
79524
51989
56845
45321
99137
50056
12722
98847
47499
83150
3684
72354
92865
94184
62099
46950
5754
30575
56573
40847
2261
26002
57057
34216
58399
68538
97058
55284
97115
94190
83066
2748
98257
50514
9528
4870
30166
29514
43640
96999
51251
65821
93501
23215
96245
2517
51053
5858
9936
71394
41257
44839
94256
63038
65351
56602
20030
10859
80047
4156
1228
4505
27342
13002
10013
30372
2554
19339
5652
15289
55779
63106
27415
49497
90322
47876
33631
46199
96833
20515
82623
60763
42262
89321
75471
72489
1950
23392
57876
8411
19618
78510
91821
82795
61992
43807
53309
77453
41832
24634
18928
46937
45609
38389
939
97062
31768
89221
71189
60818
79908
1037
79996
31390
97177
41047
30277
87894
72376
94369
50804
97967
71599
70063
71380
54569
17178
16831
30403
64211
70933
43449
9949
72909
64668
1700
47332
52041
88994
36182
9545
3019
4714
52868
14841
32240
78950
41303
32615
53674
8618
66752
33586
74537
42731
30818
20082
80598
65657
43117
43845
41913
48918
1035
17712
61786
52562
44755
92980
13668
48325
19612
4847
549
40295
42123
88716
27827
96400
67149
12872
92201
69287
72224
39650
31150
34569
19563
32862
60726
66393
44302
83285
33378
21886
51029
91709
76995
77789
60998
10321
25884
43763
92025
77085
92453
51727
89895
77992
3500
79499
95643
38365
74454
82053
87430
76888
52643
29310
83023
74378
25775
4462
37223
88041
64244
62785
27993
96696
46157
60946
27648
51566
64214
4227
63860
92773
10031
1878
15324
3041
10975
34635
60039
58042
37973
6647
28694
78344
25418
73821
66321
48459
93954
86667
38201
30996
80242
3060
11901
12980
12155
71173
64903
9983
67380
4487
89006
31131
44166
74768
38446
82123
3504
80869
41652
13619
73803
9328
40083
18663
66632
89242
27285
5588
918
15206
98027
7179
84768
85386
80965
64613
9650
54026
8445
1496
50460
94355
10637
91925
73551
54801
66401
3002
82372
78189
53703
31291
44380
88742
36771
19880
51106
15274
29119
79322
12557
88114
9440
78272
76929
75544
31123
88385
74261
52725
55334
73837
82896
47931
19828
5029
44685
9356
21176
64803
61949
83926
30019
77990
5003
66059
90792
43102
61434
92609
87860
77105
24011
70210
92475
90984
15547
7953
65645
69082
30025
40698
59688
37906
76981
76628
25415
79775
29124
12791
3544
50168
47968
66580
36524
34698
54365
91925
86567
83999
17590
65585
96311
67309
8725
14732
35969
31224
10673
12361
16790
28133
54802
80205
18085
24796
77680
45906
3947
6968
16153
37316
47589
22383
16114
16987
20294
14169
39605
32150
71652
21471
9592
55696
4652
71617
24782
86274
67862
19427
12135
86773
39475
31349
25843
97922
51938
48670
42788
2952
42627
676
15408
21768
58595
98075
40309
49600
83285
48552
23128
6691
91714
2832
15334
6258
26583
19042
51163
16185
47069
10877
58305
35176
69702
66399
96144
29996
48771
13548
11860
9962
64243
76343
13164
89015
78005
30416
1199
50167
77278
19530
5833
23728
88038
16775
68643
63338
2141
5283
63040
10213
69692
67994
50819
38935
36757
70199
12590
36897
18700
40410
98182
55660
94143
1380
36690
6661
64449
69794
62562
64467
37956
9300
10221
97841
97492
35545
26962
44204
20641
97369
89824
23194
94901
88558
97073
3669
92996
46160
52305
5971
71456
40092
14780
70531
25548
63840
74149
49222
85481
14853
46164
49800
58444
77722
1671
32474
29488
26649
11289
62157
14760
27288
12255
2348
85165
54958
56655
27222
62805
62175
15260
20023
12389
20966
45500
22179
94205
84639
67978
36302
7153
42894
87111
235
85625
25711
7964
19198
45406
37563
74650
49568
49332
63603
91299
28431
66151
73964
55553
75823
90926
73048
18739
17377
93597
27949
99177
12511
84086
27732
29221
35761
77951
14288
91425
52847
37678
19400
40495
33971
35137
62547
93787
59321
81291
