74120
84860
40294
45769
57270
23739
61119
50350
92305
31942
92768
79643
3698
65545
57234
44435
81060
46836
26599
52529
58655
14740
27696
889
9359
17229
29291
40961
6259
94103
19642
22134
50785
72723
72047
46508
30696
6312
44643
47653
56365
95677
77158
84989
36887
82837
92016
10704
17894
35907
4598
24169
34653
60968
17689
88679
34688
66832
46328
22510
16249
77093
84453
88552
20149
85646
17429
47510
85067
17993
72785
20567
7869
30528
72554
22579
6935
30890
14089
83812
54772
92449
85700
51234
31551
53499
37933
66634
29207
16775
44389
59466
30604
30790
47565
66379
57894
13156
47901
23643
30982
76497
19341
5687
55620
70209
24368
48082
80054
93116
40129
24932
3954
21186
86870
14001
38730
44095
34193
89620
39735
87911
93430
86568
14193
38318
98038
78100
66906
63558
66217
69233
46170
62454
80379
58041
88901
18708
53117
66733
58361
75711
20316
87010
25252
77243
21071
25354
34914
80233
67401
20219
17347
2946
21871
9054
5227
73137
41188
49493
2132
21130
89375
22218
31310
48363
12414
16017
34566
15245
48948
59353
80516
74022
10686
81236
95118
63391
35827
83008
8074
63885
12697
625
49313
96463
47988
25565
8735
80098
51418
42468
23127
40580
7170
74554
60292
62595
62363
43059
95498
33921
91705
22826
88762
80167
19882
22701
12692
84547
12774
13480
89767
99903
15493
39532
74132
95935
95178
61596
70737
74327
30109
61908
34345
8039
94679
25143
19616
15796
36118
4307
26740
57987
60369
64979
84064
13973
33765
55585
58842
39706
41101
96789
33148
43123
30032
19327
21504
66536
78196
68493
740
14211
16049
23641
67565
55687
98465
53587
76839
80560
7955
45158
11242
86920
37214
26505
62105
68131
63475
79556
6628
5720
6699
13725
40014
2365
98623
28958
71881
57758
44343
32997
74940
61401
4698
98312
53958
75609
78596
52834
1661
29740
37750
8543
36783
1763
99462
77408
59402
91143
20407
17323
4887
23922
484
93970
47872
94097
76886
53598
40946
81108
51029
50455
22334
80334
67163
19
23834
23760
71556
66298
17957
80861
92546
88722
39815
30569
87405
75083
58262
82579
49239
68936
27701
29532
93373
17608
64151
85698
36153
57265
32737
73278
78164
61401
24238
24758
96250
47088
39404
68448
43558
51149
10339
17397
61468
20019
86966
37517
63797
58559
20098
78972
20565
90897
47939
34856
99608
82901
27734
21094
44587
85773
50393
23089
49880
66268
43887
31078
1273
22322
44544
99998
84877
76911
57884
61449
91336
89494
36032
46723
96900
40848
95825
66486
97942
94713
93030
53388
70268
98507
70466
35983
7218
99108
44734
51200
85411
72663
40517
13168
13597
1613
12985
15741
87037
19413
56980
27052
64681
48079
69225
6080
85725
39345
79080
18805
33725
21204
92096
94044
60650
54558
53150
24627
35632
73196
51284
86303
12155
82396
78934
67785
40937
83925
11613
15250
17627
22739
73230
6644
98469
45651
91445
85783
8933
16919
56650
96397
68240
81430
19798
98187
44200
20067
34223
76100
27530
96504
32415
61379
91523
384
38019
95908
99683
40574
64079
58320
10665
56541
80591
5460
3454
51988
15272
84189
64990
62933
12412
16274
10577
77139
35309
14093
98425
19182
14809
13047
57699
5213
9827
73727
37791
97782
49330
83735
94093
45756
27635
96716
16237
23110
80506
76384
96953
30600
76390
99173
88815
86849
17794
88791
73669
53248
48807
94071
71937
82835
83743
69088
13441
93101
82020
95880
86228
93203
20167
34197
59052
81092
55821
50425
71339
96291
73684
33547
90714
82082
39507
92355
72249
97037
6559
72114
38160
77007
64874
30908
9028
13829
37093
32243
57766
80126
1286
68529
52325
95723
50245
9073
66051
83049
7073
28747
44453
40967
79168
35563
68676
9526
65523
2476
97505
30541
17879
75478
56086
52982
57176
2512
35239
41785
46704
77956
35159
70178
35694
29871
89366
9361
145
19745
7192
68159
71891
10359
99457
97096
7939
80210
39837
2521
85546
51635
56204
82518
94799
2134
48762
81064
34519
35752
84109
28002
7012
68135
8887
18479
39646
39541
89932
33946
71599
28535
27949
1114
11335
33616
4323
48087
63680
1461
42631
24957
70748
31501
99613
84732
96267
839
11777
13817
89129
13080
72346
9237
94404
58031
71692
88152
9435
24503
67498
14874
88609
67881
21607
69582
66913
80426
22669
49963
83612
61608
48327
39672
76366
84269
72601
38451
82798
79038
97839
26046
1716
31059
10515
87622
23093
34546
69784
65490
47369
86826
98324
34532
55822
84553
70570
7567
30853
4954
48229
46742
57434
13023
77569
20540
61410
49127
78786
74382
17597
6349
55784
18281
45114
21805
31323
48809
95290
76834
38592
66287
61836
47873
43438
38158
70552
67116
16634
89010
53175
54004
60526
28365
98911
4078
66872
99519
69949
65104
82238
70786
90363
26921
31088
45072
97537
71610
38966
22481
66135
84821
29800
80740
92297
39920
14557
83113
10179
69510
96378
69929
27388
81291
21580
76739
33935
21993
1105
19380
86211
75899
87537
47682
3725
51398
89834
30021
52524
53423
6888
71091
86578
97309
2964
31430
86562
50540
71043
59084
38612
46795
3632
2698
27446
91763
57348
70669
72045
45252
73904
5040
67609
9341
56381
84643
69782
19384
36891
56574
71198
76640
78358
73794
57228
41519
75719
64200
1116
28873
26215
95208
40943
5263
17054
29672
76170
72256
83961
60671
59837
2130
36089
38693
2529
55049
4456
65625
83739
8818
24839
43662
47581
81567
2883
51187
16780
39520
18438
72254
57500
46553
84682
21780
42583
50245
56680
16247
97628
8807
463
37261
87012
87849
19184
55433
27809
34964
32949
49272
23999
34090
38866
78858
69036
49315
22612
21722
68436
31618
62197
36796
3492
38771
56338
88066
89296
93571
36404
83404
31793
4764
60938
36426
56070
412
30584
42670
7451
6673
42217
46131
14887
58355
74303
7460
71535
25533
78219
98922
77384
5705
31064
64406
44826
96200
1378
65511
29951
62491
30948
41305
85995
49074
94895
36683
6534
42622
91126
23562
16309
25012
78214
4991
30294
9056
90131
26257
37226
77827
33966
83801
6285
8971
54995
93793
69120
89902
1022
90711
90984
51907
71485
73332
46767
58333
72449
11555
49993
37124
26062
66256
23377
36466
95666
77199
27249
24007
2290
33222
25185
63241
224
18200
3558
32859
90697
31983
69276
96153
93867
12005
6414
57933
37507
43183
97666
46993
23428
89991
10610
58562
51268
38772
27221
48190
86704
19032
53116
4442
73088
81878
75287
47649
80838
49694
31576
47693
41343
8950
62864
19643
54284
90310
37686
23951
79226
77568
60998
54979
44669
53963
78342
80653
94619
9835
40067
48076
42597
88398
68250
11214
89473
26197
27026
18882
32418
20925
96711
77844
15065
63561
92738
36747
1861
89102
16355
35291
52581
77626
63777
25479
14063
47778
16680
22135
10713
9799
76865
13905
50132
16068
24047
18903
86456
2871
96981
68093
62938
6985
84694
73734
98651
62428
89044
17018
54778
16752
43898
24518
68426
5938
62165
50832
11038
53505
81213
58580
99936
4830
7473
75424
50017
3951
21856
65897
75754
53168
89476
66760
46033
26296
50665
9909
41096
1027
97996
66654
95984
8961
12478
25348
1483
63898
53672
35890
7310
47292
43656
63898
55477
65763
48409
81870
33712
61411
96465
42264
70523
405
27523
24503
89068
99516
96293
14550
30341
5011
37453
31947
85194
30836
84724
22697
908
17639
67964
16898
16900
5446
95886
72412
27259
48330
17724
4174
16742
5107
29509
73592
49903
65112
37079
95357
16910
81961
99694
4926
32695
79198
86554
10227
30860
49887
27167
33128
42387
10542
25303
45011
14531
38580
73906
32270
48408
69959
27549
44501
68678
80533
52864
62749
50473
21359
86178
48526
60411
44053
87143
7103
25439
42298
85817
18925
60795
99732
86340
46839
96290
75234
77371
74393
29647
62938
43577
66851
66062
12398
8962
13174
35956
10586
16552
91130
15759
88877
40905
52991
60599
74322
19221
96078
73892
5530
2093
72106
34522
60007
67591
20169
57503
15831
79246
16841
45293
30603
91814
91025
96354
71859
56270
78341
86772
18681
81214
45125
21699
84582
10832
93891
59335
48692
71579
72991
3528
8050
56826
51616
54285
28877
40203
25873
56716
4129
11059
33686
1535
29596
14142
37290
34680
69579
54565
35863
16107
95236
22281
20304
43818
75310
11291
68174
72974
89617
81086
9925
49264
59798
35524
47331
19672
97274
96180
6757
47853
757
83629
26933
56587
44737
54885
53123
75667
42601
75755
66399
56476
36815
42346
30705
34951
6298
82414
48501
21680
4059
99169
50038
48864
24794
25934
61190
42528
44674
743
85175
97096
70149
55426
69561
19765
53805
11006
73616
37496
93089
57859
61777
83403
30544
66312
66906
59136
60
57710
22635
21618
82406
97961
91621
80796
81043
88382
65885
80328
7672
98376
77788
97087
34951
4565
65878
38367
35413
55886
18150
10380
87047
38323
75042
6493
60217
55428
22720
21591
94538
5757
19333
67383
8935
65401
60197
80808
17107
3863
74493
5940
33616
41402
80648
29911
80845
26602
52929
62063
44876
61336
25878
45872
26031
34110
21542
42645
75934
5989
37975
69329
2583
88736
11606
11907
13074
85846
50092
66471
41776
72541
30169
30440
57984
74114
26831
75380
95149
54661
81006
71881
34504
70368
82551
86699
4749
10408
52752
22039
83540
54349
44499
38801
47191
77724
2707
83770
86939
95171
99308
11518
46749
4468
10565
33385
1402
94147
34533
84442
6778
72649
35215
23183
60123
19147
22620
49984
37878
47061
97492
25320
30287
93632
59016
43357
12414
99283
9615
54817
23541
33957
90490
24369
78638
13536
66774
24122
21235
80097
54750
28716
63753
48924
70747
55143
81081
76989
51609
40306
58300
75369
46950
59210
79491
547
66666
69367
57441
75306
43710
77883
72213
29888
79530
43747
86007
50821
44287
30688
86590
14626
13198
84335
6412
81281
87299
26772
62839
84601
45665
96038
35509
30856
1435
23075
30467
57529
13069
32292
79058
59558
88949
72940
49295
41751
35793
40378
6541
59399
54837
1501
2224
10279
70057
73671
65593
78748
84509
37690
40329
12260
56906
30912
28948
76406
95527
50391
76516
48519
7140
41416
86343
49225
97351
52536
15094
50894
60928
68472
27362
84906
28363
83703
61533
45271
53826
59608
21922
22001
58428
93694
83907
47041
73926
96291
63405
53944
23325
59400
59130
2897
99749
22631
23730
78713
76328
77412
71519
63338
50126
37762
40204
74866
54230
85362
46552
83
63951
95813
6429
75044
42517
55171
58776
83637
61067
2196
90293
63088
85489
93148
60248
13050
34754
86372
8201
53848
64397
35059
27869
92047
52078
20860
31358
15524
47849
8656
87863
89570
49442
80500
13213
11993
91579
30317
37949
80707
98123
26328
87326
48227
38263
1398
72499
32807
32496
15236
78368
19276
64138
15753
20005
53632
51252
32105
2956
8386
57496
68823
91627
63174
3440
68071
67895
58644
10211
53088
57733
49744
699
49137
23966
76085
772
30171
76670
80315
41892
51467
26857
48023
61649
76939
64971
55905
50771
37966
94442
2513
49368
55146
91947
16995
35661
13187
28253
34682
73248
4065
26757
78656
24655
25955
19975
12906
27820
4109
29871
25562
6736
36829
44601
17087
90680
23324
83459
54584
10305
26351
53612
62741
61756
37453
35753
21150
11726
9195
87812
10669
76262
16051
63057
6102
49307
19764
67855
935
8258
47282
8087
98698
6281
32222
11941
1415
46771
40736
43264
66246
19152
54640
5959
97427
73944
67493
78553
28154
66597
9925
78913
96498
90634
57179
64573
41238
13907
20070
64745
21934
28858
47757
63213
30156
88003
77105
23648
23090
11477
12987
37879
83154
22454
7573
55341
52941
76929
62293
78129
98492
5030
93011
13319
81101
36095
47803
42300
25413
32875
6078
57258
27300
63753
27907
67171
97127
41938
59483
89693
86214
81330
8850
98651
44317
98949
19393
23220
85928
75211
11329
31779
36136
92487
41178
20426
52674
23258
73145
72387
17255
60534
95968
97668
67790
47618
74839
50382
34524
70986
76640
69939
14150
70399
68392
64097
24782
46578
67482
60719
67721
23112
16621
80707
94081
14811
65054
73950
35574
11726
25944
74405
36063
71082
73167
63981
95502
21593
76557
98401
19602
82654
73732
4691
25302
15695
61314
46301
17638
63025
50370
37618
84754
26767
42174
37831
71595
95670
11234
50807
7723
7375
15933
10455
66961
39001
33329
3927
27113
48483
50953
24657
53771
44068
3946
93650
25722
94551
75458
87170
46828
3286
39133
20530
52905
64273
10807
960
17964
82763
77292
9290
71174
91570
7434
10445
2338
16473
57352
79320
81252
66099
47824
15826
67115
42062
70295
36133
42133
24714
77326
30021
39970
35957
42097
58817
95120
51396
26684
58597
40517
59088
46622
83081
32108
71306
89189
83610
63286
25692
5113
50691
79009
44478
27365
89784
89303
90194
36143
88862
4493
76412
6537
31962
17516
21825
61152
96181
49325
63804
81714
77320
37404
22967
79293
81994
54111
61292
57842
72563
10160
2903
2536
62284
49414
30295
28044
42550
41298
73538
50070
50451
50725
1730
87576
73364
74639
7536
12335
37152
6914
68363
220
65438
36533
42197
55436
2880
86308
39787
15411
30060
29365
37214
82072
49096
30742
60563
43658
22273
26177
91347
43248
79799
50177
92303
77373
73545
77551
28981
21666
75736
48821
27336
3966
3771
22771
76958
11121
16447
46528
67195
82318
52760
25608
12069
67470
46153
13268
34597
73409
75852
9928
86553
4672
92126
14661
70680
15710
21770
70799
76931
34301
91536
26632
13508
13564
52690
24155
44134
39342
31547
48501
94769
4262
35820
96046
92448
93710
52549
43270
49601
32119
26380
83114
89480
61611
88925
93621
42704
24030
83662
49939
56048
80707
28157
92225
14581
4827
40760
816
1345
19976
51721
33161
54304
45728
20956
36938
61891
38524
30415
31982
14652
66160
84853
94283
66644
41685
80006
77013
85452
8962
84551
25056
89774
92634
55441
90691
30255
66910
96929
43863
86851
45667
25563
27614
21597
73566
98043
34081
76322
23676
93242
47826
79241
94926
29178
68016
49169
20034
75951
78537
45246
16141
88361
20730
51314
90564
61154
83537
25860
82697
31616
93332
46464
78562
38407
89978
91707
96390
16542
87638
31217
93233
27261
9813
69148
59927
66512
25533
82643
48117
54410
28469
52989
35907
35210
14020
42384
22853
62978
67889
13291
12865
95946
67977
1868
70283
32416
67424
78926
92155
81273
35214
61923
61601
71337
31515
24298
66703
28299
71701
74829
36788
80461
81437
51450
26600
41820
57955
28860
7171
82663
11494
37525
31113
4338
61309
69466
92608
35290
21843
81387
93442
96383
11213
8270
38541
11699
51751
60295
46936
52414
55677
97525
70049
82571
13670
7179
7969
78899
14106
9738
25504
38596
14548
57752
50501
51597
49458
6176
67878
31849
52377
1190
26334
89893
35254
30564
74908
84240
28415
95461
84472
59646
28760
733
38496
35449
37074
97892
70289
40260
32301
57454
21474
18765
40158
81256
15417
29839
85420
54800
93761
78817
20149
10929
39699
86431
38765
55290
50769
60819
22790
38042
59634
88351
57643
68411
19799
47561
71974
88248
20892
27267
59554
26108
32970
55799
35146
95672
2890
19788
52304
81760
31252
80727
84330
28578
57253
80672
87927
19364
51535
41263
28768
55258
41098
37908
4057
50049
15336
86353
81958
79227
97351
88548
61531
49287
61695
98740
5019
54012
71291
151
35650
85474
39876
72541
42302
71469
83545
4253
59256
15158
86491
45723
59857
33336
96069
52114
27111
50180
64697
28259
36567
94946
83477
58682
55004
85669
45316
19610
62933
86985
2032
98661
40293
91435
41525
81641
97492
67685
69202
29866
29779
66788
46265
49192
46493
72232
13414
82445
80952
13848
81740
11829
87035
94016
91978
37690
56618
7048
31932
65755
96348
88210
23246
42953
26302
21711
82443
31118
45776
32094
93620
1530
85261
3394
66221
45323
91144
54975
14289
22072
73489
817
39589
97402
84343
52937
17226
312
73448
99557
57164
83469
11444
12267
75512
71352
69328
194
56554
53248
60630
28717
76100
2050
44905
51108
32570
54297
70198
96976
41130
50568
2198
21155
6122
50022
44912
6738
5626
78791
91643
23665
7192
52803
44289
89033
75922
92550
27455
64984
8693
62515
42122
36101
86180
12054
20459
87422
59813
45508
22571
59280
32246
4081
98154
45090
30269
8782
58600
76111
94205
62876
10630
21950
19011
40818
64231
56511
56896
70598
97873
67461
2962
38812
33840
46202
17018
8105
55321
79651
74418
84194
70635
88946
62200
87014
1873
25186
46115
30340
77060
53682
32215
36842
40814
51073
97459
35212
29578
26306
56167
78925
61799
60252
50850
19245
54603
66273
7018
52400
18164
4041
10085
62054
13402
72426
64020
9180
59952
72662
76864
4414
11689
27730
60268
82791
26711
63406
87690
81927
68206
45573
12330
94127
4776
8371
22732
18364
45281
72494
40854
85054
43875
48962
85346
66276
62716
1613
51791
15398
55403
31572
22008
6959
28281
46784
99521
90149
55588
60025
99021
32053
26807
15517
78861
7840
23317
85468
51827
55100
99573
48371
84292
95400
57927
47812
12876
83505
57365
67342
10604
55034
60677
74414
64494
43563
34938
38034
32985
64152
6010
27958
64096
94604
46954
35293
27348
29331
76117
78797
39770
26369
73420
58535
61912
93986
19143
28705
58440
27743
69257
18402
32175
47753
2370
77370
91911
14182
83023
68507
84312
73237
96348
67032
2246
49535
38729
18809
83652
8060
1482
79288
1830
36447
84040
58235
3220
12640
44005
95758
13306
99428
16445
11516
88892
85450
3335
618
19431
788
94075
25456
83043
95408
42382
66389
34533
81090
3193
73414
91648
10481
64856
62098
15611
73003
14638
38245
862
74421
14757
78111
34534
53970
57523
45072
35288
15919
20120
15571
16082
92713
18020
4932
31101
3516
82165
52351
1087
7882
15934
82295
22476
51396
56228
37807
60349
89847
28866
85336
66137
55158
23788
55816
78607
68767
7344
34771
80646
95405
3096
4489
41580
36794
50028
5100
4810
84111
40789
55148
82968
80457
24861
48768
44077
32393
33969
26787
74159
1753
7304
83817
33097
34998
61533
6301
74011
66846
97624
71129
89034
6551
22988
37824
75800
5082
27737
78683
90862
60602
80657
96046
40790
42901
14744
62518
89062
94582
324
35042
85526
4228
59108
96171
41715
88714
79037
47826
52556
8164
62640
53492
68713
77923
69143
9484
24219
72893
3470
51781
25102
31764
75310
58746
25148
12865
78452
60429
99227
2301
41569
40640
48278
36172
24859
50163
87866
66022
61328
30554
83174
4835
20762
87674
38022
1634
12318
66177
79513
99959
591
91135
65261
85615
17807
84964
87469
41985
76950
23831
99217
71954
50763
61489
81619
20325
34447
6932
17794
81725
69785
77451
35535
51185
26364
12927
62405
89035
8388
94674
79254
18140
73791
33980
15568
59456
85369
99552
95374
43785
38688
57771
16010
95339
95046
2888
97297
79299
25349
86498
54799
71972
68285
25623
76937
45024
70392
6998
20746
20720
64686
1269
87061
38592
37156
82705
3545
55162
91408
10754
50338
69261
94936
21146
60268
79162
85656
51835
1011
92922
64993
56018
57830
33295
81855
44532
99034
60230
20499
85939
24602
20134
81855
69276
66075
52920
99937
16817
25038
40882
40982
78366
22447
84546
58272
53338
35259
28115
41538
16508
44478
85887
84456
73559
8522
91282
55459
60308
47011
74070
4178
20363
83096
70560
91036
55901
10476
951
17274
80400
72242
20572
73650
16776
25815
10714
16894
39135
44121
25899
53802
48993
2678
3877
32604
32998
13791
19328
79887
55052
40235
62180
51575
57137
71656
39347
82921
67146
73100
65200
97683
39715
17386
55339
62566
69684
90975
267
90324
19195
88236
92502
63892
11292
36351
20000
88739
60658
22410
37965
1412
70352
17365
84773
83208
44953
46414
45523
50377
43160
12735
17497
43728
67229
42936
72756
31798
19701
45227
24808
2824
2341
98519
59560
6115
73634
45084
31588
83103
62127
89838
95087
63977
89556
87396
53067
51688
63448
44207
85588
53760
30427
23048
57702
405
77555
45698
42443
46247
35041
91839
84933
14428
8910
8767
36436
14844
41607
22002
18117
92246
75538
53263
63224
51487
36844
70589
90732
17658
56193
46478
84457
18035
20999
64844
20937
18470
89816
20139
41507
5309
51082
44383
78486
71574
52428
27334
43439
14306
13695
68229
91383
38474
71247
95153
99484
80877
7884
79908
6363
92324
36425
96080
20934
3526
60336
96303
44215
74535
41920
31960
98833
58203
90917
27214
76559
889
46675
34514
21293
20218
18590
37881
55855
67937
23384
95001
55249
44340
33640
43293
28267
65129
41923
76087
31169
39292
3946
55605
34277
42588
448
21836
67593
37510
35238
51217
55973
552
52949
94599
89505
93192
33848
30258
28576
30909
66179
69578
83113
4219
57523
31851
19475
50860
996
41513
50156
82970
93577
59777
13062
85801
51372
15755
74718
18145
98498
84620
41387
29545
21929
60935
80992
36687
15136
77971
69245
8004
85668
88808
26296
98692
63939
28883
82084
99891
27487
82217
65819
6755
65857
72280
29806
68946
90166
65529
78469
25360
89003
99074
3893
94463
90176
62968
43837
12147
92364
80385
67964
5880
10638
92728
38004
5779
20170
21177
82099
66209
10536
53180
78436
62683
29541
33982
16177
89211
74516
26715
26866
35481
73397
49177
81815
95854
54896
33437
1069
82329
74511
69472
79633
64287
77333
85948
52431
48973
51422
98433
10773
69402
53492
85029
72633
39464
93451
84887
44515
27625
58170
56020
312
25661
59670
5235
14597
45081
36045
21339
77572
24644
74172
2740
14126
48956
56909
16858
32893
93878
96497
60494
80893
98081
52854
82056
9198
31307
95717
61831
92632
4414
74811
40456
42508
67331
66305
5013
44179
36934
83978
75860
86902
85273
71624
53985
73128
25011
89356
16086
4308
88369
65816
27046
47006
39964
60963
14953
47705
83851
14536
3281
29957
85791
50251
80572
75554
99468
81034
75074
13109
76408
9051
67022
16054
21532
82247
49354
42740
47047
291
86994
1158
8226
76295
44427
91407
38926
76142
82797
74476
99242
51304
17530
28477
96560
46399
41907
66861
47455
65476
54752
33920
95827
71221
42700
70137
37840
98062
52180
50981
13374
36808
57332
61447
48174
6802
74786
66753
76827
27275
73526
41243
36556
42426
19622
74899
14966
37322
22161
67682
39998
87749
73361
65927
26139
42539
24243
18770
20634
30735
91235
44591
22459
20782
30080
36140
34745
81421
31406
40937
82311
38671
24491
25500
38678
94448
68153
25853
93491
82496
41306
34261
67853
959
11802
34366
23956
80593
54822
98614
5245
81535
21402
50854
73410
41354
46392
82953
15366
22348
2037
62108
15318
7597
30541
88961
52619
96926
21751
15247
92716
46614
78227
36953
93457
13191
19295
7897
1826
56604
841
1273
41725
76273
44127
89534
37847
26511
16930
69970
7642
96003
29081
76876
43980
25625
23266
21246
94544
91322
40707
70075
92070
53055
79359
53859
461
56209
96260
12780
68969
78111
42560
19214
37920
45435
62164
4428
8510
39378
59617
32794
86488
48901
61439
86927
50061
14536
8461
81672
75529
55991
79362
29334
79043
14736
50338
68774
79718
43761
66924
11084
36877
17263
32240
91531
23495
20240
59518
28674
2907
4550
27801
8822
16997
32968
68875
38680
4765
22382
29458
77203
68249
6953
23640
55029
17193
16860
50464
84471
36928
14139
34428
30027
69970
50047
25148
60545
54745
4707
32033
67798
76402
73599
77551
90457
59748
22494
71424
55131
29696
17758
37750
71219
89124
51235
99209
42507
25306
93400
53822
9482
69438
60451
74712
37119
86652
82884
12680
91783
7639
65546
43168
85691
39399
89810
21574
55449
85370
38781
51460
15213
6171
42348
85691
63035
52207
8826
77624
44908
51708
88183
98751
60211
17540
10557
47492
37499
19888
26641
77401
55727
29896
98039
30432
71845
36798
73842
26050
34407
81674
28055
97145
42624
38864
14509
99464
96352
38526
97891
18506
78700
8785
93357
32903
69253
81143
49437
27779
78707
95472
5178
31953
25773
44814
26112
71590
15304
46011
57683
59495
86266
33561
36385
61252
25834
51460
72884
86686
23990
88116
92368
27939
6847
88191
90703
1371
74453
47419
71094
90971
30491
18881
94964
22
34199
17901
60151
17875
57976
53602
25066
890
12804
81034
50447
18664
45661
51099
71061
56995
48720
72918
77430
18311
23194
1672
17488
61214
48758
65587
71006
81998
72039
65351
1106
46572
27967
22442
25489
17806
20074
19671
171
99838
81114
99042
20821
37355
54159
94010
28613
13754
73219
10599
57193
49785
63535
67986
18821
22708
12701
16324
6471
3457
19660
94887
62568
97301
2681
552
79458
77177
39505
68030
89960
14232
66895
39077
32903
51823
24595
1699
35063
73191
7874
91947
94877
26047
17908
61920
44673
49697
67550
95601
77382
44407
80124
83075
61099
76567
65307
94252
82750
76954
34336
15067
27640
63466
91225
76246
27641
29881
20030
12923
57408
54671
20418
14600
90758
53435
51324
89270
96920
4906
29325
7615
58544
87894
75277
82496
93935
36405
95159
84602
61241
58163
11917
42643
35148
95642
43561
99865
37182
9197
18530
17031
2451
49332
79895
81280
21496
70706
29499
27703
21055
38002
16189
8625
37943
77376
28786
63459
81030
67540
99073
84501
18342
82920
99179
56840
70426
35723
79990
44115
3052
45423
87797
75913
66340
76220
71381
6263
21031
93127
81957
6153
82505
14846
22243
57996
86448
49306
73215
68974
19719
1495
62959
41442
59835
62463
5135
92639
61014
64034
27826
64104
25589
95490
73
43686
20680
84075
8815
66226
22854
59904
55663
68335
3979
60560
42802
3795
18991
86248
66409
16358
77667
45634
17651
75684
14506
10362
20907
71741
4178
8417
47218
64571
46863
28843
47412
56739
20434
55075
33049
44852
7371
12287
24267
27629
52824
25550
543
91947
38120
70733
15618
13072
94896
11193
31969
30271
18217
97342
35605
88068
87973
35918
97225
75889
13900
75726
13577
21506
97463
88842
8009
21826
96168
9609
463
35015
42244
14395
45150
93592
32558
79791
41760
84590
27874
21408
5615
36344
46602
47631
87840
95481
27872
39885
28076
941
75393
50575
29948
7209
94090
41220
3953
70047
35026
92354
75022
91201
13348
21340
994
74237
27319
25488
35061
51110
33483
79932
1839
77715
91075
85969
84031
59649
9881
73760
61551
74708
44258
14353
20770
3610
29472
4947
60614
51952
40190
13965
38812
37215
47403
97843
35488
77342
56118
3445
36375
83579
78722
2993
34677
1555
85350
42504
54249
28478
80036
36909
77413
92841
6243
62938
81453
65499
93420
47005
37435
18393
98782
23472
49741
5541
11758
55654
13836
18880
81566
25729
22457
6672
43096
79137
61366
44701
91624
28471
89295
44694
73076
1463
75395
5777
30872
34316
15411
3951
69250
7973
10981
92157
99783
65901
33621
18903
32192
38424
5273
98215
8740
72410
37040
32043
59331
9074
9190
75253
53629
65987
31686
33579
74941
42147
8637
98191
61141
61964
52998
2681
51383
36047
92152
57824
37389
13385
60776
13113
86357
96142
92060
16182
10045
45730
7630
22159
99607
38503
62233
96957
25689
4976
33411
81923
87955
59955
88902
32104
72846
96093
10748
10111
28446
35904
90567
79656
93987
68776
58459
9455
54466
57035
48201
76785
78043
95774
91752
17119
65511
89284
13378
87132
19599
81633
82040
86464
11596
39629
19859
9919
27126
36485
9
7460
73707
3163
84295
96886
26335
30765
82657
92893
72826
91603
84435
32574
75123
44978
43507
59361
58119
16301
59862
30068
27509
27548
28219
50152
64313
17333
98360
68409
59939
67782
77759
70795
86547
86276
32972
79760
18772
98813
23822
8999
82994
19402
1327
77150
21817
36961
56738
81336
82603
46311
15016
34921
95326
36707
65151
95070
33520
84013
92840
58041
1223
55429
63187
23578
41258
72384
14505
44730
37749
55932
22934
64817
61757
42549
70257
65015
3969
15025
30409
72840
2152
91541
45326
14496
53885
17755
91224
39525
17572
64379
24312
69604
43576
95014
25370
68692
19586
15057
41651
15927
18808
91278
23373
30207
99568
74807
75340
80429
85855
77796
61532
47796
42770
30812
7321
99452
4424
38727
42875
59107
46858
15202
59068
99006
75208
73196
42375
9085
50610
51421
96510
27564
7695
51543
29352
65141
10749
42676
83253
64419
69190
79007
74767
86914
29148
77983
95328
29762
27217
85965
8698
95547
78645
15590
36679
71946
31596
78268
13229
15193
67051
12104
81373
21660
30159
62970
36633
9112
55675
51249
4800
59998
47404
88069
97815
48981
73306
5345
68917
46998
40749
37519
50283
49553
89273
27532
40526
26892
23992
42426
88482
99212
89059
71508
5733
90476
54253
2300
35222
12842
12955
40305
55456
97281
38500
29372
87943
25329
8769
21641
60397
83995
55120
97906
51457
68616
89163
81111
40101
23338
88512
84618
90106
99674
2413
74567
36810
94143
26587
3745
33394
70480
49139
68696
69290
96817
93057
64134
75378
26458
46692
48408
29307
51574
92334
29114
57904
24454
37055
11755
24895
39173
30328
30384
82695
74759
670
67332
18943
39354
2990
45709
90177
73967
67351
39914
99281
96466
50008
69224
86766
81012
59287
91220
25876
73578
98939
46731
79788
30702
22343
58637
42769
82659
2900
85103
83071
40503
23625
73232
43929
37025
71354
26372
16343
49641
73562
74188
52779
80135
51198
40294
52782
50563
68847
58304
56204
71804
9195
43144
84745
1188
85017
80511
97198
71496
98664
69773
21172
32206
54051
7758
37388
887
65106
2665
200
69859
70864
3521
44170
46420
20069
59172
83239
87563
64063
19328
72759
44527
84242
94102
35643
50348
52745
30823
98059
10135
11239
90060
24892
27088
63
18690
10539
8704
72652
32577
52841
14146
36782
47853
72002
79102
13602
69221
69739
45584
5596
66297
79176
65991
20036
6809
86007
14090
95434
19433
56828
54325
5319
51536
36074
26625
15633
50288
50027
39009
51899
99088
14668
85224
97767
61332
74952
24841
74857
82254
61488
79894
7993
47310
47795
43018
62100
2325
54800
34818
84368
15367
49781
39301
59962
77375
86930
80005
55790
316
53023
37758
75346
70137
8423
43771
17552
63483
12240
54488
75118
91523
50408
2209
45451
16899
84206
27162
56344
57742
24281
77592
66928
38087
41961
91436
86869
35739
5736
1856
8329
31851
16733
91322
29319
23874
40909
65341
17276
5893
26670
98895
69220
67208
92937
74838
33925
61117
84395
18587
8578
48071
873
63280
96829
4237
64685
9197
36525
38825
15649
32982
5495
47104
75063
80345
76460
42637
18514
79540
9471
3670
46581
70227
29793
41632
12198
26295
51547
20959
11871
89010
61863
64261
31793
2030
10764
95611
70164
7437
32148
33357
82928
24299
28523
97792
22401
41824
57910
23167
74955
67843
47470
8083
17594
55880
58200
44273
85907
6313
4578
43373
61725
32834
47963
63628
19302
38070
80688
20983
3187
47344
22335
13675
38152
85796
46874
73869
82672
10163
24153
39196
49290
9069
3132
42079
62576
46961
21564
24605
94533
44080
64365
77771
79258
19120
42163
65599
23421
65900
10621
93476
20990
49849
28802
26279
30495
3971
79254
48941
1976
66453
54601
51079
39685
83512
63773
73214
332
8563
90403
59337
9902
47760
33488
83774
18378
55392
8545
94340
45896
90516
9096
20038
10057
7276
82001
78724
24168
44429
56630
49316
68269
17675
7738
4294
43918
8359
20934
53236
25218
66353
29375
31128
91236
74542
97376
69992
34432
84980
64985
83037
84413
57139
73412
8354
52999
63982
64415
41863
75096
21063
59851
81620
52738
49528
41760
73083
41051
80829
29291
46022
34790
18608
39589
57104
5274
5484
6993
91216
69649
47155
4017
94255
53583
43211
14950
51259
59661
27939
59970
72788
68001
99443
22795
35011
16588
76481
16719
9323
74303
87200
24703
52983
27179
64563
8745
39795
88420
43728
14294
94871
36529
54431
67996
62
25234
68961
65473
61301
60878
2254
96653
80174
33720
54230
77418
41940
1150
67337
83515
89369
29806
84947
61462
59532
17573
41855
56223
84230
31094
50204
71459
76835
30323
47133
98382
78221
68186
39417
4361
17396
72127
45747
26067
61275
25042
73365
66203
95276
50701
47893
38039
78699
45501
36314
75972
64551
42666
96631
22491
55693
22340
17173
48300
17335
37580
1616
35546
866
9212
33912
3315
76093
83348
22647
63498
14013
92898
83570
43698
40333
89677
64649
43929
14659
1438
29464
85982
98222
29484
11808
38993
16203
32995
50336
80742
9847
73775
13852
45526
92063
40651
63520
57394
31411
84064
95806
97604
37081
84604
24531
30980
43389
94225
41960
73299
5126
56583
115
83544
86372
21376
37182
87637
5446
8165
52287
39365
41160
51602
85735
62708
25033
34746
43287
82587
4698
18456
9035
78870
7026
93396
9786
42852
14975
52751
82006
14202
77976
99723
44526
12581
21422
70265
8499
11834
67712
32864
47256
43483
91469
27399
72274
45001
55555
4639
63199
1601
81175
39248
65795
77684
25102
48255
19949
47846
44248
57272
45624
77827
82940
30526
31085
7481
98094
49580
2982
64310
68574
56007
41774
11647
5770
45538
64228
8457
29619
86541
24893
10648
62029
75195
76873
1042
90159
18543
31694
55679
20843
61763
53937
78080
91448
89300
17716
65352
86538
749
67449
22811
61347
38510
12164
59554
1635
59064
46078
74376
41723
72344
77110
87285
95904
66574
39010
49956
43194
28122
30019
33730
2396
9666
74630
87014
32494
15009
20711
81192
21157
18607
30065
79071
10581
92457
24192
34394
31933
1117
60519
34234
20256
59637
86060
26411
93236
61437
17105
51838
54291
35218
90863
69220
18607
91914
45371
33705
10147
35642
89386
14826
61444
52135
6705
10132
79798
42476
46820
11067
49339
47077
11808
70483
94342
3094
49829
51919
1742
14460
22779
11572
13918
50701
94165
95000
4617
41422
29043
78973
91674
88721
30273
39012
82986
95049
36221
88335
92619
204
50966
92120
25793
29379
6448
98951
71409
36113
33220
91092
15697
95614
29219
77817
50270
25887
74587
24563
70925
59971
9907
31669
75417
70396
55376
33769
75067
8072
44922
59204
92728
38940
49529
6053
26580
41164
56633
67114
81764
39097
99468
71822
13665
36023
49678
7875
24
62394
39140
19848
35327
94141
85086
9991
63874
53038
61724
14702
68443
47417
90892
92583
79104
32335
89713
54614
84631
8947
15359
39375
48356
16354
7683
818
79075
18236
21440
29540
57968
87763
18708
84619
75043
98351
82521
5989
49242
27643
20519
22022
69711
41296
86582
63308
1737
97051
4865
11296
84174
90606
25255
38220
7189
48576
9036
82867
49241
81665
98716
72594
76266
7839
37423
6993
59102
61422
57895
19013
36869
31095
30294
27205
25850
58176
35837
76199
3669
77428
65775
19767
24477
40494
50005
56019
36571
55815
94218
51910
98185
45402
36550
60799
28138
4785
34168
41997
15379
85646
14253
37625
50343
34711
10477
85888
60768
2942
63652
69644
39881
54252
27966
72430
94825
14346
35852
8250
37017
54284
19523
59518
29655
93370
52835
73536
88467
62812
83701
81652
77894
63970
88014
88567
38019
66701
11792
37322
11206
41278
45904
12558
38729
62840
41970
27289
94997
94132
39344
69939
38229
3522
35130
28016
38533
7670
77559
35241
9642
90486
53545
77657
37948
27935
23087
58097
95774
8495
83428
88440
65455
50067
80868
14531
60344
47789
61487
19405
85221
3649
50566
71763
52945
67516
77555
59119
33401
53570
31109
92718
67155
52499
60504
84304
22680
8185
27731
56476
76732
97936
89739
24349
68735
63314
26117
94749
32187
14462
49113
76061
14333
40292
68146
48558
43409
97008
78769
90863
90999
41617
40754
51075
14898
83557
81190
8718
79358
82083
52223
91308
29793
86212
32778
54382
84218
27726
97335
64114
94134
82559
43476
95709
59170
50386
567
94648
87547
93041
55834
59109
57377
57752
69825
97532
28458
42562
58391
10246
52499
52146
51158
51317
10672
83423
42598
35518
82341
19229
79676
724
88013
34532
25828
12386
44055
53407
21146
55237
35729
26292
51793
25572
48253
56075
66838
20333
7168
99836
48879
58125
83065
95225
64669
97099
89039
12597
40673
45825
56835
54672
99163
38552
95044
86209
64397
40255
71521
42463
98366
8265
36441
3051
57082
10432
61454
19613
94615
79049
96856
82889
65170
72886
69686
73326
84280
64193
60864
64923
18273
4460
16216
11646
79574
63954
28414
34027
41843
72809
98530
68261
63528
33271
3477
3340
49497
89582
88568
81859
81221
37286
40534
86044
24132
26037
33710
84355
74154
71245
56872
81668
89832
7090
69288
79961
21009
94550
92000
71636
9530
7475
7584
64741
21051
87077
1097
83913
10898
81985
71392
34544
47143
97718
13310
40489
76969
37951
28035
74508
5911
58721
37962
70019
28572
24231
22584
52054
80305
15000
63406
37842
59494
46898
92511
25493
94204
80933
38011
51512
49897
67086
26761
45241
39806
32238
38067
29956
24037
68615
51675
54110
34372
81779
88620
63854
58879
49600
49803
61417
76890
44204
57612
32024
39579
56441
68065
38183
31726
33677
42829
86540
52226
41384
81591
44850
78929
98083
83482
1410
31165
8482
24441
95213
19573
17333
31888
16536
98231
42193
26021
63717
96719
10341
31294
59002
51678
29180
96108
37072
33526
42703
86724
505
80481
25188
23471
43151
74626
98119
91863
72310
98099
92995
34658
49005
58893
8924
22203
5942
6822
22156
84843
45823
90837
8281
51399
94220
44081
12784
4771
62595
86327
47296
34724
64020
25450
72053
32531
77763
70805
78063
60398
45459
8332
68158
12408
75793
28977
42141
61681
22458
68498
23912
22080
42922
88367
13883
89932
60130
37881
72808
71370
22677
34742
42484
93265
83023
21281
77455
94281
9411
65103
18799
97506
58799
67532
28840
75809
80334
3172
74186
61557
50970
46686
70358
89672
5563
85890
78782
97457
73841
61946
85176
14662
95706
96887
85247
71918
12864
41163
44871
73589
68834
35859
12795
18136
6301
72408
26356
21056
76087
51723
77656
8845
3112
71629
6220
52487
20070
51249
85847
84569
71371
58425
83317
69082
33349
48125
2197
74080
71546
80746
30960
42585
97173
27398
21158
46868
77458
17234
65143
99962
87521
77225
5754
80027
78106
86277
99646
770
62526
56577
48634
69514
3174
93048
99891
1034
72331
98412
89610
50891
87057
51011
97215
80411
90832
78828
98438
27258
53408
49055
17764
43154
81344
36611
53478
58084
71971
74409
37534
96540
77209
23861
6108
80934
75445
37853
14117
58106
13344
39657
80338
35059
473
58874
42599
79710
19686
74664
28878
88046
85180
42308
12655
87116
54024
49340
42127
12907
82616
27293
7363
37274
31976
48786
79599
10418
77164
27882
59103
74799
25271
52088
4960
70620
30182
15476
93596
59559
86253
75455
17841
33843
63163
40355
23853
28652
46348
70105
14248
21526
46955
29060
70846
20830
36482
88059
53960
22066
34688
17348
2069
29420
65605
80636
34282
6249
61069
30323
40659
81368
41846
66452
72676
41742
3280
81858
33458
85079
46977
20701
4743
33479
73906
64260
89509
49678
70041
8661
92026
91721
39491
66384
68220
24789
44414
37625
83362
19103
96704
69596
46527
91351
88984
6411
9820
13219
73455
61347
79728
98192
59514
49933
4158
72227
9407
74944
29516
96109
35842
84227
5979
56061
34283
74416
21160
1871
20853
40885
49726
49378
32725
31124
4725
98664
46437
43498
67691
53974
2188
7340
43325
42075
73036
69037
45315
38318
62728
41820
14629
43232
77648
2410
25534
91344
72266
74954
68716
77213
57695
30993
58384
50934
95103
32573
86280
27277
80401
45778
9350
5291
96604
12895
53773
43869
28843
17024
55080
93867
33984
63996
9383
54249
73784
52078
8566
16487
67478
31713
76252
82499
12175
3828
93869
85342
17842
69149
65548
7308
32914
35305
129
70629
73425
81826
17715
92024
92554
48714
42050
99744
1051
30084
19555
66574
73486
74322
17753
11333
54754
94264
39980
91429
64731
73183
57321
15648
49090
82614
88982
5480
50970
34899
91376
26441
17665
43704
81859
86451
87838
89168
31141
86895
7693
87896
35439
97874
45125
73178
17625
8304
87939
85845
82225
32360
69588
34233
72216
8958
82212
18062
23001
60454
9118
53108
46471
64699
37886
55588
35954
30863
35483
8918
21509
91069
78379
38204
61599
42362
86930
75691
41419
15594
29483
21754
57631
59343
75953
55171
86222
7932
15274
22823
90090
24584
69233
79982
3770
32222
63646
48652
52339
16082
88692
49247
56790
94637
1608
94388
89414
64553
11209
68041
94692
97400
67599
23437
64969
85022
52804
2404
54399
25568
66314
18663
6012
61492
82824
39272
51004
19960
92341
50835
78106
59998
55487
51919
82187
13573
70743
82500
21528
15971
25661
30071
75894
20286
35492
46801
37187
61242
4418
44862
32990
74284
37143
32464
52420
17358
81463
35076
85667
50955
76341
87100
33020
91322
84621
71660
35898
69511
46190
7216
40970
96492
8323
47770
72086
71040
43677
8106
577
19622
36671
26453
40097
73030
14693
32904
83284
60600
58801
53030
70497
49084
10483
17357
27341
53511
38613
44023
89014
14520
42368
41852
79343
93353
59471
71317
16888
91617
48974
38555
99609
90662
30414
64814
92347
52207
53608
58322
54147
66360
6123
57843
91308
57423
8900
41289
32575
72619
97577
85078
39890
71772
30370
33325
49819
11965
28916
36621
41807
85574
67403
38346
72636
4830
18468
3725
26687
2030
47316
68817
79522
51121
8664
43471
26262
2791
82203
22612
75913
43433
15581
97421
6051
74199
5670
16709
77315
66156
76871
16069
24401
43475
9288
73882
75040
50163
67796
75477
12642
53286
13054
73195
33255
52135
77230
16125
1140
30058
5899
27410
83804
44933
91463
40703
1374
26604
84098
91913
24282
82235
37243
30882
95217
52364
7322
43631
71480
64680
30707
80426
632
38010
81720
27299
11622
40639
91519
93441
74298
46138
87274
67431
2062
61476
77689
57553
49173
78336
97448
60893
19349
73165
98150
27271
57922
77044
83188
17965
59225
1665
54069
80273
28054
27855
70872
92733
1010
94332
44159
36480
3836
50108
7148
75703
30515
11273
32615
33191
93149
84823
84654
45222
28743
63046
90522
14201
35514
76368
41737
33176
93302
62467
88365
6638
28718
3305
26065
34269
30367
7426
31043
1662
31886
42195
60099
34277
17821
68024
81862
75843
27882
32501
46119
96902
77733
99946
4619
30363
47947
71205
34543
92180
91779
20401
7601
99716
30869
37067
96279
75750
42690
41718
42367
3518
81924
84293
20517
85239
19906
55253
53898
61676
96368
85309
99271
20354
18625
97022
32878
74642
44778
51188
3833
17509
28405
59343
76210
96824
9502
71835
12286
29278
65742
62394
47143
68453
56849
4756
56164
61136
20438
66501
92039
71588
88867
59989
91619
40479
32434
357
26199
31202
40300
29380
44860
63823
70784
5313
10471
77
45503
95867
29915
15592
56536
53236
430
13782
51979
40261
83926
80437
63980
76459
24304
90639
6902
73887
16909
81887
40618
1443
40090
59950
52739
39479
81354
31766
54966
40044
72450
61256
88139
31184
63680
74088
8562
96424
89321
68726
48677
38300
91310
31592
32952
25131
91450
97458
15999
72512
57979
92328
52381
38012
63434
10554
76772
11763
92121
39454
23821
89299
56568
94860
8021
84990
63299
65922
98195
15384
36236
69736
43026
27548
30944
87534
90095
13066
20281
52753
43441
60411
63520
28220
72991
12469
69820
89259
12930
75225
19899
15435
18169
95066
43292
8350
33299
97352
51639
97562
81261
84138
42858
30481
85959
34411
50016
23243
46501
16779
33120
92271
83007
79094
84240
68033
62117
96785
33251
65605
79379
40336
13126
29153
64397
42373
76259
46113
32919
52116
21904
22964
75956
14146
22200
73588
43961
2027
25411
67523
27852
17138
71748
53457
44734
59347
93887
22361
4131
83924
1013
81003
96938
4219
15373
44773
14845
6457
75713
16026
44759
84068
57890
64308
95932
74946
22249
15030
85690
18977
31899
6906
51770
96995
75736
55610
28003
96695
4257
17130
95723
82339
49155
62626
40122
40221
56868
30745
35614
72793
26313
9612
34469
32989
70082
95007
20666
26896
72338
63098
23775
52336
36158
36341
34179
19075
57010
30094
88704
39622
81418
46455
45491
20513
58660
73741
61433
58971
75456
70722
30787
4521
30192
10460
19318
43010
52930
26807
48706
53103
35559
37317
66172
6782
20063
18614
41369
71221
94211
24178
64330
49987
19439
27555
39887
76338
25162
71248
98009
35577
23283
3172
77601
72046
5450
27054
68030
27097
86904
73633
22790
36163
51195
65467
88101
20749
15346
86786
22035
12029
57890
65610
95029
41619
68163
8980
86546
85723
25834
63185
51536
75611
2931
25860
18154
44491
48010
62917
69393
91300
67383
35873
52317
19633
85092
71615
64493
90530
51179
69822
15810
47360
73729
55545
80565
25691
36730
84653
78704
8734
81463
40721
68752
32772
89267
10788
62069
76036
71621
78469
42275
76968
43730
95995
93208
79708
17203
5781
6666
45889
62175
66892
27324
58177
63765
22212
4317
83324
47368
22865
82270
9569
95814
95671
58734
45209
15335
20489
58260
5054
45807
24787
79815
93545
81440
18260
90541
79752
6271
13666
41263
20910
9312
8401
25813
10212
60241
64559
9539
79581
99521
70278
78575
6632
39243
26949
63614
25406
91139
51128
83323
31771
95611
18131
53267
52970
89170
25166
27631
6105
89786
2730
78959
27308
77636
12850
28480
96717
15690
96892
89818
86433
86137
54511
31672
72917
42298
16191
66068
36023
4699
58707
95262
57793
64702
68136
17305
63857
34269
61646
58003
99316
12025
60912
56255
21088
5118
87025
5649
32225
98228
28786
35573
49003
18405
78096
42124
24750
51814
43274
62820
84712
41539
77504
20178
53204
72972
83255
22159
7136
54006
19641
40045
17596
20079
4409
36212
8142
86402
83668
89789
42915
37795
64211
25577
91616
2647
43725
59935
89750
95107
52745
47874
4884
31728
9025
24427
89302
6680
27971
96391
73372
40816
17713
72783
48533
22545
65512
31328
23066
9604
18813
6327
75287
88426
68643
7211
68996
25669
70858
326
66930
24903
29345
90689
22752
19125
34012
66908
11501
84855
89968
52855
48840
74207
6459
68943
65604
81619
56674
16184
65159
98809
84978
55507
54273
6878
22695
58221
8218
94146
78219
69588
47780
70468
55254
24087
77616
41830
78611
69529
63388
41884
84612
47057
94090
24791
45308
8993
85772
84200
74634
84240
58587
26099
18357
68870
57766
67410
94659
51684
75687
47874
55764
75550
94898
38670
60075
63574
42888
80119
69004
36982
16360
68125
16544
27882
91396
72268
57942
3543
2705
64645
48069
56028
84184
60104
14700
33124
87753
23739
63098
84228
54992
41530
20777
31767
1728
86651
54436
83572
2251
53948
9386
11048
1363
3180
31435
55190
80923
44594
71695
32968
24855
90174
41654
17040
20962
16778
15546
35807
47183
90797
94832
78529
47895
36764
14382
48212
6064
26173
89030
92355
42910
37001
97456
70435
97155
1661
6599
93417
2259
56638
22985
80901
36323
94150
70946
41600
57375
1423
43138
98477
75066
40955
22026
45295
86208
11870
27463
79207
21160
3369
28085
63896
3973
67475
94084
70810
35132
35269
31768
6646
57359
35427
26602
61316
27992
75794
22732
59007
30513
30922
5706
80738
21904
20058
91020
54114
85041
65427
21720
94343
67755
39090
33812
70311
90980
28237
68841
93889
77024
67352
28739
11443
42389
26644
96565
21241
22522
47766
71737
76739
478
49104
84117
86257
36180
10622
42969
47437
5036
19278
47429
4741
25597
30189
83528
67428
96511
23722
95939
18477
12949
47434
28459
16691
55687
24199
63533
89879
98542
64645
31724
11326
3624
56915
72551
27054
36459
98490
822
12486
74230
17382
50674
28663
53187
64237
93972
17443
54233
24320
58741
20689
12190
45518
70645
35657
72746
46448
92856
99602
77878
82932
6730
23461
40979
33833
84195
2350
98328
86659
71750
98175
49715
5740
66595
14353
90528
89512
47485
81048
29847
91139
41157
61537
94336
88121
58949
85067
28130
66305
1049
91711
62936
20183
27639
15501
94597
59620
78255
21220
25055
79853
86734
4430
26342
42805
81981
16678
50232
83952
25382
77463
65597
53797
93014
36402
5981
17726
56894
58283
19122
59087
54675
72049
82392
12961
50518
13064
79072
90842
50094
7109
84036
98027
24785
51109
81461
90966
34818
16554
57040
99513
75892
17715
8847
66715
64076
44567
97659
72210
6660
83614
45247
51407
85900
55164
41752
19207
11371
25387
22889
6910
28228
93316
59660
11570
74324
68377
1282
3905
34135
24978
41099
50777
54698
69346
61520
34778
30283
89829
59165
36745
19452
58616
22349
53204
86663
40085
14942
41437
8060
77194
83044
78181
48917
53173
4665
23670
77306
84926
61522
29644
14912
82673
30605
97185
18285
12598
99142
52085
72279
48335
53224
13783
74250
333
81600
96498
92488
90991
55214
92470
71338
48249
89493
16161
88549
70253
77106
5194
61448
3048
53193
91210
31522
42459
90
20488
8128
77093
6963
26432
78868
36681
7551
52943
71793
8017
75772
33373
39251
35039
81674
14695
48603
19020
41119
487
75512
59615
90264
60387
6145
87915
99146
35824
35295
96293
65239
28512
34856
88225
22171
65935
35462
45352
58086
78853
44118
21656
55972
95401
11468
61304
68792
41859
5683
74966
45992
37068
39730
29088
97233
96021
78250
29243
62938
8880
76157
88803
33351
54142
2313
92159
91300
2326
4753
56064
30497
46191
55804
62166
51869
28650
65430
40655
27867
14399
61461
84237
65970
21923
10871
91587
24928
5011
36135
80684
84926
31039
66366
71719
53166
13334
2662
25139
68304
92745
76025
42691
72853
59967
75240
83743
26155
20949
7383
77559
7831
39183
58790
97507
69121
58208
3275
68412
57225
53490
52667
57137
25143
83762
41287
12103
34800
9275
98563
45041
60549
9149
23042
19623
46693
73962
6781
5990
30610
6621
32082
68356
38961
903
13513
74062
4731
11639
65906
92640
34833
29509
41066
75200
15180
79708
45789
10647
85394
60994
9093
54413
82757
20677
30576
44768
85
36163
56448
78337
20054
63478
81803
38635
77676
50586
85315
30016
71650
15324
20912
36194
4283
66274
97785
53419
22495
76177
17666
53642
33111
98238
17328
89531
40628
65525
29511
98913
31786
12351
93108
87746
84250
54580
327
56255
12492
47645
12215
59950
19931
33124
47082
22551
65419
6874
99212
21095
50774
75301
96700
95156
32259
26084
81671
33646
89720
32129
16940
21630
55622
23986
77790
98718
4995
93067
56424
5237
3766
11747
63114
68109
35114
21473
72034
93938
39077
45444
934
85001
5555
12556
81678
87338
24059
6760
52494
76124
9523
46205
52129
9068
72335
64239
88481
89417
14805
53647
62323
18943
33644
77282
23168
69231
4851
82441
42013
98759
11246
26162
52460
24771
14138
35803
29403
55391
94882
82270
6987
15895
83626
67101
21131
13566
74345
28331
9282
1848
62548
23509
78028
43316
42644
75883
13564
51785
13465
33487
12991
51755
50249
16793
36513
27978
74289
72644
50729
77288
41084
43161
25791
10805
78721
22710
8078
25289
25270
5658
86117
86269
64323
50831
12503
21030
89010
19669
74946
8942
24514
50215
59629
76017
67706
43852
36362
70226
91802
17245
83163
18840
45774
54446
2320
85736
13340
55578
55247
22976
37788
51631
63149
28844
46823
14483
76120
9481
31176
14418
23607
82900
5744
58533
50825
90702
99686
82177
13258
34927
65114
62073
25908
91747
64058
64144
61154
37573
25438
22047
95216
19287
95422
88607
98334
57179
24996
7668
77139
68753
49372
89815
255
93294
7464
36286
75832
27765
35407
24361
30150
29045
89589
12620
53370
68894
87526
67092
92761
66240
31596
20824
69910
62691
38081
37470
14397
27197
19358
28294
42413
18003
55729
57751
91549
78959
85197
95108
24383
41562
96955
20955
12545
3927
43439
43274
89200
69788
64374
67726
62711
20813
13994
74585
74566
32055
55048
43711
43406
87910
93145
48702
43752
25347
43532
22279
15285
42029
92101
37165
97248
2194
15598
33225
63200
90347
9675
60071
42458
88786
51596
32721
73699
49696
86428
55479
3042
55079
31031
52407
39476
62121
81944
73870
48521
84404
75919
19515
7276
34298
48370
63180
38113
79825
11947
42216
93830
36739
46991
82584
71612
75219
88238
91666
98271
20589
53510
32836
70896
35784
79538
8506
70612
88668
4800
82764
30613
60826
48320
56358
55526
17004
45817
51573
97764
45449
54485
1195
74168
12597
96669
50928
94297
41843
49759
11237
31663
28168
30667
48438
85074
54894
60126
40603
76785
29649
53333
21674
32686
52521
86563
79165
88934
30165
509
72540
66767
46288
5587
28039
89242
49651
20185
53795
73975
72359
59940
17406
51832
67781
77456
61151
62446
15756
23229
39215
23503
88253
45979
13406
43514
25526
4250
94068
11409
46026
2212
42421
25988
64922
29542
93840
73743
11730
91081
94180
3289
75490
80127
56560
46749
66039
20601
37365
94950
8438
82262
80169
90804
77108
60245
38587
91995
94389
97707
15359
55914
21375
13776
60181
14665
85754
86196
29434
38267
38886
17519
63562
95139
5433
57910
41135
48899
44724
94122
78091
25216
6784
66122
62623
88545
78986
97384
98230
3447
59961
47353
47281
87702
32072
3814
18767
49024
45220
88480
50168
78307
36547
880
17286
25177
10623
20429
64977
87982
23342
67302
59157
74463
32703
49919
10435
74429
25331
72248
95585
10928
62774
56649
63070
40056
39161
89066
82230
11279
23917
96494
47646
20395
2461
10576
11245
27295
99816
8870
3208
34465
87706
73394
71592
11686
583
96920
15209
49258
67139
37449
52082
76012
73697
83005
1052
33813
20837
50304
37728
18105
69640
57251
77698
83702
84200
43955
21524
9721
85545
75847
32776
26753
17292
93458
44278
42427
11
64249
99302
87628
12718
18239
77147
29997
173
20731
5149
49520
85058
54155
78688
63265
15177
46370
90166
15272
10936
67837
7086
7755
97717
22067
86567
72849
58489
39050
66805
4225
89439
17927
84014
62216
43336
61565
33746
42809
31630
26887
18933
10414
84483
48464
46507
37837
43365
6383
81966
6119
66464
47025
91919
4282
87169
97774
62775
53877
23923
42878
59992
83548
60856
97188
61397
36193
42916
95848
63466
14226
49529
33763
54906
72755
91931
16403
72595
8224
45008
74415
44800
46356
22038
19860
22923
74344
35840
92541
556
83859
72270
13713
32147
37519
66345
86262
54894
18428
74808
41412
87191
72670
9281
35093
84605
59682
80063
83992
75182
6366
91357
33508
19774
63094
81516
78986
94422
77370
71367
6179
94588
4044
79552
13736
95578
55360
17542
2721
32654
17629
70710
29749
32622
63616
37755
93472
5845
84191
10628
88259
9294
41259
1344
71572
42908
62766
95128
97270
68548
91700
90185
42596
74009
68103
76444
20263
39905
40978
43204
60584
46152
10215
1268
38846
88321
49340
35354
72456
45236
82927
60636
98807
69609
26443
88781
2339
54160
23523
74860
91646
76714
96762
1402
66533
5815
29157
56950
75314
31037
681
72502
15407
15825
74430
91524
55589
50022
8981
28275
20690
21487
39094
61884
98137
64722
10561
69721
53683
8012
75702
60221
86820
35195
97553
77295
34185
46283
34029
54977
1324
30464
53929
9137
67770
47677
68999
34395
88812
11696
53713
56152
33537
78586
34423
22680
19149
60638
38355
84376
70794
16772
30478
34687
94893
7211
29467
26459
54004
82249
99201
43219
41179
62240
47318
45640
17933
27712
49094
34541
22008
63346
60467
79072
48505
28808
21078
97508
4919
10143
18500
30140
39531
28142
65773
27110
29437
95470
5437
57234
35850
2181
16005
81694
95201
12848
93492
90511
7821
96397
55774
46478
87756
35459
15103
36316
18175
47374
57209
59028
42010
87882
3640
7292
86267
70076
93047
94630
88311
17688
94364
12841
72208
60882
1054
55895
31523
96996
11399
62587
83357
86489
11924
79570
63566
99220
63449
55299
84213
48000
78785
12347
52539
60372
9971
59433
34397
62626
28529
45267
67168
90557
41850
11251
58697
88453
75887
48242
80836
72657
77011
34720
11426
6295
8011
28077
36608
31642
68005
65062
28898
22673
2389
66351
39646
10768
81721
12153
20981
95189
30
87297
78172
67762
36701
62437
42873
9234
61053
64547
68042
71081
6204
46576
49886
86300
92456
39154
28231
99978
23463
76315
25831
78678
64278
45410
93607
31282
64367
69952
49927
56265
5379
3843
81167
2793
56199
35634
32452
72300
95628
44734
11927
79842
66342
12033
37623
20284
88302
83895
1831
63863
12483
98741
37353
61858
39467
56266
35002
6830
88151
13264
43671
28626
4548
21551
69117
45688
38910
87631
48175
91944
73055
63159
12688
18830
3669
15815
21296
73578
79906
68206
94019
29460
34749
55657
62093
87818
13429
50009
83930
97144
25750
70112
11274
53347
36356
35287
585
68338
85316
10255
66909
50649
4314
27650
38296
22115
97517
72021
38606
14747
40391
83213
51168
86743
45465
41610
90839
93954
68411
19108
66284
59173
78480
55137
64067
8305
28616
96113
37433
56427
4223
36998
29522
26516
60931
68147
20725
30996
83154
84479
50836
98051
98306
6182
36418
660
81595
22605
99977
19550
40607
38592
64308
20775
36649
46793
18791
71888
85683
4335
78607
77111
3345
68841
2515
34125
28955
9597
29001
21845
15913
56410
50150
7701
45046
30286
91117
67197
97543
30213
69609
70225
20869
95103
36918
94708
33861
86636
44505
70355
38633
33126
64559
49803
25664
77451
22659
24440
46568
32566
70361
99867
87604
67321
32520
30886
14184
24761
19557
90631
74113
34790
55578
26800
28178
76470
98773
89183
26409
31229
31580
92175
1776
71690
28703
74457
28079
42049
62694
30856
14286
85392
70121
42104
568
13681
30943
25290
34268
40251
58957
92967
36909
6917
51584
24046
46761
63608
21942
97084
33911
24272
69879
51415
77321
84527
70433
64855
93249
30942
12737
5106
7024
84065
43165
37186
12250
55189
77805
71988
69877
97384
23691
26320
9647
45365
5216
71968
30319
17531
79965
65407
3156
74169
69131
70944
66395
57545
7898
86552
63612
18614
80854
54025
78899
79995
96984
79980
21052
19161
27545
66233
72631
67700
2049
68438
98924
44235
95133
97914
57320
86930
27086
4989
35077
84526
52030
78206
95495
91084
35982
67120
57635
29246
62187
78754
98810
82803
75392
59210
18947
79698
63172
62797
83975
56051
59955
39405
64838
71898
54619
82159
51511
41680
74605
84232
83980
71840
71283
57285
47412
47083
94849
31187
46618
81193
43588
49393
29706
61
15543
49040
21844
64147
6484
42851
64265
40760
46279
81353
33762
76534
45598
61493
4449
26923
67805
30422
36271
38021
72335
44360
25828
12348
47478
85750
26308
59788
91267
51273
40519
82989
14817
46450
34001
79632
66860
17168
75520
17145
23327
95839
33445
3476
28075
44509
12297
46837
23523
29498
12368
46448
74388
30395
73435
95825
65875
17707
65415
42042
59502
61023
59891
89111
60068
28932
4672
52414
42800
54632
74129
80552
82592
75041
6737
51719
43557
96798
14643
63332
72067
712
97173
50966
80744
58164
91038
11168
58970
7080
85414
13191
80456
99911
29877
16270
32130
5147
86083
89201
9221
25054
22623
63707
16494
76165
76587
64260
97680
17706
16772
79146
76129
37044
11968
32202
94862
24613
93808
42363
62031
50560
64421
53384
60598
15092
85071
88200
23648
22378
1888
47516
44910
87431
76815
11684
77261
38718
40600
86526
71281
56182
26528
33980
1217
2258
12983
32096
78315
28515
17590
60055
29400
20871
6952
18096
74586
36251
99013
95096
50402
83301
31417
64499
27503
76151
28484
64024
26400
77696
67802
27817
97963
34549
27466
50446
15910
30199
47740
48589
49058
58049
46004
73768
43447
1873
54099
35860
12922
29328
19548
209
6764
99424
4404
60170
17676
79809
5187
39883
67533
37887
41335
41786
37410
42172
82951
29524
76341
11542
74549
63109
7127
70836
87597
65634
92273
6642
43242
83367
96250
7399
75224
54280
81953
8559
64340
97238
10858
38106
56431
28433
89942
54896
3345
38852
29658
8127
9243
75714
22258
15490
86949
75386
78638
99440
73797
61913
12682
75071
24529
96125
43420
22291
19708
74098
38663
43430
40412
37387
12748
78517
69933
86078
28192
13765
13102
5084
97944
89041
61288
91819
91904
33521
1295
22018
92876
264
57857
16833
34598
87146
59596
56491
89862
31592
78060
96193
66944
29722
2546
81148
66006
21991
84928
35142
46926
12436
54480
2069
65215
7015
9525
16005
50373
92662
67545
2353
59444
73201
50949
70702
43592
2921
46239
48068
74171
28156
51150
94666
86000
37150
28793
91677
98861
30308
70157
56796
10918
55504
60445
73251
82739
33525
72772
83203
32995
72582
75878
6362
9322
30335
22772
2100
42966
5583
21550
73021
93247
26753
20035
74145
52061
27269
4884
51171
43124
2336
35383
63446
13002
71053
35960
29371
78041
37870
45913
41368
20447
41267
2873
97009
37874
98917
77683
52454
15698
51088
76541
70345
9303
17003
8497
75930
48745
85125
50601
99297
72239
13838
3811
20071
52671
74143
28708
93201
41971
21863
50969
26681
14429
96403
86232
96491
79057
24344
91557
64826
22433
22784
67473
42332
58118
4271
12828
44809
69049
82226
14779
91691
61570
57123
87221
94082
90792
86074
83783
21495
57127
95155
79176
13723
73984
90744
57286
26971
14282
72812
77007
27778
48390
8948
51244
4011
92816
84129
89767
90817
76049
90654
77006
53046
50482
6002
69168
17660
54987
33011
29828
53539
79865
89640
43881
688
39822
48728
18407
4246
28833
52212
23796
13331
35367
18014
21267
4298
61594
21141
77111
44376
89813
61214
38086
84853
92066
96945
78328
33321
51946
53212
81855
87849
10828
67320
22560
9837
1033
46950
92671
20495
19291
32709
313
23777
28070
51316
65514
2827
88263
61214
58000
24609
71273
52711
98951
69629
41142
37425
17074
31838
17834
47147
91867
16284
59331
94295
93298
53798
98869
87767
5842
78074
99451
83667
34017
16225
43912
95273
25046
22276
86747
50161
39636
66447
30416
8908
26453
76961
42483
95881
12898
57037
22799
3507
65214
71856
56005
13883
42147
96975
7512
71357
69540
97932
24549
63089
65521
64932
18768
54737
42009
36233
94746
98402
8394
79159
49679
35681
62324
67925
12027
51563
10603
88491
95325
20936
10283
66650
79411
83957
68726
6715
84597
8077
82265
60824
10206
19636
18125
72449
76196
91328
91768
16205
74057
22948
1236
78126
29770
76794
97000
50382
47252
95180
20050
23787
73655
18239
37574
78029
63635
62492
75280
77568
33327
98460
17141
90451
91688
85520
37208
299
94630
66442
2616
99716
66539
82700
69878
49926
68932
57163
57685
99936
83362
69311
53722
51267
36802
74890
71987
37533
3496
57314
72212
78001
32459
2557
21852
2096
8713
10904
99798
64822
92379
7492
12443
81059
78372
41965
43029
90676
30051
39208
24799
15421
94983
77849
19848
95302
15458
96511
16374
39135
73430
93244
52615
41281
77869
58692
10962
27779
77733
56481
57516
19862
28839
46112
11111
59613
56440
61885
65013
41196
26729
32230
13610
38171
74505
88046
90879
15559
17083
39568
97491
66535
44002
90622
79500
25990
28472
28037
66651
6913
44478
47679
15102
53662
58094
10420
68830
