89104
28769
11651
69819
37292
60426
31119
77123
3482
1401
25106
3765
34369
36619
20
10063
42377
95096
87890
59259
15406
84315
84643
5706
66449
88733
45430
58634
1098
27010
83543
77316
2808
15215
42160
884
83608
54901
8332
41606
67604
45759
29879
36553
91730
35765
97889
72659
50413
21931
1441
22705
29218
62537
59350
40873
74849
68535
35465
14606
11619
24676
86382
71839
2650
68915
5001
45757
47780
51811
55566
93542
27833
78010
43905
89491
35940
1101
42843
58314
72335
75822
67566
22433
79158
75539
71616
37392
90398
7135
1619
73009
75710
71663
90277
54263
54555
67011
14579
6760
85106
78150
82904
24921
53615
48924
46740
31620
61018
26184
92743
81064
83697
69367
37117
20126
68656
71756
71556
91923
91789
34057
35064
86951
94272
14423
12159
60448
2175
23890
95600
26763
34921
91891
8815
70865
89976
44155
18867
54386
64473
43417
39849
7617
87352
83769
78033
58940
53716
34250
55270
90214
18033
36553
66940
89794
24045
8623
26849
2062
3690
64628
87525
49850
27050
52190
2518
4484
64409
15946
36036
43185
64836
12117
75812
92713
74119
94184
22992
54096
54916
23550
53931
61885
38960
44756
89347
56345
69351
61260
7503
66869
70048
81405
62071
88296
2107
28506
26322
41444
23734
29821
50474
7348
50239
88176
73853
99604
45124
34488
10461
31757
39686
48575
13879
10187
88236
13404
79409
89597
75796
57985
21452
2089
3076
49313
15720
26985
71070
10588
36103
90438
49682
95112
13385
2831
38222
86334
33719
10998
48305
43294
15068
76263
92765
23775
3885
95046
47914
29399
39306
74884
71511
86660
39612
97502
35035
12565
28126
54258
21402
57367
32696
13374
96915
8576
47846
25911
48342
11474
43831
43363
7411
31148
18545
54579
95309
3411
95186
45793
28206
87000
6674
41346
75764
84487
21412
57287
33449
77259
11867
95606
80688
92001
36841
82400
15419
18327
83107
3359
2362
78752
53376
18990
54478
61688
55520
50981
73947
83823
85033
41647
98779
15891
11789
7145
40656
44894
45992
33242
43857
7257
58917
20970
75878
74188
16927
12064
28047
82627
55653
86331
88190
70046
49015
55885
18309
72213
81645
62607
5642
35654
27607
36357
15287
64317
41599
48368
58285
64350
15147
97673
10425
14034
13054
42304
33695
396
54750
88306
57843
81687
2480
55200
65862
30174
6943
15410
47261
24567
2108
19719
81822
53133
73856
72599
15652
67784
99596
2600
50066
34459
24561
12266
54595
11274
91820
66511
9343
95830
47721
58121
94154
91623
55720
80930
41047
99445
96733
87890
42746
60850
4241
3297
22651
13175
2342
85818
58759
38250
70648
45255
8928
55753
53951
69327
97012
67221
63345
36745
72747
54430
1925
63227
41242
13319
98673
30099
27764
51382
13364
99489
74208
74971
99568
1808
68806
73561
9968
16064
85731
40758
83560
35169
68957
13115
58201
29005
51952
87176
90963
32866
59558
85080
57845
85338
7557
92363
19408
73642
94978
34070
44681
73396
88467
19844
88190
65320
92578
62695
91808
27518
70782
72319
11294
65641
97100
7494
30242
28888
52442
24565
85525
23790
24980
5847
74237
2748
59280
14024
76711
93944
4291
2217
65152
81469
35126
15971
99901
33374
948
37365
50010
64935
80186
11900
19871
50163
63249
81949
28447
56868
13304
76882
70778
46274
82489
29967
48451
42163
47230
56593
49147
75539
80573
98114
15996
97360
68111
61067
55762
60197
39742
55990
89923
23441
88124
72638
87632
66419
63216
20341
77651
94501
37452
8306
25640
86546
27130
63382
7464
7252
34517
99641
10929
10510
57331
27094
95265
60227
79616
57423
24641
28146
9894
97854
61631
2415
64168
59770
87635
47551
20078
58594
83747
25519
49435
88009
57762
4720
11002
95902
51731
35155
77431
43478
58187
91262
4074
65529
50644
36137
63021
74918
14670
60376
50191
48771
6961
70836
19522
12549
60557
86408
74894
32120
72850
63893
86696
40683
99276
45715
70621
20284
89861
49828
90729
48924
27470
46934
95717
43198
98553
24662
39036
48097
96158
72683
97534
52855
957
69558
43149
35505
50723
17892
37557
88650
76741
65293
97945
30989
39497
91052
37288
44931
7877
55931
69935
22877
52063
20011
14920
94682
45971
83293
43503
57973
6579
39040
48277
57775
49768
92327
60174
13716
28855
12390
90533
53581
42879
88905
88560
40097
8735
15409
52158
85448
78357
98732
26956
22318
88512
2928
78231
83233
5863
7732
82219
47895
72562
79946
62490
31774
97462
83613
14761
52001
30799
2019
91108
58836
74341
77247
69330
45341
945
85942
97027
13343
36857
48203
66373
38692
33815
78393
46102
11910
98968
66477
92692
76954
12064
99070
38481
39577
42090
714
77154
96236
82957
63246
57334
77076
27035
20929
84931
91956
82083
27982
27931
87355
34710
29004
46111
84370
31046
41723
56714
90846
30955
76829
42094
52754
88127
26351
28348
37236
75145
10915
89660
62250
27351
68795
34237
66593
87780
21284
65862
15098
49881
71885
42699
72753
40848
78434
24059
57611
94579
90409
25430
87996
55939
64120
99452
5491
75541
56561
56513
11394
97558
49148
85853
99661
47855
95935
31167
39790
58724
9020
90945
90435
66743
13415
69558
45141
50826
50275
56384
46086
11169
61112
88191
90742
68197
31538
9444
6801
46372
96217
30211
88440
77334
12585
85191
24939
97947
16622
2911
42352
89920
7901
55030
51363
93121
22577
53216
31290
99592
42817
85553
23348
58739
70363
6760
98141
78356
13183
24072
46272
84754
75130
20263
20778
47244
17630
58974
76823
13278
49690
85601
55995
34588
54459
85642
32911
75771
49631
29294
48949
10383
27505
58033
98346
1039
49862
52501
58632
15893
19475
52301
20021
85953
27945
33807
6507
80637
8302
71720
6373
56571
42073
60042
77314
3483
30026
77409
49561
3785
79556
65411
22042
16547
30696
35493
30845
50936
38318
4842
71081
68939
18626
34870
42339
37527
93145
88129
40944
54477
25135
93864
22089
83832
93823
71709
38459
56418
99742
91774
18007
88687
83700
37795
56476
86791
36152
68369
61503
7697
98694
89899
31285
99451
73984
69769
38589
48278
32991
96576
16013
26974
80180
57185
71543
8280
15935
58046
3895
94772
29290
45574
30172
41233
85284
41842
44176
54176
6070
77400
56934
15744
42947
86621
9120
79336
35680
97480
8345
12132
50798
86385
16885
567
39696
81560
74307
67359
95501
85266
39821
91157
41316
91933
34684
41459
23975
91029
78666
99473
71894
17664
75077
11848
49464
74979
36541
67351
39096
35000
4363
17924
16570
46839
86621
13946
45656
42544
95170
40304
11902
57851
14383
85483
18750
12039
5099
23674
50673
11407
44157
89215
61899
97739
7184
26509
69754
64258
28129
8844
4794
36924
32741
94105
71735
74742
633
41451
30465
30415
68647
66897
93029
70271
32177
20055
78638
81000
222
34568
3127
77284
38206
35405
31275
32318
58364
61203
64315
81628
94239
41674
65404
39898
83388
50313
73051
17522
45628
17743
52253
97207
60006
421
89847
16930
85097
88256
76518
75395
92935
91810
46348
44377
47745
6144
61673
84540
72027
30494
5746
10007
86700
74037
24784
50484
67205
53847
35735
31888
73787
86186
56097
78861
65011
61808
56391
58790
55689
58728
83195
75037
91132
48460
44805
4016
27865
12635
30552
56235
58307
18385
16688
15127
71708
21299
44139
30863
32627
52071
97537
69043
10474
58047
24993
23605
76994
27990
66345
82833
51333
11251
57473
55482
27152
6923
62933
2128
15739
10627
17294
35181
17319
81298
5835
25662
84322
12837
29601
46191
21594
97021
16620
30175
6364
77171
22161
93555
59943
56027
84114
83590
74578
64486
56684
72862
73911
75201
1201
48442
45403
29179
44509
92167
50042
96100
69591
690
42868
90609
93926
95320
72174
66877
72141
46617
24870
46409
21221
23498
74455
6851
72469
23050
24292
33636
12368
8652
29541
3507
74956
54004
52396
64808
39770
98589
13107
9483
81095
99254
30467
63259
70606
32109
27907
36810
64055
46627
55739
43173
29584
54784
71332
2898
89287
27103
67567
79986
25505
55818
75886
77638
28826
44448
42787
33774
83481
30323
77539
12267
22895
41038
34598
99110
53037
55635
42861
99530
70335
95907
84081
60269
17960
71671
43716
89132
731
44011
24198
53876
43251
63002
9287
31068
28496
66981
68403
42575
58926
73900
16959
31401
92516
81727
86479
43895
84214
9230
26113
84256
99640
77565
83673
39618
90239
32915
59434
60661
21893
41298
56510
49677
89817
7521
76035
11931
18849
24068
51986
65650
23053
17069
79612
50663
68025
97708
94963
10065
7967
46530
2066
58096
1398
11219
47466
14923
75851
56762
37418
6321
86458
79126
4459
21505
95209
22626
80117
15877
79617
33539
82065
6681
30378
45434
93613
10698
46498
69113
60133
72601
99642
39058
4532
11390
5934
42379
78838
92490
82622
64686
86105
8164
45709
22109
91488
39861
43509
39107
15763
93952
45509
80805
77895
18057
57497
72535
54149
41526
93428
72203
48698
21938
11165
18116
41371
70734
89299
25672
69106
79363
35629
13140
71433
34899
96563
47722
28498
61837
20915
62918
82960
75406
89249
1262
5862
71237
33550
23175
74714
90735
63139
53732
52870
88801
97434
43738
25595
1636
66265
7279
33906
80443
27501
2288
44944
27712
53407
38434
3028
60492
65077
34448
66145
81877
21927
51043
47715
85265
3996
52080
93248
64025
81089
12779
89020
9802
35078
55129
24200
86021
58965
3107
70409
59253
54704
70854
50528
47344
20037
21383
17500
65911
81488
42053
77624
56504
70734
58887
73105
71603
51289
84980
69353
32505
80837
82785
65361
81295
26325
48164
42647
87475
60987
61704
91659
69590
16235
666
95055
77063
50682
62847
61723
96241
12120
15336
96875
33466
92231
51902
29350
86156
63319
40312
72906
50449
86528
88363
74937
4951
62523
3553
27066
29715
7933
68194
96206
16226
47345
27439
93872
5130
47601
55534
69064
38782
1921
5407
58220
91649
10184
58668
915
85058
93356
9823
31032
72518
15464
430
86567
36036
87244
72882
67527
75369
98162
69430
14852
37436
81080
41130
49368
97755
13183
60662
23221
35524
70399
46764
50737
46832
60004
6358
71663
18457
84106
85199
29990
65085
93488
51630
48528
43546
51740
17212
2673
50681
48907
56519
10946
80104
63091
8879
18873
607
71319
46653
30423
16837
46470
22516
35725
28010
4912
76959
89516
58868
1510
78186
11912
67960
74093
97261
71944
20222
6463
50723
43660
57960
2590
52217
90491
84075
96149
58593
33865
12571
12462
46118
95073
92453
41097
92986
88981
75893
40479
39275
31999
5912
30772
52149
75506
82940
86706
5681
41378
55348
50344
40682
30285
32056
6879
53808
31204
75433
34164
14054
92154
57233
71478
25814
75272
39657
66846
64132
62523
9172
58310
27455
77979
72777
47528
96180
37016
12750
88692
77853
8915
90143
30605
94231
24646
31758
55616
15441
6929
47013
73186
8896
50434
92039
98374
44079
74496
46868
13463
48276
73012
96619
28920
58814
25557
14474
22326
98058
13391
43152
30182
92597
48143
54180
85856
48652
53357
29935
89048
87839
29110
22691
28405
68468
38868
31519
92623
70295
573
58219
68490
17487
56789
62366
11050
98188
19937
57951
63761
88701
49353
75464
71676
35710
4201
33446
39735
86830
87284
34813
56792
59102
34566
3241
55295
54213
77924
42783
83207
73585
6098
4337
61193
83865
35249
64305
29230
28877
92850
21165
43983
52751
13852
20472
32715
18299
25750
1194
37828
19712
20785
28253
54582
58547
73973
61368
40405
10521
68199
20489
21314
40834
14388
66827
84233
35989
99676
5672
61435
88358
28317
68599
32035
63493
44187
73574
75078
29936
40169
563
540
77608
35639
20692
23750
25153
77465
58583
52651
53970
27759
50435
82259
49485
61462
47197
56894
20521
2634
54343
96866
92346
90902
39394
42272
49314
23034
69557
84354
64673
43384
20806
2899
1192
17307
50116
75419
39052
59300
5575
725
85173
73554
21808
85742
51414
72621
85834
82396
79959
54351
9778
52889
21741
11120
26386
6971
31660
5037
18600
53330
49171
69397
74342
88541
61477
55887
5267
44745
68568
44938
44431
79943
75718
17635
58867
88840
26049
38701
85430
10295
51908
25664
61325
9268
18052
20768
64234
45769
14661
76297
54629
29162
90857
54324
54840
59694
92067
46569
38147
676
96650
88129
59889
43444
24873
1782
34002
28148
81043
8681
807
47683
91795
54064
79708
54374
90754
57978
82927
28476
95314
28832
15823
64255
31975
14730
25055
83098
34022
11259
762
71297
30149
79579
96081
64722
95169
19903
3984
40327
22191
83862
82238
6292
73450
76434
81635
83299
65835
58673
21316
18377
25335
18888
35593
78084
70834
55051
87584
41108
80433
85115
23995
57396
86605
58220
84084
6260
99507
26002
23824
44371
52665
12040
38017
82046
94891
28412
9350
22399
11683
15866
38733
5124
42615
5620
34905
8270
56237
71083
70911
64146
62537
56956
18825
77968
98470
52426
7645
28557
48899
95331
85720
53231
6901
65010
97684
19572
98459
86785
3433
87504
91695
92649
70288
21889
5304
42808
90466
72592
51004
82557
25406
8327
53778
58226
68746
22185
96725
52743
32561
39858
88213
7591
51947
30797
84872
16073
61786
43756
26974
49590
37712
72327
61522
3025
31182
33876
11836
32712
18728
36607
15843
63670
25828
65382
99056
91378
46401
80468
24509
16471
5044
69912
90669
14129
10957
61889
17237
19105
54200
27192
45176
88173
82016
35962
21968
95495
62830
11088
74536
98360
57775
6669
47847
98921
45395
81284
78278
19374
88721
49316
66627
87408
46441
49841
56686
78133
98498
16671
14528
85741
8145
22797
97196
69660
94331
84092
22190
40959
46225
74347
93632
87165
10298
65041
53803
75275
69072
12822
27801
47452
8864
86317
41769
61891
88020
85234
55133
15175
38158
79004
46
16962
40298
65023
62015
6101
87974
22242
82062
35948
55230
54488
70375
58377
35407
97692
47315
28560
33150
70862
98062
65999
5009
49604
8725
41095
98330
64271
36222
41339
46932
1932
39362
29012
40358
5411
12245
72142
31941
46143
62967
44771
13591
12234
20578
67282
87057
58532
62499
79020
32961
19809
50854
34746
2184
89373
22731
74894
48735
62844
37749
36165
96698
27105
57312
19254
66954
65803
54546
78298
57085
7911
96106
26168
22688
71254
23477
86059
64836
66589
58784
35570
91486
16579
41864
95380
27433
9386
67437
61165
60838
1069
75557
31418
69635
98642
82412
77309
8058
7659
6073
34765
62768
70287
22765
46046
9374
24465
27620
19496
64204
52186
74989
91094
97977
51047
12022
39918
65176
11361
40801
53016
21012
11253
49363
31020
56979
6320
78763
50589
96793
71865
36208
38140
96644
98315
8450
42026
97364
91885
35475
41021
53549
52431
41807
86446
20053
46147
96822
78589
45913
78518
81994
70498
44108
42794
45379
73169
17135
76049
58208
22409
77291
98152
93369
92057
49371
61101
36272
25007
78599
82559
16133
39935
36235
26769
92616
29004
73239
24842
75274
43350
69839
70940
84940
22144
38867
60286
56185
74556
40633
18601
10800
11798
91349
84204
15353
74650
93530
20076
57848
63362
26395
73435
29439
39904
2987
32531
50942
34661
13026
20399
6006
90892
23552
31175
71116
45445
4268
13159
64697
31233
96470
78442
80925
53175
47835
73432
57459
19794
66406
39897
74400
75223
26803
45141
74437
77718
5743
40682
81652
4236
98843
86248
21248
26834
2736
17996
63437
26343
29468
98519
8902
38069
48810
75435
81869
63138
98432
15137
85901
26933
80610
40586
22539
83266
82579
16480
71259
36948
70908
95208
69743
8854
82437
71
2282
27518
44289
62974
4947
33879
90086
93635
14469
95658
4121
77437
21443
52520
92360
55228
76425
6711
82353
54066
26717
93942
19009
35826
81797
9166
15830
61764
60978
56919
84517
194
34809
17572
29848
26290
76706
37644
29839
67167
73530
3126
97863
98486
80515
45696
92152
46491
56204
49516
84729
3686
70843
24744
47870
71230
78278
59128
41153
85359
32001
22882
30399
83499
78481
59542
66041
40763
29663
89432
25946
9088
5801
5675
60665
48010
22738
59612
48276
58611
38362
15368
97692
75577
20200
72267
80432
75671
87107
17510
55330
73792
73248
90316
21078
1047
45270
35785
52488
87821
79245
69456
70700
88407
18709
11679
73105
69132
71635
39121
18463
40440
65174
32256
51296
23680
64424
42772
16827
98195
13312
12205
78779
69992
13908
22185
97902
82522
97675
24178
26537
10749
32177
15015
51273
66075
17155
95333
34580
13552
51594
55826
15070
63774
92965
44743
50216
21326
41599
9079
51746
88420
5664
25280
47505
51997
47104
12716
60908
92968
19285
47844
13984
12702
94253
79122
84052
82847
73911
38034
4423
36331
32700
24853
93364
72217
52972
58449
52343
79191
50706
97256
54634
97887
53353
90386
74345
40082
62536
1066
95220
16469
88824
55187
87346
22820
90215
73477
10737
439
55317
89912
4268
96432
35692
21611
4326
75069
72140
81970
78675
75216
47076
12218
33494
40184
39677
64889
31685
76796
44752
64695
53001
90356
93848
88403
97409
98052
33762
55860
98021
74262
22081
48077
80104
58931
60894
67435
88375
99134
68012
82910
83743
16300
57017
47841
7787
80611
60001
91496
89930
68878
80765
58182
74287
64475
80633
65944
81522
11314
93315
3762
51860
90130
34430
44323
89088
53929
24438
46023
29836
18255
68943
41353
37215
15744
93686
34099
81292
35572
82265
3796
61085
16541
31410
84588
16203
29213
94654
4407
25033
87937
22380
97843
33441
99837
66961
62128
80630
37125
69401
5108
56105
36998
63128
48264
16983
16927
24830
85058
54878
3391
86216
84815
96192
55580
13939
6589
2817
84941
89964
70722
50411
81285
20259
91629
24337
91788
44190
48647
2256
37916
2474
41765
64849
41365
83660
56045
15306
14493
58133
259
75717
17432
96148
22319
57081
1311
97413
95820
16084
80224
94567
4591
28698
98547
8300
25618
75111
54836
69449
88700
99728
31169
52717
21999
57544
18129
44399
70254
70910
9199
96671
50601
59108
32530
41407
66183
9258
41819
25675
52814
60265
7787
13875
9585
98524
61918
50953
60343
3112
80935
88950
6468
74652
39912
41383
63846
6707
21071
91748
77118
46838
5544
59137
19497
61215
2915
61358
47914
18041
63843
4073
46902
80003
85600
55571
43420
25683
70906
61568
51951
42903
93722
20264
80113
3638
67366
6522
11358
76629
60545
25489
46801
70742
46845
90302
75703
9947
6014
72708
20494
53257
29868
44579
97786
88359
46676
8908
11492
4869
18268
51092
99567
27641
30369
95844
473
82244
7055
71372
15498
77811
70780
920
56124
19042
74849
50714
36006
54044
59638
93863
42119
46237
20553
29374
89644
97560
13979
29059
45118
81844
5175
61514
51531
4849
2192
3662
91727
44937
14965
18465
9694
58545
35092
18302
68785
12574
75848
45690
26891
1125
52352
86361
33095
71739
91886
12701
26912
27003
49449
92249
28316
21542
62848
76804
97878
17732
73946
79369
94375
95368
96271
91163
8656
13842
21532
9958
18694
90702
20519
53665
17818
92186
32624
67807
7460
82150
54288
6596
93675
44787
39089
74197
64020
43773
53290
2248
39941
90069
5525
77339
10197
45383
17614
64448
99954
15163
58218
61846
52686
80567
88370
90067
20774
14113
29402
23645
10448
15681
28067
25016
67297
90277
19465
46489
54233
57695
60137
84793
29836
5577
77747
42278
23981
80681
33960
97844
95352
39247
22865
5744
23516
77499
85915
23380
46980
17819
62290
26902
50817
75090
88121
28188
68374
77365
87428
65450
83135
27406
62386
21916
19774
92740
15146
10671
40067
67922
77488
55705
3832
3283
51876
22009
44135
69631
33112
75785
42440
54286
68684
22192
35242
64028
52296
37940
35997
62406
22325
60716
68858
70896
61752
60564
13968
73288
94732
80090
75532
41317
59163
73173
19076
80938
81881
16725
75872
26503
10813
74101
17125
34462
36860
15789
83103
73795
26276
91620
51915
78396
5906
85475
49022
75656
9264
33669
32246
61436
29743
41034
22907
59592
79516
44203
43120
24729
27170
44007
92380
44439
92829
21788
85712
41646
21430
66450
76053
17035
92128
97809
57299
13692
34573
95347
352
60218
36429
21331
90723
63234
77733
42053
49412
62558
41416
53375
6226
36547
22292
49877
79376
26996
71724
3011
67357
65859
66637
64067
55262
38871
51504
79678
38538
9802
85947
25407
12178
72489
69284
96739
96076
26687
72707
35629
14779
47115
17330
46134
24796
28173
69732
12225
77422
69344
52863
75052
15263
90689
61079
25411
2512
95117
14376
91215
34564
3721
74000
30444
41194
64827
14312
35128
5924
90102
94173
75591
80308
75571
18574
24563
6466
95354
65316
2352
7692
77728
25833
90910
3403
20362
98374
61367
18013
58864
58782
80841
96853
36509
7552
35934
87387
75091
58061
70998
51873
99435
487
24214
65443
37978
73777
36314
25946
32815
65193
93542
93597
27448
71422
95770
63156
92005
89392
77603
69499
23076
52451
846
25680
91947
6527
56024
69465
15253
56872
32834
30549
23875
60756
80032
95581
61252
87310
17999
27894
13775
63239
40262
14454
72269
76787
19078
89680
42580
62183
48619
99678
37229
78157
27749
37034
68727
19681
85760
52281
51525
42188
80798
57300
73122
51034
84519
68468
25141
57882
15383
87978
41215
42737
88054
53129
25057
55356
91428
81
15739
95232
39699
90488
52527
88239
95759
7670
80836
85626
29496
24685
57447
44909
69104
18707
45611
1900
43824
24414
23089
31816
45461
35563
30947
22141
19448
79499
57146
42219
7995
28619
84991
25839
2238
54910
84814
48382
8466
69065
77015
9790
19909
98571
7551
6400
78652
40582
63971
92093
447
67790
29948
59884
46029
77965
2910
7806
32464
42353
85274
23190
78412
6419
53252
37096
84273
30853
38895
55853
61745
26679
84627
17376
22251
3621
29521
72056
74340
36545
55885
93539
19959
47064
65530
8955
38212
42948
16852
93639
55140
95214
26311
45009
12509
78205
85069
38239
16272
88127
14068
16177
65008
97299
27325
9686
94605
23377
29633
89770
65358
72087
89486
11472
56606
15057
97711
44488
9181
20899
1770
29358
90743
18038
43331
71791
57905
68957
62398
92776
59295
72098
22018
47100
35315
53458
81592
41714
37169
43362
93043
41897
92029
11101
54153
45145
90550
98667
25024
65960
73244
72415
29732
23077
908
19997
37460
89924
2380
73126
95068
54455
28418
58529
55101
18981
28191
69576
21545
39593
44697
38636
71819
27402
13750
74118
14083
90802
71044
67068
98799
98670
2181
55692
30629
96161
17576
5431
252
46629
17427
10125
32779
83711
47708
96049
28617
75294
23063
9768
90036
4719
13385
42596
18893
85056
39836
33735
5376
18063
51371
74774
73857
18350
86781
68381
56978
17686
94734
55481
97377
29413
62793
485
974
71958
94930
43460
60907
56859
8927
80903
72476
6777
56583
69660
40573
77503
63347
17972
54947
3044
80657
3183
16986
1341
67623
25607
83982
45880
88964
36405
92710
35801
34098
42883
56490
66478
12392
9135
43781
71600
95708
31097
13317
16281
34678
53802
44031
83676
86879
69057
95792
67589
16376
76986
76671
9454
9639
17853
96126
49179
94252
27361
54670
98420
85906
79131
45058
32092
72930
21735
14300
51666
23953
95217
69844
89539
81241
40961
21591
4906
34981
26497
69484
79014
15749
29996
8722
62038
49698
57844
25381
30483
91147
22032
37567
98474
16110
9088
18843
98965
46627
84767
87957
56085
32930
34884
74029
45965
59701
79061
97290
28446
40296
65577
90427
68539
44060
27607
50584
95560
71611
38112
23112
16564
99237
35254
43292
54704
94953
93544
17464
96235
55376
27883
56722
77131
61652
76422
15347
44970
14382
82042
8346
68203
18220
94732
50176
63063
45504
73265
31414
63225
34038
79445
21962
68914
43966
65255
27209
47897
66055
74308
27294
90035
11821
11199
32152
10474
57353
76010
33546
40750
4903
20420
16204
17605
31637
39167
63391
82800
67447
38860
81774
32795
62295
88134
78608
90560
77721
9943
98857
22778
28557
98635
71536
56385
11550
91759
87948
43494
84199
1029
28599
85708
49413
38696
36133
26849
60520
85238
6685
21432
76131
26302
46406
60933
42115
22343
37309
88916
97020
42587
15906
23558
11390
9903
43987
40233
95207
43024
31216
91026
55794
87659
734
28122
51181
66584
63687
24978
77960
60132
48158
75780
62281
54906
78368
83976
93661
99982
12694
0
81257
37766
27639
92401
23006
28165
91819
85854
29259
69204
20362
18466
620
63727
40354
60330
84960
4266
52439
2829
80121
6910
35237
88809
70861
98196
21794
83355
14793
48397
40511
54233
78500
74955
73324
83312
27825
95072
89211
84214
73039
90865
64508
92171
20475
47814
95208
91985
50373
86993
86682
20677
42752
76600
58743
93081
35186
93697
92366
16495
86347
30169
63963
85364
61907
76032
15653
87990
69212
25013
98375
42627
64439
7130
69548
70048
78050
66436
91219
57475
17759
89121
25522
13230
78784
33893
40663
2153
89917
36723
26282
73306
32200
43429
6254
97315
65880
2169
45414
48184
46210
89816
15764
71387
26471
31043
29244
33910
63046
27356
12328
17588
90097
25742
91013
82845
38845
78010
81802
18765
33683
14464
65304
47
90403
49222
60477
92411
78393
86536
72179
74345
40583
24124
58502
59984
8834
48704
50386
96608
38377
96515
99402
9816
75648
75500
91189
91973
47451
11755
14899
5432
54229
54875
41118
95939
4513
36912
83948
22928
60215
42754
84336
54557
97616
64342
54240
52056
30221
37094
70161
1874
30321
80140
44638
92899
93008
19248
74568
60187
65759
93035
88695
75616
41578
35992
10239
11753
11524
53110
75294
36726
5849
74556
29729
51529
22624
91898
32870
93573
95884
56615
9469
95169
13218
26828
1255
23657
19588
47053
84960
27730
88108
16335
19098
92568
41684
75467
61182
4790
66354
52301
55991
48096
31362
28489
32938
57152
31227
44667
78269
81644
26627
14905
49273
58305
92830
2103
90570
95358
56162
17527
29507
56351
1606
27595
54942
43475
65401
11336
80993
77597
26446
9097
1949
19044
51093
15133
63983
2423
15333
32718
43529
35617
46710
92783
12075
64132
31435
50241
9899
24725
67532
18210
97972
62068
59377
1746
83818
19399
58075
66787
66987
9554
43997
52189
30481
47541
1399
73356
96501
72097
99363
34791
93517
32312
37896
90525
50070
42176
53324
77629
99469
16836
8455
9090
13494
70760
51442
55545
12224
34022
87966
20625
28672
84778
32770
27230
68153
33510
2316
17546
66398
62131
22872
37465
80110
52869
48638
18039
18302
82569
30406
88800
64884
95005
21910
54603
15
87436
91148
35636
85796
4805
95304
79973
16644
49368
7937
65056
8601
2732
64375
64363
52687
89023
68136
4121
42863
39003
51164
72657
40038
20114
58907
64125
22117
26806
8159
84050
62914
22934
46404
96630
7771
67289
62043
38547
12731
14032
4286
29782
69460
24828
18878
7876
91500
41948
63192
66458
26005
28176
92070
95424
26324
36527
38193
37353
32644
45889
740
95209
88211
99706
4700
19828
22665
86388
91324
91887
92392
18759
47326
3061
70095
54568
60611
6920
65113
5019
27946
16882
69923
18294
87039
47702
49387
28340
85963
31160
46644
71827
93130
33542
54981
16907
15642
34530
1969
70027
40335
85325
33905
61105
19107
31857
75726
52805
59307
20843
87675
38707
32229
54259
71806
89315
60013
98985
6703
40151
92046
29022
14329
60352
41525
30940
926
58109
85506
85651
62360
10578
30168
51617
50745
33697
48020
48861
80595
61543
72858
57473
67828
29493
60426
63249
650
58153
10130
67724
6212
9
59517
68622
9113
96892
18281
38303
79137
43845
96470
34748
16737
79580
92730
17792
68868
61835
54930
19950
72005
76866
60083
5950
746
67863
6303
50785
34250
90493
88530
75251
89358
87456
62396
38877
37141
26171
90537
34019
40978
61366
79772
56400
61552
32031
11002
14236
78134
48419
92483
47928
2566
26954
58779
59766
37055
92652
8998
45047
65026
76724
23059
20018
60817
98031
96335
84030
87603
37681
98554
9917
40981
19108
29879
53541
42251
33134
29052
40427
28627
69918
24394
5198
6842
95122
87222
77502
48472
14665
15430
86183
95127
17600
14455
93854
5105
80683
94939
91238
87639
54513
63008
12991
49614
14852
7179
66253
24179
27324
6340
12768
66528
12368
96011
53541
11750
82544
54344
52008
68442
73953
20352
48708
85900
21206
84228
5961
77170
16935
51651
54409
18148
14545
88223
53919
8193
43050
45213
66812
43503
78815
74486
54607
51359
74764
14059
45648
74990
85174
44309
97162
98663
74473
51066
2819
60167
78826
10364
16233
79865
42136
11051
70586
95839
51203
10715
16624
36946
34088
15600
15495
43456
3465
5621
33773
92661
47078
64812
77285
82645
90234
48128
79543
56037
54292
40471
91031
9801
84815
45539
5233
48104
73873
83959
96238
34412
1181
31095
36518
7237
81781
64808
18978
41549
25007
99558
76876
18982
21074
10645
90390
7520
86894
13071
31203
18198
47638
83131
11030
90712
33499
8703
6325
52612
82470
42636
3385
41165
62673
54808
96149
30462
19138
21193
31265
83992
20709
98893
96546
51830
10341
6759
59511
95826
83943
93828
76546
44064
18980
79691
32081
88536
96545
42802
9065
63185
86892
78157
93742
7209
62324
16226
22225
60161
84261
63192
10039
12837
75039
22926
30017
59113
1235
30888
10941
96367
35994
52291
91241
25670
3409
60522
81183
88076
8180
27649
90145
95059
72598
37887
96354
31202
39994
78873
85583
47282
48978
35768
97305
69401
90065
45868
88767
64484
98575
14939
94364
83484
47737
26386
36874
82315
84465
1500
30066
15353
98185
26224
79122
82095
5880
70404
59721
24124
76823
2656
66050
39477
88539
80846
53562
44983
1967
46701
21391
36169
84013
24196
52616
75325
68505
65747
49659
469
65689
773
55711
65154
83669
69763
73711
18599
84615
56194
90934
96636
22879
70876
22141
35439
97718
32348
38287
2468
90765
83187
36582
66301
69154
71175
9364
76693
13933
32683
86639
52455
59485
96714
79705
17548
57674
59933
87979
9728
50903
76604
89310
23686
35398
66001
25654
30434
64311
74280
38284
26980
92383
2947
6646
27845
63233
93385
7733
70057
30763
41054
24058
26309
20656
99694
17589
90842
36573
7907
13628
88639
91066
66679
94325
62781
82016
56163
84737
69715
89041
81653
27876
12826
24056
18944
47477
89315
50014
18573
81310
60061
17670
7600
31472
65234
97254
28565
7047
50801
87938
76057
85237
62342
66727
10038
46286
31269
40128
48662
62672
60422
44632
38920
27916
97739
77486
14479
44469
74397
13838
55512
59748
20915
76657
59428
81670
56596
9747
46500
60547
19828
845
56547
40363
6075
96751
15741
43070
53635
93948
66765
5272
36640
68705
59491
62040
35290
7091
32725
24076
95701
89348
92396
57691
44466
69538
52064
36334
10382
14796
83294
604
64424
85714
99717
49008
51776
86632
86256
24057
51451
42150
48237
62094
86723
75711
82764
13628
94475
87900
46708
2125
82481
31445
4431
80054
74780
35787
94598
32926
19908
11813
75271
32070
44240
51173
66786
88890
94267
45221
2003
39442
19696
23348
97978
16261
35669
51751
55879
92587
64772
1246
61008
30604
66131
88788
50789
30763
45301
68322
19994
98249
97530
3313
57059
98935
90353
92217
28575
41019
56942
96059
64299
57438
96679
66616
60504
75409
51384
23148
58390
73913
24838
41035
46735
17438
96129
46582
13456
64875
82402
50649
11554
95939
41652
28868
87319
45441
65263
89988
74080
80137
7871
27005
69339
93329
85731
8903
68554
20294
7889
36835
60735
60540
45624
29592
39027
64853
91741
60333
61942
781
31623
82757
23584
35232
29686
89331
46470
78073
48333
6488
32361
18167
19056
52704
42472
25470
37801
41269
56821
32760
8901
49086
29381
17958
26299
21369
2433
46151
60653
38768
23386
6595
48423
37562
41881
46356
24068
59121
79060
64562
37551
21739
84157
26170
94343
27927
54453
49498
69468
1878
53693
63131
46326
77012
12941
51371
31894
32577
93405
17415
37012
19601
62176
26498
78918
87852
23953
98964
53282
70546
62854
15521
76730
36943
74241
78500
71303
77527
10566
21368
90913
81470
70822
60612
73866
74742
42265
69089
10922
60582
5131
83977
35445
59876
85101
37885
37833
65679
75276
40018
60660
24555
71615
74170
82674
65369
27961
4395
93651
77266
74559
53070
87547
77473
70708
10405
46340
54138
60559
23034
2142
76379
76782
1825
8150
51869
33988
77385
76436
23062
92718
56484
73470
51503
46371
52208
46842
74781
68521
30945
57649
82079
34628
97165
26063
9650
33994
1140
74119
15732
2066
35498
33876
57779
52395
70243
16058
6385
91305
14042
33226
76087
7514
90173
7076
2131
96854
6488
6167
19471
89397
35388
76196
72495
98554
69548
32385
49799
51949
13476
77881
56887
2663
52071
63408
48516
53222
4675
6852
10675
38657
60547
21776
19493
79061
61041
76810
86666
5757
47365
940
20067
43840
34063
87984
50392
18308
75485
28628
31219
53249
89961
40221
88311
69713
49987
96375
36032
1603
19062
37882
17272
93646
97049
17673
69939
24739
95476
71956
60488
19771
53261
54686
51181
71279
84462
98809
69262
25575
8469
70892
39529
39594
60664
75830
80617
56788
52530
73261
9916
89126
73935
89567
43923
52470
82064
2746
99895
13127
75611
92167
59810
90612
546
92048
78721
42694
89358
49698
10020
64037
85063
33486
46782
55627
99107
14890
84640
44820
33450
56021
53485
47250
64802
23703
71737
58045
61499
22854
195
44199
44568
27749
65676
66349
83288
58535
52210
61129
97665
2737
13358
16228
85257
77630
30694
16746
33984
70428
47216
44470
63901
83699
32357
64108
78179
64966
68893
8453
30191
1074
47692
45733
18273
2387
17976
38376
30085
47462
65014
42811
89149
53705
53857
74312
97996
62815
35286
89449
40226
2544
53550
72221
27391
89804
18073
83640
67782
80144
28915
58228
73312
19169
3462
38470
34953
43382
8732
2220
79931
28754
2271
57186
75988
11470
39824
27443
19399
77237
65696
11341
20445
19433
95853
47693
46437
57860
90460
3737
53087
93145
3696
58061
80417
16088
65157
30061
27556
47024
25388
73978
20590
66702
40387
31200
51708
20548
69359
38347
90732
65606
59001
63673
33029
87853
19522
99275
79107
75198
91396
73077
52515
17861
16487
89237
2887
7578
17213
34368
1158
55142
87835
20600
51411
41471
1524
10618
6024
85007
63091
87411
5424
35763
91092
1779
76014
47679
11936
70841
25389
53855
91908
50478
86148
41272
85997
69198
69541
24716
67906
17665
16931
26781
71933
96745
26878
92265
90471
18291
76365
51891
20431
91535
23142
99170
88487
87101
83020
90627
3388
24221
68854
98762
10672
34025
86040
75350
79509
51839
27409
84242
51559
31829
95568
55639
75815
79121
8259
95055
6640
89585
41405
61396
17912
21316
1955
92087
61733
44412
11444
53757
76041
6267
79091
48708
27611
18122
54034
59203
78995
31625
91613
16175
50306
14688
47391
13466
70796
89172
28693
83989
87491
35574
38702
74806
16577
11221
72155
10485
63873
35091
8121
79025
50427
46261
85911
44464
34427
51124
94470
46371
43548
42449
4061
39591
31942
24518
3686
57448
29664
45943
15433
1696
74260
16103
40690
1886
7679
806
77217
94849
46609
73832
49007
56803
83751
52529
75960
499
27394
6445
14537
26010
48323
45852
32070
42847
89094
88874
40120
63559
90520
11069
60114
80692
78295
42503
52895
22382
87557
34332
5482
92223
63527
79645
58218
98967
9248
70195
62983
25872
73573
37879
30317
78284
5341
61133
46860
81147
96375
76881
19625
7545
97992
11114
46181
51796
20639
71932
74280
74283
19879
11546
58154
22865
54681
35703
66494
46897
54650
56381
635
44940
17400
64759
38600
16478
77149
19433
87267
94910
50606
14783
92782
86340
27171
1091
73398
5
53986
65960
25090
85241
43418
60388
89780
71326
7161
14298
50911
59989
18058
32917
79622
18186
44335
55793
98156
92242
5047
26994
7102
59949
96317
90360
19545
7242
21405
74507
57753
49258
39634
24432
22367
88988
99889
44510
50462
47528
68092
47114
28482
71783
92100
56478
3869
64751
1246
95560
58543
7693
99360
99566
73138
94923
68921
22624
81184
31985
61866
96358
42913
41831
77893
14392
41204
33977
58272
94605
37017
57811
64438
76970
98297
75660
25371
66236
85619
97663
8441
641
31076
39699
73195
28001
93906
66013
3030
51194
60725
53980
67327
49944
38019
83106
22413
76164
21782
26066
75548
72659
43996
45988
9819
87584
4858
96390
17699
65300
17661
64541
10196
96384
74624
36425
74733
9325
21139
30630
78568
87179
68334
17870
25712
90278
36210
95420
66207
42743
62136
47084
4857
27319
39992
9759
34495
31150
888
23962
34448
14249
80847
99117
84226
98025
39925
62545
30297
94552
61897
63883
64738
89399
31422
68493
21263
76723
72067
20956
64432
32566
5774
60268
54537
65818
60164
70791
84117
50296
94855
15020
40183
89279
79677
12820
24249
52448
63321
96593
14884
54789
12392
73135
67194
226
98874
93084
97267
95876
94378
68292
6834
8421
18796
6036
12835
33378
9586
87456
61779
16100
83516
44001
49484
5274
96826
62582
45004
47816
49822
76971
6433
58425
38979
46263
73059
37583
40820
27487
61549
65563
47002
6104
79801
58792
92678
48170
90776
92818
31863
21231
85995
25876
20105
18107
13474
85247
8443
75062
47790
36678
7482
38469
96484
37686
29903
2470
50096
33987
31713
88314
76595
27198
44937
18781
63611
28995
67377
99632
12478
27982
35751
94808
91987
67981
98372
91039
43629
27409
18387
83577
88340
43294
5696
8129
51874
82626
41375
78689
94679
27970
94358
34513
94329
19248
44008
9174
15499
40153
67519
62316
74569
29147
58101
54814
67133
60851
90495
62578
49281
55092
85943
83074
23442
64308
97380
26213
49166
71648
1832
51244
64714
39024
76294
89479
75505
55414
22126
94088
71581
27151
91622
28192
18443
73308
99286
42598
78783
11882
17200
73142
16179
9581
7067
1590
59901
75659
68859
30291
12956
31349
41342
44042
12318
43985
7269
76226
86482
36754
68621
50679
22020
62537
96153
16402
73531
82677
60350
18675
3531
83253
55402
82321
15095
78623
56402
89752
14951
63657
51735
60657
8673
67492
46484
70143
3335
456
34343
78501
80589
48394
56217
2758
83030
32107
48972
47844
13386
27114
40064
80778
30614
75706
27106
97093
16896
69742
46353
24877
97252
60400
97070
12513
51824
39761
24031
78096
16473
10042
7264
84148
56888
24769
50024
76249
62245
65624
30451
45020
13614
59488
28049
33678
52308
53851
60426
98488
21314
31806
50700
49464
46506
7141
76947
44073
11998
74944
39155
31649
65768
59435
43365
16051
70823
50396
51980
27253
69990
66389
83843
83837
24507
7546
12516
19908
93849
40380
80919
16044
26770
39636
8790
93470
79180
18219
31994
82380
80478
74838
64323
25045
51720
34015
55304
50983
4013
94590
80441
71966
89326
65127
82510
36074
12803
33308
49487
34959
79416
49923
58686
20839
62947
61459
28868
63682
43806
25768
13591
97613
12485
27990
49893
2768
1165
27545
27519
40498
55134
81707
19813
7447
95759
54479
79114
16649
16285
65323
28388
21620
90471
10034
2130
64427
11593
38463
41162
96745
11315
41342
72030
29842
55046
99812
74570
78392
3114
22495
55517
34201
37103
97223
72610
48709
13726
80532
37066
1405
69370
330
33719
14199
23673
21839
74791
69054
30329
96253
28091
1302
80609
45490
21123
98718
96661
93828
33929
74222
51573
51987
82934
41536
97235
76503
28740
93131
42863
67768
45826
69834
23312
8605
19453
45531
26689
89564
42481
98371
91718
86639
24364
43662
99034
48968
67003
47381
86247
7643
6900
29241
82432
14138
52382
45003
11006
80350
73697
81070
71989
31872
83878
83732
88339
8712
65034
52932
98997
89725
57957
46717
76293
61339
12433
22581
47155
78115
31609
56731
41167
92748
45855
42298
84641
35319
19466
51902
45957
22432
95723
85681
59110
25968
16490
5246
86742
82416
73042
48823
21511
29336
45077
56082
35561
90469
413
89454
25856
31880
51057
90131
89953
59995
42784
83608
72746
69456
82476
79262
84731
47010
31894
66233
86549
92940
39267
3694
27917
38872
33992
39352
83916
56335
36855
88101
68710
65775
97253
72094
3958
99484
76247
10371
89650
5261
4585
10676
64528
28007
38778
79181
1909
25831
80471
16041
11029
248
9315
85415
94349
69924
1984
73098
40824
9991
94749
89146
91313
46783
72252
80392
35462
13248
77279
92462
25014
80773
69870
83349
91079
64225
11591
97360
14438
21683
1218
90246
76316
80823
53024
8621
49545
89272
17360
57906
49279
60004
32797
8565
32190
42617
8056
28144
73799
31259
99165
94232
84224
35687
49348
99645
24547
39041
99687
88396
55043
91242
235
28211
37148
89166
63341
76004
91509
28153
56554
36723
67797
63562
39338
81081
87679
2143
90827
22299
972
18704
8774
69925
100
36920
46079
99888
40216
37453
30190
46019
84639
67153
17221
59541
74666
65409
55422
59504
8038
49482
49091
753
22286
82172
21817
74924
91499
8983
77545
70253
39241
28226
56588
43481
33238
59226
11891
6099
79898
86663
21713
75642
60430
95755
99141
15408
94202
79987
11783
19189
81327
65680
85294
96210
62430
65503
47292
55057
21875
15652
80359
50793
46897
62614
29701
75768
20651
88243
69203
96969
80477
24724
97762
14550
44901
41468
92671
59975
47265
51690
71357
56183
92517
95085
76672
48247
56025
58519
22377
97676
40621
82570
48185
4980
9146
18256
56100
20422
919
76423
32532
52695
58484
34456
26839
43449
1303
93992
88454
94430
68592
82792
73458
92410
75547
20167
21485
80391
39186
97640
54418
99681
87724
59982
81715
90673
96726
43635
78173
62952
21197
60984
99178
15265
5109
31639
96450
63913
15576
91220
86031
30170
19166
14738
43772
82498
72838
67970
90280
36675
18975
26421
17517
75892
26117
1779
60136
24293
39771
47780
15877
77376
51553
20300
39592
73322
39122
32948
83001
65288
4765
65091
74093
34591
29822
68204
69838
72628
3801
59648
53095
60914
1074
32964
81549
297
38187
60605
3149
51635
51163
89160
97230
66131
19527
90406
85859
93303
21184
10868
68176
92092
82682
99385
37077
95088
1764
5593
55036
38706
69768
96711
4603
82454
20832
77911
98855
49508
74355
47568
44693
22272
28651
79937
43886
55877
30004
52651
23630
5963
91476
97531
87673
51815
81249
95995
87771
73905
52963
25086
7354
22433
89992
36474
67419
26355
44637
22163
86637
59434
20688
20401
7381
62192
10239
23507
93207
3610
41788
50653
82175
77546
85056
24589
91849
70383
61800
36780
28147
81192
59825
62655
92188
46693
23116
51389
44281
58990
45726
16251
65140
51453
67638
72707
55937
13542
8331
98212
6239
60567
13138
11106
9639
18106
37849
26478
87765
24503
82051
84720
56336
71606
10144
23744
52631
45187
1480
79477
79209
29130
50325
3893
42481
35330
48762
49771
2285
74502
95267
57974
46777
17502
34826
57405
97373
3388
4947
81601
45968
68834
2085
68075
96167
24546
82150
8453
44733
89629
20081
89445
85793
9868
70806
85315
73495
50813
95023
43
4108
89909
315
97358
97274
212
34041
14547
38515
6839
51298
35147
19501
58294
13314
49122
92971
17101
4021
31793
56612
78360
52827
57041
33491
1432
96599
16778
30650
85970
79210
34953
35187
72823
27238
15312
27604
35742
98514
88615
2942
43276
3770
74288
94947
16118
41039
96024
99249
62398
88546
2858
58879
75353
58040
19613
52019
2129
37515
15150
14382
65030
55806
58984
29077
64271
83322
10623
33373
50590
57033
86589
64721
2562
93838
66772
72035
44230
51743
88338
90125
24310
50145
19186
71618
41442
94911
76494
26455
42075
8486
562
77383
379
25567
75373
94567
20161
8841
43361
30855
70425
58163
61689
25793
15067
96244
6618
9890
99498
66695
74706
5138
81212
9606
48973
46338
85145
94593
36775
10416
32220
81179
76828
37370
26646
32034
25594
59197
3666
70825
9784
99464
39220
43715
49984
28642
90779
89086
35783
50901
8517
49466
49726
1589
31506
1317
15905
17297
3808
60500
23596
80917
76149
46208
17230
