22770
54716
92078
49950
80555
60467
40522
77307
18915
95614
86132
78584
4230
43742
41722
70891
32988
52652
7783
28002
22131
54820
98689
32673
68628
78701
92466
16438
16824
92870
29027
67323
83124
50639
73444
92231
54607
23281
98217
36753
73108
62891
57551
47074
96803
25754
34524
39861
49505
65188
7523
27054
98960
66881
21383
56661
81210
69446
94999
21038
70055
45871
99448
45526
42350
46057
69120
73211
8711
33593
2910
2616
12191
74764
68728
17804
70917
25628
51404
53078
20897
28604
632
2479
40420
71617
77685
83396
891
75532
87389
83471
88573
60344
9293
3025
84932
26140
25734
72270
73752
27774
30158
71332
13414
94357
37299
2537
29200
23001
29295
833
48319
22953
4999
48025
58547
45688
68942
15043
97659
16661
17415
90350
47007
35349
21928
99105
49082
75679
15449
67988
48582
72948
21627
34186
93264
36249
15845
71279
2826
61987
65002
3530
50399
74590
83703
76320
46945
51738
49720
74373
61886
64178
67866
1855
12529
9978
69867
2073
30741
97924
38718
44736
77108
31375
6122
63742
67710
3790
98770
89136
65621
82448
18527
12262
48677
52656
15978
63031
11857
4603
22134
11295
45513
954
56601
65750
67159
16219
38139
14925
49432
29504
46104
98856
19752
58596
73760
95731
95318
17989
87485
93570
63543
35251
68532
69545
73238
50771
5348
43284
50281
67984
7084
73860
11710
80223
14889
91751
43381
66605
14717
79250
78183
68071
86411
4478
40964
19301
61471
51997
34331
50901
15467
63287
79314
86880
85643
17317
28469
15899
37802
73225
98699
46667
14078
40296
98372
92533
63822
68326
18670
54946
51091
66492
33415
79660
59420
13527
38285
40744
75308
91600
31665
83280
27839
27524
55818
42635
23306
97808
64550
98907
77119
45739
12507
27458
67824
2944
2652
11538
81579
12806
23335
42800
22627
31102
94299
51492
74799
31720
89351
12800
7724
72161
22109
84970
90014
97789
58437
8232
26483
38142
60014
34055
28488
4015
83359
1192
17061
64159
13932
15176
7140
74621
56324
75370
68240
1996
2215
75427
68455
61443
42325
43809
89761
4772
46850
70521
36395
74582
96133
35404
8844
24034
8143
21941
37385
58311
68953
78737
18403
96698
69719
87596
16606
10205
16233
32196
75133
3194
34959
42268
25065
87933
87804
81311
42001
908
82212
90095
77067
92931
63247
24137
78616
59120
49039
45143
7685
33288
28046
59154
2413
36196
25377
78225
15837
74556
71097
43762
81232
8989
99416
3204
70616
83274
8736
70319
40286
333
51239
66689
97377
95736
41927
76213
85754
47965
38226
67202
38688
5958
86146
89949
61863
54481
44910
57932
60420
84460
61625
6409
86187
83017
95205
20078
44089
33566
79109
60131
63854
52636
98320
50402
48210
74857
90673
19843
50488
46460
60922
47945
95840
3125
86297
28552
91414
28502
91107
15985
8311
83906
77805
79515
31028
15377
80442
53872
