79655
63369
70263
1012
2522
24567
40087
6181
28105
15006
91292
85097
47517
68671
17653
90702
11765
44013
23423
73973
89920
75000
77235
86615
15579
47239
36366
66722
42854
45796
72798
52289
14181
93490
12454
54650
78064
30873
37519
84977
29207
92546
72236
26346
88246
79614
12456
10860
78801
94048
90702
70080
14956
40555
98356
49497
82826
23686
19876
48685
56096
53837
37288
98561
77204
52417
86194
60068
61015
84159
78406
61938
17725
1901
77893
2648
42645
13489
43735
13175
79369
55740
82419
26753
39476
29059
73518
30593
98586
18447
57054
439
85961
90026
69865
49921
43530
93498
74191
77237
11140
35467
35185
54026
269
18628
15004
81079
90862
60059
36982
26163
67186
85156
88388
7004
88618
64484
44469
11923
50848
20005
72687
60036
83382
94754
54900
23523
34395
53762
59152
41554
62889
705
46722
36095
12510
47626
79332
66378
78228
31073
10265
21444
56607
61660
85363
1908
13603
14418
9150
79955
56592
72492
300
69207
58235
39832
36989
55852
69530
50108
69098
382
32251
24839
28527
46740
5249
83331
47155
72950
72860
54759
46325
35119
25093
82921
70132
99917
26163
70896
7387
20261
5148
52424
6344
21332
33036
41007
35480
39744
48251
88460
69840
44926
70510
83999
98634
96524
18572
3859
40250
51550
61915
9104
46940
25078
21271
25550
3133
38764
99854
58308
98850
21933
46075
81118
91512
80288
9980
31116
10297
84612
43538
94999
75384
19509
55798
18286
97481
80141
97202
2559
75408
19399
97507
86690
71140
16766
67593
62255
99392
1908
96424
75600
2118
36720
1726
43536
45584
11999
5729
70291
69940
88858
6900
5631
92915
91592
33446
82360
8991
41882
93928
84330
32711
44980
99529
67487
51904
72300
83056
79216
50129
17707
77300
61784
75067
64272
11771
13893
42915
37812
99534
33159
57822
17256
37173
14027
184
97306
92244
65089
92000
26807
63297
83000
42932
38154
8129
57804
2372
46146
2399
86454
71558
84882
40136
32226
56373
10354
31334
53086
95238
82339
16406
14862
35498
26992
11048
59644
73817
65968
87603
41452
78305
52519
43378
45358
11946
42124
91199
31533
47717
15110
82666
40996
35281
17071
75063
36336
15625
1979
79313
94657
61453
59473
70798
32298
25996
15032
73761
25272
84619
3757
22646
57023
15636
82992
78734
52591
44126
65311
68823
59557
60981
78522
55302
46686
58598
80966
42228
36999
80906
79277
40339
88113
43660
54754
65451
11488
19448
77666
80821
7266
92865
89078
37843
68604
26319
24885
15113
71903
57476
15078
12861
74170
12010
63556
81959
54217
45594
4474
89172
44107
91339
22285
49597
96178
96790
11321
81567
17332
8002
76916
45175
95294
45168
10734
60444
9895
61797
40378
66168
49314
93967
5958
74180
17870
2102
39110
4896
17672
53537
27536
22188
53472
78050
76480
16837
49417
69759
44923
93343
56905
30206
21008
70011
92080
34860
34138
80710
51686
5546
47907
4719
81693
21620
51491
5154
81894
93519
94566
21221
16703
89935
37419
66574
58090
35490
94984
64063
22072
60221
80747
20991
37732
97505
64284
3350
91709
2312
75742
84165
1531
88210
61428
7808
95379
967
28672
95337
76293
42952
16422
66186
22643
73271
17744
64527
93708
72127
92107
69693
81638
71906
19310
26355
17833
11965
6714
63804
99816
27706
9277
14413
14315
2065
79217
77249
87688
43259
64385
96751
57041
64438
95212
18436
61062
40750
96450
45571
11467
558
2859
26422
59636
79906
38631
97967
63580
98824
63792
18943
92213
98323
92796
22802
95130
27708
62142
63014
93249
45637
74316
17062
1036
43403
26523
67143
83678
30408
21958
34622
33899
25217
51918
23771
28840
35027
43707
58567
60961
64853
50497
67541
35529
2890
13054
34184
9260
41829
96063
29409
27681
5465
56546
483
89083
31100
47958
17446
40479
17784
25695
48947
50575
51278
92086
58818
3589
43367
3213
33134
3835
22488
21168
29138
28039
49489
50695
13987
70021
55458
43704
73161
57996
44330
90473
25626
87714
24766
48195
90485
41067
74131
27282
56
86429
58440
55977
38911
77359
99442
47970
86554
86543
52357
5219
64521
86163
10524
44540
35030
82760
65990
13357
2511
99398
9325
4869
94847
613
77220
83045
94441
1768
75404
26083
66240
73239
46851
42602
30789
34378
29130
25822
89085
89857
69937
31453
90958
83858
40321
11265
98487
68602
90629
33410
68233
55156
69526
34905
2182
75495
8546
78080
41109
63705
22104
51764
55582
59202
11443
49884
32520
67675
86145
65444
51469
18453
61422
50114
61046
55910
54354
15129
83512
58815
79027
60060
70123
33817
87864
15626
12899
76813
14508
3671
17133
63938
40715
86764
5032
74497
59468
9381
42781
16453
91051
82104
4188
68207
5490
94486
69012
68597
99363
7561
3855
68922
72741
92733
66344
42201
22792
31675
70698
46619
93398
7664
98886
61224
94105
43981
2640
67642
19971
85160
87543
30029
74750
41407
64607
45010
51696
52796
20637
5187
64970
67732
9486
45329
98605
88106
60148
72089
5338
1585
49230
35029
69621
98446
91187
47534
77301
20156
47755
28655
31051
20168
44106
51093
80844
81341
46378
27875
97340
65210
46980
4338
86169
63935
95210
40742
54209
98183
87556
29979
62305
85615
65861
80478
3004
38485
75081
83384
34804
86236
32493
19493
68119
85131
2411
89059
54249
61493
24017
18150
41098
33011
83613
93224
25700
97709
3351
27518
29172
90617
66059
78789
96626
62746
5153
30651
92958
6505
61211
29611
16105
35185
12106
24000
33597
40340
76526
154
57866
99499
7048
49375
82287
67339
24477
24488
8929
19715
68009
25340
51226
93090
60637
84251
17633
12981
55544
11312
37553
82702
39677
59562
87337
3264
63926
35940
24080
63495
22597
72063
24547
71141
51075
85137
64189
33766
59479
58871
5890
28357
35156
48582
53639
3591
61743
11615
8353
3397
88444
68513
36488
22728
15364
31257
42760
63213
82373
70324
35045
61512
17670
64373
69832
14020
13013
41089
48554
1832
19424
86264
35035
7446
42540
67998
63663
8397
96949
27063
10023
28558
1474
42354
63448
52827
72452
72668
59801
58203
907
59989
66926
46491
32389
6400
39980
43951
61492
29555
64969
10549
71979
5007
77665
42842
8133
93993
97863
47702
87265
27399
61862
21971
51294
32358
69779
21035
28175
96152
70290
24047
11676
10059
15905
77412
97269
81636
88068
76807
27635
30187
58702
86033
74028
59744
17832
51094
78386
21387
47650
23560
20778
80113
90771
54616
5284
27106
72015
87772
30235
89520
40644
19468
30347
70362
15120
67879
79210
20518
85379
26611
29253
79437
13421
26049
42360
53871
56452
15982
52329
81288
98739
39109
21889
40795
38050
4514
46344
89002
52478
1426
57916
89096
51910
10039
44174
49381
95185
77832
67929
63465
28159
43668
88255
57148
6970
85735
48034
35009
16296
53413
79932
87171
46480
29171
35996
93480
70631
47957
61950
25314
12918
68050
5221
60228
88746
13011
3351
80754
44183
16587
88981
64945
77769
49073
66742
4541
23785
64840
27199
40601
10505
87999
21857
53473
92268
5780
95310
6716
63925
87188
73753
43278
73930
87806
13002
79913
95556
59333
77371
94819
88854
916
28595
51458
96216
87244
49148
8500
67663
30728
33826
32892
96314
35970
50762
77574
70428
95086
30924
94332
1
83396
47663
77009
43758
83643
52288
6746
57930
16561
91150
79197
89731
38919
99558
71489
51550
44009
94022
17253
80223
4523
92543
26733
26897
5423
12108
92406
39826
40132
35209
22731
39262
42504
30002
98480
49239
49549
23898
69340
83918
49082
91557
93475
92048
36232
37154
46545
49456
33677
11720
53171
77965
21398
7851
72176
73952
66444
8283
98805
69476
9465
3162
92077
89217
57221
96856
82063
3415
56441
89133
80433
61572
2756
59122
3739
90611
28027
50620
66998
51073
33403
97270
60740
78669
86699
26265
969
79227
20317
31531
54022
92644
57171
87602
82246
64990
67294
78547
38674
51652
59393
53228
47455
49026
10516
19337
9575
15839
33349
92071
89013
646
2904
23747
98810
93555
69743
36606
5820
44087
58725
47248
70798
87656
37781
22629
68891
14217
77912
82840
67004
5361
49930
63531
43369
73530
24270
29952
3500
84712
51592
26231
90737
57651
37000
54341
2617
94323
13575
88621
69102
49896
71113
95262
90833
8963
88962
55272
71567
78965
43478
24091
29074
85042
22233
74911
59508
32224
31285
2442
73806
91138
64969
86817
96878
87804
85262
51407
71847
96898
96853
69883
60802
63617
74732
43368
85171
44906
3680
65518
75750
94999
95069
53009
88152
52827
51696
29883
33154
32682
17005
66779
74416
8385
66764
68313
31728
23956
69903
51380
81286
67219
62654
15482
96605
25176
74611
71428
61687
60335
946
92652
48549
75234
560
25067
23826
88928
7541
75155
24409
51530
26811
68486
19928
65530
93686
84274
71388
36816
7246
22217
64700
94682
99399
90465
85345
21918
82690
11492
34082
49576
6172
68213
48431
77707
15604
34944
58500
55702
23050
91004
35101
85684
41507
10881
64008
68671
87785
62912
89845
42851
41903
52099
23178
7755
5042
59777
54836
75658
15932
32958
96088
23303
44578
4317
45000
47046
85516
26083
26449
87375
19989
40714
42384
36126
51752
78654
39461
65350
58698
60151
91680
89314
887
37012
6711
67930
54341
12720
63289
462
68069
83748
26365
71170
9608
70361
29012
2086
72605
62504
41726
87521
56056
32848
41688
84281
78927
6642
28818
898
77342
9965
36735
39969
78666
3377
16454
93275
47491
54786
7349
91263
13154
94763
62133
11180
64530
96156
72696
49824
83467
44930
86607
52191
8281
52642
87992
51900
80475
13585
78357
67047
2631
88403
14936
23475
25803
5646
36826
43971
12783
8714
17611
83216
48150
40359
7267
29273
84452
59675
56407
59976
68889
56455
86312
46077
83226
75412
46453
86233
97905
81071
64656
48137
39659
2335
35086
17069
64767
48255
17240
66372
25231
46460
30623
89046
34631
58316
72652
23902
78690
17577
309
35057
78443
81449
69676
59055
43009
30843
41361
12357
93044
30176
17160
35677
65484
91876
27333
7363
47690
98904
83652
4724
44613
32269
84853
9029
10326
47854
34644
6221
6384
73178
78743
39184
85798
43325
30560
32105
9073
14699
96210
43508
25065
26936
58689
78869
68144
4695
75970
53736
72110
6060
83394
85862
34903
80304
7602
20848
87209
90657
11327
37980
74354
36259
52192
55097
66830
11768
62632
94432
16365
36951
24924
93145
64819
87403
23967
68903
53274
18603
18728
94257
20434
76977
12661
51438
23240
35962
60473
72908
33892
66297
54992
28797
89836
18424
20308
3679
84934
45164
25704
37255
10683
82739
45009
77737
2775
40461
25029
57318
98541
37908
88987
25266
61144
92634
89858
52448
3804
77405
8494
57517
26314
76202
13357
49126
48290
38539
90647
4279
76307
71694
1796
67985
96414
27988
76471
70327
25081
28593
61944
11910
8399
52519
60960
1470
37252
34138
97133
87505
64886
20656
47797
87526
2880
76487
88760
6378
43384
14674
1166
48469
44312
87378
50047
48244
11098
64077
78993
12121
85116
46285
98652
35643
98402
3511
54138
78890
18395
60518
51418
52467
62748
95845
7891
38380
35049
4870
67990
85790
77458
80577
74780
16492
70170
60075
69598
95908
17682
99186
58532
9440
73988
67315
49525
43225
83628
13337
22477
12906
21921
83507
58124
39484
35025
43376
61547
59027
20618
79961
99146
3508
12405
23243
13221
5265
65436
48559
92133
40179
89004
64920
12178
70467
88406
76985
31046
66101
60176
73440
37437
95377
48569
26419
14473
23487
91737
97605
58338
62702
8806
14773
22778
26306
33603
12324
86478
15416
8099
64017
98744
4214
77259
65010
91489
10996
32086
25937
75157
47809
7122
60033
4815
17940
38087
61787
42643
1872
47736
59609
34970
23058
97090
68014
33704
85274
59937
81441
98009
19060
53170
77444
53882
59010
42995
85909
55029
83624
94407
56208
24068
2355
67093
90926
77318
54246
21200
85919
56207
56227
83698
2752
98329
31923
27137
7704
78873
39794
46739
37813
43660
1082
43246
4062
92561
37546
34504
25556
55728
75954
31789
30634
84855
61054
79999
30654
82694
37565
56920
53971
23680
30765
13963
22060
32482
96996
54376
47175
20496
84541
67518
5556
13643
64797
46394
82673
26527
54786
10382
69571
33816
64935
75373
36371
18356
18870
44435
34755
29363
55435
69986
17355
16300
85632
15623
63572
410
15642
96538
29871
2515
43247
76036
13651
20920
11123
6587
82994
3688
36990
30729
38455
46448
74811
59659
8127
20541
16399
15893
73169
82322
56036
22707
90842
18325
14098
31754
48425
31331
23209
90428
15460
98692
52669
57867
1221
89017
49422
6997
58869
2866
22290
22333
45732
50076
23906
57322
7266
69016
4990
83593
78332
78182
8093
15854
87414
70624
69206
70488
76929
55587
35684
13202
14746
45800
16953
661
51135
2706
98210
96779
74734
65439
7059
14382
78044
70465
73135
55119
55215
98471
98453
82227
25209
63316
70602
45976
99153
45969
23488
59989
11024
25118
46752
42687
29668
42083
19513
2951
91860
30693
1188
26945
50929
27733
94355
80864
69845
60034
83478
85021
24636
57614
75210
51511
14011
54782
95967
73524
29537
23019
50724
82917
2120
95958
55664
14919
72920
83641
5296
65190
23865
13080
14888
71740
29426
59478
37224
69847
49091
91907
40589
61849
79227
58579
48784
28761
86743
55178
32271
29159
22712
73780
26294
83148
80992
65521
82218
24495
58056
96909
20562
39444
52641
37166
64482
55328
56517
1126
71493
6744
63065
41289
2822
10726
44258
60632
21435
89277
66560
59451
73423
32756
9579
2574
98634
70222
45865
37298
59712
18363
89354
25412
55763
94039
77088
61675
18373
47632
55102
39947
90590
17157
71435
52598
85589
17385
56547
64610
9919
5287
92587
97398
71954
16000
32623
47550
46581
77808
25145
73054
35142
83374
20272
79906
29575
34962
82635
12980
81894
81
30288
54151
75271
7363
23214
46768
85488
68294
43283
86933
99665
65275
63083
19070
54413
24974
93206
31815
93354
52596
56580
25271
31025
29165
9775
61035
10626
78696
93493
62444
95320
99558
48241
26623
1844
31670
33653
61467
89801
29984
49478
97173
7555
99293
25012
99511
30228
26339
71957
78991
84413
33695
8349
36963
10677
11963
67387
76195
78489
61695
27763
24823
79920
29555
79155
61271
87066
82819
57621
98777
76725
52795
26960
86149
38539
62770
37371
51813
19515
77155
55263
80280
58434
25973
248
89030
7014
55613
10568
63501
6015
19514
11672
39673
92098
33182
82668
52627
93291
36556
35873
5808
50023
77340
22949
95690
1788
93596
29971
59501
76245
63697
56874
20295
34989
31195
15850
67810
23991
46230
45418
93614
31880
4476
29368
73815
74626
65128
41038
23478
57725
19254
17677
31939
31700
36455
10041
46216
86090
9472
56113
84529
44823
54865
72649
92768
73330
40403
80166
11005
48733
75019
8757
27722
38120
85579
33736
4916
81379
96440
49230
50341
94499
96998
38094
31575
89104
7039
19552
58691
11145
96770
36936
96504
30260
91880
99599
7719
17062
18690
97472
22842
69003
69183
17180
37029
48691
57994
90875
60724
17401
91887
54656
89668
55441
36766
91735
12719
36398
90088
81677
76287
41869
90599
66956
90083
34465
57978
22674
68383
60860
98381
54637
87741
54198
56535
