80393
14106
68644
10731
79349
16772
29417
67255
50473
74024
84785
84802
35674
75173
42575
31466
52612
42439
37694
12520
86394
66245
22845
32127
25223
29386
62059
27854
50080
18961
18459
6949
44008
14281
42644
54644
83839
58680
37032
80542
98856
94972
87407
9772
54806
54285
53119
50430
27250
702
33546
83997
38699
47586
53108
95788
23515
39083
47792
35165
19666
44557
9302
87616
41698
10081
35587
76213
38886
26118
44941
70883
93679
2626
62688
66081
72620
63335
24986
14065
98197
15664
96320
29261
11540
25034
44027
3353
82193
70672
5235
95192
38457
26734
56934
72507
88970
74695
95588
53204
76029
82162
28746
29993
42097
24255
62138
92483
62608
23992
94131
67014
27104
52450
84370
66587
70216
21667
43141
58697
11868
26877
99111
49347
95720
74616
80190
10394
92181
73758
52589
11635
26203
7008
30773
10964
93027
61590
80239
7991
8822
89476
32671
8545
28264
38904
37078
58796
3035
49583
12422
99777
14130
51415
13378
25537
27635
24335
50930
28738
71095
1035
75728
87351
49
76884
98498
58024
2616
35276
84788
64161
83187
43119
17105
1190
3232
52981
20574
67012
61793
2228
92307
16707
44260
88482
9495
69560
1582
92312
3543
44598
21219
40402
21186
58372
29364
56178
65924
46506
4197
91077
49565
3621
46746
90877
94749
3034
75454
62078
73215
76935
34287
30836
57567
63541
82057
20193
59833
98922
77037
95285
70176
26715
92334
81494
81495
33246
84441
24479
95823
7549
4414
76964
63870
11942
319
9747
75736
93152
75507
50454
54253
86617
79992
75765
76031
98650
46899
2425
63454
86332
88677
13515
90433
63155
94220
28955
10851
26536
17938
84125
32216
79365
49238
83853
29931
21034
57206
44851
90517
69756
75414
27522
4828
52285
63183
32890
28326
49623
41047
45901
49592
20337
40680
69791
26671
47428
2224
96166
19194
72072
68309
68081
30066
94183
67107
55333
2584
75059
36371
9602
40233
6899
59097
60709
83232
26488
32874
7591
93992
72174
53544
90018
99996
61039
86764
71731
43070
4753
69903
59867
54864
41568
89749
77375
42386
89862
80054
44688
86008
80582
75786
32645
79879
87656
40017
87300
10605
70638
67484
71103
33210
86405
6811
45819
42622
54712
23300
51660
86528
51263
94333
68445
43449
2900
74406
73579
6571
59078
44806
10097
3553
53830
62480
46238
25156
39263
14961
69090
74550
12707
48089
88104
36783
21536
33028
93341
62290
63633
35460
33295
80396
93361
4845
74640
15208
61738
3004
95194
68017
6827
43621
69708
6373
17593
6648
68595
43059
52284
83246
75076
77777
42842
49238
61125
84316
56225
25911
99051
49996
83742
70913
85310
89203
29195
20788
89209
17619
81188
69484
14606
52025
76314
86856
64070
77178
44289
43158
42118
2632
47012
2076
72365
40880
90616
5509
33626
74420
81838
87687
24138
87424
97634
52077
14303
79883
55697
14470
28188
38508
31975
99464
71788
25814
1398
85410
45731
36306
50563
46302
3965
87448
40250
70831
65250
21225
3713
79292
6123
44875
97770
86056
30878
930
31747
32286
77332
1160
26791
28662
10044
77833
6167
79206
26553
41533
45667
16648
57958
90082
5346
71940
92378
55670
63106
87994
22375
84078
59193
57134
27324
97526
9594
6352
18218
18022
96035
4966
53987
44956
33522
33881
17502
13692
26840
27449
7671
83841
82534
58318
73332
3518
36612
78300
34403
43606
59041
20658
70302
87956
45380
43535
53041
98664
28448
95441
18962
95199
47975
9563
52494
25982
20885
18210
7365
18874
68461
57621
80556
33078
27362
85127
74288
13402
18891
92411
24090
16845
83865
10186
75182
60591
39845
1555
25389
31318
89602
53664
93467
30051
37170
39536
8059
41439
26581
55271
15830
35159
46172
72238
44506
2193
81691
33320
24351
29258
63260
20595
27365
48526
36944
26935
90809
83443
25313
76398
5302
57619
37668
65680
19529
44708
41578
28858
781
50805
69045
86490
33812
67335
44711
92953
97575
69125
9365
42373
64964
62114
49723
6490
77383
61550
76106
59245
27492
36020
68956
62037
7088
51315
65576
64886
60543
69911
17041
26123
12967
19380
28473
30575
41284
18622
99890
90088
98293
66599
24757
66577
4900
41142
80300
96643
85859
16160
65641
86079
54610
17926
90554
85402
88189
71179
1972
67558
64449
85968
22092
47160
58863
80014
26181
92827
9737
9328
87011
67953
64202
69258
98430
80097
66082
70681
43698
22818
20991
90393
6131
16642
23975
8701
8510
51859
57346
71854
5195
77043
22708
60547
23359
46070
70120
93210
46013
48818
67432
89744
45468
78567
61577
3619
40308
51913
56579
95265
15154
24587
70526
95212
81004
62698
75944
25517
76622
24595
68771
41137
52850
72146
12892
79844
41645
83000
82613
41737
70438
29800
14533
19924
77603
93054
37621
89956
49340
63292
11
88672
33264
72275
24259
62381
37750
96106
68217
69609
80460
12462
89444
38215
21611
65558
30236
9287
64156
12242
2908
72689
93283
82480
17379
41806
63609
85098
41972
37828
24313
46095
59421
98156
97520
95596
37908
16081
47511
22711
1853
1383
91804
44568
30409
9285
99100
64725
73881
63968
60910
14232
86752
77830
12569
79583
52646
34580
40005
39359
54185
42708
93999
14550
15677
81879
42838
30892
67348
2795
86738
39557
71865
4249
68228
86022
71318
6014
47624
17217
36534
57667
52840
31518
82757
99355
1866
72072
97939
31576
21194
70066
89847
1675
55618
97732
42224
1526
16549
55814
18823
88591
29931
92103
96784
79028
39654
40426
16272
12198
71060
27726
48824
12548
84077
83225
73647
26788
43516
8512
4974
69455
88363
64566
74308
46554
14391
36590
83418
71645
66978
44494
85873
29138
78919
83954
7399
43436
60200
60826
22777
24210
48067
74034
78018
98390
27683
83484
60674
70230
73075
30683
2842
97038
5133
89886
96915
81655
2481
12488
45566
640
1777
75576
342
41704
37801
99162
30818
60245
96044
27273
47542
25173
68441
12831
79545
63310
81100
3770
83970
55556
54801
83501
34811
51015
13108
71424
83816
35189
97140
5701
42497
74035
21366
26137
22938
66244
26325
64466
99107
88771
27638
71211
49036
74563
86746
82633
39361
97793
76813
73801
84179
32450
15548
54025
72374
76847
59843
85583
82087
69993
65412
56506
70182
54538
74964
89539
62337
79418
53391
38575
22449
32330
22540
97300
90525
62609
44491
65733
48988
51841
66378
8092
16377
33317
44279
57475
32015
29113
70240
57248
31603
53222
95462
68794
3185
82873
26320
57164
33839
30398
28988
74085
34030
23486
22576
33816
30702
61874
78767
28999
56945
56515
68711
72968
21624
16096
35526
34097
20169
86235
64813
73093
46354
70881
54461
32635
67336
7987
70958
25959
99400
11365
36255
8327
84990
7155
34343
67916
33028
10939
62954
56419
20130
80347
28231
95583
69044
88776
43758
27621
77129
79240
59759
65140
36327
70509
62029
44078
37996
1678
99602
89992
27088
69923
60220
92266
43814
77852
50389
38403
31841
44319
1184
46028
11475
6493
783
76919
20945
52400
1810
25524
1970
63827
28362
8255
35062
43038
10363
56490
12676
53532
80416
3107
33803
52427
25720
48321
94826
47503
24670
82544
78827
54483
7702
29399
80393
61117
65763
52450
68467
74829
50230
62641
76425
26610
91361
8028
35075
87529
67210
45473
58289
99347
50939
76524
96477
74769
57398
17186
92077
83742
60453
58633
99076
67402
19855
57399
20424
46159
37095
53014
57566
32050
61503
35633
35185
69239
23386
84350
67314
96833
56350
58152
69242
13509
14376
375
13834
58665
85370
33566
12339
80671
5327
16929
62098
33848
30576
41217
36851
92519
94751
78758
85526
34963
95311
68232
2447
55640
51863
61721
48231
75194
90108
90514
96385
18503
12875
96409
36631
7976
1896
21740
47138
30916
73120
19309
93240
34226
56379
92361
39759
79256
67950
77062
53216
99813
61261
16265
7591
89959
73885
38914
7367
45961
42886
67349
72330
42029
54216
31109
64806
70658
67493
56510
91995
32034
89276
54463
1945
29963
53782
19811
69759
27928
73497
31659
6110
9755
67354
58057
68988
24921
63663
98059
788
3810
29570
48354
7642
89355
46306
41743
47708
73450
49812
76681
27556
61517
65031
16269
81243
32216
42308
6018
16456
59161
20260
4775
31061
85481
55803
93788
22354
48066
48883
44042
35859
79095
92244
22384
16084
32469
90750
88235
14750
91252
95609
62049
28737
98713
42212
83369
93249
64300
57674
43835
36877
60848
36082
59664
56298
61444
40949
26453
31694
85814
28587
17906
81864
91999
20702
58673
10749
12574
45856
54445
29262
56533
19129
81145
341
70074
70616
56265
93198
10619
60618
1345
30163
67634
77193
99673
59999
91264
70988
37321
32212
47049
74428
36791
77495
37035
1414
31738
29241
77628
66956
24329
54545
19776
88983
86149
91653
6724
86823
48448
84776
6490
59562
43849
99645
33777
43691
89590
80217
54959
6274
42988
53927
39246
42634
93421
22309
42897
18511
19614
47979
14978
18054
3732
59468
49961
98743
94907
84661
23466
58293
18691
3282
16348
90798
24007
36592
35554
12125
95419
67965
48200
37789
63281
42667
54939
83800
67656
32340
42533
95806
6578
89080
86339
7953
22721
19905
4325
86973
34573
46791
77410
30789
39140
93616
85558
43320
72526
22159
83385
39555
84412
23405
40668
89472
36173
14597
79778
65292
93821
79689
20441
58134
97578
18243
41525
32306
30723
94326
68967
40974
76144
24578
33567
41084
39161
48805
80603
92142
44436
36543
63498
50112
49197
93455
45377
95311
45428
87993
74713
73224
74686
45321
2916
21147
31481
69808
18154
89197
37617
60621
68740
64429
28727
32648
75476
47454
50388
94295
53823
94483
47658
37283
72968
78586
55683
36133
28171
74767
95257
17738
92338
27057
51233
25014
92791
13009
42516
60933
18231
4422
444
25196
35407
47006
73751
1885
20918
27343
45771
83721
10999
41612
43527
10176
49705
45555
31409
93493
93580
17539
44881
41661
20194
42954
88249
12053
63496
91836
87823
32931
23536
40993
70553
64373
6717
48805
9860
6566
17241
76467
61585
40447
56310
8155
47837
3802
46751
89552
63211
33185
43579
66671
77520
91221
89054
89625
11930
18603
64907
29633
4958
98097
69641
73057
39196
85230
85633
84871
88690
83367
94610
73197
15322
6813
54609
24358
1952
58676
19776
81716
33445
495
12681
92759
60105
1463
44632
78464
30616
6522
19314
57379
916
66512
73206
58507
21530
51449
65071
75495
26740
12995
27795
13570
88314
44807
54715
13105
29990
65298
87806
95589
34707
86178
26892
2976
53777
3558
15109
11588
60360
22280
32980
78503
58533
92807
39915
43299
61094
14140
61852
63882
24478
75454
74129
75094
36934
57025
64616
13406
45921
67769
29167
26693
84745
55709
71704
55661
33339
60007
58425
82409
97148
77784
44962
7023
54279
84663
54620
31756
89044
5786
65211
81362
63430
4413
5535
20365
21361
77295
36749
21491
50533
14541
63237
52793
41884
43398
287
58786
6556
39037
41863
66802
95850
82477
58834
61505
77068
16807
35772
3052
98200
24694
45472
30917
24958
29668
12947
96778
10094
81589
5181
18355
60072
87441
85653
40165
2399
9792
50744
43172
42408
95181
48581
97637
61221
37709
78968
79905
44008
41337
92193
30149
12102
62454
60928
18246
37978
51414
73984
88627
36627
68600
32877
13027
41084
94186
56627
10668
29221
80302
38132
68629
50131
72699
32774
51908
47521
35194
96999
57521
47985
50705
5757
8444
16051
74717
90287
68442
32016
71800
9369
20010
48211
26010
27216
90533
26005
88219
8115
36596
31780
28886
71913
2972
65328
49770
38269
15572
33714
15866
46387
76919
36761
4340
87494
6997
81265
45935
16159
88324
19186
89101
18964
8243
74083
84672
186
8287
87785
53929
22345
94431
11760
10235
11691
54074
21460
52702
61984
97465
60108
98224
78225
37046
23924
58854
57710
42035
71158
26352
30342
65320
97876
67418
22883
15252
85781
58478
13184
97172
9706
951
92712
84754
72571
87969
3085
89269
62994
98332
99041
71862
24228
3551
68660
96339
47703
61898
97642
93180
20597
66723
41080
81194
1708
1698
65883
22415
91391
21192
80950
78345
65196
42090
43462
72689
31226
27692
33667
89552
7455
35368
85589
66352
50700
32397
80272
47728
61622
82308
96206
7346
17410
57998
38600
23950
86540
90986
10481
97738
74707
85331
45646
50145
74596
78437
46197
96383
26626
35104
48898
45839
85615
34053
17616
14827
58746
36029
9786
54803
23973
20249
15438
10778
5937
1428
26154
2009
64648
59829
26039
55654
33735
68945
44670
92608
57446
69997
60587
46977
62950
26273
93789
86262
61398
7479
38534
88491
1793
59283
67718
56351
66295
88237
32798
77943
89046
16345
25683
21967
42358
16840
17538
58218
47758
49991
77530
72906
61734
78917
8378
49307
16762
26611
10792
61866
48167
44740
33579
91988
51861
60147
29894
46521
64449
53923
73234
39375
6918
12961
85462
1330
70248
81542
48422
59865
27388
51994
21173
37572
1239
30930
37015
63153
28274
18362
63416
99822
88375
30445
29459
19305
43498
82497
20912
41604
86807
88352
81630
66500
14292
70128
74952
12136
49650
30132
88662
60854
7654
57548
7907
87409
26446
2232
63735
68871
58210
49498
52544
45863
27705
23256
80690
60335
78837
58401
71352
22436
77740
59623
50421
73403
30708
41642
85404
75892
82537
60470
40552
16870
27838
16643
19065
55541
14239
4442
80332
75456
10590
9367
54709
74231
87170
4425
12123
99914
55720
45335
52209
77885
69173
62845
25965
50296
91097
20339
48486
91290
28641
92335
18639
13901
66938
99169
26794
88276
94941
64188
20171
76513
37467
47509
71306
72388
13350
68995
50052
65630
58841
92967
54159
9492
43781
31973
82648
79326
3962
98032
44315
58527
73262
52323
45758
93615
85997
60492
82411
56147
96253
33475
328
97838
93228
77464
50708
40401
26584
70667
56672
71887
57595
77557
25799
69900
60849
36996
24811
31155
58952
95811
96686
42053
51363
28599
35915
62255
58763
16614
1935
73429
8178
76435
62454
60203
23685
87268
86726
16035
12717
58373
5954
76256
85186
2405
38476
13385
80941
77469
94779
11161
58392
28561
86644
93459
66005
77583
89480
51922
89096
48757
18314
78655
50385
88751
3243
95388
33658
22365
22676
83709
80089
33811
77343
81142
2434
94843
64819
94639
38765
30581
70330
35477
98207
3358
40672
61834
63064
49550
62666
47132
71416
35771
96241
58195
54894
93468
72794
34020
40287
40616
51923
5379
27375
18940
58155
53397
64848
22107
43599
63299
14852
95567
53821
9482
72784
35726
68038
17104
287
82521
47429
96465
1423
15966
11767
28951
91453
2173
26102
26536
8616
3239
69302
2585
93028
73346
47450
16289
7102
20105
63956
10504
88135
9008
18040
83294
12895
34374
56411
93544
56287
98707
41997
40436
99042
40289
96400
15054
71761
85270
9748
34060
1834
92575
37265
64196
31916
76297
52256
12253
27010
6473
68663
56482
87337
19996
41823
26067
98496
18248
69459
9782
33867
1953
33718
59051
12452
75047
11409
34621
27199
91277
5481
74420
64727
29301
73977
34247
24506
73142
17969
54350
90670
92063
89323
92054
72319
74550
87941
62830
2695
22201
48000
63710
1400
81510
86996
31800
85289
95990
39438
29574
69178
9795
70631
67011
58277
67403
48578
76422
44067
19085
83809
99448
35224
40240
4388
77511
67069
58018
34272
13779
94248
31198
65976
51045
48666
43847
10843
88416
88581
95441
18906
21871
39351
16223
37315
94
5447
55910
20414
20517
9243
23793
90692
91871
11028
61086
96407
30009
37111
93893
34659
8677
38520
55961
40911
40558
95205
38215
49759
19238
15852
66332
32201
63740
40554
9187
10353
98825
42833
92843
34500
83657
27349
55014
63214
28775
70484
51534
95608
84688
67616
71683
63873
74794
58858
18928
46360
94974
78540
10251
35987
76336
93906
17530
51119
47023
41254
13363
3845
97480
81624
49692
59045
59029
88454
46801
27698
97875
78061
72292
73658
24177
55116
78367
41328
32644
9009
81637
13447
10167
15043
14742
97805
70720
53004
62289
54337
39246
95328
42324
80243
96062
23470
51647
48407
75597
68418
50390
4358
67720
3444
66917
9297
87487
32625
77150
8066
28792
91491
17021
19921
85567
22432
7373
80127
21947
51084
7172
53075
47964
68044
94057
24303
88401
71209
61046
95278
94518
64476
36856
84572
86794
50332
54163
18609
59870
39169
87907
31564
12938
21588
55837
48169
61914
45717
10100
55742
91237
37256
14103
85016
40766
93725
20983
72364
89091
8955
20359
95708
29363
7081
60668
16873
47741
52025
64372
40816
9363
93809
33171
45570
17469
822
43400
98051
57514
64919
75630
97919
16034
87571
95598
69252
99222
23273
85474
58272
35705
95290
12852
32312
79144
6173
25957
94401
13252
4543
59818
88703
89825
93940
36753
70584
32246
39838
72353
21524
22805
22585
39999
74452
26197
29121
99469
80427
41066
3361
86093
49213
37015
42169
80899
72179
58105
53579
62744
67416
25316
95458
70171
56468
37836
50783
482
194
47258
54273
58446
75599
7870
63888
6956
39570
30819
87367
75768
14722
41726
12796
89468
63609
80128
55980
98454
1219
36427
29032
3992
40930
54113
8630
79209
88418
37976
87526
88297
2644
74154
77330
41393
48041
66505
33008
73273
47277
35728
70839
87923
25981
46100
28652
16532
62566
67289
47976
66579
53084
43105
27719
76394
81043
1343
55472
55578
57918
47370
52636
2923
39202
2957
30885
14288
85045
89595
45612
33033
95256
13376
46375
33154
20975
59570
517
46969
41625
78886
92383
95837
78288
97983
42398
22801
37215
43202
82115
89520
74491
39557
63126
86251
61279
53989
93166
57966
9896
7735
70457
73792
21033
39894
51722
27209
90220
45595
40061
81806
75942
82475
1063
97272
87798
55018
50686
22034
60666
74957
3106
71761
99277
23981
17704
63246
77185
32280
77793
24047
88885
57761
68843
35364
48819
98999
15027
32972
32521
86196
98566
5976
36833
17068
45843
40135
89631
9285
4094
7633
4119
13413
94659
43776
37705
68455
1509
7671
13978
40712
25747
71990
10224
34878
75893
76822
21321
2119
11705
98671
82361
83615
61684
76314
57982
90732
99287
20080
48993
29684
42352
33041
13900
68270
49018
24800
76994
46294
77090
38763
81664
17657
55862
85641
57390
55856
92524
40733
64001
79146
11821
78327
94544
73922
48508
93177
91249
20752
23143
95990
72240
40923
42185
53974
41739
55020
51897
77527
82637
86430
88978
52302
81541
62289
15680
14859
95458
13501
66404
89114
36173
65284
15812
25318
867
81792
44210
95608
79438
54396
56983
797
85439
80255
5852
38981
30698
7554
90229
50536
88765
84675
67083
66275
35134
2610
70692
25568
2817
20169
50896
56756
29027
42168
26003
70081
91333
38174
4298
58364
67720
61172
19932
88233
51234
19843
2367
64482
35259
66902
33923
90230
33031
95946
41791
53775
57279
34817
63126
78668
48574
60790
36645
58028
19669
76971
64940
19980
98219
37247
25143
79784
32021
95003
18248
55454
29358
14827
32131
70704
84723
38858
60502
15047
65245
75062
63554
88597
82492
38082
41834
48179
66285
38730
28439
60105
2904
64833
54693
8716
73864
23559
37070
36929
29703
58711
93041
67008
42742
82428
27903
20339
80774
7619
73890
26462
87958
63915
46762
94425
84553
44313
76180
953
4195
90888
27417
95213
48224
18334
79441
69795
53073
20346
61827
31562
83572
85578
26666
20083
40110
74040
9989
83505
20104
34660
17019
31327
36196
76269
1736
74016
67610
66985
77513
53986
91923
50357
74912
21052
16289
27590
29157
94134
9241
86141
78153
19752
90062
61592
7495
29339
58507
29318
30602
25419
51213
68339
72917
82766
69019
49057
76563
58318
1442
34007
70044
69394
49073
29267
52576
54843
49678
85628
19027
7946
62388
96211
49845
34207
89674
28295
31357
3964
20672
72295
88801
4039
92744
370
83524
17935
71311
18346
17853
19238
40823
79655
2016
65357
57458
94472
58604
2701
43261
15205
46576
36641
48215
68640
80154
22930
49020
93593
85246
58778
81410
54913
81759
70409
14927
18566
51325
47046
83733
51117
8635
53293
76460
93373
6283
30135
29962
34488
60377
82775
68705
11845
22641
39969
20821
49832
12334
11429
5112
39540
45696
68505
37732
44471
46744
62612
84437
6451
78835
90199
55488
50764
59777
76070
19092
56573
86705
68404
22892
17381
54011
92765
62253
6559
70857
98572
16450
42768
36386
34077
1138
89018
26709
39741
11899
76717
4831
18797
57901
20892
72666
96294
47269
30989
62178
56758
62340
5482
1124
17960
95916
88981
325
69314
19479
41017
37484
90024
20083
63867
29389
38078
4606
2095
78835
7850
59866
63559
95337
65560
35053
36742
50854
60695
53239
67187
5075
63488
721
98345
21113
96855
17375
31211
36908
93675
67761
17109
69742
96151
23868
57070
83777
56587
31439
98585
1325
4388
19925
23018
77386
29175
46055
65717
53131
45102
40491
16227
93479
63209
88045
43262
39237
73734
13400
42508
28227
5595
11152
6136
68003
3615
88399
52875
18259
89032
70683
75674
5431
82160
21345
43673
56789
18417
47536
11469
14205
90511
9428
95487
62547
1557
52877
10253
2139
34007
98891
78362
64799
47126
5800
14150
26624
1187
97731
4728
78582
46811
47860
51767
76326
39728
82257
55000
31007
32104
87388
13362
78353
52510
53382
13933
58379
2663
88965
7737
74799
47
1357
30299
29332
12770
40462
28930
46743
52038
15337
82936
86336
77253
54352
90932
2508
25577
85785
99500
92124
5536
78271
95623
58777
62367
39158
62449
64803
32611
841
74056
96021
69234
32017
15923
62870
82368
29331
17458
70430
31918
1111
31472
93954
51085
84609
35317
51007
25375
92590
10712
95071
45182
87053
3314
87339
94103
19511
90797
31182
15534
8044
67996
1569
18597
86252
7396
48856
91159
93614
57848
23272
91390
80257
47714
55059
60852
88444
67229
95602
55927
17188
25728
3997
73318
18490
94613
78234
73704
19390
76551
46208
97004
55460
74361
85703
60010
54833
70996
46255
49864
57298
21785
25481
65721
22265
26964
51941
33793
78326
81073
25433
15187
57038
3593
54826
24443
84026
19924
12858
27031
17630
78754
43535
61952
65924
23013
30364
359
80852
92262
91534
87482
13427
24120
27797
94373
37206
95306
36493
88373
6465
66709
53800
20729
85408
63733
41241
51649
59168
22709
38624
53512
4299
1795
75405
96110
62463
77666
74643
46590
65802
50591
47818
58575
4580
73915
85088
53541
85865
23590
62878
39863
27730
20909
92883
18731
29710
91914
53343
70302
97058
29018
41790
22176
31610
62253
77871
54811
87530
67094
84607
84916
97446
42945
92087
38667
8443
72516
52863
32893
36136
97070
66349
31337
48700
35645
26766
50607
62669
22828
90672
77075
79666
56872
81418
11713
42366
64068
9672
75307
88090
86083
77878
4910
16157
38770
14953
20627
84746
86040
54181
90769
35143
15205
50158
81007
62549
30824
68622
55559
66385
84541
42367
39014
72358
83523
80982
69104
42924
25740
97165
94561
48641
42573
85036
48686
66562
73333
7539
80906
63783
75579
5957
18981
96792
16304
87796
71342
21008
33043
99846
14425
70860
88771
25345
74299
21744
96079
15704
81458
66263
34089
85618
12450
75636
5370
31187
3098
54954
48367
62825
63125
12644
54640
79189
73501
66706
95857
96852
56393
94048
62306
73226
29447
34613
1249
24202
88565
18533
85552
41187
17353
16051
50048
31146
25841
42407
14380
87072
33365
42952
91267
29505
82456
57494
71613
2217
61917
89990
654
44546
58085
60987
99353
87374
12631
1629
70492
38189
2937
87321
56969
81292
12219
821
24660
64426
26323
72910
75080
7624
79842
28688
58069
13005
96406
67217
99332
99795
78537
70858
69419
12305
64358
76723
44603
52230
91787
11098
89494
62623
66538
28800
50207
61093
6858
49136
16170
96934
15979
67741
31858
23710
41511
66135
54729
32802
63699
62281
55338
