23871
11495
46233
32368
41328
65003
61788
36867
71664
7450
93077
43264
66692
39994
11452
63117
46543
75225
56161
66633
38882
42869
62820
86981
5616
88776
22590
42684
87133
3822
40125
39056
39380
34901
17452
64739
26358
74912
52592
81360
10064
22872
95823
22116
12934
89615
58924
28027
65964
52818
25229
24859
9044
12298
37438
82343
75553
31151
17262
28737
92154
9866
96918
82240
63290
88933
73882
841
67108
6610
52168
56813
83603
97269
26366
10079
96784
68462
85608
59888
54333
95783
84198
72041
48078
23990
46540
65828
8599
10095
73764
26632
44384
77802
51310
2655
34166
18700
98407
80821
92283
30933
70119
77039
98973
13061
77316
13478
58500
99691
70005
19839
47845
84556
42641
85608
31636
32044
80021
54640
78806
99581
30756
5412
99668
42465
33896
18690
15275
10461
83223
37595
52289
7868
88306
87114
80626
16764
1607
9036
55272
35930
63670
83899
56201
22869
81648
23627
14058
40321
68155
89599
19394
97323
16562
43529
39865
79780
64425
63741
33727
98732
16463
27056
48281
11900
75532
81074
29461
19919
51210
57157
3327
67278
79727
31545
18893
40823
38888
21766
17877
30025
29058
94885
83614
74159
58450
17644
11379
76390
94261
19940
20180
26253
99249
23784
1223
35336
17690
35707
37676
41489
28912
25286
48334
46204
28518
52814
32981
43748
9470
46798
23544
1591
49679
61270
49039
46491
79656
70528
66663
27356
23503
97930
14863
89844
49474
40437
12207
96981
54239
65785
67001
22230
15103
44931
27927
66135
13276
41548
83492
12210
89972
46583
66615
58240
11334
99686
37913
79045
24089
1785
97688
1850
27035
33445
3092
59253
37895
77
66550
47031
60960
7968
62977
7570
25850
31599
13472
44372
74840
92712
92479
51572
58415
16339
566
25848
36202
83689
79040
27041
52423
92396
3210
87860
53342
99112
17094
78117
96482
79332
25375
75426
8224
60740
69095
75417
13285
3806
56525
53031
96380
18550
37994
88926
26324
67065
52602
63538
5407
31443
89512
90433
96695
64653
53665
70301
52380
14822
54763
58039
20729
88141
44623
1961
49188
54904
91441
97887
97283
81348
1952
23491
55276
50570
42665
37829
97797
57402
75910
55875
36426
21879
12436
9466
37229
75919
18786
39081
90680
89685
75397
34654
64334
54940
32488
84320
47023
76338
46849
27833
4858
17238
38463
49821
4205
62264
79359
28635
66088
44012
80446
50495
48431
72395
7209
39585
74542
35206
9200
46926
95511
80775
83449
86000
44198
97478
52528
75165
84902
6724
30748
88473
40845
90664
46605
98409
48418
26708
84818
37462
13407
82819
92871
93689
15889
48833
64971
63881
68860
31558
51823
48094
37212
48881
5611
31105
3206
66366
96011
82674
31373
14659
64742
6069
51840
84557
37007
63738
83056
94897
84708
80744
4848
8497
60420
25894
66709
526
23774
72326
76509
38085
57220
68622
56940
65639
3070
17923
36145
88728
16283
60020
21191
79204
82115
92864
19543
40537
84199
52390
97723
10853
79482
44903
47165
54157
85817
9722
12030
65990
76229
27596
39443
95092
91826
41105
48938
64829
62647
97163
51402
39305
34278
49238
73304
2169
27670
56718
96406
65760
52571
9406
39206
60034
43544
45126
76268
63720
87882
34248
91633
50845
96997
12143
67876
17929
5661
89244
71867
48839
41339
69102
17815
73284
89679
23213
95365
81783
93604
13844
23521
33495
16015
21945
55925
41950
97793
35609
44159
93560
27772
86437
50993
92743
57090
80099
28882
49335
15849
75043
31010
37401
2315
77919
29050
21182
61338
96525
37970
93330
71601
8100
72572
33714
53349
20009
86061
90539
13722
36341
16348
92369
26322
45988
13827
16760
45440
8669
26211
38387
14811
63065
73188
4199
22574
17394
18553
32874
33356
83465
19074
98461
71777
17044
86379
37540
55683
99746
96594
2398
43719
72972
68710
52037
48912
83803
22762
43204
26339
85168
4313
47600
95894
47347
52548
39396
12166
47643
92023
94365
99592
10454
34617
10542
59735
51959
43506
93473
24012
13018
93063
63723
28204
69716
80353
85835
95899
49275
24555
53183
85902
77199
59930
82850
91102
29957
25415
18278
83065
8750
12344
62890
93714
8328
19197
55960
11416
38976
88757
51934
96997
44931
51313
34150
49101
4384
40400
30420
27862
42971
23434
90236
67238
56720
25065
8062
58968
60322
32368
77567
82441
27200
67455
27589
77807
24434
94831
73230
14984
97958
87736
9006
52624
92241
54547
29315
41901
16452
50777
24214
31013
98253
11690
52433
41807
72647
46825
9751
82631
58911
27620
97861
10170
35555
7026
33795
54625
16489
2486
28198
63467
67866
30944
58373
38163
78777
14002
76662
54065
60916
93855
56773
33772
77222
86639
85936
38669
44646
16640
48226
19951
5455
28327
28330
96978
21421
80308
67479
52878
48001
38035
46898
39717
13553
60047
31640
90353
88079
82353
71859
47549
64228
12454
14644
77968
63033
59294
72815
40739
3586
47281
78770
80180
7752
74716
48355
19635
18577
89961
23446
9114
83693
5581
97224
59417
95392
12874
44954
5903
34951
50741
90221
60245
27913
22002
30935
43092
31932
18587
16544
57175
56944
1151
53820
1723
53244
15816
24260
60450
80227
83541
46259
66023
962
40613
61210
24652
69369
5045
1312
61968
68692
34753
47802
64380
81429
455
96771
43420
52480
85417
56344
30059
64387
99088
98898
56455
57535
18574
86625
34627
59831
59068
89506
20187
3220
50530
64925
51874
37458
48565
50109
72472
31595
64154
19372
51128
19198
77673
60107
90765
68284
38604
30155
98980
38319
13127
69547
57020
12039
86226
47982
47450
75937
75554
31448
88121
214
26886
86405
43135
55486
7052
486
49131
20192
79811
6073
61227
68631
2556
88323
50217
22370
99850
31853
16261
23784
72488
12825
39742
81381
1945
79455
2986
99062
43019
92648
50694
68221
54869
88486
64423
62354
36991
77454
23470
12454
61409
58067
56281
40436
9636
14400
26935
48711
21412
68050
72916
50498
55415
11696
48626
26992
14439
60487
89784
6217
70299
26342
19620
84765
47348
60499
18205
50400
14675
29929
79204
17874
35320
48751
21608
81002
30725
66997
78616
72702
96
90893
89715
66129
8696
68580
13211
53402
14239
16444
87272
75725
90454
59847
80441
88489
59782
19458
74022
69693
1994
48844
45617
60791
93131
20321
78938
3275
87779
84119
44562
27836
28546
83284
17095
74410
22223
714
45758
78840
84646
18609
32798
47800
58432
10591
75817
78966
76880
71046
58694
95486
14282
4458
64825
99179
41278
79005
25013
88909
81762
6905
96648
48629
54605
83610
54900
38144
12992
13045
46749
10302
98079
2873
40190
59998
48349
84001
63414
47320
49302
95506
86336
25814
88629
26455
5569
82335
95926
98135
83803
32418
80966
28080
94302
47036
77990
81138
44477
85159
13199
13754
46078
42911
48719
81641
80843
48433
51953
82497
46822
24770
34811
26044
68122
74969
61809
3240
67244
72970
72471
85347
68272
25792
85203
34991
92216
63238
56913
34578
80615
31987
4256
56364
87140
240
97849
10902
67274
56582
27648
94452
52124
80233
54884
4950
76310
68187
93952
7665
46815
93726
40420
57620
19290
3354
91341
7306
3003
50855
99184
61292
30422
26840
83831
93664
30260
29732
59266
34162
62719
75250
52591
8717
90077
3136
8596
61173
55321
95728
34536
74660
12316
3504
71009
31392
74203
72356
20249
76598
28938
38418
99754
15093
4750
73834
66232
89033
31728
20848
59022
96018
62382
93896
88864
14784
80299
69884
81839
20333
87079
49933
54252
23544
41129
81875
66548
4153
94328
7603
74009
56934
97705
88796
77185
34689
69267
29342
64871
92411
58526
33032
55360
50826
84378
13948
89208
73794
97548
75409
15707
83347
52451
9092
17295
95742
28361
77885
33438
65589
71157
13561
40082
70062
3709
53113
5625
33540
9960
30534
55240
4491
27714
42624
49340
6414
63145
20642
98587
26118
61764
33907
21145
21144
81555
35115
19543
73676
45537
32351
20582
53030
93366
34156
11272
94435
65961
73564
16791
40242
85459
75928
72800
5548
17982
15947
19175
30193
70781
73454
28014
4385
99253
95605
34544
21651
153
18005
48903
66006
36691
97264
34157
1857
25246
97343
14272
54105
77073
60602
75423
65855
86614
7303
75025
25331
20344
37821
83621
8553
75450
51284
91507
15782
14949
96236
19585
52855
13978
1430
48034
1070
28293
30562
66842
54683
11346
40070
8732
84291
3418
24679
28532
19871
64661
27271
20128
41107
26387
64364
52601
15817
25830
47049
17200
46153
70391
93611
42739
12728
72793
55106
15598
43307
63995
37066
5294
87494
45366
725
93026
89653
56262
76694
26234
71365
82998
98093
93585
51360
59444
63914
88647
71076
88963
71744
85095
82431
70896
65831
98792
91465
6972
28269
22446
66910
33079
50203
17488
72567
77838
59264
78644
55331
66907
52188
67319
93383
6715
98155
51337
61295
55902
65900
26644
71887
32407
6028
89917
60635
93042
47540
55300
91648
90981
99020
4710
97757
9279
29066
1954
60225
8190
79419
58712
23650
32797
6125
32748
81431
61033
88631
78090
76691
74965
32421
51556
48543
59780
61283
48855
10194
37699
15238
99916
42479
15865
22994
2650
18236
48694
94379
84168
82906
31945
80347
92304
38054
14798
9404
76607
75339
65860
72387
62297
76865
9501
21418
83514
46150
88718
53593
83447
11255
72422
55920
88387
53708
70396
26962
9102
20205
98081
63441
89319
74293
86772
59411
82882
69057
41940
5278
39572
22517
53712
48613
67995
45036
23450
85135
91963
90809
16827
21792
95427
81023
84928
35718
62734
81865
96625
1762
16518
55463
64130
42225
49634
12645
55555
97239
39824
91082
16370
98311
52526
59050
45521
55920
92498
63336
55729
98535
60554
71020
64621
93037
350
52957
56756
2814
55633
19835
25182
56502
53478
1627
72991
79967
17022
13792
84666
12027
1376
8594
91181
17706
95410
64894
78986
29401
35428
61450
21765
21127
70412
68595
37289
57845
57067
90661
49894
73994
10255
47798
12005
6688
88978
56351
78204
50094
28511
79128
8316
12467
57044
82191
33991
16956
29859
73381
78464
31698
20883
99077
45051
86851
15908
68322
81683
23467
69456
90860
11706
55487
90092
23854
93195
56341
7950
83431
22395
77299
13480
95170
6350
85459
13170
69397
77862
78672
88966
20243
40919
45201
49189
36622
86325
63854
18679
22797
27535
31459
34928
21061
45653
78256
36941
70615
90356
12138
72798
52646
81986
21762
64382
53523
49876
62320
59837
3767
92558
90332
37055
94108
65298
21896
16252
86872
86425
56797
28872
57639
93088
753
65198
97252
14778
4050
630
1476
81219
78962
88870
29616
82004
45998
20324
89693
98578
56253
80953
99401
43137
74257
57648
97587
32567
12589
62494
56791
41355
97284
39100
17414
73067
67625
2896
79934
43693
27673
51498
24619
24541
83713
37706
12217
26614
35084
46846
93269
51276
94669
47433
62943
1605
23110
7680
57006
78216
51891
74926
35712
40077
74934
18327
2876
72820
54944
61369
93831
38866
952
15566
53983
81094
15115
48814
17015
36234
86928
77618
16815
80869
86294
4499
16526
64125
55021
34481
93663
13546
24462
559
6343
16293
74824
76700
79743
44927
99944
78573
80401
56462
18340
23269
16211
72578
59076
24758
92123
29302
54029
52321
78142
91714
86892
60314
57130
1166
74235
60903
27388
24960
68787
45671
73246
83062
4622
15727
97025
70095
64119
90383
26867
21188
75153
82772
79036
22165
82752
84647
16571
28861
86104
16466
57528
43143
81537
81314
79718
16986
36931
13095
23383
38384
96788
88281
59419
28581
46331
60341
60535
7818
1632
3525
75198
27288
20146
66846
93871
80130
65108
60931
93386
82980
78917
51974
53712
11768
98218
92655
53142
7463
18779
52885
73253
78044
32743
25545
53042
13044
12196
92658
32309
56722
77143
6162
93160
55951
48028
6088
25246
14766
6995
18383
76349
89870
89383
18756
73209
36280
23516
1701
43471
59960
24148
85524
35675
90377
18974
16122
44342
41129
8861
16681
50607
35628
5680
90682
25316
23916
2659
13941
78110
73917
7857
6255
74119
55071
69459
43406
90985
19277
45834
24744
39140
84242
78821
68265
76651
62299
75439
93938
41563
4743
9465
26591
10425
57947
62047
1569
4199
86867
20186
18058
97507
93555
1826
32616
8157
69691
37373
35240
95378
44281
88136
36764
5289
38264
82592
50903
85770
4598
24206
7732
95286
1395
93741
36791
31879
43141
61337
93579
43332
17417
50166
72523
62337
26035
64218
57404
95185
88007
67640
18647
4393
82497
99050
77253
78291
64878
10778
95138
95819
95101
525
82948
83610
20944
85356
35669
54508
88812
7089
64060
72176
25296
98378
9115
20684
931
57293
40369
65210
26118
49241
21694
834
82056
772
42599
2037
8952
90086
44144
74628
90741
65281
93062
91227
7970
22668
97343
35806
27029
12442
97464
71166
84846
31276
5918
51927
38245
13712
5833
91497
7132
29875
35778
87858
96052
46282
69126
37124
12699
29049
72834
36616
79266
67551
69598
49358
78061
90238
2646
93904
12356
39882
16707
81378
86471
54958
42137
54072
25022
95733
80585
3285
82125
30267
45991
61482
27655
47825
37286
48275
87642
68103
19167
30346
48904
10425
86992
82151
58774
71193
85409
3541
73980
12085
79425
30641
80925
2948
19312
6913
48113
88338
32246
94095
28446
42661
46992
40001
81318
32940
46379
79127
3161
67875
96136
91072
52394
16005
71680
37848
66272
74799
18785
85250
34147
6765
32023
83326
29334
47555
56166
95016
72100
35386
13458
14669
89202
15717
84322
59402
94580
39055
81497
74435
31548
37250
3044
40348
1550
10006
18738
86168
24879
1237
96061
651
57979
42759
57671
26718
96981
56511
46079
55583
22425
95233
39267
25026
91982
43726
93792
58393
77847
84686
14516
34923
76936
95864
52053
97812
39830
74721
14506
69624
38663
99838
65975
88133
84073
99160
33046
77284
69182
71308
6432
69787
64629
21147
4908
16675
8756
36565
19150
45793
87601
60957
64609
6980
44384
78265
4703
40026
81927
17816
52300
90254
40525
97216
31699
4642
73905
56499
44424
7173
43638
14461
57869
78993
37852
10237
20432
61251
95018
48685
93233
41176
69223
87152
60098
4993
27433
70616
31271
73379
11236
78672
52220
46509
40484
84268
35158
44343
3638
40172
30754
94387
77568
51175
26249
60787
20913
79065
16565
92823
84563
37899
11853
32464
51485
15516
92540
99350
33925
76489
92656
3107
44339
83262
8639
7434
86064
74969
6883
43255
27581
2263
35142
89413
98752
98173
94649
15446
65242
40485
69278
4050
32692
46723
25893
72191
47127
85619
90387
88024
13946
11426
26879
81774
57142
52917
25431
86072
40118
73081
50271
62648
2282
54664
99673
5516
83931
86932
8864
57486
94969
39860
30190
23176
98703
35529
40606
23415
68632
46219
15692
84763
93323
91989
12824
88472
57906
96233
93353
52044
52505
59713
7726
7469
27553
91539
70528
61982
66516
70304
49315
5070
59411
43450
39211
70286
91274
67184
80283
62541
99141
55607
47689
58162
41949
10198
51166
89364
5579
52974
7993
90521
49213
41636
12147
23529
19206
95789
59005
47247
975
54613
92933
7212
32587
67947
79480
16407
69481
78093
31201
15445
15042
20523
58608
50865
49555
45850
91733
90584
93252
72056
11628
53203
31686
34903
36659
31618
31420
34857
34869
87794
34512
91494
4971
1531
68903
47708
78073
50808
61422
35315
15348
30371
29107
60731
23523
18828
32529
66101
43459
27190
7747
92476
57412
21103
62777
58286
13329
87530
7048
7834
71821
69659
70012
42376
71736
91566
51145
75839
50898
196
16479
10903
89590
55211
50716
30396
6087
67064
35611
97531
96169
42596
58090
21836
35846
57440
91833
63900
64593
97271
48622
98262
8935
96511
38166
4590
79601
91130
33014
81098
95238
10831
58815
29741
63054
49665
52160
97825
96545
5449
11797
85471
28749
4052
43646
23486
1559
43419
53834
28599
7449
58171
82706
27281
33417
71409
58978
10125
85882
86324
4786
29584
71771
27822
63827
12584
54398
32600
66500
98365
58324
50065
31716
91222
76307
92251
74786
44645
80601
339
73073
29712
17514
38827
94007
98013
42837
95013
96101
35065
3286
80942
67968
98725
38004
57460
28285
96381
10
69958
26092
63910
25027
11911
38507
41940
83710
43342
67804
73269
47250
10941
22641
16158
49514
34011
52835
87471
97873
89360
84193
67205
23401
94141
71462
37693
3893
24854
83555
736
71287
26781
16316
5423
75188
49372
79343
89484
85427
97759
25070
72386
28484
81803
23054
47539
52221
40159
14200
82524
85344
36198
81820
31526
55640
57845
20230
52940
69698
30951
4393
49636
73641
76147
2679
59500
90121
87942
2579
85459
88085
54307
56733
84673
94325
50260
31276
63203
72519
27851
24731
94199
73637
75481
99258
57488
88871
31818
61829
63815
73439
23099
89745
77694
89187
92346
89474
53362
22248
72889
29659
30621
97577
10926
18477
22052
45031
16009
34288
48228
86634
80146
52175
1588
96678
3967
49949
7959
84857
53072
12742
81408
84112
97703
26561
8002
17514
31783
68161
64691
30164
72808
59947
93309
63347
78003
61890
7297
16864
86432
80221
67720
20493
27914
22714
39495
91910
28300
42283
11598
27091
70235
13519
59373
55449
65471
89116
78019
76481
14478
33784
85445
24176
46951
83015
18600
18165
14856
29823
31467
48226
79309
3351
63459
99122
87494
97214
97444
70600
40211
49736
93353
85080
59422
56418
66081
76383
32405
23239
55318
84748
29763
20043
82395
11298
99914
40212
88241
51446
384
49897
48886
19091
20995
99235
15083
15997
26169
89888
84448
93106
60680
66614
90174
84972
12495
90916
48880
12868
79871
33348
70543
38929
20570
36989
90569
52589
98214
62869
38605
45336
65262
91236
69718
14326
85654
44644
1970
33331
13624
24004
48525
56327
22560
44059
15775
10101
86688
36313
64974
50189
87441
68857
69153
70577
62983
47507
56259
34421
90575
23311
13072
44351
21832
97332
59263
60302
31835
33054
44140
51352
19448
13645
65761
88011
73102
95290
77920
9748
93927
72197
89936
39198
60478
13385
49569
30515
24382
91697
63869
70334
41048
13444
39726
53200
4576
38748
98374
21889
10917
24117
60206
41231
43787
68064
51407
36898
64007
13815
75575
72432
20694
17771
94728
63163
98618
26169
71043
5816
47666
51931
24908
98572
65845
54394
25242
86383
79371
54530
36125
50706
42088
57742
4332
32540
30534
52898
20395
18768
46910
28183
85046
19979
67458
90928
98476
55721
50746
51692
95098
62247
65017
16757
38242
12099
83003
48181
41385
62335
43197
13448
38202
83077
57305
31212
22138
11524
11773
57620
40969
60217
1671
35101
56817
68009
4191
5240
71503
24970
96401
45030
65883
70305
54085
34530
77909
49702
98461
62327
45934
47461
8970
65842
38224
18173
12779
57267
49131
43083
51108
70813
83005
78209
92119
3693
85021
43695
61793
13991
50597
28675
30035
71083
54905
54829
9259
82247
68536
52283
21327
5574
76094
64836
15430
48006
25043
13152
88691
70759
13620
19924
36495
45312
63228
10188
52705
25419
73134
82496
21372
73888
2658
35481
4405
97504
32106
79149
53472
91400
37375
84005
17446
18277
96461
83616
24037
26214
63800
78609
53540
48973
65801
98948
37361
20224
85113
79966
33434
98652
54072
82177
92260
57705
67866
91950
74923
97992
46592
21989
30486
89032
88542
62025
90262
90392
68526
71231
20795
60600
67409
52660
34963
44040
25789
68574
78528
49186
20967
28635
12181
79043
4622
39574
85997
70244
67586
90088
74215
32935
2895
52442
90562
28525
88458
24041
67281
43204
5558
66530
37787
92318
54643
95469
71539
83741
27013
36007
94766
36426
61660
17735
81638
97252
85349
40866
44458
9462
8140
73385
2111
20289
97836
14032
22008
35577
37013
67946
64781
36748
20089
8176
85307
83260
58643
78752
36472
31566
43956
59906
18513
28123
21100
77318
1762
73284
3761
85545
84081
85634
34862
43351
60295
54875
32779
26986
57868
78513
51829
12944
5278
75572
36651
4106
48973
13656
52836
59249
93207
15169
64319
72180
31867
29818
59305
95452
61436
70
72133
82128
8692
142
78235
41044
38866
16024
57568
79468
64978
53785
21885
83711
663
58433
48063
90839
13799
46676
45530
85540
90211
48665
63770
26944
37281
77228
11176
52621
56585
25550
88598
42971
54792
82300
19495
90726
29332
70813
2430
37019
89917
59316
23297
81435
51628
6198
87913
62777
6075
52821
10153
35997
36752
39675
76057
22251
70520
2290
99262
44733
75612
67520
94647
83533
56386
34865
31975
54991
7746
20364
27098
95675
1795
3175
39061
28840
12754
2871
11999
13364
93022
17663
64038
88192
1491
71977
61935
83576
70674
81555
86814
22097
84937
43329
57790
71691
91316
74065
7309
53909
42383
7147
59783
31279
30294
32790
88110
51147
10364
16712
28659
93421
69444
58422
2979
23218
8416
74793
9937
67244
74212
34514
12956
45931
40101
19764
28732
65144
16339
74527
73743
6331
4272
96157
64058
92476
62188
64901
94814
32902
73215
77870
58201
63079
32961
74845
82454
26869
22890
51327
19602
45739
31489
18738
86380
80976
62371
74013
9256
64280
96275
77920
52127
73572
73336
18983
1255
28261
2295
87000
51451
8862
81357
9067
88391
13735
80841
8921
36370
91150
51397
41101
80071
43768
32831
58616
44802
87397
73624
74817
41780
71377
58376
6489
243
25270
41723
91755
53474
22735
43852
92210
50040
14392
31613
61862
57135
67249
30000
55246
13547
79937
64101
61689
18564
39863
71537
3592
38354
30540
82263
27523
46101
30660
57125
20171
62110
3828
16526
46927
38334
11581
99551
87545
94569
37206
70273
2176
53253
75976
87530
29280
47957
78610
49343
15046
56797
87917
51050
3653
46033
44714
74580
70151
8638
58360
46016
35229
60341
80226
68740
53399
4463
60468
64004
15471
66242
94046
22285
56127
73375
67345
50059
4499
64932
42438
72711
24185
73765
16830
12704
83509
48786
92804
26340
35249
37092
53615
94348
62546
36874
43011
47026
17765
67787
57879
98511
1688
81687
77874
75093
68646
47855
7503
806
91082
37485
43391
84400
85397
41872
19277
73029
11994
53896
32732
68859
9926
16667
83021
43708
62157
89586
76765
23243
24863
63140
66091
16436
32570
91612
95415
8014
6041
24713
74918
33585
97962
44002
64770
83982
48926
53076
51295
16239
41241
41417
63416
73419
98153
48055
96983
27718
66515
93762
22803
51843
43080
49263
90356
74535
24215
5126
38738
90732
56893
37058
53051
45566
21943
96185
32628
64277
82488
51075
22871
12624
57430
43657
59322
61258
63006
39819
99568
62268
34440
62829
98537
42799
18021
191
38933
30300
72116
34376
85542
12866
74997
46766
67570
53218
34645
31877
72983
28986
81479
86226
46522
57533
48468
34138
51816
77164
87529
44172
70301
49971
77583
15975
97187
82978
45400
99081
66738
5254
92437
19574
98902
33604
69701
2465
73454
11601
14759
78138
42321
40369
9200
80276
9579
54506
19736
64081
33701
25124
17423
18221
23106
56991
64750
34084
48037
91185
54311
16545
9840
83451
76606
21508
51944
58630
91121
10254
23124
42367
63667
13804
98340
58925
36598
91806
26479
18987
75814
90115
92308
16646
51283
44963
29762
18548
82375
69720
87859
14095
65942
9658
21811
79437
72114
78086
23038
73597
44510
67786
47975
10400
60699
4175
45878
92994
77438
62564
58153
7956
81090
451
82139
46535
52922
8674
67937
82214
23807
32856
78417
45168
44423
38185
926
90481
7447
46608
48638
37597
64911
9193
22828
80232
21891
29528
23081
9541
21099
11673
82494
55672
73776
1477
93340
50522
21926
35709
31845
1897
83801
43222
547
49865
12448
36066
66389
23931
96047
24535
26507
33177
73800
82558
62023
19211
273
7770
44515
22153
31872
78034
97329
33453
5971
33629
45277
4819
88189
20521
85711
63953
67355
45832
10669
46541
69700
14584
94589
37760
68062
39630
14952
41765
59534
3646
60059
62205
85863
59977
51814
36450
74820
96131
56231
15558
39024
47679
39457
74823
31970
98842
10693
65873
16327
72993
10355
10001
28888
55392
4378
88946
42762
87784
62331
93877
59908
42172
69548
77777
98154
66297
21272
27429
44600
83551
7907
38294
79403
77600
2956
23978
11578
42563
29195
28991
70530
4085
39961
79784
70942
69806
84143
80581
1685
71035
16199
77439
99342
17037
36287
57533
31134
3102
31804
70437
68034
63803
95466
61458
4456
90194
47810
18958
14696
48953
40868
27277
62960
90072
54500
62183
34172
46069
20737
33167
65989
99611
13680
20884
60880
76933
89879
92467
87015
84972
16886
89623
29765
98955
13984
10415
79627
98603
96998
29610
35568
37104
83189
86641
47605
90239
92758
82272
6229
11946
50067
54627
23579
79706
35130
85322
32943
69784
26073
72489
97097
36984
66185
76366
2470
77698
27944
383
47319
36222
13822
94383
43126
71419
21953
47485
12340
90012
8532
47914
15438
5409
60490
16277
64222
30701
4425
11348
54414
48505
59113
40241
65927
55476
58331
74238
98279
27701
59558
41367
90865
92607
63277
25811
71199
57743
33645
99654
58994
197
60514
63766
45066
91469
70697
62104
26065
53513
3488
13287
34481
51133
33098
17152
51654
51958
27023
1244
65006
14199
75328
80011
70141
77090
25879
50666
5325
1120
83132
46048
17555
2701
8219
75885
87107
56629
25890
53911
48513
33445
42550
39996
64439
54305
81898
86026
65361
9225
5884
96030
1246
23351
16431
17823
13563
63616
8390
87879
36193
9587
56863
58363
75784
31327
25738
37211
34230
5714
77861
52565
64457
88123
12885
55700
29212
64273
92163
14230
57433
24813
25904
88764
97307
19825
27159
68922
42847
34572
15037
3438
35591
93270
17911
60461
69578
10869
49433
53529
60604
67299
30134
13551
47925
94310
63929
95612
14560
35743
40575
41680
96610
7486
97230
33131
43397
88178
79414
89331
25409
43327
85475
98824
90950
10408
2268
90511
41000
63564
88091
81354
43526
99596
8169
93512
58361
95178
2998
3641
97398
58414
82865
31450
21249
97954
85706
81327
91214
76317
2434
86702
66132
92861
39339
19864
88273
56365
72482
54211
40820
3398
61669
59922
90411
29170
44530
13158
65385
16812
52478
5357
29203
45666
5871
79737
44168
73916
30647
82188
3691
97591
99181
32911
90382
70346
81609
79042
55933
87722
51388
62061
60132
44873
33962
17525
23997
88697
22309
71403
13594
30734
73575
18174
58891
69473
51404
5489
83725
40432
98633
60359
45552
82563
13229
74522
27651
50794
48690
90827
76189
14403
59968
47507
10730
95927
42783
24376
2705
85508
59094
2076
447
95765
79301
41616
6482
43309
23355
99813
89027
91682
96277
31139
14512
34374
90740
18354
10021
18242
81946
7061
98279
65435
42048
66712
15836
89398
78263
4894
25499
13815
71417
9341
90828
48709
9355
24229
63963
87978
7282
95227
40734
49462
11470
23652
44256
31395
93847
21404
61865
37492
30259
65319
49612
17334
84978
68959
3918
64008
58662
58156
24718
15959
32578
96625
24565
90722
25069
81667
10458
10845
4035
89013
60466
5776
48201
90638
66291
33471
41834
57756
6244
47173
30995
75682
86915
47065
61736
46797
58130
71315
54305
23300
41535
52744
76356
90621
82638
69680
832
51149
54597
82441
92227
71960
32275
44053
18777
42918
92638
68158
58433
87958
78889
30393
72814
34956
54270
49512
56439
24101
38045
12058
58075
22284
74913
55501
59509
75142
75275
29300
19223
17223
93070
30259
22982
45799
98134
27975
84338
37775
90101
69603
8560
90925
6060
61428
49462
26472
3122
10342
72915
58477
7940
82112
5929
9223
94953
56427
55687
70989
21441
1424
60743
92150
27209
60734
7040
60488
49134
5419
83593
59309
42668
64722
59403
29127
26465
95419
80962
52986
84595
10680
44912
63335
51834
82443
42078
84506
11499
98757
6255
58393
55874
32361
99139
80157
32236
98415
37925
91133
39758
61765
44433
99877
40086
62960
16486
27238
60700
66800
42115
35046
18228
89057
80322
60664
80626
38654
1486
13607
78202
57920
71714
45453
54564
85092
74975
96
98985
4266
72873
18411
81516
4665
81887
19034
36328
26049
80309
85966
4625
81688
91119
56913
38697
82342
23389
55364
24099
66300
20686
45268
48076
28063
36242
79148
40602
26467
56560
90083
28308
78450
13344
15926
26940
65484
48134
38160
17877
90408
14443
56517
90389
760
40090
18206
95048
9482
67284
54735
65950
96747
65905
32485
48146
66727
32980
86011
59416
90283
79113
37835
65251
5772
65309
88225
240
32192
99674
43403
90962
87785
50558
17517
69499
68914
91095
76498
48035
83282
82781
78716
12760
17966
89515
36508
74787
8667
55132
4413
65202
41697
22238
42043
85896
73019
62646
68593
49149
826
34800
40656
64147
83945
52064
30828
63542
49900
65050
97519
72815
81346
52010
29745
75174
53865
20145
37439
6257
17696
67678
15704
78621
1159
16580
50391
23991
76131
35709
67499
12600
52735
82811
55330
49867
99244
230
16163
38844
89480
12472
81851
88671
12349
14545
20656
30170
11392
62871
5809
68624
25914
26925
63182
72043
51459
86895
44964
66598
33866
30440
44337
58644
56049
76112
14981
41199
49141
40805
19065
46881
54636
66148
46394
61384
25127
34916
96797
62858
18999
87792
98999
86198
76363
31487
39108
58770
89815
57010
87941
89510
91281
85225
903
3621
42005
61474
93086
76755
79177
98383
32273
4983
15770
10258
67854
85470
62149
67992
12414
23945
94514
73968
38771
70869
22266
11911
43198
77093
44841
27681
98334
96302
44190
27477
28979
21695
36304
8645
37552
15402
56363
38713
12334
61043
35768
24119
95485
18933
72154
94849
90549
99435
57205
59980
26219
59490
27785
6456
74560
94680
24092
47152
70771
44304
24501
44320
61399
31862
99908
25422
93087
80873
22336
64151
64085
14858
89481
60615
60426
50720
69067
23795
66152
28709
69252
791
37827
90160
58076
6343
11469
40511
90003
38260
92617
43393
2746
54750
64664
93566
43127
70064
57359
65252
33739
38813
20362
72527
55472
46420
5241
2451
15484
43650
29048
34825
19523
62053
79069
63028
40057
52553
75531
59023
17364
69185
5027
92661
35151
90499
82202
30732
30891
37472
63717
69646
31665
99710
40529
24790
19955
84212
8175
11908
52432
76770
70252
54157
73238
24491
17247
38114
8673
22224
1916
73562
82946
46154
93157
35167
97083
29315
2816
11570
75782
40817
1476
89276
49269
28400
53293
7475
3925
96795
62191
54565
2764
679
8007
61891
43809
56540
2668
32109
45914
46481
22917
55702
12768
68035
71252
21652
91840
35057
79792
27878
95211
85175
75344
66562
99388
75909
36579
38714
37081
2140
14141
75818
90003
69445
19052
11329
83400
46125
23785
39626
16008
3392
77705
52918
85428
993
80531
8679
80418
50211
9772
26331
83389
54855
20654
4979
63850
33715
90743
1792
85765
32235
44254
79497
12586
3663
16928
38234
93775
69873
46904
84237
97134
75057
2702
7662
21985
33271
81958
80205
2982
64395
27705
55621
290
70708
25025
20100
97378
5164
14253
88407
64156
82845
36564
96244
98964
96539
15367
77091
23162
54172
8095
61257
92977
96184
28022
51154
99211
50041
94513
70874
86703
66111
28858
20313
59037
50451
87597
82217
69672
22950
7304
73109
63010
90725
40613
88063
70934
90459
26148
93358
17998
71779
24257
77619
71604
66792
7366
52086
18582
86492
11993
47330
65443
70481
88661
28521
77457
2487
53878
81685
67361
52563
96142
46253
96251
74456
93269
32736
2291
65892
91101
11281
24205
99450
52611
47006
18780
56407
86689
92879
94854
2867
32609
23960
82019
32118
95148
15499
50084
22741
737
317
19665
41800
16129
12723
34283
19081
93446
80873
36656
53610
12084
23102
30780
25587
73128
87744
85900
57912
39021
35439
36862
70451
48877
53009
53269
99395
79236
28338
45945
43232
51729
72789
34875
68825
48230
63643
49494
42604
40734
90958
84272
93825
2542
95723
42783
20804
1140
37579
17769
29118
72652
77996
95076
46799
52194
32768
70525
53834
21121
33746
77748
14476
89738
23280
75011
74650
34368
99385
86847
20758
92320
69733
59736
63933
51503
89579
63931
58497
6539
89459
93238
34942
52643
1433
21499
94619
63107
22842
8158
90912
9223
7071
66041
27054
99952
37411
59535
24990
11605
9218
12076
95514
34769
90560
587
24242
76442
44146
45074
61853
12210
29741
94744
97421
99478
94122
10791
88012
59924
77491
54973
85976
4185
93453
5580
12281
61096
47777
7232
72891
21415
16713
83073
90925
23156
19027
8590
81364
88596
90133
87562
88300
49996
9965
72467
75261
66441
27891
19148
49782
313
38879
35421
1576
57308
97392
61265
289
50645
67360
72573
19908
59803
49089
35360
12706
84109
14643
90117
407
12546
64774
65317
38499
30493
73895
57514
53123
57663
16265
33582
74219
90295
93681
35427
65443
19572
80925
82636
77339
80060
38417
54823
6988
629
74208
54286
55149
22688
74356
51923
71310
87429
66395
52745
35477
66601
34478
16897
95027
63261
21950
2610
79073
11633
26077
70866
18812
50373
90215
13345
45819
94943
96555
68933
91337
74232
43258
95887
93667
22097
17578
77788
56687
87844
30311
51224
62903
31029
22423
75773
54657
82311
12008
64506
61228
18635
34105
42415
20937
36979
37922
72020
18067
39812
15680
85400
2029
55754
50145
96359
80887
34661
96680
46085
24620
24481
64126
90616
89851
51204
1045
97826
35328
28321
33338
4267
99807
53097
73207
67645
9468
13697
85058
42569
31129
51310
51781
70279
30669
90509
65770
42778
97566
98335
50883
28210
83099
68226
31412
29355
87416
50715
52734
63731
55910
9966
97480
11913
77454
48784
50571
95713
80554
22580
23899
52228
11681
36162
302
8628
49853
29062
70762
3500
74347
73412
49135
75110
81166
50217
16797
11319
82752
15580
82627
46133
33702
6900
5862
82072
16334
39587
59243
4958
75752
26672
29569
77289
59998
57442
21518
26211
19505
83000
79444
66978
82802
10422
61919
88454
93466
38202
53902
90462
86727
88813
75675
78923
22323
22709
17065
31261
65010
35206
81257
79321
72296
79257
96329
36572
35044
76661
43033
47481
2781
41353
45916
23902
99208
87291
38408
94357
75283
21563
32793
10342
28193
89809
89144
23034
1155
16598
1699
60218
18287
87934
16090
374
12895
80242
58885
27041
60488
380
64869
17209
86197
71227
12310
76005
3008
39319
28893
85400
29901
19790
8660
33170
92675
96621
31215
63013
1544
28570
10378
81108
36984
26958
90705
72888
57121
23136
63819
16348
62653
99004
76260
93000
9325
66515
71862
35356
82607
47724
45267
81554
50236
21656
67986
11173
85921
16579
24083
61745
2807
65095
92817
6128
49729
79994
64099
93059
54082
25383
76974
59282
29400
33882
89515
64970
33305
44341
6864
54085
41256
2784
34078
43048
38196
60413
83367
5605
18221
72633
22329
84321
14052
47455
48268
19216
91167
66215
97091
4988
20341
51179
75554
22085
70124
71033
20173
66434
84332
75109
8729
24485
42975
72694
5874
87677
80072
19681
89351
46165
79006
10739
79317
10874
25795
69639
43439
92825
67461
43799
49319
14279
22768
54128
56060
14330
94797
17662
51519
60821
3260
25702
72931
27777
62345
83507
56994
38038
34254
60903
97862
7257
1381
73907
87099
34911
65640
84323
92558
2256
61991
74064
39585
57191
48389
57657
97998
75829
59536
32716
92565
17702
2875
18045
92420
20539
3258
53849
482
95222
42265
30549
38425
57365
80472
44479
82590
85205
36327
16630
26941
19639
1050
11286
53541
45152
17546
73515
90606
74875
51336
58343
91459
66937
47646
22830
60495
51577
56132
24366
5800
24194
68476
5229
30419
90669
52779
87642
90770
65887
63508
22341
39281
56436
74194
23563
96489
10104
60145
92618
48046
59630
86506
90803
22236
9235
77626
95645
86617
34685
9629
90997
78470
96446
12204
32915
36743
17316
40017
99657
85101
52802
54818
90229
33789
16393
18370
57621
7967
47216
89935
63034
56804
4500
15561
74164
26996
86584
83745
1101
72628
66317
47993
49331
35953
80812
66717
79373
47627
68640
75998
35310
54145
42658
86919
21543
20245
796
52926
55
76187
5615
41881
73022
76963
42351
60057
66159
609
25451
29160
97604
20149
68331
4779
44683
3324
24275
14148
21629
9363
8196
12454
60207
48930
74786
71125
39170
62957
4048
96634
98870
10482
43766
54721
88507
24736
42661
19407
77767
96245
90801
89283
24580
29201
24701
327
82305
23420
29973
22035
10184
72497
94228
73310
49584
38406
54758
45122
53801
6329
45192
86539
83348
29944
172
20412
46549
27117
91864
29758
48481
38852
31118
54213
83058
46235
76006
4802
43321
86789
90615
55646
65682
46586
15252
91674
24531
27391
1555
28800
63551
88045
58954
27877
75031
30209
75890
74974
1360
41439
68686
7323
99072
59460
14116
33508
4241
3399
91529
15791
26200
41514
90172
75579
75135
74403
7880
56909
89470
33570
12941
55236
25065
81694
20825
11227
82563
48192
87087
41754
11856
10571
74505
76473
1799
8487
71706
54163
27783
72617
66444
79714
12193
92032
24488
69373
71667
18367
47765
15499
37844
77922
38039
98498
74411
74174
64376
97217
20346
52138
25637
48806
45272
3140
54927
53357
77181
16929
21170
97413
15222
45493
29298
11440
74552
8635
88288
50168
66641
93474
75613
96457
91770
15956
84470
76590
37704
39843
18157
15628
43778
49746
40696
49621
58797
22110
94627
57674
10083
7624
40880
28752
44195
28032
7295
72173
89697
93262
35816
91263
47070
30688
76197
74170
62738
82379
81741
53116
5990
67680
16571
99343
57342
37966
95629
50682
46323
96493
5288
34692
6847
68846
27897
13926
84977
77532
54710
82028
14177
6926
4099
23944
76350
72365
61617
55794
77090
78461
64737
95840
36327
83305
79398
83646
43059
19919
29544
24139
28622
76005
33988
5423
8212
77991
88081
46396
6854
36063
68029
54401
12635
69775
11734
42277
23796
96253
91205
89734
55245
87292
78869
50318
31600
24019
18130
56718
74371
12556
75948
45530
26881
27099
82906
74209
39495
75017
44571
28071
86948
75292
695
83264
64147
55492
87588
3883
68582
6117
8262
82313
75832
15388
54382
54073
28292
10576
25410
8178
68628
90615
36957
18524
79666
95458
65837
99051
69402
78405
62427
28793
28752
37895
48232
70494
25230
91042
22194
82959
30582
49048
35446
50000
91686
80435
4207
33143
1353
53750
58588
77887
59593
68485
98272
37285
74051
88109
92387
53955
71507
40210
55158
46279
35950
53844
31092
35055
51087
19933
83652
8579
90089
66697
50522
83598
61563
58066
56381
22810
38657
57624
90019
73864
39367
71209
32409
5033
56665
56594
88959
70364
78005
92674
11184
46693
77698
40695
80575
67877
57178
52584
41756
2428
21859
75086
37110
78808
37499
40208
10011
52472
18097
8618
33243
84801
89521
41496
9995
57532
75255
63268
31077
34123
3429
32042
33004
5670
74607
42277
42605
30231
73620
78328
71105
34509
16135
60091
35919
27809
33291
36095
60398
5635
37917
26656
56040
30879
28811
52230
32027
22642
47331
19736
79801
99907
91462
12190
98191
13632
96315
35025
82690
83318
88959
51937
78773
47468
12122
83266
32615
46397
64974
54036
29466
44048
82377
20302
81934
11062
70233
24167
37484
39519
12159
86400
78527
57401
2780
40849
47548
46950
26920
76494
6850
79608
70433
5302
45564
62412
3968
90776
82660
27553
39720
22083
65346
74259
73368
85800
64113
52216
58176
29006
13667
77398
9840
98866
86587
49536
38571
36600
78744
37995
9306
99506
52913
81617
6302
84588
57243
38881
10141
28882
74664
30560
31197
42271
83754
92768
59247
61027
82390
72955
451
34127
34723
64973
7257
69920
75121
9772
56024
39398
70886
76453
24631
66704
46835
62547
91960
28887
51222
49022
13429
80771
25049
80206
39826
32829
72855
10091
4082
23346
25151
82003
78534
47168
84657
68406
54880
67424
74213
65906
5030
12689
8907
76806
34337
41821
80332
48853
72725
92586
2288
89561
13387
26303
15001
34240
21258
53008
61933
584
16005
7784
81777
42227
54574
85907
39344
14535
39495
71557
35131
66693
54969
17290
42666
46275
71805
32043
35297
46536
93912
23706
5549
24324
18597
23098
60622
95498
32458
50477
719
65770
57739
54652
85456
1903
72957
49885
38693
79058
14963
53252
90999
54873
91765
27816
11272
29616
82063
81680
64116
91138
93126
53242
33011
97268
420
96072
87002
57694
15188
74984
86178
25319
47178
10175
64576
40700
22169
15441
95795
3564
99976
33871
67165
79363
57855
84381
85768
92737
11131
40703
82186
14167
50785
26015
5603
43357
70223
93598
71971
44947
9678
30933
34537
99506
23780
36454
80998
35725
13222
16132
49055
42953
1002
35259
90001
8567
25946
90622
77039
99530
41541
48108
34567
2394
79087
87805
20611
4531
16201
4942
61068
5082
25819
59751
98888
41342
86782
80102
91364
5815
30950
79274
34957
92637
18588
7261
29047
11783
84874
61470
11137
74687
46672
39211
40240
39007
40275
52360
43607
74346
65557
62574
66648
94793
44544
50483
66629
92896
68411
97361
78943
10477
36479
33398
83680
46140
97092
80200
53940
90794
91956
66290
22657
45268
38433
36944
77799
70330
1458
55507
6722
82294
73592
20209
5517
33043
40255
92748
69761
87500
58785
52381
43100
94371
77140
53597
73724
65178
57764
80368
6442
1553
2843
58254
44467
84605
2940
16143
16049
21697
33199
5491
89673
57739
52598
81131
38926
15501
86270
6983
89507
45335
53234
43037
90109
51854
78378
43187
89254
65675
24320
99401
91038
87698
18819
80838
68316
18605
78596
51837
84147
4293
48430
71355
21584
31645
45907
22384
49215
15466
97665
71768
8364
16787
47539
14373
18087
71649
10404
73387
20098
28835
31870
30439
93204
73345
62544
91373
20032
48858
22175
89580
70287
74940
17843
51200
81913
3455
74450
34645
86115
91103
6186
90066
58371
66357
24776
65001
34079
34288
73318
39194
99059
31925
11968
74527
69073
84048
36647
49143
18178
23670
99055
18034
80075
32121
21827
60246
75019
76583
12120
72428
49696
82943
23519
21738
96682
87984
6420
43006
67143
73328
69556
75155
63646
18583
61035
60963
44535
57878
76171
2298
16487
44150
97945
96290
68713
66833
82657
17009
67336
26343
66345
38219
93913
34046
34723
89556
11941
44570
25885
51158
44421
71093
29394
70988
24294
74363
35843
90729
69387
90308
4000
4712
13394
63503
18816
99793
51119
35223
16881
81988
67380
72980
5705
46117
64914
47601
32859
31364
92569
73510
86437
41639
16027
71026
25669
94263
71471
56278
30476
42916
15506
96272
78251
33558
10760
57843
81546
37361
22335
82271
82424
27171
66484
99715
23580
48334
78191
54604
49193
27629
42186
65479
57905
36420
91983
22683
5073
84008
38335
92988
47657
4232
11822
26158
8047
18583
39692
6583
64377
21399
33855
89150
62232
76292
5996
43174
1669
43098
46836
82497
22707
42435
87771
41939
37636
2561
42436
92388
77848
14900
55095
28289
86144
77865
39685
66257
79504
90336
86499
95279
73778
25560
84017
22568
11832
24953
23455
48978
91305
30941
46757
1190
18013
72572
55088
38588
35780
89650
80989
26658
56768
65071
75294
62297
71539
66364
50553
40333
50098
54565
53040
58862
64249
77351
62427
5903
25177
80567
23345
28635
9100
64972
20422
88271
98921
93706
2254
7671
77651
52972
40256
10217
87212
25581
40950
54168
52230
15635
9488
81174
2298
22041
64376
98282
22226
72792
93984
59626
80768
16753
61415
16180
23346
18713
13787
53359
64893
29121
35033
57049
75702
55169
32400
31500
59232
24193
5155
42642
7935
67556
75436
85025
34763
95377
96350
39414
14400
60607
35044
65386
40658
65788
2629
62611
98142
64282
69992
65306
45020
86615
84052
22580
69521
90119
3792
71679
47200
45536
11786
89755
86880
57346
78387
72482
41737
27617
1415
12549
54856
79280
85546
11973
11475
70796
92686
26283
97462
51778
5297
71236
71243
46878
61860
99293
55559
65169
87238
19415
27665
63678
10638
78854
90191
84961
47784
61196
82841
7004
17910
59693
14606
98240
20568
1422
43877
63412
54119
17455
99772
64421
76379
87619
41804
38282
80012
67496
64766
89235
84789
29255
43030
71086
18996
52137
88686
14901
68622
30579
93886
95287
63120
11488
70070
79201
56081
87930
41198
33897
46899
42581
83285
25847
97160
13992
31237
32337
721
97800
80888
88449
64481
81859
45332
3653
33088
51542
79329
84626
43531
204
96892
57606
60729
8307
43012
72457
32249
56796
24753
59423
82551
847
43780
66797
94173
51433
74233
70821
26518
32851
55738
60367
18478
28128
31118
27510
16789
66467
12462
23149
13346
96426
75031
98748
15572
90971
28475
4395
63636
38057
59282
90217
73846
27635
97519
76665
46046
96505
28749
50074
28256
47964
85256
19250
6207
82321
78439
58390
60343
33890
60567
45528
49079
1889
28532
5454
24677
21162
99712
12539
92485
43796
16822
12124
38005
44947
65784
47153
30704
89005
45700
87909
43826
72118
78757
49084
87834
29899
54822
22649
81739
98152
68513
73897
22509
25958
59030
62383
53842
51349
82871
39117
90674
40145
68000
85260
64407
38628
97348
35368
36565
33304
52482
11194
29681
36919
21686
49571
11906
90017
61932
36370
30805
35721
81808
68979
44394
41677
71361
92373
97660
58991
41380
24981
32030
8373
77172
38956
57825
11738
36086
86322
16050
59022
26731
26061
3200
22385
88159
69722
58747
72615
67583
7895
37848
25145
92808
69898
17777
25416
52857
82930
21449
15790
13738
41928
80621
42547
45110
93745
26038
46473
44756
22051
19436
20708
31076
47153
34084
92345
4868
34421
23561
20978
23490
9369
28537
236
75628
44482
40678
48589
37379
8090
90397
84741
81134
94553
96579
83456
51755
41518
61211
56708
92160
92015
5605
4142
25552
71131
46721
65028
54089
95080
2448
70902
39545
6319
36155
11957
8193
33392
56589
72048
77666
1922
11419
37768
66452
58619
61668
25583
97462
85433
47412
5697
25407
41067
16802
38942
4531
41919
86041
36772
9809
55016
85428
93445
41961
87051
80099
24490
3115
84614
72586
56068
22555
41854
94952
66570
32288
72612
20501
93044
62555
85156
47428
25075
76629
87753
42856
81323
29553
82224
78003
57294
94721
17031
88857
1461
87925
50082
37972
5534
52750
69210
74305
25853
67920
52834
62151
63104
61302
18631
57848
68452
47135
49283
81135
49965
52902
18303
36825
57862
19375
13027
55441
78197
6813
74907
89188
10778
47777
44231
73235
97956
54157
32703
43126
36272
26951
54017
26749
97055
985
85401
75250
80050
63781
31211
15866
40933
60629
60128
36475
93893
1328
37451
74776
49263
13993
43447
34487
77735
10994
32143
18083
36626
97294
31497
1037
57520
94275
58992
67597
42809
74414
89804
3719
36115
59569
21232
50217
3789
13127
87360
86225
66427
74617
34621
85515
6223
85609
14191
55415
27856
41451
37294
13769
30234
14867
21292
75946
60018
11177
69474
92220
87075
53529
47830
1275
54106
72743
9382
57023
96250
56320
38612
13982
31005
94668
14125
37774
57256
42944
631
70312
93578
74736
34551
57096
55601
99201
77693
45617
36585
6427
55244
62126
71537
20414
34858
48210
20731
89772
30048
39905
50688
61284
50414
43048
85662
75087
29519
77191
8144
30259
43684
6095
6632
32037
89631
18821
98731
58747
88942
83814
91145
74688
92962
5350
12375
18144
64540
98257
93931
33283
24499
79794
47252
16663
84644
58897
92467
25125
74454
94199
89913
2918
4776
47854
5151
23247
74810
70116
75644
96327
28021
52366
82951
44985
27704
58056
42249
26116
38784
76538
21309
17680
1522
95031
72263
73468
91752
78335
21711
53811
64887
60708
72313
3356
70137
87914
24354
33936
33531
97288
34552
74183
15109
95435
68150
70411
75137
95257
61851
59534
67274
66130
35078
37528
36114
93331
61584
55160
31504
87989
84486
95131
24037
88434
63426
5083
40809
99815
1957
88975
55863
73621
1331
51712
26706
12418
80522
26139
77234
5053
26496
5954
90798
6814
59673
3486
29799
2731
90882
52815
29519
3415
6157
97987
69781
56388
29705
28165
21294
17418
87293
45293
86498
3120
61057
95542
9584
83991
93208
75820
69694
68343
62414
73412
57761
35264
65067
82086
92645
94402
56529
87461
95097
81192
37271
39087
53851
61919
51202
4511
57436
86101
95965
28592
39823
55965
95413
89324
26931
60431
37844
64547
33722
18539
36312
24663
4501
86494
50990
62932
21503
17149
99632
55613
20131
33390
39961
64129
89002
55367
31809
98285
5637
66254
66330
35675
18611
90335
39813
39784
7439
1196
53745
31139
59514
37566
18161
86528
37856
67546
71193
64333
67242
91071
55285
92924
24831
15148
26246
23007
40567
67455
91866
76114
4158
47223
99878
93298
5186
35131
16515
29644
61177
95027
25315
63344
77745
48212
29966
32771
90709
96218
28861
66356
94425
82093
63186
88326
35491
92614
41010
13164
93398
69355
68609
1620
90204
11670
83320
19130
37967
57172
37
13981
65700
31305
53279
19534
53716
93712
75171
91140
43304
10144
24656
15021
17409
29995
99709
14399
56226
4128
29586
33325
64954
90896
64393
92309
70034
75789
59970
37334
95087
5646
60445
50878
33412
17328
95896
13441
31255
80983
33925
38407
19438
73618
24966
4860
77942
62972
24168
93771
9232
36350
64473
32804
91896
38737
70056
53626
67572
47234
37560
47210
14325
10223
57184
57269
67405
32398
9410
30798
6573
43788
22630
21455
48409
89362
53842
99910
13643
29220
97480
12557
67137
40804
9500
32823
17540
90931
36048
24422
93334
93495
57934
13754
34583
87224
7010
50020
98547
58629
94962
25368
19179
34964
53946
82721
34559
57094
34088
80238
20821
31400
94897
22666
88457
65366
8526
30826
81746
56858
33175
32287
91852
77042
70458
58443
8262
50416
71639
75728
60106
66811
40955
97828
5445
73170
28375
46273
8915
55281
37565
96089
6280
47308
60311
5606
8669
44408
27939
7615
11669
78953
97583
29479
9418
82678
1901
92064
18841
46201
19507
78589
78215
95346
24722
35797
69230
36939
40752
20818
6665
67798
35588
47561
760
35187
38286
59749
89103
54830
74640
33852
53313
85349
98061
51299
5733
48134
97341
45885
85698
11671
39946
75214
16221
16944
58698
54959
31515
93122
51033
85370
24853
1083
87474
2724
28664
41601
11177
65450
52277
77916
67817
99492
47340
33361
2053
75191
53167
35944
4701
12167
23190
20591
98767
29161
16639
279
12247
99446
15328
58172
8357
55355
40491
29827
18490
28685
88476
43004
68702
39035
89506
78022
84320
71516
49448
71185
33163
2279
16414
39359
64898
32065
37929
5060
28024
87120
66179
90221
77998
47086
40496
10173
33738
80442
25247
33169
64880
73673
56762
60933
11520
17466
76970
54384
76075
43782
29609
88555
25491
3158
14085
15087
14815
43823
98542
81467
75415
61992
5533
17621
81122
19196
55584
33704
92506
59291
85958
75787
26537
31259
84612
56195
23746
11755
25697
77054
79326
98824
44804
20192
4049
55305
80824
1020
92104
78357
72570
66584
71522
28565
98719
44018
424
97123
63300
82753
23498
481
38195
30420
21336
4647
54158
80311
77593
76596
60124
61365
8492
43525
27085
40119
29305
61092
45964
75241
71058
47832
74208
67134
22091
17018
12606
54154
28595
96168
97551
56333
43534
67666
52826
76112
92401
53105
74702
77032
74234
50615
45037
10167
12937
91330
12440
88625
98622
8363
25267
50972
67600
16219
91765
8561
50855
17148
19503
97856
17240
24237
95862
81456
41339
70896
51983
74371
40937
73054
38902
35447
439
39898
90154
43657
14570
32802
32152
75637
97366
75137
49347
63736
8055
44610
95149
37270
20235
98655
99237
63384
55402
68952
7085
37741
26626
25824
30854
86449
6324
75760
22362
80587
54149
28735
8742
66160
93890
23785
79554
65797
39603
62411
86927
57985
83386
18513
23068
60177
17033
7559
9588
34741
34749
67596
25287
22088
57946
73541
26995
66654
6372
17934
53967
13734
53112
97162
80917
85902
24165
58139
24810
39941
91179
72973
55723
20667
18158
845
64725
79749
65078
29624
74448
45853
33798
5518
79065
93351
21910
72069
97227
558
43088
61625
35273
73868
61508
82081
38283
18920
1224
74429
84963
56538
33328
30891
26283
61418
74021
52441
57708
93399
39333
80853
91277
20595
68664
48321
94198
459
7530
13890
29472
82757
50345
37975
43228
32482
85181
30694
75260
51619
74206
67314
43906
71271
25015
65257
66275
70514
84278
72602
9303
24842
72364
44868
87104
89563
97447
84265
79028
96218
50185
95009
9352
57767
23429
38379
187
42219
81078
28350
92445
16385
70044
12766
60314
5649
73108
20138
59495
12759
24850
27282
39656
54403
25790
6534
30299
63769
93032
51402
1413
49016
54345
97478
54422
49528
43320
95033
29147
20780
22725
53293
86785
76808
53493
99877
9153
26588
99387
26900
63436
95357
98096
82855
60948
61157
76110
1666
5364
97649
334
25865
53821
87369
380
7092
72350
54044
30004
54310
5200
1225
43420
22167
4603
60538
80894
92844
78440
89483
82688
33544
12645
88073
53025
56445
94766
49557
78098
90011
59838
94535
78318
27593
59057
48047
48376
57137
33909
6167
23248
39508
63277
39557
53713
64319
10625
99869
87594
99542
48646
75906
83415
85741
40517
35613
2011
73718
96555
38838
60796
66324
16109
68735
46587
34382
82357
85969
93327
43775
6381
56685
28861
39146
16583
33989
87542
99434
19846
5491
54637
35688
43693
96679
24947
42854
46882
87710
57553
77848
12607
84077
52033
9202
38997
80893
63914
68092
84125
56849
66390
34787
16252
23555
90545
70153
47665
21612
86176
64092
7039
46082
25468
97476
31890
69435
39178
47542
20496
39664
81880
60390
31549
78269
82710
697
80810
66437
44046
3640
44444
8787
52929
13472
72309
57211
27232
99319
61121
17566
47300
7065
37598
44716
83658
29808
65768
14404
54478
48610
19905
55991
7555
10628
82842
55243
23373
3821
69601
828
5339
15557
30119
66748
42148
68732
1675
58010
12349
52215
92584
49857
10004
17189
3065
82999
82540
50159
20901
73734
64149
24590
45706
20888
34439
88727
64362
635
45851
88817
42188
76132
74022
32871
80657
40431
44467
69369
80853
95173
69532
20621
77469
36662
88581
70915
94339
18246
1269
88166
73626
49028
86353
62462
69280
90037
52375
64514
51584
2064
71892
37450
14721
48994
21282
29667
22319
41393
34818
17276
12388
43262
10258
19070
45170
73764
27754
92312
34287
79453
20089
62615
77758
62435
55479
69813
87510
67347
52807
65609
97489
74670
12268
97948
54611
14394
3044
25852
68405
25446
3940
35785
60077
69226
53330
23532
22076
940
19289
36520
95219
7135
54733
90504
14787
35942
37691
58488
83040
17623
84364
56592
85137
22074
72758
12299
20822
18096
66271
72662
62070
9713
31823
53252
19109
71566
20880
46653
74510
76597
92869
51063
57507
37362
60964
51741
41182
45170
61553
79915
94162
55107
99257
76572
5555
90936
54376
81627
1759
62185
78087
13781
56327
14966
69141
21808
6366
19116
83521
89461
96957
49601
35650
60616
38609
49785
81907
49432
11074
38538
56493
46386
57536
31485
56227
11568
49932
28235
71412
87567
29056
14695
52241
382
87516
15323
42732
64050
87566
60202
78232
49750
72925
35572
33251
95040
97843
57976
96333
45951
10500
67411
71747
54961
42303
85287
18077
21520
47248
83096
25360
98892
99663
97871
80144
63540
67721
66049
32582
5838
75496
78570
13770
6950
30146
61459
24957
59107
24123
45523
11622
27285
34328
30673
37735
48267
42561
58055
20219
36705
99858
25794
84078
70614
41119
45926
95737
73275
21601
34958
27576
53384
95904
72530
63274
96361
33823
47265
29413
63733
3231
64558
8627
39391
94865
46631
91565
43333
43004
4607
33810
8774
28039
44014
33187
91857
5251
23182
61279
7800
74872
81094
98038
56451
77323
97220
26157
25281
77993
68643
51821
9594
17106
10860
96615
42143
34788
21113
94024
97315
59267
885
69077
14851
83554
60063
14468
28096
35889
13613
50486
21966
21796
2412
32564
15845
39355
28198
79077
45812
78451
95005
12586
56149
86184
28691
36471
98811
6341
46668
92462
8553
86026
49675
20409
99900
1113
56154
71075
63112
30397
38053
5427
46049
93367
48997
91654
9712
6790
71802
79849
56965
14738
6610
53680
55627
49430
75846
6678
30295
58631
61476
46225
5466
68869
263
67985
86614
38974
18754
61525
66125
28057
8220
25353
32789
20869
36084
9280
15080
5823
98726
9482
72248
40986
17990
86579
5120
16334
67497
6744
10549
52831
6660
61510
50651
2153
78540
24945
43700
39205
29372
33326
27827
57691
90164
41869
32879
132
24510
43958
15507
98682
40717
32575
89522
60286
18718
1575
67416
58502
65793
52466
73947
87361
61552
86882
20240
81448
18461
37326
85210
26147
70635
12545
68766
77525
59251
27922
55186
85734
19207
59516
83827
89675
8594
66905
42678
88051
84030
33120
55222
5904
44464
6743
12876
69216
57230
23863
63869
216
20320
80475
97453
77356
44212
3972
2161
94429
26203
29613
53538
18623
96754
59141
38446
65862
73403
82062
66280
93357
84553
70193
38847
80834
70267
20476
5517
60689
6367
10778
19782
68364
92120
91885
44112
12628
9690
58154
69073
87974
23858
58864
47300
81797
54755
12647
91078
25503
72651
78353
33229
94687
69668
24592
29847
93135
73894
9012
66560
21288
56649
38014
32558
22200
50473
18743
51783
75630
45986
14438
77058
99396
15931
47282
37691
76810
41215
55252
96959
77611
92262
11095
85255
37438
64434
58703
90018
14636
3125
89620
79051
8696
46032
38425
7738
10992
73783
32717
6422
48079
86544
10894
11176
9036
95418
9924
39659
24578
36553
44993
18527
92797
73616
75059
83612
5694
40152
89444
50948
69579
16396
1678
63633
27766
48855
74558
65294
20200
31301
59460
61026
21930
28007
72116
15783
27728
77970
68380
93144
70659
64679
75298
22376
59817
83724
21722
7312
34002
377
737
38784
71554
44144
6137
98103
67478
21923
70209
52014
73205
11641
60879
74350
58836
59851
62029
32322
93030
97481
85646
22599
51295
27770
99019
71455
42467
39424
51135
69669
53423
87738
32155
29691
56291
72323
20518
72480
38763
92376
2325
65309
37001
29046
64835
58974
85601
36673
12685
55070
97633
96642
25709
10491
94762
66344
69264
5256
78655
63887
87542
64161
2985
89854
94342
43225
48388
8170
43884
45328
83946
96472
2640
5121
90042
47360
62067
44055
13381
69549
91016
81247
88021
3361
26829
19064
48889
43029
44517
76871
92401
62557
45972
48711
77299
53482
24118
13566
87416
70026
88412
70187
17863
25578
76260
20892
8507
96219
36084
47420
60179
61938
68626
91656
78966
54986
46691
73250
80352
71748
28798
47231
49902
15054
64332
22812
55938
43042
2847
51502
71603
28581
84588
35830
58837
39408
40678
82866
49312
4939
43928
62353
26015
30069
31423
9343
70968
4608
23138
62910
32851
99546
23279
87158
12168
37446
79315
10371
67082
74665
47189
620
46442
84768
56527
31348
9577
4718
32682
86825
2493
79572
44374
21018
60703
569
45123
41606
34479
93417
74078
37039
20581
37594
96587
32814
64437
58601
33212
53632
222
80163
77579
605
8975
33664
72794
88585
58742
15721
37572
12067
22087
81306
62527
37980
96869
61763
5873
30850
48016
21480
94732
15418
17067
92009
1160
70987
60392
68795
73595
94583
73267
30165
28279
61093
57016
66919
51008
34937
65137
76421
35336
32966
11920
46145
50922
14010
91942
55734
83231
21495
82926
35521
10400
46945
46584
11146
8280
72115
23029
82401
18501
2028
26684
99747
16908
8040
4984
57435
86998
54313
66350
11845
18186
81876
18830
7822
36072
21880
39157
9591
31903
4904
62172
47832
79404
32586
1762
1890
54577
7848
45873
19997
30829
612
92175
13360
73789
60777
61027
37278
72335
60348
84481
8493
26942
81969
2804
12931
30703
99610
18343
23849
43015
13082
82129
53937
47783
76760
80122
58644
25445
47183
52718
57396
58248
98338
37437
99552
96191
12397
87117
5014
18175
12375
3485
50978
24184
16963
29014
68229
78610
27589
30192
65425
16969
4850
4606
17872
6978
7120
66935
30501
48041
37132
4898
45034
31369
97803
69117
37560
78727
40824
85834
40742
51131
37980
65623
4232
2603
17932
296
83928
67078
62204
8675
3282
57594
69969
50264
70682
19635
53589
67819
66520
88497
63843
99776
39555
45668
38625
60897
35708
3239
90510
90254
56209
982
22225
37634
42850
64717
88913
17182
83744
88286
20643
29525
79505
71534
74814
60372
11121
11918
95787
20363
50130
11537
78135
36891
44132
50734
25482
23422
30607
86612
50226
78638
48861
89348
50617
24947
56821
19536
82294
25549
5282
33679
54911
15098
73970
90809
42332
58052
83098
55941
55254
73738
95287
89597
72558
6154
59087
74202
85450
52200
87350
91842
88906
39389
23660
32218
14969
79518
57220
68842
96639
73576
5536
90156
11603
86245
89976
29551
40846
63422
10041
47662
68634
30973
78922
43529
86378
92734
6665
83837
12835
11666
34964
40421
65560
99183
4388
23308
11379
68279
56404
26765
89711
41858
40383
98153
62659
41387
29703
51332
7161
40917
87762
93117
44028
40984
38927
67400
45744
24140
695
88074
74139
51952
39342
10000
82785
32184
12712
29389
33805
84273
82760
94382
17707
66481
10820
66267
89172
84480
92516
3372
76608
51453
14122
41061
94527
69615
90187
64752
82723
15753
90395
38230
53333
59928
9543
33369
32584
14188
34844
6705
90571
3937
2661
34913
375
17001
86961
11285
3464
63831
48627
92155
51177
16650
48259
54778
38568
40565
87906
21779
40457
38407
16379
52819
88086
10236
72388
78931
83891
45279
39620
72748
51055
70714
42382
5818
99767
34684
17036
89356
38693
25221
13591
78756
38102
9905
88386
66769
81242
84255
78167
75623
69764
90108
38905
47320
