57076
62422
49924
72623
15587
6522
66611
65718
25904
9997
11842
25380
59202
61326
74302
13608
66237
53766
65766
30765
31955
64812
55054
44811
40826
40693
14558
6218
49881
33783
63706
88181
90651
23065
3005
85175
19846
4217
43966
81588
58502
87961
65013
81958
78211
71879
96375
72083
20529
26279
32284
46567
54341
21311
17154
23700
50885
72126
82186
73538
72728
48106
88672
98452
84445
52358
2329
28857
58392
35004
65269
18348
775
1420
39587
36009
78642
40593
55748
363
48481
52460
15367
26759
43719
85776
8820
92927
60956
88521
22341
24900
37801
80777
62605
88139
54013
25809
77020
40298
15676
23128
40443
28720
74422
60955
42706
36446
78390
74465
38698
45382
58321
3242
86828
87198
85598
3731
25383
31457
78565
47209
5617
23554
7792
57640
41125
85198
54590
56782
10923
3677
10742
20673
42357
52085
65753
58617
64069
99931
27696
19307
62700
51318
64708
14323
79437
16450
98093
95390
55008
81358
54306
7057
8467
55955
32495
67546
91659
92689
90565
98641
88200
30183
11947
25354
32294
60590
78450
9658
9952
60659
27974
27330
48527
58192
22592
13533
74671
67590
36344
99267
80643
97913
78616
54807
97967
97000
24108
2580
12259
45415
14838
21774
38552
70267
1118
76296
4659
52177
75206
77234
88646
46587
66331
83772
88534
26536
89159
59387
88023
84543
49988
66582
80915
81080
34539
72719
553
76407
82666
93641
21298
78022
17748
41914
18208
33229
72371
71502
34239
81393
97208
74741
16189
42150
36563
10474
76870
42546
48158
32673
83015
8544
77011
77197
12052
99294
37630
1931
326
13172
51822
48622
94460
95424
73189
84968
6882
74194
43886
65201
89871
71713
88846
51127
75400
10121
45043
48643
37762
31074
74889
39235
19269
22910
7019
28346
72396
65694
99159
77952
57800
85745
39226
16759
87076
38347
92523
23275
91460
4766
40820
84997
54438
82007
54986
88429
78859
49015
1182
67609
28303
50988
43
2262
58195
41452
35600
77617
11452
88462
58200
65635
70804
37605
16308
57463
54703
18489
82859
81081
98344
5667
54696
98077
42089
1669
17809
64041
65066
27876
58200
50881
77680
96484
63274
12941
4631
86142
33380
53064
8970
40864
53382
29799
8655
83937
896
739
59040
48799
98665
60486
63476
44823
8526
28046
56380
20033
91751
27105
87849
22021
93189
93742
97130
82654
16552
54267
42579
92073
24429
76049
45722
54473
16356
38048
39419
4667
68288
12079
72092
57841
14088
71204
98186
30126
83946
37164
43746
40797
59887
54088
33292
9806
15466
10837
77281
35117
15370
83222
68525
50720
62990
45568
11599
48446
3032
35714
43038
87655
28826
83534
82022
17507
54029
27976
12848
87771
66657
62987
57087
1550
15599
85778
82742
37649
67050
6250
41752
82151
77971
20689
37095
98744
52268
35306
56366
51153
60996
2049
37658
60119
17553
11029
13603
7657
96860
90151
52712
87858
23062
16638
31032
40200
72969
63604
3341
27844
2377
736
17075
32638
65129
81504
40775
10500
12489
88643
94074
21399
54829
60305
40885
17410
83082
16088
52246
55735
70489
14196
55064
13800
13454
53721
30833
33791
60706
90752
66389
23803
72716
57932
29943
7463
60654
46840
47248
87032
23723
91807
64600
47523
43959
1767
44241
25529
88551
51914
97092
47905
67240
66627
71395
97232
98027
88626
365
65991
33853
47340
11472
59848
28181
82178
2536
91318
90695
93067
7269
46889
34326
75793
52620
11499
83814
34741
22548
21010
62734
72128
34032
69882
21260
19048
76300
11199
50515
17947
98225
50611
83488
30379
54787
50210
4331
17205
22345
85120
60120
44719
69228
31658
95084
32910
78168
98210
28573
27377
5569
49953
95939
67502
90623
95384
86506
97943
59641
79783
81001
85417
224
67449
2573
45904
43218
39034
77295
14554
15743
64375
9444
53111
13288
80624
40755
13033
10051
20668
75457
57198
70107
37113
51464
79815
76341
42637
77254
54949
87181
29663
64466
54063
39038
88748
27785
9554
34369
67718
21735
4741
24973
87215
56145
80823
77757
36494
99182
77880
54607
86636
45206
41889
41544
30638
7395
18304
51893
27567
11076
8228
44492
39865
11217
23650
28497
65151
90328
17538
75188
37850
66262
68969
88888
92030
58401
79139
86799
83769
29570
77132
79904
19559
51264
42204
52299
74965
81239
71469
38595
15856
96104
84202
282
86281
46826
18870
74074
71463
44606
40533
53711
73225
24640
66427
63587
95703
94041
20399
70369
72899
90225
76924
84475
35362
39746
76948
89607
24769
79240
19585
53028
10053
37109
66858
2042
64259
81121
75646
17088
60953
222
6208
18583
10183
2441
11183
44915
61326
80157
25200
69145
7907
33569
93818
17828
4367
85410
62910
20354
38022
19739
24337
83644
62594
69520
29176
42066
75132
19387
61711
34276
28519
19261
37365
53454
58089
48662
35480
79915
53942
56976
75320
15322
36138
63318
17627
94558
91107
40162
15917
36031
44697
26483
41169
76302
45883
79549
23080
88485
41768
48154
80828
85549
67942
67839
62378
19161
49762
82794
90059
47440
98469
96055
23389
63816
36078
55410
35954
78478
57234
23110
60501
74754
78222
77748
19444
76222
95460
35904
84206
70327
66041
44965
11291
68061
36106
80104
32178
85373
31238
48618
61691
29605
89165
23670
88274
52167
72707
39227
84052
91159
78800
77620
82442
50831
11511
98371
61807
31697
93873
56668
62495
43948
39238
13661
26174
51160
62247
27451
38466
44476
90538
45336
78685
66863
21411
99345
45323
7067
20092
75252
27221
92381
10289
88143
75456
53833
26826
85570
38645
52331
29526
53174
83950
46184
88704
76360
697
19555
29585
83838
11436
475
93058
18138
66309
3922
89499
13356
38813
48776
80461
25729
86761
86886
26537
45818
14411
79126
41147
94040
76220
61743
59750
29170
19982
98063
30269
41897
48514
93570
3867
12659
65893
72831
90560
75155
6535
53873
41321
86538
52762
42162
57931
92839
82115
97363
31531
59386
67968
24121
43357
25894
34486
24930
34391
4148
8053
42405
5969
78116
46986
77752
67003
84319
57698
8010
33019
98440
14998
69520
50017
38128
54903
27389
26825
95145
47383
85771
10509
80274
94354
83286
7076
10705
7639
66311
39963
59264
43415
82927
11182
48062
24104
86569
46660
46181
76022
73282
90532
64988
56871
81972
38743
59682
17257
15470
21947
95211
84155
22639
81633
71112
72789
27121
837
37566
83540
13379
4328
42009
56742
40879
74379
31770
50734
61978
18249
41451
60405
7273
78097
41651
10765
97377
26175
87844
91619
45223
39798
85618
3169
2822
23677
75838
99805
76110
35539
66545
89377
49274
3696
40644
30167
13194
6137
59132
29105
71855
19231
15027
53619
3717
55861
28465
89790
28218
41485
99546
28953
41581
94446
89664
2302
29362
23411
80409
43230
46065
62083
37452
98098
56366
66632
88453
97311
31812
57390
99432
17445
63819
54043
99106
81220
86553
48581
73979
26987
46276
72628
40647
51807
80580
86229
71419
677
23671
95224
91453
6348
37503
57224
76245
86490
68774
94852
66688
34545
89921
73982
76419
3677
34514
58511
53052
14077
81736
26100
53459
34283
41218
57066
42416
58058
75824
72290
11399
76395
54778
87744
91054
84316
27226
90422
33327
55918
15876
30072
55576
48833
20326
45980
89104
47982
56170
91376
84900
75824
31352
50199
37344
9456
15320
18369
56985
90252
4342
70054
6054
58500
47710
15519
74895
98048
89479
13506
48414
86465
58412
6840
18610
95171
57077
71548
43635
21579
82132
32466
57952
16947
57260
84353
73507
83919
30988
77966
11462
21819
70264
9719
34782
40803
74472
24873
31941
36718
53898
82271
71207
2792
99235
472
307
3179
67475
62738
7249
85449
27927
42569
13586
66489
30567
69862
59778
283
34655
49254
81018
41578
40603
36040
67090
84541
40508
33874
60308
61369
72903
99009
68365
93527
19341
10027
8188
589
79909
18676
20460
28796
63988
48200
13759
50390
8879
63003
12032
98025
60536
21307
68058
71469
69796
30190
53639
4518
90237
93902
71840
33493
44131
37917
22772
89537
4909
36391
55412
33310
20429
6067
67818
31096
18514
51589
95946
71102
93831
58675
71585
30829
45336
92258
11050
33528
79989
58908
57440
82449
20655
72496
34765
37431
27840
58727
70048
79387
66919
31870
75037
25777
8689
21573
6895
36720
24691
51091
67897
70181
9235
54947
62890
39195
93894
8623
3214
66431
95508
96551
85281
63795
17784
74158
21406
95025
99235
68626
58166
67321
19072
73830
9404
25305
29907
65277
3006
49369
59803
68581
82126
52160
99510
55038
52158
22022
31876
37942
57225
40342
33059
56194
59310
43423
66585
33370
43032
25049
14001
39698
46201
19375
13692
95377
3861
54028
49849
61424
58650
39078
97903
40112
95502
58690
44950
44792
9121
65346
47766
14666
12481
37682
48008
30113
58028
24075
98200
29226
40703
9345
92396
58299
91597
17424
35934
7380
77484
26590
38533
88369
63146
91052
36114
77065
63293
36670
68342
23942
18775
51813
40161
17473
88376
3270
18149
19193
42717
59881
47129
4976
79607
72927
49273
46307
27511
17712
74219
24707
63557
40833
55197
24980
87919
61407
85449
25154
16414
73002
56538
61915
12613
60001
97737
21710
29203
36486
32608
71709
40712
56333
94783
9185
66691
85254
93597
47003
45018
19205
30726
22162
59747
19786
72803
71662
85647
58386
664
61232
56791
90618
6086
72844
84430
62731
55601
99620
47893
42118
54715
65762
12206
59084
4751
25457
2601
42763
4698
33785
16346
34529
8116
72629
66283
26638
16637
87827
51405
85210
25570
2407
35914
78432
34750
86188
40086
31574
2557
93816
8548
4986
53532
60827
6613
42586
79020
40116
44331
74464
81814
99856
86491
88984
3608
84096
33825
80064
56909
20341
20365
2731
44683
40379
65980
80689
17094
49135
35618
89399
44626
42303
58754
3126
94886
98620
22592
9579
7803
49406
33005
75963
1171
54389
9634
20256
97527
86183
97448
91604
31801
66667
94804
57496
64792
672
36240
54818
2306
42858
78228
52770
70420
89323
67988
34063
15516
20250
19251
23122
52896
19107
30485
50190
79063
32379
52050
40779
45429
97309
22214
88926
28292
45318
7653
45974
88397
61674
39916
55974
72438
30545
1171
56970
40070
66001
81214
75864
58628
32680
18451
96644
61118
85559
43109
80335
62597
27318
39823
51757
66580
75960
83901
77490
6002
13596
99012
40409
49773
460
75506
71857
33831
1046
68800
85348
76013
42341
13156
10340
8897
77019
89090
2068
76697
60045
99555
71121
71712
88507
23998
67004
88859
34346
44978
18917
95174
49248
10966
89204
91965
11004
91367
18807
98007
48079
37281
83172
10028
12539
41417
17513
21591
93286
24390
52312
86
38107
66768
40520
72654
92125
39585
90314
67980
72649
82089
84233
76038
59271
64541
60700
24640
87532
88335
20876
63051
24912
63705
92157
99432
18951
71090
30331
2090
88894
50211
85505
98552
97747
38259
99945
68114
56817
31070
4555
99627
4583
43365
54644
10293
99812
53087
8645
4635
43794
49262
99236
84455
50956
36268
2212
15876
76668
99
27948
10333
19957
59068
56294
8484
86218
93167
79206
84239
69514
8249
26869
7805
89081
88076
66361
72215
63468
1440
84834
31953
81120
75655
81044
11855
97623
36510
56556
36005
22288
90624
5617
86742
58082
26133
77913
58654
10165
44039
11029
10795
39421
99381
10170
4070
6131
41632
1068
17424
88370
41506
71560
1159
41451
67583
98511
776
22310
22612
75947
73902
57621
4780
99487
31992
6454
