75010
52020
53803
43575
92031
54503
90749
89076
23131
16793
4617
7167
76683
60760
64278
35693
48650
69494
13932
24967
53970
78640
37136
55970
13094
39964
21387
20988
22923
99535
15945
4532
43254
73257
31612
10406
91744
11198
21537
3811
28023
32865
52698
38921
65870
98095
62171
36548
7541
60597
39360
24864
7939
75198
41147
66314
37679
31901
13836
68674
52926
56916
61736
25759
56055
41631
13116
67007
33939
66400
94987
59945
7728
40200
24339
38914
25380
90718
23502
68135
3726
19567
72596
29037
47976
22610
16990
34355
88056
97878
34661
97121
56007
9963
42089
43360
65609
96746
93998
20341
35418
43234
80416
11067
84970
75584
17431
9468
18735
47066
20565
72972
13722
90072
93773
63970
30500
44191
84318
84435
81734
6875
60892
14669
26663
89705
53360
24429
68880
63134
47062
32925
25692
80312
3684
75086
71147
54751
71114
6893
34933
92919
41204
6565
1532
26244
68365
22642
80699
53370
48254
18973
35387
95521
54804
70457
15524
95585
16672
71576
72015
15152
67415
53994
89914
96053
42778
7732
84277
55256
87760
37897
89434
58568
42991
30952
44282
72296
9401
39377
14833
84279
29987
56229
43515
14394
78833
15865
72705
79369
93949
69366
14539
86963
87159
68145
34938
66606
47110
18338
93005
19839
76269
94147
41568
34850
13736
60487
74070
90839
61845
2132
30763
4969
8336
3262
41484
74524
37303
24066
13090
54354
44716
57691
62441
92698
66809
95717
43550
18935
16685
57132
46711
12648
60389
54223
94093
12824
94630
56439
21269
37700
56646
22030
32428
38725
43050
32958
72752
61690
84906
35303
98187
6323
20209
41211
57258
2395
76353
77946
68173
37507
39571
44806
35447
26759
73756
94786
27396
25024
46187
92076
90394
83557
1422
74931
91737
66111
5300
96247
89548
65384
29294
27580
43681
93310
67439
87370
17717
17417
18451
48453
49224
73575
20059
59140
64912
17521
36310
67247
64906
50220
44123
48314
90251
302
22578
49304
42516
31338
11923
71102
59620
71802
33127
58358
41671
65352
68683
95068
82892
81529
23026
22201
83637
11446
16074
43769
30439
81529
2967
49067
71266
39888
30619
96213
90986
77873
96887
33425
11875
67739
14027
64967
55484
44452
26585
37320
59554
58596
90920
72037
73333
42397
2244
21738
56407
59365
85507
75899
40608
46962
59075
62441
85488
73602
97390
62864
73788
54883
83551
27120
16329
76613
54751
35718
66103
81370
37576
17319
35348
21959
39883
11801
26418
32395
9580
781
54994
30088
5323
23452
19743
60498
86238
33021
17688
68819
76985
31297
72901
61465
62096
87179
99115
72349
1523
49711
58362
94545
65112
49094
84259
87333
36631
46635
16967
65237
93870
8854
93931
58643
52421
91986
12872
83692
27756
83324
29854
21498
62112
23770
8393
96038
52492
37558
44844
33751
94636
9302
77321
64060
35789
72410
85330
39633
67921
20241
3034
4753
71918
20567
58757
15449
89974
81167
84030
69589
73489
761
67623
64617
67782
39217
31371
61470
61241
76772
2640
52455
88558
31919
79912
18222
87083
70966
28390
44864
60988
83581
71405
62066
30672
67590
58276
1903
13633
61832
86214
34335
44337
20233
5014
61301
21488
52056
56176
87989
75097
15497
72155
74976
91324
86030
74714
19229
70231
29134
8386
79910
26461
59492
77477
1388
98904
39031
47085
61448
72395
13553
90084
39840
61552
34175
42064
13970
63489
19876
6908
79007
27922
80538
45234
70775
98555
40294
58693
23869
41555
52471
45418
18454
31351
15995
66598
74228
46571
70045
72770
54874
98391
64543
49724
55083
17555
17167
15416
55251
58781
66954
34579
43697
35303
47114
95991
79487
58254
6093
80139
18944
77156
59236
37698
87813
70991
8372
55188
93020
20971
58604
9737
16502
60394
28547
12689
63059
80636
43406
45458
27885
82698
9340
48601
90845
18651
55758
59249
84173
11993
9589
65873
97148
74158
99209
5615
80007
71049
11716
64402
51418
77885
43449
84998
27443
44488
42196
65225
28143
68464
35088
12770
26259
21961
24975
67953
36505
95188
39289
90081
29141
52418
40819
3578
7651
26262
78107
34132
50095
88488
5887
58853
85889
453
24663
39643
547
23860
97445
40006
78256
4532
72839
3820
90458
98433
28886
3040
42104
24693
85343
46317
49323
89834
46780
92172
28907
69502
92942
59125
70642
9904
69176
56113
80197
9255
61787
16878
667
23058
61898
59052
10987
59754
67881
36917
83958
73715
62599
10058
51886
56737
8981
82968
58690
536
52482
45417
38183
84076
72980
33814
38852
81510
6149
43162
96730
12968
98200
34786
60270
71367
57750
53633
32757
46199
12586
22816
5595
43750
37685
72275
89743
83742
77198
22438
1166
2446
13434
65462
95755
17314
31652
37244
56184
87438
67833
61732
34356
52106
61154
69308
77521
17943
30495
37575
5568
59488
96541
23826
83292
14267
9875
88414
26448
10863
27167
69372
44229
12496
72184
18679
47851
62725
5807
33930
11587
25099
89735
49650
78536
95922
93742
5598
29848
83237
90711
75812
43170
58855
95350
47565
36654
49881
90967
40784
86147
99000
52731
33981
67705
29443
1008
28591
44252
62074
7819
55428
69913
28866
22213
69321
96200
66981
89551
32302
19030
43254
47508
86202
98446
61298
46954
70039
88612
38626
91283
66733
74206
40989
84630
81773
95263
298
32309
76771
87216
57859
32332
16719
80301
92694
95013
10445
70058
53477
77498
20560
95296
46317
65992
56717
14680
24323
31500
97139
13235
26362
50877
77145
64436
27266
38981
11888
72042
12202
22333
49752
15197
76390
90308
56398
91636
22827
74172
92450
81441
16535
29474
80518
18602
64559
28968
59427
55477
8192
36848
51686
61519
19462
32103
63800
67417
62955
10427
27243
50383
33319
4475
44847
1526
39238
97738
26149
35138
22151
36735
44939
79745
65120
14395
86230
11495
61567
93736
65374
78423
28651
98699
787
61707
24650
2822
35533
47521
88892
48013
80449
56290
62820
92258
23887
2351
5286
60815
22264
99562
55563
37824
51374
18654
78754
58714
25219
81869
74626
67580
56259
71060
19978
73520
10622
46652
55241
15566
75965
2784
21369
28558
98966
45750
64485
6503
22075
3196
95884
97545
82796
6241
48894
11892
23597
44365
14211
22514
85618
8365
53371
78360
84182
67071
41344
2452
37771
53814
9127
24499
31916
58890
14054
27218
51439
92736
91151
81087
75830
306
28570
37580
8516
9434
65058
33614
72300
66944
76357
96536
51621
40958
5487
98383
66555
70060
91600
26250
33503
35948
11273
49289
54206
26004
4039
69198
24078
18004
11014
98556
36581
78723
86742
62250
2340
96523
48347
94724
71857
3821
89326
31135
50978
658
2593
61495
74357
28623
83744
40263
17309
79027
80787
27715
21974
71601
61824
96885
74714
47685
39245
35155
52588
74213
14243
70010
14321
15397
31502
26025
75806
35335
64545
71708
61741
76157
78710
51682
73801
15228
29683
446
30697
47199
93320
47895
17498
72501
45557
48956
64180
30920
89705
82872
40494
17451
11301
47469
70510
83455
76318
17105
24824
17954
70977
91458
40232
35956
15953
1254
12283
92871
82797
36707
60231
67683
37229
85592
876
79124
40970
58678
59714
69041
82909
53855
86545
96649
73631
36921
9279
5547
7856
64879
3459
9554
51284
28741
4505
22955
44823
9589
41391
34597
25393
49995
38940
10004
95877
88441
4400
15554
52739
42168
55943
38387
4910
39836
24951
29491
49239
40274
85160
93662
85960
70776
23939
85067
56541
92825
55363
95350
64428
89701
31368
77961
30309
16713
2507
37862
7349
65263
6668
18868
3557
93269
31399
24675
7967
88514
44037
26461
71088
1227
78254
77323
68489
64865
11580
64194
10527
70452
42186
84584
40819
17128
40876
70727
83756
76882
91129
22636
35840
4047
79202
18044
97202
68385
4390
67349
92949
36839
36830
79836
23822
42104
22100
81128
11863
80508
13489
80425
57984
84455
9715
15958
45393
57587
14685
47731
64074
47864
69672
78587
34923
47851
94584
33904
91215
8753
44521
48188
37299
75710
63080
89346
71893
80814
71710
94886
46967
88670
8871
45782
95267
38728
24225
97236
53161
80602
47360
49921
20099
69010
95390
61575
40729
30200
58032
69571
66272
38200
47091
57197
68254
6170
53829
49989
1609
16928
20881
76316
59661
31803
28162
85788
83084
97002
51736
84373
13791
50001
45944
25509
99771
90098
38526
3939
71471
19338
49550
5609
37866
80106
48681
2747
97977
43376
12954
78392
77422
79650
77903
97276
44764
51975
73765
94063
90687
31618
60893
84430
68056
36875
7691
22356
31190
57996
13997
63844
58769
89269
56824
81910
99279
796
21965
49948
75017
28405
93963
97551
12136
65033
90558
55259
66537
34934
15030
18787
7680
89763
77874
33715
51512
72926
78555
78816
53912
12532
2445
78078
68961
48717
2320
89918
39573
39425
9829
17729
41074
55131
39164
78366
14875
84136
96802
28428
76279
81116
50231
85133
36339
27810
37054
47703
27234
60861
12269
40415
68101
31519
47780
11076
37990
29573
59259
66070
27454
13358
7892
71457
9751
86711
79632
90490
56747
14900
88253
46852
32651
43532
95629
69695
84252
15954
12610
62543
40379
43419
59237
40388
35809
50401
25846
76587
47202
86099
49213
42736
66383
8150
84447
78030
32380
56317
46604
24437
12380
34144
70453
5399
68424
25308
74236
25359
21118
43655
64132
62798
18150
9326
5062
73347
47280
32941
26053
2727
78137
778
22906
36866
86637
30446
50697
65309
98406
6529
58132
43141
2802
85985
83086
78360
72531
11390
13415
90864
70464
9846
79526
55497
57000
61640
73494
113
26806
98295
51319
71563
28369
925
93717
63423
74011
27241
99222
18882
14041
27446
20940
17341
97841
79434
49674
6556
16655
41672
60436
52694
63619
15826
66511
10292
55236
2910
46295
43776
32536
82771
49199
67500
51595
34785
54387
66395
82652
15227
94634
63024
58872
2642
5655
75953
85278
57007
58319
6295
37377
36524
21317
40725
63212
26575
74112
78627
52991
35556
11054
2470
32312
41623
94034
51133
78925
54603
59000
11082
39254
31225
16106
75228
55335
21128
86299
91221
34107
57925
15296
97981
57196
47391
21406
41602
81631
34754
26271
31849
79229
11758
13343
51478
71579
69172
34882
92851
29819
62957
75592
26657
27595
21622
50200
76121
36268
44331
22330
93309
8205
70559
51713
38337
77461
25205
36421
98703
52640
89343
42063
25499
42593
62096
34925
96643
51909
91680
25285
95426
36920
45948
53095
75411
99041
5735
37467
14588
37896
73681
35769
70622
90456
61233
35735
28887
81248
30210
61565
60658
81619
67224
27764
19020
45647
79358
90781
772
85243
27598
20703
61886
46089
38828
57016
72275
14331
61823
51092
60985
9154
42380
30875
99563
71745
75920
34085
71445
4368
77850
69353
51038
14364
20100
77555
85169
8364
10028
23251
92138
5919
40691
8722
70618
77489
43889
55936
16567
25788
66898
63913
97443
81019
85777
12678
61911
86890
36528
31951
18093
50921
42417
21870
35655
86400
66228
9583
76734
33244
942
78515
49770
29494
40418
35876
91979
31061
80798
23907
55762
27306
13909
80189
83568
99354
57940
76988
20568
48152
91843
87705
4659
76976
78523
71728
12929
5313
10334
27020
32006
45090
41047
80193
67065
98277
7887
7480
14020
216
56489
28261
26904
91912
95291
23028
51921
3296
90345
50210
86690
91088
95776
58600
91260
69737
2219
15570
32672
99140
35382
1902
88511
7010
87261
38112
12297
93774
23791
27474
11610
66399
51141
33321
33822
93466
33081
84691
26077
34452
96772
69820
94247
17972
58488
12223
88220
42007
55351
89113
23480
46829
79118
61946
51834
25537
20018
17717
98288
50327
50837
64119
37249
67277
5477
22228
14550
3364
40802
85373
6822
38808
7737
61805
31388
20874
24833
27171
40007
91327
64145
47434
30302
56513
62365
3923
70830
68451
84811
79236
32609
86594
20054
73930
42701
78503
58750
3850
11862
298
15562
76630
44449
17680
43580
9723
15702
20532
91087
44886
9008
25348
62799
1254
44261
45986
34772
40829
55341
18891
10589
10193
78832
89173
53349
31343
18545
18161
71685
99439
21425
89615
80166
85986
44609
73281
73696
20712
55208
15704
99924
12606
19212
31755
94947
7668
93601
67222
25161
28445
80171
44062
16026
45919
29138
10290
59127
53099
68321
17614
47276
1799
88347
37625
51657
40774
14971
99534
63483
17721
38790
48312
73703
73694
65135
16311
82018
65911
43238
36863
40144
40150
47934
14687
25367
99764
89849
23295
29567
26465
47763
15042
42216
65141
99592
95371
47304
82213
7075
69404
19999
26801
97892
64602
7737
18267
47948
69101
51232
83922
20840
90627
1916
21132
58264
42835
23080
44818
43739
37503
92721
48533
5913
77010
54157
12734
8428
24777
98774
93315
51820
53007
29122
23318
61174
90209
38368
83095
60504
49840
12241
84554
86107
94628
67041
25443
66734
66717
48896
76414
92555
89077
19106
22187
93224
64738
83247
95366
71100
77783
50919
98789
6507
28458
91414
93354
96784
52176
18192
8024
64966
81253
97193
13379
26580
49800
68051
14208
15539
37506
17205
56955
59965
76807
13925
92072
67763
12053
24226
51249
33770
61497
41712
29709
44564
7154
47600
68498
423
98541
33371
92610
70284
14351
80252
71680
29350
401
19687
73158
41308
40549
27770
25167
91077
35544
32974
24655
55823
42384
94426
31202
78860
41876
61124
11138
7770
71914
70052
90290
69133
12027
46360
11159
36860
36371
9598
34695
62948
19269
80657
36601
50909
96587
80674
5916
61431
9259
82290
10052
41456
35798
61514
76222
5301
96938
25752
94373
33874
94967
27526
2765
88184
59678
27864
77053
44586
12244
55362
60442
18788
80807
63684
67198
25321
1144
19075
64327
807
27174
74181
73355
61353
35083
72552
11273
4665
61344
85215
99580
14000
14076
66858
38185
20027
98233
67057
30871
89963
7095
84510
32862
95482
28954
84724
25815
9749
7439
74287
80596
75562
44908
19833
25961
26767
30805
17382
24167
36620
85914
40525
84810
90855
45117
82372
14504
55402
68274
3735
96041
81171
40384
51652
32022
59064
14660
25878
62603
46260
51252
73275
34502
53075
88705
92772
10049
38198
91061
26042
26076
29187
88508
30711
90803
39564
83616
20488
93327
52058
95052
69533
7352
93046
19186
51401
34856
47987
93736
72061
30843
61852
66476
97532
43330
6486
33865
77946
32119
6993
66450
33206
82667
67632
52555
11281
46779
85522
57190
72041
82306
33725
7019
3927
74279
54599
57841
84770
95798
52128
47049
95965
72973
62559
26267
38948
27725
3431
33416
79086
87792
2421
23373
78543
24985
57225
18825
72013
19303
55823
87094
81565
99908
94953
15763
79290
826
80091
5666
5345
25253
3858
42861
29355
14916
68529
93124
21544
61768
2362
48289
56980
48623
76726
38093
4921
16490
19905
72027
42817
71194
38773
15122
64406
31802
31601
28104
15193
38294
98053
44681
30459
76889
92189
5143
2779
26916
38791
9036
22076
52890
29091
96922
95201
81688
93639
49940
43464
63362
3180
57125
22561
45273
4024
57854
2442
84200
9897
3246
87304
96446
25754
31881
95652
20182
25461
40395
55263
65649
18741
80086
23795
24230
48343
18934
64040
71439
5949
9862
82000
99205
71998
39532
83392
45574
83629
40735
2347
96114
63045
58441
23644
54902
23374
25991
92368
38143
96974
86797
8653
62704
44623
99238
48963
55759
46344
43769
93662
21497
67339
88136
51173
65846
76363
74898
92370
6919
15592
10424
79630
64924
42745
19709
64616
80098
9972
91462
67186
41113
31869
23745
83001
76100
70728
98178
79231
80698
75724
40712
94518
40473
9639
93758
75707
30170
73000
12093
45068
94655
60925
79822
39815
79913
63673
22958
57569
77063
61057
21547
35104
74920
42612
34539
74710
10193
88181
86379
67354
75275
80630
57509
23460
78803
7171
36651
65349
82581
20872
34703
83777
12883
19679
96645
85386
3710
2874
40032
49722
99592
17001
38617
88941
77808
76425
31343
41144
60252
97258
37480
55018
67301
62138
69301
78877
27596
86387
1555
32601
40682
45214
86670
9446
22726
85891
97504
50699
61695
77647
7991
50216
40521
22111
13557
57388
80789
22255
66001
82580
43656
89530
60986
16577
56333
11309
5468
6932
90503
8140
30139
2953
96223
62848
54684
10926
87324
68796
1892
68318
61072
92811
32375
37694
49582
25497
44162
55410
40410
13466
68533
48861
24953
50842
4936
74324
3592
66177
33950
38718
46536
78882
33031
50026
71030
72225
49183
22541
61465
69312
24372
90359
17909
66468
93701
40784
49596
63528
87205
70708
65892
53598
57023
6920
56468
55869
62132
5079
31575
99916
88895
3918
55091
81673
10074
57809
99860
73942
76697
856
20514
39136
77620
77737
84913
10670
76995
9395
92822
67619
67745
56996
78679
70543
24243
18536
31003
18104
56386
20190
44385
85761
8612
93625
17325
72596
84152
42384
51165
90577
10800
42338
72345
27827
59081
11722
81513
54107
73750
29978
68481
24668
72923
96055
48119
79330
12021
95313
53876
64127
81399
87805
57737
74867
31311
30481
30681
62392
23111
46044
64084
44040
54407
22111
4805
81675
28471
71500
42913
72544
21378
46073
17727
75399
39351
70369
43207
89673
62345
78360
37731
45061
3286
8424
33330
34585
68453
40813
83419
79848
79016
63849
68639
88845
66081
8196
85351
45021
21729
52292
24284
26674
31436
71877
46966
34554
61464
49814
45996
69306
39859
66256
53162
43392
1284
69203
22913
85188
86826
32190
89464
71354
82818
71499
40384
51958
79588
94949
10693
13372
19340
14887
20160
73124
40886
98514
1449
65319
40642
7178
62826
23144
14744
47597
4015
96833
19269
66002
47514
42313
33635
5690
50675
80319
36214
2005
23804
24790
3795
13877
43202
39901
155
43015
91791
35722
33893
71315
2621
73730
22586
33264
95333
75399
49690
14532
36469
82975
90044
6072
24736
61629
53970
26421
73904
99246
26219
78397
19094
47298
46642
27176
64610
93748
20659
32153
91470
15320
70302
96284
11156
26497
10052
11646
96705
67532
63614
1001
27521
75692
37742
94843
76505
72850
2237
26850
64531
81529
57059
73206
57812
29772
39588
35122
14602
20757
10552
2513
27521
74338
66403
33921
6580
21494
78307
76647
67585
93737
17705
16431
39957
7613
67454
1453
19463
28574
76774
84757
76673
44149
84642
9523
90968
30250
35183
49832
15869
6963
91884
78050
95435
79997
53466
5879
90689
47093
67836
49214
71818
17684
76317
20490
36599
57189
18512
26627
39599
48116
52211
33987
56221
31989
35661
90730
82343
36910
3222
11806
47583
60866
18294
4130
31442
71323
1125
21682
40253
61459
28818
70488
26432
28671
41151
76943
99403
74521
72298
32946
25621
21448
98534
767
22315
52910
47495
84365
30597
73390
18269
11207
74516
14808
1304
82148
81272
48370
34890
16388
52718
27972
77450
31498
58631
42560
94868
66801
4051
64493
36269
93804
59516
10031
65189
7421
27184
25396
72629
54801
31189
76381
62120
82743
40929
28775
74966
28347
9602
74517
5931
12100
71991
3324
34855
550
89858
62250
14206
11396
99413
59604
53599
37478
80329
58683
21074
46930
87118
66138
42235
64522
16157
61551
68571
21634
1865
46019
65813
45821
41043
11672
51214
55811
41821
32686
79726
95809
17686
97394
63619
89341
29908
64579
38084
26228
70528
35170
4851
95953
89931
4662
74140
9740
66399
94456
15834
42366
37456
3938
30073
22588
58161
88687
56854
28279
39267
95663
34498
55567
10311
60010
56517
81647
8021
78094
98176
32393
1125
33655
18571
49647
24491
86937
56316
90027
3712
69901
8425
54748
55579
58390
65381
93806
31038
35375
46406
16660
84812
77555
79720
4644
82521
23112
11498
90607
31610
82504
57365
14939
48444
20334
64317
54687
74160
24282
9344
26747
4388
25217
96012
19250
90092
99764
58942
95461
87519
66090
54148
72621
50815
24109
1955
2132
29552
49566
63604
56016
35017
28934
94506
58397
18696
44827
71343
22582
92064
98539
75340
53872
74318
31175
76071
1395
74858
68015
90055
47606
64056
45270
90579
50582
44701
72530
55416
83378
31727
53154
68681
10566
84966
90364
64129
65090
62447
8210
86340
35527
27678
12544
51267
86525
31203
16821
2686
72724
95094
4732
50852
49205
15469
18886
9271
66019
76044
31381
38890
85204
82395
49991
44524
18118
59315
75485
36702
91520
29586
64103
19616
67142
35247
9455
46826
80152
80967
20990
13750
78120
81814
38766
10715
630
54369
31630
84179
66601
96495
69451
2750
79820
15576
52833
25248
98307
37910
47038
2534
3433
63256
29231
87110
15880
31638
59370
57796
18355
68574
45047
11473
80515
32653
61723
11469
68589
82201
86114
2765
39740
23595
57288
89496
28464
27978
75877
81387
84978
10866
29843
62909
27890
3460
39613
41020
13056
72503
12933
43830
89476
37516
15954
79540
41146
92127
18773
71681
49773
68185
44406
53224
271
39330
79328
86139
74546
33428
49733
56976
89190
62475
27087
66630
22128
9497
85413
16389
32867
74102
87638
88995
26429
81940
48677
86275
93536
76528
36496
58200
25996
1637
69695
13064
81846
54330
67878
10123
91111
44380
10423
56019
43220
58086
91719
84741
72117
44924
56827
62533
9732
71672
55695
1360
35283
42043
88098
75395
2090
74597
53474
83161
97916
10432
73807
78961
55622
14103
93231
8974
33219
85828
67726
7575
18319
73894
4207
63359
77110
30385
35923
74080
37495
8992
13668
11680
87098
55621
66623
42774
14411
41889
20604
66341
63091
18255
26876
99847
89138
52667
53614
24293
79226
18065
47549
69538
72523
62415
41882
16568
94695
58972
66817
10618
10545
60722
90155
25592
29318
73014
72111
66209
32824
3625
84053
6627
74499
84342
34489
16686
81550
41068
59640
71382
9696
95622
30011
7255
72221
58982
20061
95539
57371
28512
37210
44887
34213
20530
45909
60444
82443
24434
33382
37545
28676
36767
25343
20725
88673
67545
48058
7370
88111
97741
49409
83205
58857
14921
59641
45434
92824
9454
73803
46773
64104
87330
5552
1467
55080
25765
17689
19279
17885
54460
83353
84272
24899
76937
98543
56383
30786
20060
38899
1823
71944
44706
30812
17141
70985
16348
69548
62191
27792
88011
44153
50337
59745
82470
4985
56714
78797
7662
36297
14869
6640
90681
39738
57019
90538
19018
42841
21926
65688
23714
7417
22353
94126
41968
90974
97163
60148
42340
63241
38138
27706
70753
76091
43452
27801
83024
96680
47432
93352
113
922
65491
65495
77613
26911
90159
1644
9895
6672
8526
2264
74160
90590
59620
244
442
80059
98666
44061
29764
6627
82207
94857
32085
49893
58665
81766
26052
61585
73497
43374
55731
2528
20621
57704
64891
86395
30190
63197
55011
81833
45146
36437
69258
33496
53724
25135
58628
94919
70615
81306
80322
28621
28866
9778
60425
24202
81965
37082
37605
61705
72737
62706
53175
12334
96742
7541
24265
75682
19006
84818
62338
16439
78926
78437
51028
48442
2109
28690
1331
73589
49397
48061
61472
50173
28423
13288
18724
32639
39947
20042
25400
56130
28133
21545
30017
6777
57538
2036
40985
55688
77633
79135
85704
86927
88239
51419
66258
99768
81387
35377
11305
55033
59049
50907
85379
70951
76018
20480
38759
55639
76104
86250
13889
17426
61735
51974
70389
6612
2310
24823
62928
52065
14045
66774
89178
16197
72129
74347
11495
61798
65163
84705
95660
64201
23319
99273
36623
68093
99111
55629
74712
29480
70631
25070
32740
71948
59020
18877
89240
85205
35254
7987
44242
19617
96853
54958
27162
32557
72423
34472
51416
37048
75903
70933
26944
47863
11265
42873
45224
34389
69194
69987
76058
99715
65709
77418
49604
7811
65496
36547
51245
27437
90133
87100
30370
15165
67532
35288
94607
27642
3046
91239
17801
60163
61740
26433
11815
3063
60110
87040
55601
46753
86463
47799
54321
26271
87134
88594
72647
70318
31984
65259
37272
84851
5000
52230
50182
55272
71368
60810
60218
35009
32129
88029
83774
16826
41911
61594
56167
38111
68096
9522
75440
25079
88715
27900
16322
98350
20477
54330
13711
10558
93782
68010
96446
38009
1362
71333
20544
35254
94220
20248
55329
11477
53085
29916
51354
95568
60770
30132
55939
42529
48251
84098
6023
35850
86032
46247
42224
53829
63470
56598
86656
56072
69583
49107
94817
18612
27864
11501
72469
29275
97884
60692
74695
86315
57533
16441
46978
38203
45042
1890
71808
24145
81092
23910
32346
69774
83219
44971
64671
8471
20342
23449
51872
96321
10624
34682
65992
20599
63133
12465
57000
71851
97755
25717
18480
13175
99078
9576
32218
57743
460
79288
60385
6085
15647
98897
47535
66071
62617
18716
7187
20441
88729
27673
28657
46811
65803
53300
9300
25720
95718
59847
39967
2202
69903
5452
15361
59052
7995
38461
87878
53054
62578
1130
21994
70767
18479
89302
67848
8890
71012
60207
92849
48287
52058
29608
35545
40620
2710
74836
73579
63368
14135
77953
23644
22717
53275
36687
83037
59519
13121
90284
45994
9245
88874
26541
39551
49347
52793
62347
234
70377
1529
61335
61276
47996
51934
71355
377
63975
38947
31215
35664
70430
8594
20437
61060
22150
79427
98578
69864
31108
98300
86985
78857
43841
3126
71669
1317
27351
58368
19554
84121
27770
77725
95241
19416
76101
62216
35270
31032
24896
440
13656
35559
69036
80958
64149
62619
11051
30091
9319
70374
46191
49679
82695
54184
40573
62844
42868
47454
6428
8745
1840
18457
25248
16306
88504
89962
48206
95933
51966
55897
60236
4503
51780
37140
9735
2845
86390
58884
5567
75095
81957
54620
66899
86622
96060
96363
25188
15454
22657
47633
53385
3831
43241
79341
26159
10301
88792
6133
58283
30240
88949
41343
26717
53542
34630
76348
50818
94547
59820
61349
41718
17995
1277
83981
59780
85358
95994
79254
81709
61186
3085
24447
56272
90703
39010
39259
62843
7203
75454
36797
82319
44086
90656
95311
50505
20807
99090
40578
17522
37637
14411
75584
87109
7595
25253
28221
33016
707
75159
76012
61641
33643
4590
87758
13030
17940
74925
62437
23993
38375
98269
61734
26382
79586
46290
66125
58883
61248
23741
99082
99275
75671
84359
45082
64862
57179
5681
52657
39905
31488
5797
91410
64461
74492
9560
47553
80031
85451
21918
81679
23259
45324
22666
40757
95518
45033
29185
60125
50335
52788
26586
13625
26816
81292
38388
83958
76887
78687
53492
70091
70323
2249
54361
16588
78350
25851
79486
74204
22350
29719
26507
71455
39991
75480
41464
269
19633
92558
94784
85346
85105
89734
33629
51090
69126
93193
11366
71162
23011
57307
21378
15698
43044
1251
92967
33598
43134
13003
21428
84420
85576
84413
30055
67863
90272
21997
89308
46386
36699
90262
50146
68737
46861
43100
49435
94585
28465
88657
2961
840
52149
10195
12848
17479
18726
38546
35043
75084
55251
15887
39950
25531
54880
61952
54917
15677
21034
51313
41864
82921
98354
63332
83965
28350
53767
42233
18664
70963
87924
7721
95848
61509
40164
67371
28721
58864
62829
43961
4289
1049
31392
29037
1889
69128
21163
61381
15643
66035
67177
7431
34067
82964
49160
18941
33507
88253
79028
17697
54998
44130
6148
80212
37185
87733
54465
85799
38169
69584
31087
81405
25941
47114
10393
24744
53889
19372
47037
28016
47995
17565
13521
3954
44878
69114
46513
3653
93833
48417
35303
36536
91868
92076
84693
88055
8814
40604
59777
3884
52605
23147
86654
55905
16755
40803
81107
43044
38305
14317
60010
90340
32219
20737
56247
60152
55823
81884
50434
93663
67715
77200
1300
64194
20683
49685
76890
77621
11684
58845
41465
45500
44240
82725
39822
53322
17422
20136
19584
97509
76341
58254
59973
50566
30349
13057
50925
41116
70378
18400
76015
54031
21350
82700
81423
84226
67225
84319
24072
29363
4407
42493
8379
97148
96423
33507
4948
89147
38172
89436
79286
42447
33202
12467
72131
32313
19654
84802
9097
58306
59954
32233
62924
45211
31716
15514
3820
30206
68121
53552
66003
73716
37787
5312
42205
18289
18773
83592
78052
57273
28559
44741
43432
72262
17771
20800
12343
34785
7418
53576
99678
57837
54395
97851
38380
82212
7025
86845
55263
57177
58432
48491
93134
29693
12676
90602
28210
92093
45039
98521
62450
53256
80573
65349
32265
65870
47956
22554
83446
76771
23613
42359
64320
69155
24474
39994
2852
24720
80579
38139
36189
76247
37313
15477
7662
93521
33798
26814
16143
74789
22791
55288
71665
13899
21336
29696
3280
81515
15970
53028
49396
28899
13155
62610
55844
74151
27138
9419
70856
36195
46893
36758
99736
10492
30321
16209
10055
48085
17717
28322
78886
87310
58804
80939
74710
84166
69941
46428
22702
9217
19272
13155
73092
21252
71456
17214
72380
38557
73575
7217
87307
57568
85699
76019
67558
32236
48035
80707
78028
6061
31365
34104
17612
52698
56264
76053
69589
14878
38600
56955
82776
44692
44283
94073
33916
4651
63207
79551
98238
43657
29214
39152
48034
66284
11864
35862
23962
56235
88491
35183
52754
22908
21193
42533
13750
61359
2007
22811
19297
69495
26853
38755
86531
35368
44686
39980
7053
70939
68110
35801
75068
51343
52891
333
95840
84522
13185
45986
54120
43166
35934
2618
35756
43558
50871
53260
96631
16655
67605
28896
77679
16404
45632
98390
14817
96929
8982
92959
40782
59641
93479
92687
77868
65715
82416
42731
4378
87231
83283
76925
13445
79143
72559
45542
25744
39088
15137
85075
72419
53632
93175
6920
30610
59225
18029
12440
26248
22083
6278
65399
77297
25512
95560
44679
39521
46265
61204
87502
70276
42990
54944
82633
39139
49195
2931
1657
82480
38718
15037
86396
54254
25508
13968
51319
45279
87211
91679
74511
55755
88786
33906
92503
6090
6925
20547
57571
29231
52197
62232
20155
27666
58460
14109
23851
92920
84878
87613
6935
14240
20979
70941
19852
82604
46945
26293
7378
47370
49198
46092
10269
13343
97171
48943
77795
77231
55148
17837
80712
95851
18203
67538
48756
18135
66349
81598
22854
62262
73140
11490
97091
26901
51156
726
8679
52498
84953
41497
1243
59175
76581
93350
13031
97814
5928
81424
36959
63538
936
23930
4537
66983
48800
45046
26751
5096
88036
57239
66272
43763
22978
22932
63841
76483
8708
17500
55312
78130
8466
30225
60185
81961
84565
75651
78193
94341
60918
13226
83728
99016
45541
55038
32284
94745
91286
33750
38816
54264
5125
82684
59419
35970
93338
78730
73173
3454
30152
43427
87212
95170
71087
5680
81261
88325
69601
54325
47519
52417
94306
27951
48697
772
54440
48333
15251
6356
10914
6120
4153
44092
38357
82977
41276
43256
95169
90677
34627
54137
23683
24863
80544
73397
65076
13514
37405
60686
1454
13937
30260
33181
95790
69878
54654
67195
13844
81083
16707
54220
79272
40736
88112
95144
70040
94105
69223
94823
22012
26987
36368
96457
66554
30884
19885
77727
10404
77076
15564
35993
96991
6923
19669
69837
88959
44977
26723
39488
37103
91260
55696
68949
97580
23089
67720
58352
4657
51066
97120
21925
52845
2784
65855
91969
23248
22309
41466
76052
49637
49281
26846
67642
70361
13304
53638
60965
14330
45460
26317
61481
81050
4963
65021
60931
33203
36495
56486
58695
76772
47446
8682
48324
36314
70695
74293
31414
81002
49400
77834
60872
43290
19846
46840
59012
32191
40937
68843
31641
97377
16403
99775
99016
34267
99910
94544
10379
7423
1295
46636
79521
27926
86339
24074
77338
96261
53364
30452
55484
22475
23824
67808
85040
36423
29142
97117
77740
30582
59093
17256
41918
27034
15075
87293
8561
78806
26679
94059
38623
61845
69572
61568
18644
30827
88307
98276
37402
82164
25116
85570
8294
32120
68352
37057
62239
78544
55653
55025
45382
43010
87023
25216
12166
51879
75864
97484
83642
56526
49676
43379
597
30778
84515
94918
86962
49830
90683
58076
26104
30185
19186
58435
25129
6996
22589
23825
45096
96505
38984
70072
40517
42725
