18171
7012
2509
4194
20491
87222
44428
42426
84259
47197
13880
11928
97899
26008
67130
6087
46033
30992
37355
19246
14370
86561
56923
86479
42373
15283
51934
1097
8597
59687
51029
95773
90617
5037
42485
26541
35138
21650
49845
34336
83648
83510
38393
11811
76897
65147
32726
77034
82151
38714
94465
31828
71269
20496
4825
8875
54742
24150
37326
30762
18522
79630
4652
10490
28397
57465
72552
28245
73286
95909
44517
37068
31721
37668
68324
36644
18313
98520
28646
47610
30174
71946
21214
29224
34943
81754
95672
80511
24668
9168
78369
21396
89882
45681
56657
22232
73803
14093
23836
83519
53034
64341
85648
94433
46481
91019
48491
29695
39799
58193
30653
59390
52648
73091
99542
49743
19202
61761
19820
17487
4234
49477
86090
38921
56298
75635
48728
88282
37031
98861
38755
37133
73698
1894
89706
78756
15339
29326
44836
8600
60541
36460
44017
24632
75835
49963
25595
46189
16293
77387
59592
78686
1526
43224
64863
16207
41980
26040
12789
40420
66997
44413
91955
55876
97059
86522
35878
84761
33644
40082
89954
17459
96049
75437
29203
75244
42153
81188
40386
54854
24057
49243
4961
29777
7666
9806
25171
33193
76615
30020
70203
61659
46345
1920
89727
32296
32321
94391
7736
42530
48457
38780
13337
68564
68519
90454
53754
68159
75975
31315
40672
36766
15028
69366
92810
40587
47187
4555
59547
35546
76605
92635
80895
35587
21654
13276
4219
97021
32014
57248
56438
73126
39956
7469
85566
93567
3538
36365
97688
1524
809
17435
82952
63834
89258
79966
40537
1712
71533
5939
1481
72040
38290
65474
45844
99455
35826
25843
38972
16072
62689
65305
32946
48807
59042
96876
87459
98744
76966
93173
50498
69072
18883
38338
51342
28188
85421
23321
3231
61926
79668
96969
45619
3157
30234
9597
95983
69876
46607
87818
12884
14987
31819
81351
10976
44969
2567
59036
7646
80644
68280
10930
63563
94487
42121
6122
69510
65609
39188
19082
90611
48334
96284
70067
83627
42887
83018
92430
67172
68485
131
33316
6329
51467
75042
2253
95318
94801
75575
74304
61314
80421
25723
6665
77800
18412
20111
54808
58244
82021
87280
12726
42119
7343
26169
60723
1351
42817
76214
52891
57799
91287
86816
84551
60286
16717
83257
62511
53574
72131
29542
29021
43043
47616
39812
4221
55789
65459
52168
2352
69788
14197
567
53312
10832
46602
2655
70030
44474
5639
73808
35047
27179
92429
56059
41845
4919
38131
55461
54385
16932
56866
49255
65527
80693
91673
30534
9778
38190
16689
45450
6006
20643
24347
28253
7788
54593
63174
43042
81415
92633
42844
7759
73654
7396
28012
9512
23443
41176
21378
9689
88184
69766
48754
68528
37553
57964
26549
6421
12044
55582
9258
24455
38381
31948
12573
40277
2718
7024
72676
30805
2724
18390
27238
57156
46349
23240
16215
22331
45989
33589
81247
66858
1831
10142
45496
32660
21616
21661
72246
73798
70960
17425
57889
86581
89562
2922
14141
78931
39035
66446
10187
6670
615
23846
40584
61061
30542
9225
88275
59368
69262
90690
95532
14731
81666
82816
67288
58918
79065
21146
12961
65068
45537
99837
89050
60006
40865
40947
30977
25036
83270
1170
11997
4703
25717
92926
99718
43302
92384
124
41315
68386
46996
5684
27567
88176
94158
30305
16789
92827
94253
70873
79451
828
93859
83444
46011
89391
46406
91995
97035
91571
46275
41870
87358
91613
66578
6833
26852
21882
62180
36820
63788
2815
94777
70270
59210
33326
79790
52917
47156
58696
47027
59565
89894
74793
12219
88171
6597
58500
53612
78644
79777
48220
58551
50071
38387
56733
41537
89651
81990
26581
76480
45670
97362
52338
47682
30484
23299
55320
61638
34032
52920
97151
26734
13290
62152
50535
81004
37973
37247
89689
49785
85619
64581
38780
47524
13984
20896
36017
53992
35352
23184
39531
92151
80358
20472
90446
47570
97450
46556
31715
77754
43525
50694
89365
80545
74372
4643
84811
98778
95463
45290
96674
29359
73037
6077
64071
11441
83966
49608
19438
52873
32244
61606
7505
30637
8327
35618
77001
23887
69332
26555
93122
81071
22793
64481
37470
54257
36080
91197
77160
88521
4469
16589
99699
52627
84341
780
74063
80735
741
97135
61576
38281
97756
44460
77179
77863
23230
94678
10453
53179
24550
35491
67625
95816
27792
4590
35438
49154
22080
67352
64339
77598
4370
49514
92096
94344
83839
6517
58218
88596
67016
20986
22771
23276
34563
85542
87644
65255
1951
9717
20615
12123
75253
23416
47149
76041
75693
80080
39545
5943
90858
7930
73727
98940
37907
45349
1949
148
5279
83166
63276
49138
75388
17037
48066
8117
91388
1624
33064
41011
40477
23845
76499
74675
8404
66525
48417
51479
13077
41292
370
72054
19489
53221
54273
98663
76044
23971
7037
98265
77193
14762
56424
28416
79637
82795
11307
41481
45149
32966
84468
69647
30573
60010
85645
37318
72662
14904
8442
42805
53147
72262
10735
77761
8601
47391
1003
32196
23728
65127
93942
19036
48594
20221
52402
70207
91494
9017
27840
97900
42489
71540
81683
40030
35427
35495
55689
6682
16401
16140
82155
17063
21908
94977
96930
62973
3174
24683
22484
85077
40820
40406
37722
20673
85772
8954
2335
81941
2564
32058
66967
5698
75237
53254
33465
1700
85970
36129
2139
11473
73401
58525
3497
8721
69588
7169
93185
45549
67228
61356
52781
78496
27564
87156
23870
6475
87693
77927
91778
11877
29827
94451
67586
74799
98899
8833
4123
93317
12655
70651
14615
95024
1568
55534
46758
66424
9263
50187
26718
91223
90704
26376
90029
52329
59819
76868
76374
46399
74376
37255
8048
82643
73718
35399
68055
78806
52377
45991
61164
48453
79662
23162
52944
17690
14619
80709
7993
98079
55320
94051
86030
43293
66580
32418
93957
211
68710
36202
77110
91969
75633
91710
11100
34276
63314
73147
22888
80348
6249
57565
38369
9865
38210
12769
38204
54325
19615
82181
46419
41642
85348
81516
97893
50148
49246
32798
95563
45633
24752
49899
58642
28245
92796
85360
8282
7259
48683
99026
2858
16357
41209
42696
80013
6644
65952
6037
18893
17955
98399
92882
66026
17886
72934
44042
56759
19856
86881
89791
16690
39258
46271
32683
70110
86431
60797
2113
18175
476
45748
14321
78161
8373
75196
37610
16869
54315
39931
85689
35832
45833
27599
38640
73522
57918
23763
25827
44632
43653
47665
50507
63375
31839
12293
13869
67470
57058
83241
78453
18174
5643
97506
46108
54161
63600
53382
10408
3228
1456
83049
53874
27602
95339
89699
27491
76478
63630
35455
61496
54300
75430
5538
14277
69365
46358
36214
11094
95062
18532
2419
57616
17644
27341
69513
85781
41150
4761
17676
98151
91366
33865
7612
26276
51053
20493
59151
399
90530
77490
42461
96464
3031
80120
17897
7601
75033
64130
23815
14857
55049
64359
7726
37718
45628
36133
8892
28579
21963
72469
77440
91593
79608
25241
16040
26194
58718
3602
46855
81432
3123
81487
15523
93644
96797
58207
48376
30483
40110
93767
26636
11243
88317
92911
77136
59435
49666
3511
94224
66600
75630
38152
37720
78580
97829
25285
84194
89600
25881
38591
83200
71106
99140
74600
70082
66483
23329
68063
65221
81391
79240
32106
14297
17343
55812
66946
79085
75059
74579
37224
10584
29992
64281
58677
97863
84138
84801
65392
81726
15443
83602
51224
77709
59314
88361
97665
21713
98342
91929
28188
30019
68073
25692
29998
56641
87562
35124
66466
36343
71570
1410
82075
48170
36361
72322
90594
42241
38417
86625
34462
44240
96111
68701
54657
51842
44938
98583
286
86978
88204
20343
66329
85926
29701
72605
99127
59417
16271
66559
62293
83011
91437
19172
37460
64439
19148
96283
11473
99482
55787
63353
68531
15179
27735
28749
58238
62867
58703
3266
89732
98601
82727
50160
44731
46946
63111
56863
3562
9780
42163
61626
15676
87270
74726
20268
91319
47830
64247
70585
86407
59206
41790
47515
97940
6820
96880
44024
60690
35476
60005
29308
5526
15132
18267
11161
5222
55883
9427
34967
63401
8039
87321
83033
31326
49011
64354
14254
68937
97817
60174
23857
7016
77401
80428
96382
41027
96398
50845
73648
16674
68121
87920
35836
25080
28557
81965
30532
53949
43350
28430
41785
90330
43814
43270
81424
22014
94046
85477
48927
50989
22901
87284
89397
91959
4712
29179
81651
86183
90398
9763
98571
65714
28855
18901
54867
80559
66416
31840
56454
80422
88150
33306
33751
69857
23845
59038
7411
8351
79675
2484
29618
19015
71294
7982
48090
10906
17830
63534
85456
73249
78696
44069
23323
21925
11424
93110
68407
21246
24571
72441
77491
36323
62366
45852
51432
91808
76919
14564
45750
30150
80478
82833
65948
8508
79527
75839
7219
19059
26631
11017
17448
45047
51199
12008
9205
93409
28042
67576
49307
87145
10816
36668
56350
14041
28772
30296
1117
27517
46929
21276
24812
9303
32635
74977
84080
1999
2821
78412
9846
49735
98879
69327
9264
49196
57177
29807
48013
91368
82536
52448
22196
79029
55635
74092
59453
52268
53756
45682
70252
38907
59270
80971
15499
58837
25767
38409
79010
64356
16203
86392
214
99257
13506
13958
91707
91812
78023
83647
50839
89023
27342
41360
86293
7012
46378
29101
867
39423
58104
44175
63785
16031
93611
37269
19909
59846
22485
26155
85191
52671
93614
99976
1478
88143
62276
20753
18494
43396
6240
25243
12007
53898
51824
92206
92883
33692
14103
23653
47459
29688
83309
38865
88806
15691
15540
32541
53232
66348
90872
82925
38131
99173
77890
52511
65820
96363
96378
49012
5420
80239
90678
41928
2545
93420
21731
67420
68321
46753
60206
33621
23955
22265
77488
17501
62010
59333
43508
44840
11614
30860
95494
12049
68792
72505
59546
93122
69578
25842
6934
52115
99737
57897
4350
93993
57033
26731
15386
8320
22515
28021
68421
16931
11909
20551
15060
40184
81782
52145
43840
93817
86084
37770
88755
78205
72620
40959
64683
79445
17254
71624
83150
66930
32250
56662
9323
93827
57283
4393
45608
19900
74014
97278
91182
67987
95758
3589
85101
33924
88528
74001
79276
77589
60566
93897
40657
56915
62307
99611
17097
14747
19458
16496
69781
32629
63139
42747
47954
34074
72914
65003
11075
89686
7733
7231
86781
42120
24803
44729
97103
24007
40572
26219
32747
13183
6888
24974
70805
9145
78832
50354
44104
9624
16211
5360
34943
84511
97926
15931
11079
26769
86188
45364
33406
47856
96461
11357
98183
73639
83894
44453
88110
9379
96524
35682
1042
89692
80238
96605
53396
47953
68007
11239
89275
59153
74189
22922
91969
46422
46233
7514
18077
38668
4547
43914
56397
81552
46201
82906
15328
29299
188
55694
94
56606
60407
96539
181
8655
11612
24794
37025
81185
98941
62367
17942
91786
76484
20323
25933
14526
14192
32029
90249
88496
73772
1231
165
4921
65037
39484
80988
71729
22120
61688
20340
25274
49582
34680
6087
53501
51654
76361
57616
66348
66245
86492
98799
31814
39148
94142
76121
23321
27069
52774
85119
42273
64379
35688
73656
50638
23134
69735
43630
25573
87280
26183
63138
10077
80167
28031
21437
48105
25951
28109
15221
3157
83220
15364
9080
71946
36600
45153
59640
1132
16375
39484
91346
85026
73093
61593
43964
68117
7327
65597
90315
53585
62503
14430
12606
47050
20534
67860
12395
75224
43613
12107
60292
74754
7836
1594
50438
22969
2878
95118
45309
93371
4463
3328
84567
6936
15804
66245
33188
6705
63077
40324
24710
86396
69089
37474
90459
69188
29582
70233
24356
2286
17298
39847
78418
59286
10644
65443
37452
38935
23505
28618
23423
24330
88219
89464
27490
51398
33716
98418
33732
60294
81955
17471
41493
76680
18609
30743
1262
46353
48643
68756
80157
99758
18292
61573
48049
6517
59118
81602
15071
55914
41572
76569
56591
43101
34703
99751
96326
26577
92867
99394
22224
93144
41902
38355
31401
8889
97356
92417
37225
38068
59914
37320
75530
34172
12213
69897
471
84803
76638
24539
14099
4371
99724
61247
77410
42616
43166
5713
53368
76988
96828
16506
88092
94410
96792
27906
64441
98804
61383
70563
74945
79664
98518
59545
75262
70077
76938
22230
50871
76739
1560
39378
86555
53369
79998
79231
18157
44576
53628
73434
94956
87756
58195
20862
80893
15778
15000
7922
36439
32285
82068
28291
49931
3339
14747
30124
86478
44757
52103
76689
64357
12475
4561
67564
93548
8253
83340
65982
18114
41143
5470
47879
10997
65252
99611
42161
37701
19555
50911
3303
93752
46679
51336
41315
74010
52296
40878
70148
85454
22951
23648
26686
78613
98862
20541
18187
25849
43942
86859
78208
13879
20770
38807
29019
38120
15817
15466
44184
27370
42577
1923
30275
25103
78471
86455
20711
10402
84523
71683
90693
21553
69623
17929
67233
92315
90048
58926
26806
26040
40758
40751
27049
9183
48902
16955
11163
42616
51806
95826
46295
11327
23408
78264
43020
93201
42896
94485
88213
95447
69656
20588
50260
56460
39210
69238
10877
12076
35669
77595
23438
41467
70321
77548
12700
93103
32805
73439
28553
42298
61128
9160
22098
19352
41572
9233
29573
68082
77910
56438
7504
32461
55346
36703
82483
64178
31972
60411
33463
46907
84945
98709
59129
82550
87772
11990
89727
35897
10468
78199
96875
61922
73291
128
58573
41898
21969
96866
82482
69414
50943
32718
35355
34136
95903
62896
13929
17273
32232
87787
4115
63099
23096
91954
72506
91775
86619
67680
4884
53362
3496
48469
81156
94820
3402
60622
94251
21031
36859
71424
35096
75936
84716
41104
97947
33293
17730
9458
54039
66579
66555
50204
43157
52034
59886
48742
14901
85319
96401
45312
80096
79631
95955
76976
37561
43379
92681
17766
83281
76164
18310
94302
72602
91028
74788
23314
48659
29599
12447
81401
24226
74452
40032
44096
35329
7460
83192
89219
33711
90917
75682
17673
49702
41187
11819
37497
3597
71396
28813
76924
22179
57334
22935
64656
94236
79192
95336
98566
5769
37346
15866
4986
42767
6897
12636
49933
83514
52179
35768
27552
12427
72811
78675
82574
46636
94050
98226
7750
58436
82442
93626
98020
53413
38928
68720
69675
46467
75006
13023
40322
53375
49066
183
77064
65186
79230
70035
8405
66821
70436
36915
88238
87149
36590
37320
28100
6388
40160
76526
38826
33538
8219
43443
28754
46139
37190
46166
58691
76529
42875
54507
56376
85754
22219
84730
60824
31389
80751
14343
38893
61190
42540
60045
27875
34233
72066
33348
17408
38147
90577
50082
56410
60684
61288
47581
71129
22952
51820
32333
9994
56940
63970
83920
26717
71550
76057
25352
38941
998
30935
18527
27561
9633
34238
91626
93491
70900
57786
82027
75156
13725
13546
92433
8553
66532
43080
75867
84751
61905
535
26361
70551
12120
70184
15763
75557
72079
82633
89635
47723
77184
83819
53565
94205
5945
70094
76847
19025
57793
21835
9667
6069
38117
56413
79649
28876
59313
1805
15377
43558
79130
6649
44511
23003
85175
39873
21399
53956
65008
17037
45360
99479
38831
33086
89957
96029
62643
81744
81246
23793
81796
15208
59149
98775
57985
87008
3029
62678
60148
61996
81477
96627
52135
50696
63713
74636
70319
58848
21921
71086
24038
16251
16563
20468
8376
61573
59420
90045
92372
87320
20828
1927
42690
54054
87344
32846
49875
45350
71280
77659
40979
71256
74424
11339
58299
73175
77476
73629
87331
57626
90965
68791
81941
66406
52816
28022
46206
75124
39974
85232
38941
29402
10030
11913
16285
43673
76077
79917
95424
12931
31416
66480
78193
16742
35953
91680
37691
41338
67597
65507
56248
13923
74710
15859
73505
80418
51660
54066
78853
66398
33926
69676
54549
78731
61814
71560
6939
24213
98507
64618
5483
74091
77232
70408
9074
77098
94801
44327
1899
16165
53630
7697
61265
33294
43848
74517
56174
54980
74121
60636
6577
95736
71136
41923
79454
29150
85498
75098
27488
59757
2828
68632
29338
13202
60156
62104
22203
11416
15999
1620
85423
1612
90877
58876
82162
11376
57073
70291
45183
1566
98924
67207
91911
86
85049
21099
82301
91014
40476
11922
84911
18294
49492
7146
78255
3949
36735
78419
34319
81763
22749
26907
95914
61347
48012
95607
479
5084
9362
86911
95577
38566
20730
19079
78538
20876
50485
57462
86550
43129
53090
23813
7883
11427
14824
70453
72495
1711
53087
50701
82898
47327
34639
27727
1314
48575
98641
14454
54973
3656
26385
95407
45888
8366
50581
2160
93022
27245
10551
23609
8493
83147
5742
16646
47355
92265
50027
66862
80638
93451
15039
66875
74376
6594
67770
33126
35961
70643
43438
16110
53582
77830
56274
75541
75992
22860
29570
82456
91336
21741
47076
57064
30438
20142
21862
90441
39136
45756
55650
50887
84255
50711
11587
78192
62550
65854
12834
78803
10900
52275
44329
42290
54809
41450
45880
38726
26628
99315
44710
90064
20939
77858
23807
97975
34532
98359
74060
44035
68448
86255
95089
83573
85848
7399
44175
25185
66271
35624
60650
41929
41270
82643
7492
74519
36415
9449
26984
75990
34986
42904
23427
97070
96843
76382
7725
45498
40940
79483
22726
28904
82014
65783
88955
61740
91179
40685
87271
73697
35559
18803
89302
96381
28837
8231
80293
36624
33542
2839
37925
7417
62764
50413
46623
54405
42284
69813
95825
11173
55714
23373
24982
61258
51166
89512
34020
32192
18525
43998
56655
84580
71475
79572
64139
21412
94307
29667
7727
77361
82385
64552
57076
23939
7598
97096
42236
73546
74195
2205
36368
38156
21129
94625
59618
85184
68037
23701
35729
54725
31377
50287
29131
79007
28997
20383
17613
14384
32085
77052
92101
73103
65988
75119
20793
12360
74262
8219
13728
18128
75299
84104
4654
19330
12199
299
20493
24859
72630
29107
96102
66447
83597
34803
33471
88390
91908
88743
40095
18582
31167
71013
77645
76061
47364
75425
51319
41916
96518
50236
96238
54859
5344
26698
77037
13981
82814
2527
27803
89713
31221
35894
51686
82321
51539
48030
39952
96139
92305
8449
68774
44394
69413
80497
1866
66224
73907
58481
54706
32178
33220
4766
67785
99888
35439
96473
4756
63343
9011
13234
24175
66773
82119
27665
83254
60545
98760
13668
94080
84164
91442
40609
69285
85440
4778
82646
91968
83419
34551
2869
28687
15200
82353
60309
37207
22578
21522
61767
20581
55662
106
63734
54031
35132
59790
17945
22713
36849
58512
73113
63380
38501
85066
54650
51905
95372
60051
84808
9779
44851
53620
22366
38673
15480
89460
59734
52539
79334
66351
45384
65412
37292
5062
23745
78718
49369
90128
99298
2836
60119
48815
25809
57296
37665
70077
94529
25757
26913
35364
17817
58086
26410
90253
57251
89245
4047
51984
90643
37080
88479
55210
48978
27574
77086
86733
60678
91264
10497
82321
6911
16778
93157
74504
87169
82168
89452
21231
18441
75006
64277
79617
54942
88319
64055
56294
50966
45527
21306
70824
4482
13204
594
27302
70903
67455
74936
42273
31993
17849
9639
6323
32805
71360
51248
92672
54940
2033
81275
92677
4808
22119
68762
62637
87628
31265
51659
88803
17516
84642
43179
32417
92981
19250
9906
42886
92075
9570
72654
58727
1486
17005
88159
97756
23688
37561
54924
48731
78678
81661
11649
16962
64464
92989
32198
15053
94198
83856
7997
91976
25048
78819
28599
85183
75106
30518
63027
31377
8131
32548
59956
78306
88633
67424
7006
86767
29435
54522
18637
59517
72259
37313
69810
23211
17237
74787
80043
56326
96176
66160
56542
35578
24879
43165
30418
97445
45116
9828
6858
69768
27699
28424
84670
86264
9167
86198
81559
36081
51571
85479
6471
85257
91127
20674
29187
42082
74732
6494
13151
8729
25806
69029
43588
51708
41989
82388
2128
77017
27352
74752
17482
92977
67919
43506
5216
55627
63171
1075
58399
82885
76964
94499
56462
30341
90950
41314
72647
77069
89385
9329
50132
44781
30244
71955
34594
59155
80142
65710
68004
6845
94024
12654
51879
32623
16074
35720
96365
81824
83592
55035
24873
44623
24097
4082
51830
14707
67365
89639
80659
77039
26080
37281
92031
40740
72486
84286
46957
67841
55773
71788
9188
38550
22434
46994
80630
40550
4825
939
2939
92411
64980
81234
60585
10387
12927
93689
33778
10520
89702
18483
85818
13485
30852
32946
36660
47204
34377
23946
13848
41676
77318
41717
58467
22152
17080
496
94378
38907
69903
62978
57468
26559
83451
8380
5332
27029
29074
46428
22840
63927
19583
70476
90289
87946
58634
52519
98887
96591
30816
33980
33528
79863
6143
52970
45588
91798
67424
42284
89400
87665
72354
83502
64037
77074
35247
89309
1661
91002
75117
32894
32730
51286
7139
82292
65963
80618
79845
30693
15179
29609
11583
42262
64191
85543
42778
3314
4108
22278
23373
31882
10579
96940
19587
35606
66219
32982
11813
58105
35641
51269
87301
14243
27341
83991
84678
36561
31996
92657
46026
96463
86806
7672
92602
18781
8068
3839
49484
79183
43232
90586
57364
16366
75376
73105
83689
13660
42816
1008
11698
26773
6971
81467
37453
29584
70246
31423
25404
5125
35193
82500
85261
14377
54459
11582
38341
12565
6457
16419
27048
1317
79298
8279
24039
53308
69666
91458
2182
6820
56889
96803
7209
79635
26231
32319
49370
51657
82743
79922
32282
7254
40469
28581
38402
74809
66253
93472
75540
39010
87538
19927
46147
42297
19687
60768
92059
7000
42813
88229
92399
76115
99882
62229
11422
87160
92418
4245
85952
81553
94421
87859
6418
8263
5925
33243
43324
93312
40674
29474
23484
73897
63491
77280
18481
99310
20835
29979
24453
54118
40022
95486
66551
27884
54439
36040
3717
19400
83151
98337
65267
73357
55092
13223
63834
85915
700
91399
41744
93604
57484
94824
22895
3468
76609
52833
67749
73417
64074
78666
94616
75242
84864
9839
25811
58100
19619
70753
2834
13448
70451
20231
98310
83360
872
53651
15397
19000
43918
96623
19601
65033
76288
70517
15971
12016
45664
89598
95124
24174
58416
97970
3688
77833
15440
89598
87799
58447
87508
31844
31161
87674
89441
64236
22990
32847
69060
24376
95143
74497
84528
46582
68116
36370
99410
41582
39499
58234
63154
17499
8082
59680
75624
18519
49929
84933
87065
2062
93079
60576
65869
28661
13967
79172
59662
50355
8862
95453
83518
15933
33524
37049
18581
51296
78413
93284
64310
92311
87355
7308
7277
70973
45618
87524
63176
17468
81231
88035
12239
15620
97894
27660
35841
27671
66087
58792
61196
23329
92683
28911
3305
91653
97281
53382
31058
42642
24111
26595
27488
42164
51495
51788
4773
39495
32233
17501
24099
89095
66927
69447
34439
74690
25785
29398
39334
95535
97204
38571
32594
55512
48233
51497
27352
61139
23296
17131
91482
70319
12080
91506
14404
31465
83268
53596
75789
40029
95595
76175
87276
44026
70971
68694
20948
86766
7331
35394
66862
28289
90124
89458
3473
95422
74380
95565
60513
62732
20967
86860
92321
13531
19265
81269
24406
27641
33220
7522
31513
60772
96619
20383
15704
6618
42537
69362
24107
43244
44185
41046
58734
73873
95747
82240
34464
69174
82823
36610
86582
56532
48425
42605
90236
95482
63097
9937
19913
66793
78525
45984
66398
73983
21342
15409
86972
40970
24332
48225
45247
66814
95823
8019
24922
73474
1035
26200
57232
11237
83950
84938
53644
22638
61050
28434
4574
17361
29034
80617
88851
99453
92418
12444
39631
18226
5335
28456
60746
89552
47512
8325
97860
78186
6936
42912
60038
99994
48281
94496
56439
82670
61687
69225
15447
6432
48302
66239
22492
25955
27912
75394
71206
86137
5031
76088
34849
88065
83436
84905
36727
60590
91489
43524
60879
71123
73897
37662
93350
62491
43714
49146
49896
84085
75380
66340
34155
83532
75545
68120
43081
47924
28681
30752
11672
15328
55296
15162
5319
56689
22958
58103
14071
57001
32220
70656
94707
74110
68214
80852
35790
56809
99161
1804
45240
5150
50682
21151
6428
40983
16080
9313
26233
14313
69983
71142
58171
22199
48706
10757
84789
87749
65876
72887
61406
59749
55387
7615
47365
71277
66354
98051
76466
18666
97650
72249
96698
87054
33948
81789
3710
59876
71813
79582
84289
96996
98078
75225
53764
27874
42623
40060
83808
16609
5424
38861
51840
14373
72532
69987
92568
24422
36562
14002
27109
21025
26657
4676
50947
56104
17391
90307
30181
79609
31310
95155
7348
68076
67260
18492
41735
63077
68269
12773
13340
53514
18839
1180
8560
22895
3962
31858
88736
88877
48394
76547
50621
90289
66106
10643
78598
66512
42215
88788
16932
83704
2014
7364
86087
91330
97419
13971
45816
79620
14847
76163
99515
88867
3709
4744
35556
9957
15553
19631
53586
97764
22893
84154
19308
34079
78610
35209
62071
83498
8983
97205
97329
79846
63497
37237
64461
18380
97887
47556
98187
29922
50345
28698
74739
2192
37749
4822
38798
86796
36797
86365
28834
56465
70896
95324
89928
38766
54459
71754
85451
59227
64084
74025
85886
5255
25699
57739
8155
31373
79246
9520
75316
99780
88127
84077
5208
93333
54772
94857
16196
29704
83682
6562
73058
54519
24807
88749
26659
9412
42507
79866
46133
81766
78962
15861
40225
24382
11969
83720
2915
61449
31402
38910
48871
27406
4661
31266
67741
48151
82445
97062
56248
19836
95525
29441
48456
71386
54725
38064
91826
48643
52149
17308
84809
65936
85316
70684
6412
33713
10613
44113
17692
17252
73287
29519
44471
57476
55872
24796
93846
26457
92469
2897
54527
79277
29464
72797
82920
99647
65471
24777
80777
43344
6605
27894
41020
84475
88607
26563
83860
62658
85845
12778
50487
89219
70714
66986
29978
65097
26386
36479
26615
37279
98080
41741
57101
39519
97841
73468
11541
47593
57832
94717
60988
6639
69191
59787
23266
26637
55767
79373
88077
45078
6292
68760
67947
14857
40311
43825
15394
323
28353
59407
50518
14350
13025
68639
34358
2422
65123
63905
42499
55484
21654
38192
55327
80516
37239
21471
88333
58729
93791
57791
18507
5137
18438
68029
96841
87099
3378
85448
96773
31508
65856
2288
13892
68232
57870
27402
85550
84534
40546
19824
67783
60381
11387
30021
60358
71730
25362
84502
53428
1396
22668
29148
22338
13782
68447
26398
27527
56347
64190
76148
77141
14881
47011
87014
24343
51251
95064
52915
24681
88482
91938
33965
51124
90990
35243
58689
28933
52127
65419
60404
33864
54128
37297
46217
63398
41323
54451
13920
83768
22767
1744
94168
67911
40941
83678
36565
87778
947
76758
95965
75099
23135
42680
64700
40638
25558
77755
2791
18639
26829
63125
4221
78975
38403
31044
72970
37963
15218
74391
11397
2641
62522
16764
10265
81775
92606
65894
68033
20346
61738
6906
87276
152
99889
37014
37793
46106
1782
34047
23644
37242
14016
5958
77749
84525
22641
42871
85858
62948
24911
40797
11091
35525
36705
14165
82779
6081
65718
11341
39502
4018
36062
95993
93254
26195
65148
74034
77728
37180
467
63051
43555
57752
25278
60402
4832
70628
12956
80574
5013
76423
46344
56539
79532
57289
54343
55248
48897
85937
13882
5897
87584
13183
81011
1126
41741
14242
86916
75423
92189
8118
15794
85138
22017
26718
10377
2251
86339
34299
43978
83950
31784
59558
99039
55620
80886
60080
70928
92512
92303
85907
24845
99085
51516
55955
65259
71318
6789
25847
97708
89169
65980
12511
37687
15049
99321
25793
35302
19910
76384
20323
86398
18779
50783
56439
53690
25068
80659
26382
17120
28922
78091
79674
37557
12621
20612
31781
91628
80029
30739
57767
24281
92444
44577
66408
47844
22883
41872
79347
88249
70872
63516
62994
36349
86841
72861
15308
41499
39048
57129
68440
19580
6962
45814
83708
58068
83741
37469
71047
76153
64782
88954
16135
55439
65045
92528
3207
13407
12149
67497
80777
24550
23764
571
66300
54217
56059
8007
91194
46726
43242
78651
96001
33734
54844
51574
86188
79631
3378
53451
29357
29270
15678
57279
59401
434
96590
92429
29647
28875
62355
57993
28375
17520
53582
21250
4020
89064
88438
60928
41045
31809
98632
72332
1373
15845
15339
37423
87229
89066
11134
27347
7211
26216
92993
54853
86466
79781
93213
16860
68149
21068
3121
68020
83665
50141
44506
72659
72750
30462
51645
60333
43761
49454
26484
91298
72801
59834
62580
47908
65188
59081
81335
74423
28118
94002
40842
93425
69670
12333
40021
42786
16620
20583
1890
37581
39306
14543
21996
16339
1311
49709
83110
25361
96386
52722
98276
20480
25153
89771
36074
6650
25333
8623
47632
75004
91170
56792
11694
30951
20392
14638
8330
71617
29193
25215
52347
84504
40280
99499
96248
47143
11194
68475
1282
96529
53436
90193
57643
3017
24336
82523
62690
11124
70821
18369
57053
18983
31105
97854
25313
66282
50462
47500
73392
24446
77951
51896
92783
506
32878
87604
85875
29649
67987
31275
54952
9488
24146
17359
54558
1411
98210
80654
10320
81815
72390
28707
42482
73370
40265
27081
18422
41919
78747
74827
5819
77533
21122
29654
23283
43607
34271
5872
67408
52438
65599
56321
99594
13171
98394
44047
11535
30225
55691
51849
16935
33350
64141
62041
57283
4027
74126
17916
94210
47593
70034
69678
91743
71075
35911
93662
69211
1426
60704
86017
6914
67195
36049
41154
99197
28861
43110
12535
85715
23543
59648
3983
82140
14470
17901
7463
97540
55020
58979
33499
31737
37580
19097
16250
12209
78354
90497
40435
14586
16240
96390
47340
64607
43778
24766
95697
36884
92019
98444
13577
62975
57625
75285
32260
48579
71867
61916
17168
35498
96627
63068
85739
95182
79662
99746
75411
31172
93455
13381
51417
59749
82804
68195
69172
83451
13905
24153
46450
14532
47608
75230
82185
64262
91963
37725
71052
51503
15560
78125
45113
6024
49202
69870
36431
52054
36048
73538
78877
28268
32191
69190
75829
85392
38755
28332
20511
19944
59723
25495
86346
34145
30065
52209
47677
67612
96353
13324
75916
70774
38961
74579
32006
6162
73807
364
47659
23940
74073
67246
5179
5597
86180
82777
81898
89934
64256
61077
97455
4187
27475
92650
77500
13502
62178
11033
98055
75093
51087
45591
97735
49129
46139
42116
50779
13116
24236
33675
56004
64462
92490
91736
66034
90219
37316
84240
1948
33268
21392
79250
48649
60361
67823
5033
99628
83569
73198
98058
64077
30021
94793
78481
15969
36799
60810
80498
94619
98970
65807
47774
30620
35174
63082
78677
41798
77962
25377
20482
62223
21142
53750
44727
10417
74725
17601
22373
85950
7595
3162
96888
17648
77217
65523
15246
33215
78474
13601
92466
12907
96544
2715
89369
55129
92320
35034
9592
78267
87407
63457
87680
71976
77671
43991
46008
62603
56739
44719
53365
70167
92675
39017
42167
8151
59067
71249
52771
79811
79454
41860
20217
87823
31171
41331
45617
93374
57073
56513
46391
47029
89773
84518
46656
64586
60380
62422
32520
59514
96759
96124
44202
55513
94059
26271
58587
94853
52745
20903
2403
43284
48753
69625
42233
91563
18069
45725
32442
28048
41901
40769
3301
85399
83576
4950
91862
16185
28777
24504
40573
18051
501
79980
21946
60299
62871
41377
28568
84541
94174
1177
88163
9715
52181
32833
98087
51523
40108
59932
15494
17778
80552
51326
20278
83558
25060
88436
70549
81722
73697
6657
25097
60810
20082
49026
41432
85518
64573
74227
30433
97956
43150
46571
11318
97254
44286
15522
28311
47034
13179
58932
96779
8840
30517
97117
79709
83974
74469
53859
57457
73935
47353
54643
32098
34611
12768
83556
36057
60840
28239
71384
76332
8734
35213
57089
94224
66960
75682
85984
34684
79477
95478
13544
54045
34518
62761
46690
39055
60731
45263
72841
57663
45311
56037
32021
78778
18594
29013
95701
23056
43484
66593
24021
2411
62094
91024
7295
57830
9429
30162
91070
93964
90296
84402
69566
74767
83553
22039
52368
90433
62088
18230
25769
54258
11051
4472
28457
39782
54906
60900
62265
61714
97358
75913
98349
56851
29562
45193
70314
76556
59705
20869
99521
8378
37927
90049
38937
46677
56236
41780
28075
54373
65651
29615
12871
15006
93273
68231
24468
75706
54496
19873
17236
33362
90499
88441
92517
25688
30852
50862
84132
36020
35137
14349
5325
5785
37093
49177
7037
73700
91483
15092
86168
14992
98654
85773
9318
41944
6219
83206
85209
82186
74552
76768
69066
41604
56414
57509
90721
72847
55313
20082
30962
15316
39888
31903
80100
33215
73368
79277
33774
33967
28723
203
42395
7574
99790
70084
57132
16435
44456
65032
6908
50442
21990
96533
26687
16093
24675
27875
23651
17961
1477
5353
9849
90368
86731
95183
67277
59806
49282
7697
54448
94058
44535
2156
50935
31211
84518
96520
84764
52580
79377
96514
45186
46510
10349
82421
72311
71120
31766
36868
9810
93821
34403
615
73275
12779
89268
16368
94474
93259
87464
26425
59943
50858
87627
52459
22033
44675
17324
749
14426
13374
9644
24872
94127
52873
77330
87827
20950
84114
31996
2655
3152
76190
41008
85281
22429
56937
4145
81655
91199
7578
14381
16249
21975
78690
88563
66878
51468
40178
34
12488
29802
82390
36284
63469
14534
45137
72089
15586
79552
10710
59736
8710
72545
60544
90608
18537
33764
79087
58149
93783
59345
62304
86647
53189
36036
85831
69716
1175
1805
363
21805
18219
96912
85631
40773
85126
47532
98393
19526
19512
58265
90800
38894
60942
71210
42007
56967
43989
93266
59120
96373
48134
85476
71407
12392
96882
89266
31020
29969
17707
60887
96708
25169
34092
30896
99725
4140
87206
75460
94036
21629
62568
64965
1845
25475
88203
36079
78678
12857
30103
96621
88928
25956
43958
83899
78139
49797
77587
47909
43686
44110
33613
19407
40335
46321
54718
81358
10293
65524
64642
86355
39927
68513
89863
86504
41528
19386
66384
60787
5330
4361
68165
6135
76180
53846
14715
50714
95898
18930
1628
53346
24296
71567
77970
74776
57890
58898
64981
47278
42186
85281
71086
67484
92887
70167
78407
51334
21198
87319
87794
35066
65088
46749
73331
8150
60064
81775
79082
66886
55039
36018
86273
33931
97478
30777
17966
88663
68879
73752
38437
26836
3424
80248
6238
37060
92646
14243
99806
62500
6890
7710
17636
70346
77010
81847
61427
25325
62583
48084
9175
43107
52189
32106
63990
63781
77973
31951
92148
19887
88075
40327
86146
96804
19244
67323
5765
54063
63545
11849
43359
46596
38432
92180
64956
9988
83293
93467
26970
47647
82637
26759
3093
48276
83498
26846
48847
19124
58536
24534
76217
27333
45738
58755
24801
45090
30786
75440
24696
832
31460
69388
3038
22155
76005
63644
57035
9390
52501
47855
80573
34674
58358
69551
72794
96126
33208
50194
55937
28765
6899
88592
43313
82813
67488
89775
11637
80019
32949
2331
92586
92827
88347
13809
90287
349
95852
59962
75432
84364
13358
94069
73103
18249
74119
45549
7351
48164
82653
73962
50238
42242
53867
39011
22255
86650
37409
24433
98641
43705
42297
35902
58384
44805
57553
11196
77990
56063
44266
26963
82885
29377
75388
56690
42755
96583
17556
34535
47779
43947
50667
38441
13916
57512
74116
73618
50280
9568
4449
22667
69899
55001
6018
7839
74366
13218
72156
40657
53911
31283
8018
55242
77271
34898
80115
35626
83472
25042
66799
68736
4528
43894
60087
86997
77646
49972
88944
70594
23728
20948
22996
91553
98230
20055
57285
26273
57191
29621
70415
25076
87063
6974
8473
22691
99953
78370
91943
67425
70855
173
42191
64828
72083
17674
52021
34096
3080
59112
98214
7797
92282
27034
85805
99737
35911
21496
60726
6089
66016
93954
89789
19048
72728
92805
48626
13506
93193
61462
83115
93690
40253
40444
37253
51520
33407
48906
6073
53886
45694
80298
48695
35153
2107
60917
56514
49749
24688
62654
38888
82073
26909
73294
92539
20978
39472
69002
80049
75628
73584
6482
25653
5467
58823
43875
36167
87375
12425
77883
61175
36805
52421
10396
31609
19898
33479
17065
63685
82746
70695
21230
54223
48631
8914
96957
73534
38582
14674
9587
75594
72900
91037
80825
62903
80262
96919
91429
53897
43405
50949
66273
9667
68615
74255
33123
2111
57458
1777
88572
61740
63148
91487
56109
6655
86119
26290
87890
66936
35160
8659
94210
54707
41070
20130
45999
69830
95039
9827
76360
99293
72126
15398
83487
71856
6409
44466
27428
75134
8031
3918
79759
98697
8271
44331
78333
84781
62795
12529
90418
18750
39964
18981
50429
94365
56750
18772
22105
58326
79020
89886
15791
95450
77863
95265
76665
96660
80815
6369
28162
28713
15140
30034
5161
54577
65158
92034
87812
85485
3273
51365
19808
23652
6629
4253
33639
190
91977
53830
24059
5852
29871
41532
53662
53841
38923
15018
84340
10017
44221
24944
44384
81781
33542
33168
65739
37560
1591
33653
59716
34354
87300
65088
39009
62270
57720
96368
39331
55625
98082
77709
62328
30986
525
59442
9433
91256
14670
19508
64532
36557
45206
27891
82788
97685
37223
35293
78780
47026
40516
40057
45667
25456
96801
25270
59096
68160
53433
47665
67479
35059
93406
53661
51892
88533
98442
66066
21924
47683
37173
9300
99228
70922
81696
50655
92273
29470
22285
5804
81245
30835
61490
38019
73667
14748
42306
35261
66890
13469
17483
49204
21126
11375
80319
66633
98292
13424
91978
68626
22563
16165
55042
13022
98832
38701
96669
41702
29994
87106
6268
90802
21397
58543
27300
80901
66602
43529
21293
73447
23451
73355
54452
34925
6163
25554
64203
66502
46620
86065
27313
55364
99994
89970
45500
76933
64757
23370
21777
57310
85045
33912
69526
20515
94950
70618
63136
35189
4762
37547
39558
39112
26221
58141
20534
26096
98020
38127
36325
62248
71119
26347
85186
98686
81518
70783
60388
93406
51983
1077
59746
31066
70773
70321
47777
29139
96532
80071
40808
71846
76121
34263
15439
6230
74759
26118
54934
5042
27772
20666
25970
99458
44082
60049
82786
44723
53057
77855
42304
61085
73409
37666
34802
174
25678
95907
30208
71061
68516
64556
68353
87980
86986
34816
45198
50915
107
64091
31960
18469
51519
200
81877
37833
30888
66745
48149
44376
79608
18182
7379
69493
4176
80965
80006
24718
82947
9698
25112
446
67034
10875
17390
51580
11344
53339
2182
52227
28573
95729
71871
26431
20944
41772
73874
64849
62454
79957
39710
72671
17047
92233
47233
95195
46015
48018
25314
29134
15866
21441
16619
96257
5241
49961
4917
58312
15057
3547
80795
13804
45634
43194
39729
42515
55381
32986
21933
87405
86655
68826
56611
83934
4290
40571
32174
42531
87795
3804
42666
85699
66326
35764
87071
66995
15653
29803
80152
13286
2384
37396
90610
97200
45182
85771
88528
41685
31409
59527
32843
98002
7848
59453
74022
60935
14110
80753
49919
44960
62575
89625
69794
71167
52987
12688
81432
35464
38787
9651
16764
90281
41137
68187
27982
72291
56884
66104
19265
73817
6664
29831
9583
84308
29268
99376
38412
65264
53485
15934
78263
76391
33560
73787
62125
83672
58765
66440
53688
52308
49111
57590
8261
32293
4503
78436
99699
95738
97257
29909
21767
28531
95774
41677
37501
44070
12456
98216
6072
28844
2484
80919
76923
41356
92914
19256
7056
47233
16208
28048
38949
54986
56356
58696
36055
31438
11624
48673
54950
59337
64256
47894
83400
5720
94967
16173
10489
63549
23207
93209
86864
50447
55512
32879
80621
40578
89472
40898
60655
76526
6792
9757
56578
42943
93199
69949
42581
13688
35783
1833
3913
99140
20989
1966
7462
2779
78935
88123
13832
99405
80086
25494
2294
64174
99195
75738
27699
66334
18374
26862
36045
80211
21625
49570
73619
94438
29243
54920
7908
74039
56632
1261
11971
21630
90246
55539
21478
93071
9890
63788
36365
40457
20281
41301
79631
12923
59939
94637
22672
5907
92425
4272
63280
8165
7143
8564
15613
48628
5965
67103
15048
61792
69343
49859
96885
59852
72732
18935
7756
53802
35228
20564
66348
7494
18963
51049
27647
46668
22706
93243
1609
42135
71596
81628
64410
2678
66550
66566
19459
67677
28776
92885
36997
1798
66720
75550
67013
30241
74246
19024
25723
17823
84809
88518
85834
32951
76936
17125
82986
21940
82990
57496
96865
62043
61684
53766
69232
95452
68266
85069
70153
60340
30993
63293
28830
18653
12831
50579
46133
84819
23845
27472
72889
40259
85774
92086
1578
9458
27197
32287
19923
60711
6489
87609
57468
77046
37
34466
46230
23018
75528
68508
10388
18286
96811
88908
72345
23897
7840
97141
92140
47732
35552
78764
37576
41896
62509
39032
52432
22025
9782
73897
30751
63321
21977
74738
66974
55002
63266
98787
90543
55252
44626
43719
83078
17663
19707
98135
45880
93582
91527
10489
14923
63512
8217
79545
6637
100
70507
69569
40704
47216
83766
50680
53202
9726
34448
11317
66028
45596
12976
56831
41600
93262
2797
21411
34181
62330
38084
528
77504
10736
23544
68370
40952
64276
39988
73129
48587
30954
31724
70981
21759
17724
54722
94496
19440
67626
26180
46072
56040
97455
10642
744
45198
80365
5437
8515
11957
28820
57291
49708
25268
76180
2360
74292
58806
14044
42582
13585
2664
37166
36532
34167
84880
39457
59453
22613
68445
37970
10776
7279
27705
41544
37805
17748
27002
31491
89319
67963
59224
18369
14292
35103
6234
4364
59049
72660
95049
39299
39330
11332
6822
98148
32712
59339
74135
24979
13356
48779
78076
56393
71343
36109
99552
78875
3652
43701
6731
24742
43501
82176
71252
43380
28706
87741
85268
22158
57072
43013
5654
69375
81277
53720
19082
91264
46442
54582
2393
26629
66002
81142
62418
35811
55439
88230
83235
1788
41564
80800
80355
31497
37876
45734
28396
57442
12857
47578
49095
14285
36081
69916
46816
46721
77867
49952
24984
20662
53856
65323
5336
85996
37588
34378
56099
42932
86843
47375
91557
35902
89272
25001
4616
55839
87649
43519
12613
65055
86430
46761
69047
93725
92528
91948
10379
81600
29327
81807
89331
81051
41196
47614
35803
54139
59829
63259
94707
3344
99511
70683
7818
66582
45405
39332
67804
28895
77334
94530
94946
60446
82837
70784
18247
49586
20658
8105
89595
91118
40942
44123
94049
41633
60819
23268
36483
22503
1498
8540
84069
38635
55654
31551
46967
20663
7758
18693
81091
14362
67864
30208
61607
98932
91009
35570
95741
19937
73945
46952
60437
33632
39019
45782
3972
50526
92154
25968
30934
61060
47462
49827
32926
15738
53294
61550
78063
28918
38896
55264
36003
50725
48748
85615
25496
75349
59975
73266
33979
42109
72458
93180
75004
27497
36042
80342
35105
26629
34979
82071
45782
67141
76830
70754
21634
95600
50642
20668
54902
29319
11590
40681
18910
73845
87796
28899
90778
6100
86026
86805
84326
11609
12426
27866
37780
67070
46577
57165
32572
86443
54836
82380
2186
3263
14726
61966
36149
59488
12662
84862
75248
1981
67125
3412
57081
56093
44150
69006
8559
81798
62670
80464
84033
69451
3483
26133
93986
2931
50465
69488
87512
76578
78991
84836
18355
98470
30337
87356
23579
52864
25406
12871
66466
44909
53441
52084
21752
93169
13461
67111
96318
76351
47769
57301
82994
79846
26371
82977
68073
86651
61505
73939
45434
90271
60890
46546
68759
67598
75891
24574
74647
39588
99822
44812
45039
44939
39661
17535
62751
78533
32596
60863
68552
92050
58860
58009
37499
19967
20196
14739
61485
50859
90578
56042
35271
7831
95160
1194
68857
81482
57441
81385
31502
22750
8746
80032
73563
7722
30589
35399
145
68909
3929
92364
80243
24628
36622
19472
31073
60072
2724
90622
38930
64535
28731
56233
42720
86493
82860
12961
30973
4142
42799
4529
87844
75843
29718
90520
40683
37631
73942
43777
14740
8477
59014
48962
81538
88216
69217
74734
44072
57590
73061
52439
86493
9138
79421
83747
86060
39621
83772
65130
51368
44432
54112
15370
81693
60680
88278
9798
71201
18206
14716
5089
77354
76842
27393
24115
68889
70963
35721
3495
48468
21438
63725
84529
41905
82801
25183
7374
36237
52739
33387
3193
46429
96674
64888
1575
13180
17280
25326
73729
8196
48186
78770
93948
46136
10150
61133
56502
80125
50553
59499
9550
6120
10419
24158
53664
82194
21576
74275
48541
90377
50539
95996
32771
72896
91993
26941
90302
4039
76991
95778
5978
10837
45384
19901
7332
17121
17063
97198
42012
53264
95102
29706
30521
39401
32681
88222
15481
65253
32394
80109
71395
4034
20850
69909
2844
13558
22280
74736
24577
18592
80281
74934
88103
5978
51420
8704
8077
75530
62208
42855
38459
45625
69237
85579
25466
54363
46548
71248
92783
28780
63212
53250
22389
29692
89578
74041
78390
45089
25796
72247
86598
6316
99522
81679
39708
39094
8073
25184
57965
4088
48261
64318
77767
33017
43795
66962
29383
5442
80648
36600
67543
94094
13794
48070
34152
95773
48841
72172
16583
91495
29057
53558
9759
56846
53870
40207
66860
62637
34500
3840
471
88301
32811
83958
36275
3830
45291
43970
49106
10817
18938
24505
13956
25420
69215
41980
29806
91879
41730
62226
44963
55916
99410
93393
37602
45740
58066
60475
22475
7395
74177
68037
49471
13357
23716
78867
12531
31315
74419
80191
11632
76605
76093
81209
94251
95948
92248
20136
58876
45503
45545
3215
95997
58162
53900
16682
87841
88904
14273
87991
65774
56669
26355
35090
94904
41630
45734
55289
83324
75348
97020
58670
53845
55355
66724
37819
44607
76656
67393
74735
80806
35785
97202
88967
45513
46847
29762
7240
12369
56967
7022
92456
68296
54398
65487
74156
63448
49090
100
57100
94241
29693
55037
25075
13717
97020
15909
87587
93012
28127
58509
71413
98304
69801
17105
61406
36444
21014
9322
71821
11398
31020
88367
40208
35341
16107
10569
71318
30737
56798
80914
68400
17782
13203
68168
57169
13860
81415
34611
94645
30751
69850
81617
97533
56542
24834
91547
36024
24681
91772
26646
35997
14644
32765
84376
54580
57618
90150
49748
60053
70360
39542
98948
50153
25872
59353
786
89837
79254
81502
63459
37652
34067
48743
42240
14060
55699
38713
86275
17849
79429
596
8474
62717
96527
1692
8187
96537
94667
5429
80261
64557
5345
64142
64142
50811
97218
45940
41582
80874
63679
4391
50599
64774
41348
54345
22511
36485
65845
66130
34940
62309
85539
99650
96908
69968
40170
41006
59821
96737
55786
18459
54575
37377
81952
1129
57284
71114
24609
10534
62929
28557
61267
44932
50741
20046
93063
14980
47282
53933
85974
48433
11548
59296
18583
50410
93789
69243
90139
45175
1731
93426
45445
99741
92807
26261
56649
53516
60379
70170
18688
87861
91087
86585
59461
73625
19903
30128
12752
58845
50941
59079
39980
18586
8598
31310
72854
69840
15780
86754
17492
98107
68272
70798
71600
64766
66753
6382
94704
89755
79974
21935
68276
98340
8955
27027
44395
31468
35131
60560
19953
70519
6883
18136
425
66768
64639
34675
60211
96761
38419
41928
73579
85661
20104
52251
38622
15394
15601
70704
96425
44730
88920
33101
75152
25848
18730
33342
13079
59103
75324
17938
45824
46998
8633
68003
14658
8440
68585
60371
78211
34696
3711
4882
23442
95138
65215
79643
99363
73037
37034
87614
424
24940
99463
76793
63624
81236
53456
10591
72606
85751
27030
54298
98929
51039
60786
86189
26027
82230
9674
5234
52857
35042
14812
11171
35262
76270
55689
29204
28308
7748
89889
65757
64
47127
72999
20373
33745
71420
48480
7481
46165
52440
16766
84717
72087
9300
7140
20601
32025
62862
4181
6293
46857
56714
59645
26591
65764
62149
87579
97097
68324
8169
23145
55312
2343
82973
20906
36358
50942
1396
61807
88305
64174
42182
21126
5229
8198
29819
68640
43052
68349
56739
20605
49246
58856
45988
88919
47244
67062
45995
76519
37981
82152
27267
67415
69051
99951
53603
31366
42032
1315
52897
88945
34955
15070
62692
17892
91263
61843
76856
67581
64522
31790
47163
96089
38194
24650
80244
26845
2475
56777
19747
16323
7830
44787
27411
1823
43620
53069
28268
3597
69336
63221
77734
57465
15178
79321
19703
14923
65575
19857
66957
45261
19414
45375
83832
85882
88566
7489
97310
30596
9443
95120
54034
84386
92439
91545
75455
67029
2348
49750
58366
20661
81696
28168
80359
17948
97266
74034
26467
5583
77513
32149
55104
33189
15348
11396
93054
34869
83180
23075
3175
68000
30549
21473
85244
44536
71011
88783
75530
86348
40058
77916
48347
17105
6670
56238
71720
65582
63688
95263
52908
49124
842
70674
76660
99512
68297
8592
48595
34975
67865
22820
69074
80453
82504
34415
31397
11161
3808
58408
51832
34904
13168
8660
11016
83285
93508
46238
75854
21666
3856
74675
43670
28542
12076
78524
28462
18171
17721
91673
94041
20970
8322
8023
70468
74758
30013
45709
47824
16442
67441
30713
65358
47695
15314
5618
77961
48181
8551
58601
89532
47661
76909
81089
44996
84338
54676
1896
3824
44098
79879
69585
11350
33932
72073
38800
66335
38552
83931
12337
26114
33197
81530
79925
86287
77571
41925
98474
8833
15238
86364
16549
47478
2787
31620
3679
14971
9394
61735
92041
54112
78432
62904
2478
73612
74040
71668
90276
87657
99118
82148
26125
51103
70024
19487
88080
45599
73897
58540
15247
24949
62234
35045
45542
38753
1463
14552
47327
75295
83284
21127
22804
16802
92618
69103
28354
76703
37378
31077
34342
82565
38493
58588
63191
68427
7582
55940
9855
76930
96660
90796
78711
90794
23111
31880
25566
79648
45118
88173
91414
66548
71467
62681
98268
6584
36852
77265
90178
57045
93023
64290
21514
37976
21145
11304
92865
26474
85155
83821
49365
6845
82073
99913
76053
68897
37600
54920
28900
37751
4780
49801
97241
92157
29323
85922
74101
5672
78481
46785
92674
51760
42241
95341
4709
88709
76053
76908
60896
59711
32139
69982
19687
47923
29164
65382
45500
89921
66457
39496
56233
96170
63572
46029
7802
14912
18248
31844
34420
47957
59351
14372
61462
81429
87166
37708
61226
23216
40422
2219
84968
50191
49802
27643
97992
93096
19616
69511
52545
96109
36134
21614
56387
99742
40811
88000
99982
62303
32247
89605
588
4260
77431
65405
13650
89704
63337
33378
40302
40317
26976
5897
38957
28542
87028
11016
32588
61857
42250
3633
32185
1832
89308
20732
11686
77878
94852
61800
98878
49162
16423
62834
79671
7528
16113
81705
91053
14422
34930
12644
88081
34646
71883
65859
2192
49982
28649
90856
64064
85342
45352
86166
40087
26477
25784
76100
65750
49173
88957
85598
23779
74167
26992
74617
77396
15452
66627
46897
6183
81753
47298
39873
21007
66493
81877
81341
59560
3867
60706
95567
68460
64399
57455
15437
95262
55311
8005
58932
16579
66095
1104
90051
18928
80849
26915
55350
54559
72903
15800
11548
56539
19686
94293
82424
51931
58313
12330
55025
14060
28735
94967
3990
99462
21554
21387
58546
40096
14709
14983
44903
63200
60393
78400
74475
24298
55244
1187
23164
17466
35006
67027
80864
15661
93073
95759
45597
76953
12589
5071
66034
44190
32798
1356
37008
60692
38395
47103
59577
6083
37427
44353
28979
72625
5813
69426
98185
78293
23004
28470
99551
21419
85845
41113
30735
30305
64079
55027
9349
9550
61374
69735
68979
4258
50604
39653
71154
35833
9725
30064
47702
41705
58493
16953
18412
31642
21448
44810
30514
1557
97749
34047
45939
26325
95712
82030
21599
55034
81235
2279
67299
53117
52752
23351
99625
33086
2494
91271
13359
30681
10637
19201
95324
38711
92999
42194
51397
23520
47541
60459
89403
64142
41484
84929
74030
93340
11762
22549
47330
3742
55953
86574
80300
86475
62454
47266
45705
66036
2438
40564
38619
78072
6271
17559
51361
29872
90502
86672
48370
55878
90322
41753
34294
96099
68211
9186
84289
837
13216
69811
46541
12751
92221
52716
57458
16730
80005
99469
35397
77738
79994
29265
59435
33051
25958
73781
56888
69242
13516
82167
96264
45072
24848
43097
82200
46841
90432
55525
63746
19635
81726
7371
65268
73682
87403
19621
780
65232
91089
7771
76498
95426
65101
42210
92754
30917
94519
59104
99444
53079
7087
55115
50938
17155
99590
93839
59829
55220
56006
75214
79236
40266
68991
46113
82059
26954
66095
10813
9964
86288
61485
20273
47844
59328
54291
88204
25988
68219
26053
82363
2538
21388
25154
30064
68796
83585
97126
37790
80769
68375
33561
15329
77116
10447
97784
42586
35397
57757
74398
82648
3654
17087
37358
2099
55887
20970
90688
6513
93110
15807
78662
59691
19215
83773
15289
67178
44003
49872
12933
40875
5904
38600
19085
97858
65853
57284
74685
86330
97176
38189
68874
41146
46126
64159
14408
7651
94471
37570
56232
21335
71835
2007
18827
5876
26229
11438
11176
61149
56642
48020
61366
77913
16310
18025
54583
77429
84956
85104
56353
30724
62967
68095
35113
7495
77849
68214
3246
80904
20703
38957
81472
38240
89000
78790
30379
60281
24177
66082
48868
72269
57294
52847
12302
1997
65606
64031
38985
52190
24076
43540
23737
33085
6581
31255
82734
84739
35131
40104
18357
65796
64845
88687
14746
21297
94192
41713
67704
54558
70935
98718
39839
35262
17274
5767
54977
60298
44790
11662
83833
69664
13985
87606
28056
20040
35080
52152
88237
25970
35271
73271
92209
11963
92772
19564
76236
63119
45352
49211
37191
96680
37403
50790
55247
69460
95163
4192
61666
27061
81240
54873
75674
85762
47600
89784
62963
23786
57122
29736
47003
54648
56465
31113
98485
70451
16919
12423
87753
17341
44387
46600
70092
31355
80208
23326
77671
12019
68996
49340
93030
64785
44546
60198
34176
51461
93004
44097
55646
18470
2712
91881
22186
33594
30381
74337
35062
37581
59803
49317
54693
93214
84757
54844
9146
31226
20364
35817
53371
74496
53929
45217
21537
53539
39334
25719
11551
52654
34633
91378
85997
54497
38046
10496
88304
4346
96785
28644
79623
39759
84261
60906
74676
76152
16371
13084
21222
82697
4290
31117
8255
18685
67327
84914
94663
13870
88569
5168
20396
63201
39164
1937
8371
27551
49992
19089
2528
58845
19886
14420
90557
80893
41671
62714
80107
46861
20560
89706
19939
69838
72677
92076
80711
90415
44729
89971
1707
83383
18319
57207
17305
65602
67801
61185
32229
32963
25674
74623
88909
81479
84986
62039
78604
14394
37846
54777
56477
40899
71553
27053
1734
51018
93483
18667
54632
39898
21483
6249
13089
17730
53116
47247
18684
1237
45970
79942
23606
47249
34392
89135
83022
37917
56840
40113
27560
61451
47718
59210
47421
74109
24377
71014
20835
68228
2758
80365
23765
98147
67146
16375
70431
47154
58068
56219
19496
73758
12126
76901
1947
18894
70054
54693
40468
54433
49133
20292
81956
88467
35115
53874
17281
41182
36428
5339
16045
32765
95147
51032
39905
76428
30826
76001
20183
57451
62635
7296
62449
61922
42190
225
1160
49822
97832
56357
87572
58488
24860
55030
83797
45239
84856
27605
16764
65644
84655
48815
39962
25372
2094
33518
57826
85306
75773
66635
96157
73650
47509
19682
8235
56643
2168
52126
48048
51524
79569
9299
86883
58855
91465
91882
80046
13242
39939
31543
40706
88362
67349
26342
38107
90978
72547
32180
84172
94962
41274
57818
94662
55531
74789
60228
25386
38310
74512
76480
3081
44708
48695
20402
95795
74416
25001
98884
8100
32897
87519
70267
19752
38300
32371
53829
87111
96950
90430
66062
86609
80502
61074
98449
65830
77625
70577
73067
46594
92783
72
41868
51236
80771
33068
88487
54458
64153
5391
44713
21195
4463
46207
36198
91552
45574
57276
27791
75248
69594
43667
13631
6950
77740
23579
37589
48497
68225
48971
58012
10056
6019
90039
7781
57080
26917
80165
61718
1387
25924
848
8156
75447
53449
36760
85692
18464
2156
6820
81608
96747
96050
15510
81837
54656
54774
6825
74408
86682
71238
70249
92376
20111
28196
89934
4495
84375
36621
24535
70115
85658
45495
92319
73185
3995
86003
39615
58401
86651
64881
26016
44596
21163
66083
58234
55770
49586
12282
38862
66544
73270
30573
24093
19814
72779
14584
93475
41391
81813
67392
28660
62417
88572
63412
83569
53341
89259
92464
48390
52793
2629
4219
41379
84088
7333
50320
7381
23595
97968
65018
14689
40560
9881
79129
99836
47977
4368
21441
61322
67304
64104
85761
64209
85350
43779
26721
67641
19955
71357
89956
30370
99655
2034
64525
50562
1271
12525
52990
11065
80195
84910
35676
91411
89741
8406
72335
12570
29540
35794
45957
22390
39198
30242
35925
50338
99940
81349
7585
26123
76039
3683
62196
32007
53392
25014
53707
69232
77333
44278
28145
18076
7976
47296
31843
85242
57641
43330
38866
14379
53948
72677
86630
45467
12053
6072
42783
99674
44016
55829
8631
88572
83069
11954
42116
89513
15896
34662
91545
99041
22423
23797
92396
28208
70972
32410
31538
52394
29098
45712
57671
67107
53333
37630
80394
95277
84242
74973
15108
86767
9741
96359
98729
22847
33434
413
87927
20956
14691
54900
40251
69194
23967
75678
1140
52330
98692
2353
55631
84373
19572
31606
57841
45526
37394
89136
78419
73313
66008
2022
50407
75156
36513
59023
88314
18312
10369
79737
69298
88852
77172
470
40854
990
50644
14724
33868
71166
52452
75127
14237
38130
22889
88486
73717
52984
9753
88974
31367
12299
21675
93447
85197
50556
53486
66657
49613
18188
77206
38330
50744
58724
8176
73535
51948
78674
51927
4380
30393
32736
99679
44226
54464
98834
10159
61524
73782
2044
11372
90830
46025
69886
96592
16851
18042
78077
68281
50897
61960
77471
50333
20851
44877
97346
34715
39811
8738
90425
49774
83322
34270
15812
83291
67589
85915
91979
99657
99765
95737
5720
80048
28388
85980
94222
39817
58623
27057
16489
90854
18164
34702
35411
72539
19321
52183
1536
50265
69430
84444
30375
25884
