38079
19454
86458
69652
54708
79057
30715
51197
86178
86526
69672
22722
25446
37808
42365
56574
25590
72885
18008
12221
86019
50046
86419
384
36055
95572
58926
73677
88350
34289
13669
89782
17666
47490
6913
78180
46190
37143
41290
85024
1172
43299
36506
54589
65354
43223
87533
86118
30606
14390
22260
4448
35819
27156
20745
47035
47892
46576
57501
90106
68109
76267
91469
65596
68232
86371
59348
92423
19821
69233
14937
95537
56723
3132
17928
10730
68011
60791
84095
74505
85597
54846
15807
64337
54538
94920
97026
87455
91215
62985
11787
98131
97739
17351
60345
49401
472
30807
72886
86067
72757
84020
33356
98597
42020
32955
10903
91292
88623
21765
95222
32123
43366
45730
2490
23108
56835
27726
99969
36416
68559
94643
90908
97451
84349
96923
23116
29727
49236
15344
14764
37723
1002
73715
47400
97135
17163
67061
10219
23975
90777
59797
50262
13745
41710
27574
57708
33901
85788
59067
98954
42033
30902
17858
61268
51542
31623
61531
49867
65602
44128
81156
10970
34579
23856
24834
86352
51844
69899
96158
81032
59423
26093
87929
17667
80479
35192
1965
41592
25089
92920
63714
82465
77799
97288
18314
20311
77640
18254
67322
59160
65719
29121
79589
40260
1711
5931
63510
3912
88184
95209
70474
5649
20504
81487
40231
62658
38841
70760
64061
43905
52050
41435
12632
47307
56309
91466
46367
44616
83541
67732
19916
71257
31986
73018
76328
77966
19011
26111
15522
27860
94110
13768
66284
48267
34727
72355
85299
64150
67954
54052
72025
43980
7478
54346
13520
98891
55569
48704
33717
74028
71026
383
75302
7857
76583
98128
47041
94939
2147
58544
68155
62777
35883
13261
82842
95834
51358
72557
89936
18307
20095
6701
9684
35069
28256
20391
89502
55365
66989
74221
84351
75527
80434
42161
88859
33029
5289
83431
35268
73584
98180
2466
95828
14682
13651
14107
68135
98626
94515
72081
18226
99470
78548
34474
53412
32919
97348
77559
43447
13758
88669
69909
59571
63260
23880
33936
12832
89720
72429
65826
38277
95377
16281
25945
22146
17787
4297
72503
25990
86951
50009
87859
66318
58650
88804
33564
50459
63231
24023
38046
29614
52665
73078
65501
37283
98321
25034
62942
74632
42862
83846
37894
4216
45474
56757
36441
62072
83168
25827
9764
68364
71212
51684
53207
48951
13995
10596
76906
99630
33338
35435
90816
25400
82490
56492
63305
65380
24552
43755
94721
1703
87243
42570
39958
6289
88807
71406
36359
49578
65902
54418
93447
16270
85398
41768
93121
70754
93286
14343
18518
8817
99113
99382
27361
77704
79397
39059
93052
38443
69638
80256
78171
47346
41844
55082
48662
79171
63267
42296
89061
12717
21416
99501
46659
62238
79337
74105
61845
16578
35693
45602
97988
7704
19891
69099
32486
31155
66815
81214
43834
37706
33167
42107
83794
42972
45419
14877
12683
67044
78971
57285
82456
68756
29363
78662
25501
30481
21673
60588
66295
26603
61926
1225
79353
53687
53883
32189
59921
51083
51723
52610
55209
8822
89030
92658
15049
18617
38551
48501
81177
31974
81779
20330
23172
13907
75889
19761
73753
49531
18905
11411
68107
25074
56469
57167
69976
23778
25252
45123
42151
59175
19181
28210
54570
86531
56561
47831
85603
19070
61401
18759
15843
22974
75726
25820
11950
18655
83304
26404
45690
73520
10558
32996
22485
46378
81724
8010
10310
36205
86419
4558
54252
96568
50826
55140
51812
24421
87890
83264
71590
51775
54295
59590
93838
41889
7826
67694
29496
1324
16379
39793
8036
63108
15004
39858
93786
36775
53313
39883
43655
5164
13644
8019
22629
68820
70789
64809
49432
4303
91342
26304
95157
83183
94132
807
79837
68065
46369
78004
23687
5357
54287
47596
75452
18826
471
69425
77084
33342
34695
51593
73150
10802
32434
13031
7892
32783
44514
57688
38861
85271
69160
58348
32084
14050
15380
59102
85173
79859
87008
53090
39936
22134
35398
69067
74214
86648
6707
47286
10944
85859
23763
7254
96880
51413
61771
54780
69119
67228
25125
643
32357
63184
91270
150
1638
37772
30428
15135
32602
34923
54227
72716
67365
52091
71494
25536
23077
68801
75475
6323
63467
74153
7815
35239
64800
27207
2617
64136
45640
16207
67155
11391
83012
22669
52554
9364
66033
79554
21935
93373
91790
14620
12349
74119
13692
27729
51187
32447
44222
74104
49948
36158
76831
80964
79689
29711
82962
57245
77953
40414
91285
1693
22415
55519
83727
48612
80633
26456
24696
98488
67249
46252
16664
43580
4644
4549
63207
89388
25327
13245
24084
69778
79154
55657
1473
49577
20381
78339
68492
77004
69927
42738
42504
41657
68637
16152
76297
11911
92567
32856
52735
56001
230
2722
91834
89726
87498
26844
43340
8446
69056
67502
67788
92900
11449
99402
39702
42251
93765
92599
37391
36390
55694
21689
86119
37431
89442
8894
72183
49323
89479
59367
54346
47217
54195
57585
44408
55797
90804
87135
94445
95998
25833
8070
74537
96032
58452
90740
58816
18014
56871
84382
94049
11104
58619
33061
32020
99212
34240
228
65149
19460
79983
37625
22045
64092
78747
27117
13943
36887
58949
35586
97232
9885
58927
74488
21072
85211
64360
32572
17445
45847
16838
74125
68038
65390
32754
8268
81717
24491
96765
7680
90174
49094
92465
36418
63676
5112
84898
74412
75195
49334
30595
58329
85176
12625
35829
27993
98788
24809
29369
1076
77735
51689
36135
14424
21794
77187
91607
94273
20077
169
75421
52483
55998
41157
50770
73751
18891
69590
82317
2880
31591
94824
37424
31609
67400
76750
5662
22781
28106
69342
54827
2450
45228
70025
49868
61522
69111
65621
73966
30040
2911
19225
66722
75780
42178
23989
85910
15659
74222
60172
44862
21374
96096
95839
5201
68884
67366
26567
89393
95351
90021
62158
11682
54600
94582
27402
84187
78640
1004
46295
86714
41573
84113
59440
75154
43797
53422
25802
47648
97937
87753
6413
50012
8281
11977
31728
90154
22848
72021
10992
97615
26332
69498
26476
24993
48204
43115
97824
68536
38118
87779
39868
52001
60892
56870
74785
5168
29130
3845
26871
1173
52863
75904
31150
64808
98182
89894
62479
70495
47696
16889
59965
97630
89567
1580
57902
71053
28945
41006
22784
30757
2567
86592
8442
78564
78065
30658
46976
20545
68441
7564
2354
70809
9768
11704
1474
54760
51128
54077
54992
85843
16312
43253
6531
18785
90037
76512
25638
70442
93707
91074
37757
55240
24968
29000
45219
39306
31641
75144
53474
18600
27060
68390
42829
39888
31425
17875
22493
24799
77189
39407
29767
70155
32300
62351
61686
94525
70802
47578
91530
28284
79023
5357
46988
72964
9533
77503
73740
7606
68615
34462
59162
22697
40015
59512
47230
79422
93468
87766
19476
12113
9023
12067
75495
27744
55178
67465
10004
77962
99837
70508
86790
74159
38418
35552
14589
91513
63976
36874
81643
26447
55559
10013
4072
29152
98501
64567
63750
97743
2981
60890
98466
68090
6490
18662
39831
74057
13898
88336
49932
41808
19693
94401
25006
12001
42997
97006
11800
77777
62503
93487
16526
64485
54215
64894
91146
41945
81490
69677
51469
95980
91429
66052
74391
5932
40603
26454
43730
62201
37107
31776
37513
1529
10896
15261
70838
53752
51449
18441
12632
6329
60449
52048
29955
70269
46082
80305
57202
72078
47266
40596
69687
98345
20440
75685
51795
8262
59943
33869
62081
12358
62921
37964
6317
46104
76775
61108
76643
96711
44932
11941
26817
66596
33114
52161
64750
82539
31740
67851
11908
30645
64058
86304
78024
25017
77475
88850
83163
26975
78309
51293
6600
34723
59696
16904
63262
13218
63384
18618
41688
46949
33913
83319
19704
89607
98389
93717
73970
52644
79481
70047
87556
17343
33662
25157
21476
8048
363
28190
59985
20233
12695
14523
43179
54340
1740
54665
68159
38955
72647
97155
45339
45859
24540
3858
36192
64341
5815
48578
48436
24538
80349
8866
63735
60547
96241
99223
79374
70851
68082
22493
19675
89657
289
47964
34670
72605
39137
50690
20724
51046
85463
70691
81838
94326
98225
82858
5949
89379
9411
21755
14008
87779
15372
36263
52128
53587
7191
68234
84971
8900
35421
82980
13468
58307
58824
37554
11764
56323
48787
38696
96866
92776
36589
70254
34742
67251
42492
74004
45939
38149
58558
27827
7746
63570
78698
6498
37987
63684
80085
61457
59359
46185
30065
49734
82809
31290
59792
49586
55298
96136
48742
75118
27020
8677
83116
19671
52950
40141
44097
69955
93287
90287
17931
47680
70998
47451
65755
35976
28901
18858
48847
56354
16013
76517
44496
79031
96725
26099
50684
59247
21116
12642
77406
9257
23766
77233
75673
85364
37460
71479
69892
63468
86395
42004
43855
4244
55959
86931
64483
99340
13065
184
67080
80559
12379
47884
88448
19052
15924
22049
17136
75999
94598
29988
83199
70028
16901
72671
57815
40503
9586
17287
6185
11202
92758
33513
87821
49380
16458
30220
95239
80387
41203
12035
57444
44430
88427
82610
54403
91897
66938
63097
30577
60437
71396
62562
15565
21835
5083
90115
80715
59573
38965
48625
55028
47706
68665
40993
70890
69764
10323
77212
21065
93824
32455
10494
65480
9489
19554
22315
59999
82224
41100
45167
70371
72581
537
89296
75501
47739
47646
65235
49817
88931
73153
68583
89001
71271
31018
83730
89033
56744
22454
85206
6638
76311
56746
89631
45240
40269
23748
41387
19831
81256
7340
5911
13225
78946
53738
86338
32833
40111
42162
77377
19491
88019
74170
83167
61036
45373
62924
93901
38415
40484
79350
44173
47578
66589
4639
25943
2199
57462
81204
3495
59566
70098
62401
17220
78856
54561
73435
2061
37614
67643
89337
25185
34128
75514
40291
20715
90977
86449
13155
88969
86080
59148
18937
39480
81138
38533
21098
84445
82442
25408
26456
53906
63242
43972
98636
82059
61155
63895
81616
4900
14617
46068
94617
24073
19106
29772
20322
56161
90829
20086
80340
70232
11519
6836
86433
98600
18200
37764
39312
62787
53716
6303
36594
85664
59086
71986
7347
44735
17503
53078
49132
37050
19236
7246
73461
90635
1853
12444
27577
14644
81202
72609
23714
58575
62832
16560
34578
80018
89361
56717
80307
13374
65466
48743
6471
27109
22174
52526
81465
78453
74399
17267
9460
15845
58260
51836
44274
65275
99142
62752
97292
34680
82933
14725
25905
72737
63640
89267
15314
9643
12322
13268
70874
56353
17087
79467
89178
35957
68445
35023
6594
17121
7592
17666
2124
49785
6638
51282
57715
72719
99873
96683
41857
88673
14363
56918
14981
12067
52827
57907
61347
24805
73357
98638
90790
52354
72456
23777
88913
12836
29073
51782
84115
46198
40413
4503
89496
87784
89108
84324
13660
18841
14097
95088
2298
83108
12838
78665
22179
30857
42332
62946
8235
2262
81048
32622
5661
15154
82681
83867
35470
92455
85373
87273
75343
90633
82019
22374
88796
68615
6892
37287
98193
96461
54011
47653
81244
99731
65659
62225
82542
33510
22240
99413
55403
10129
15845
51625
81890
2344
55124
94895
78422
66800
49477
4652
10458
9006
67486
56131
30299
85323
31128
40783
73655
38145
61058
47388
1067
61700
45119
9315
3946
14127
87690
87968
53226
74634
86490
22258
1721
78614
96064
20719
46573
69621
20013
44321
69432
88537
5105
91841
92378
49831
21246
53838
74256
49030
15947
48554
47275
48266
71220
62354
62684
45848
58367
3032
8907
38102
31321
53150
25830
40689
52447
78320
43446
29417
21913
12447
11374
58877
90944
52886
97341
5230
13856
31611
36515
19379
62073
69443
20735
94169
27551
72114
67431
34741
23586
59535
56785
51879
10088
50560
25166
80300
90805
18246
57111
63584
84749
90551
8575
75950
81552
81940
22472
89207
36580
76999
51601
80666
11857
93180
5965
57701
72133
91960
98831
72505
61720
20250
9089
56723
58889
88556
58452
10684
42567
35621
89682
26607
70605
4255
45327
24578
82981
34577
97022
28787
86733
92200
54400
12464
99190
31623
66487
8067
68713
247
37592
19128
34276
63628
56639
30829
99138
4759
88124
80181
6649
705
53996
64808
93309
94859
88739
54667
83490
82271
3716
51639
91550
61330
32595
74633
31149
1752
88961
75749
78446
78244
97127
53544
74443
23163
35535
96393
78838
12532
5451
65706
96430
89198
2536
8801
19905
15470
75261
74557
66091
28915
82558
79640
65981
2168
72462
4760
4057
34341
88977
62433
55674
38226
95647
1403
79216
1722
70836
57339
584
55095
95972
53328
47787
97504
74476
7085
77949
99164
16388
92398
33957
87681
784
89928
11757
16270
26582
42802
575
25921
14665
10154
55023
39798
85636
16389
32472
8348
61075
44631
81886
57845
14123
33307
4211
6795
27802
44511
81525
84394
5593
78192
64724
51261
81726
70813
23473
39016
83661
39210
34786
73983
93743
79060
91667
52610
86299
20412
13382
20983
83152
61937
315
24482
96293
80350
77451
19458
53079
54734
44845
10539
60802
44951
94011
58939
96043
67178
13935
6267
92986
70133
12903
22773
31205
88179
61961
11085
9862
99218
35775
86109
7247
38878
58403
80400
3188
33870
89014
38683
90535
66571
12681
72595
35394
99577
11487
73391
11868
18851
28266
88251
58270
88935
23730
59605
15855
44667
53716
64584
19788
55003
42023
64451
34003
64497
64186
59894
47806
77919
83417
75144
10542
26123
33102
29655
30141
27304
86147
36077
74613
68349
50246
70875
53439
66548
61094
68949
44787
87009
47674
85001
35662
14444
24097
42525
87010
99390
95012
58853
36359
21124
7831
94942
66607
72931
59614
37930
71799
82360
38732
83304
63930
16298
24455
73455
56864
51791
12520
55271
71155
67639
6718
20740
71890
79257
33745
43072
82270
66169
900
43859
62097
80082
63477
25457
77167
71749
62910
2977
65589
59358
90525
8182
27502
95296
56177
46572
74821
55117
8795
25536
55444
82227
12900
59052
35643
62998
89021
19582
67436
49398
20096
48787
46690
40733
56118
91765
94354
16615
41203
11183
41370
21838
44827
30409
10231
22258
63592
22693
83410
83137
92611
54932
40026
54728
35599
16533
76845
55926
49798
11339
38031
95881
64987
91322
65309
10616
51007
88958
21692
57820
52735
42089
42891
29788
93866
50327
43895
54739
2064
63278
92396
65760
64453
77655
92617
36394
65733
37972
15660
23278
58834
86333
72493
20647
42233
58747
86567
79928
94227
86912
2416
31993
17959
45505
94378
22427
76621
7026
97618
91162
77197
75004
92918
48574
63909
48349
74916
93262
50281
25244
20125
786
82629
79271
64328
62338
8670
68363
30755
24401
24023
54607
18356
18864
91056
66766
91965
99968
76552
69775
23406
27832
48227
91650
81845
47022
60934
24826
60016
7590
90975
89025
44931
39957
36066
11805
36613
31728
73998
93405
42933
51574
61103
16895
14154
97366
33820
34882
8935
11583
70240
53634
11533
72450
16406
88629
66219
47590
781
39681
78769
86024
26955
14200
71298
83308
76046
80818
86312
40452
26669
98181
98785
19708
23518
47171
32055
81248
46321
721
54733
42347
52409
50143
75605
16301
89258
30472
26110
68887
6045
76840
96683
28870
30641
33621
73407
38410
89580
92443
31060
4626
73856
38712
10860
34678
57000
57905
51902
86721
10609
87151
18866
22745
59030
98554
29224
64811
80771
87440
77681
8120
19803
53345
52481
91638
38517
13674
53213
16484
21953
62253
83887
81519
84489
88937
67576
70458
69746
79899
94533
26797
96866
5553
64794
86204
83163
55783
92330
55730
18277
30368
94665
92731
2090
55138
61785
91339
29723
97262
52768
71694
66640
83194
12155
48397
80973
32429
19787
83930
17248
21175
30382
92376
29766
51594
77897
51081
39821
72313
58337
90389
68916
63820
28169
2964
69359
45373
47861
68569
86727
76818
33037
66620
91518
55927
26333
43362
19504
46967
54825
49514
89685
79991
65950
39894
66339
18319
79780
48788
58160
19654
54447
99753
43861
21129
84885
15961
54574
28615
72090
65429
89341
8396
30214
25857
45071
35960
20280
52128
82582
70972
30677
44735
36790
39376
4665
316
70523
68371
94765
94609
71751
38208
81017
90848
81866
14090
54577
86172
73802
83796
24203
22737
90818
72144
82321
99442
2662
12369
6770
73149
29316
95502
64947
84525
42438
32150
67362
61980
11796
27307
35563
21011
66999
36701
11395
44335
98008
93604
12322
146
84519
56824
44942
76739
7160
71952
43986
10626
36199
86966
37229
10444
72380
72708
53127
55528
34826
20157
70814
21964
15217
85098
55583
68111
707
30255
68913
59755
29988
99561
37323
82094
30282
1831
59429
76990
45124
17986
9867
33606
78583
15867
84014
46658
31011
15247
23413
37507
68389
11289
84114
98719
99062
84132
71375
40408
39312
28139
98950
19207
94896
70736
22832
73829
78998
18549
10261
50902
86826
95546
24386
21010
44250
69747
59737
74641
27006
28517
2594
86387
53884
23422
22975
60393
96582
66350
68062
18787
34561
78405
18151
96823
63681
76619
68053
49130
62033
36438
15778
93247
65870
35051
81850
61338
91667
56500
77106
27503
73103
19386
36721
22635
43858
86143
74732
81726
18183
88635
74896
36900
6395
76658
58712
21263
11484
29390
28447
69779
27036
78589
62639
14893
85621
19305
65720
53457
29350
62576
65948
69070
55324
86785
41095
66816
17228
40338
44892
83922
12188
84768
74762
49294
91201
19139
38877
33059
87555
46765
49905
59666
89725
39680
74530
18389
57921
71753
43678
92811
27352
5789
30748
62692
54855
3278
52198
93062
2893
75562
65202
1210
33321
8208
49199
12982
68344
48879
46746
64168
40924
80509
75791
35035
46552
25457
80573
67369
85847
18494
18194
92926
74157
25037
30774
51396
51318
64022
59892
33488
2458
79738
8819
34153
77074
88735
6435
58864
82884
13449
99346
8592
16585
12178
21502
38340
59280
42758
43525
13631
1500
31293
32888
2268
4456
46901
35310
50978
12747
61292
8853
98643
50102
28535
32387
42226
38139
71810
32362
96719
46567
54149
64074
35345
45808
65471
40129
77279
94794
63633
4029
87210
47826
91513
68978
54522
55982
21865
15943
70803
66956
6276
12971
48899
73446
54357
59813
41387
16487
69900
69801
73576
87848
99254
73638
23294
32115
34872
35516
51104
89641
25543
51947
74942
79007
71527
61062
81515
64514
90237
34087
63881
96091
94675
22652
49172
75214
87721
91071
59144
33052
14770
89891
32943
25449
27058
54314
5643
37048
61713
70195
49404
86162
91196
46449
80271
6757
69753
41335
94148
87945
32165
61776
19130
74206
21453
88715
23641
14001
76357
54579
41787
25757
3495
91772
45656
78382
32971
27577
72780
77954
15839
20715
1671
75112
6084
14132
55186
1674
43046
15722
25977
66630
63701
34183
21273
31799
86564
11900
46630
40436
78590
84614
21017
4206
96384
43449
41590
97629
78998
10584
44502
54484
69974
89479
37717
95408
68499
44952
95161
85776
14719
84801
75613
81982
84257
815
81850
79724
782
38036
95121
32442
1735
22171
49079
2964
8623
34588
76509
66967
1992
57323
24507
60084
14281
53291
95097
73069
66429
49824
91770
96445
10746
67714
97317
67700
53757
73838
88817
7232
735
75286
57548
69543
80182
30168
93288
75249
37483
86860
85315
61954
18739
47670
4145
51109
12684
66524
71976
49988
21270
99698
79112
98163
53355
16145
74053
66413
88476
93318
12786
10455
27562
53286
6124
88032
49438
77375
48128
19818
97701
29034
23258
74274
89836
17117
46539
938
1267
13565
76053
17305
69489
8048
88855
74456
68325
33168
53200
26381
68340
56892
28081
91252
83971
73544
87076
77065
23378
53045
24979
13667
12563
23964
4246
12474
47687
67107
58333
31849
12084
23442
4470
75087
32868
31327
68283
71407
66044
16773
50267
90775
30199
64467
77859
88381
54911
52673
59945
21029
89480
88638
41173
28864
11273
82341
14540
35375
81399
34285
5339
62693
2560
28063
17884
45674
43041
76355
68584
23259
52613
71763
47961
43375
5274
94641
84859
28085
4753
18516
23983
50137
70770
71870
72218
55205
96474
59145
56240
94564
89586
5759
81209
32450
46797
66281
45534
44143
72861
11199
34515
23938
47411
82814
12320
99674
11761
30744
87981
90656
56334
37478
73481
37288
20229
35160
50519
6999
7386
20524
15222
9566
69931
60573
89196
94308
79630
18995
35406
87970
20173
64760
11470
53607
98010
72267
22434
19804
22416
365
97453
81954
62857
27449
58444
84919
87574
56529
61855
68376
80126
60659
77105
84800
60309
73546
25990
98191
22712
68065
801
82054
98403
46194
19343
96430
68847
31645
98995
97688
20011
64500
84623
82527
28950
16403
6891
61898
63767
98413
39302
6381
23769
87169
65782
93807
2214
45324
13245
12999
45118
90040
32138
88223
65108
89521
49449
98907
76293
27224
13737
24851
80598
54769
61415
72763
39050
21175
19804
26627
32509
58928
3968
6235
9951
92987
13625
21615
21136
62085
78340
86352
53140
6394
32190
57522
90036
81593
4336
86706
97489
75553
15925
81392
26405
76615
12650
51994
53176
4618
76753
67497
34044
44701
37761
7076
9029
60291
39789
90722
45608
79578
17423
9454
52975
99405
38577
46979
73719
15245
15384
36534
76518
60315
19630
30547
6540
25980
96010
13504
28277
71182
99710
31422
68647
92634
15549
27181
78143
87391
74663
77935
24962
73294
44178
55941
6115
71957
2391
79029
94896
11347
19638
41101
18809
70090
60870
95138
96382
90194
33245
84561
86836
6281
74713
35142
26900
58505
75017
56955
57471
60242
8762
98456
40466
60135
15202
38425
57634
36501
1251
54605
39285
47788
61596
12762
3005
75570
15538
84766
26673
60461
16182
2225
80233
37727
66291
48262
96118
72751
58487
55856
3931
67041
6012
50017
27756
37159
44881
26446
8130
98896
61321
59822
55289
57375
90720
80257
28230
64152
85318
55854
14935
65043
54921
23364
15721
22706
24355
24450
77216
32271
61629
51698
16711
24751
74174
53199
76292
75475
96885
96584
25847
71405
11871
24445
11183
99951
82005
5894
46121
26558
11669
6067
6470
93894
24491
35854
59911
9672
63707
22621
23016
55631
35886
62115
49302
26688
83319
20966
25646
31214
63265
60331
84212
64205
67031
73949
42764
3423
54159
81357
46489
4619
59700
83348
70512
45899
2734
69395
24120
42116
74384
76283
58048
43473
14142
49225
64316
7704
6841
42633
69630
11646
22057
7771
55917
6070
89158
659
4357
60788
74370
42074
23978
89184
28214
31219
56906
83910
57608
43992
9871
17131
82614
1922
3453
67738
24705
80102
7502
46780
61465
9629
42791
40133
13313
79965
68887
8971
12095
79427
77580
32530
13506
29394
36721
62851
78704
32340
38760
12379
42059
48863
68960
89631
46368
90131
46899
17038
28524
89632
40895
81550
4394
8517
96511
12712
97405
40787
15013
31024
47927
496
14294
35837
36964
67543
25858
41879
26998
35516
66558
62798
54669
93613
5440
96774
1539
82964
35830
54480
44721
12698
95172
49557
76610
23110
92056
84331
11634
8290
6316
46890
2690
81502
55543
20952
45947
24878
27056
81152
1020
99182
24608
1730
24225
71590
94050
60740
87986
70505
32090
46117
46534
53335
66672
74130
5202
34659
97704
79410
27347
36462
65630
36636
40979
96658
35619
7304
38042
22619
95727
78339
95797
87535
834
95708
11004
64687
7867
95355
66466
40949
75411
69137
286
41469
64439
73227
19153
49377
72001
35840
5363
76636
1202
78282
77759
66832
76590
99217
83639
93282
20467
6499
78229
79363
6071
608
82928
74794
27806
9329
44359
95197
4501
78104
21933
39183
67342
65731
22257
40387
34744
53178
17320
18222
12026
27992
2714
68699
35243
99767
56230
4840
3025
45892
70866
29517
57653
24241
88307
80349
43103
44137
41333
35076
56180
28926
25703
40241
53224
702
79495
67950
69377
57924
18149
25450
28042
71243
29911
4791
76976
53278
62201
83631
91901
62474
54622
46866
81678
76949
56279
21418
21075
59463
18527
1615
5763
44518
43137
13479
99770
16801
29734
44933
86064
23938
31647
8146
33910
76102
81899
41673
96432
16777
73573
3004
66122
34650
14030
55701
75800
66478
10194
40694
31374
20592
60250
81282
98072
43862
15981
59572
24695
91951
77283
33389
79705
60888
54472
35692
23859
52078
48169
41717
68862
80221
76575
70708
72652
8471
86965
55386
41637
95329
57751
3974
39522
33351
