97025
10719
63629
8649
23165
86239
72450
55022
97710
65948
52064
85348
32267
25679
9833
37587
90467
60369
35747
83201
14597
8386
71161
31045
62156
44710
11023
93819
40037
21321
67775
15761
1023
43139
26549
1694
43214
52183
4547
95634
75452
42773
21890
55753
27917
87136
9062
61177
24493
65481
3420
94730
40440
64346
26562
45669
27845
36111
70403
65253
17648
42302
51663
56426
27299
68631
75987
82317
39520
18823
16825
95022
10062
82039
98559
32681
73053
79217
73548
22279
69623
70082
46229
71600
9221
16827
77547
13662
28700
18257
69502
45100
74722
68165
79986
92142
39457
43358
9500
31963
43622
31058
4633
78436
76822
18916
84651
9768
63151
59399
50705
1728
60310
31520
4962
73110
82978
36521
7526
54963
54499
2738
54609
88885
69872
95075
73501
23647
91789
88412
56546
60362
853
92189
3765
26746
30122
27713
38491
19211
25174
98053
31048
1642
60316
74215
19608
85536
8928
41385
41128
8873
60816
38133
7634
11875
82382
26427
60388
74274
66555
48053
55836
24192
85409
9931
45986
57074
93917
11378
71906
73461
46983
86256
35204
49991
99583
49947
82730
2963
7702
89727
29029
20484
22230
42878
6644
81754
94287
62129
35931
32506
56895
3853
43772
96736
18877
61345
1396
83184
40515
11292
67188
97163
7605
21867
68826
51196
66002
41312
87436
6769
66742
37966
76081
26823
50441
31217
43820
7039
58696
45866
20757
98893
42862
37512
8406
17807
35934
91459
16767
79194
72464
1185
36838
54671
60886
8155
34399
30221
59337
17466
48243
37792
20981
15579
50784
53720
17213
25010
38861
91988
63469
37962
52552
26301
49562
47690
1662
29263
20792
99987
44503
59506
82072
37831
37099
35111
54587
14340
90821
39038
47224
14797
98290
63364
73286
59049
74534
59545
7623
62405
9804
1728
44657
29876
76327
29935
96537
29975
17065
58086
23518
94456
31087
60189
75664
44912
6040
83958
35579
34217
71777
22002
34260
18941
92158
44575
49342
1373
8566
91567
63673
92366
24828
46692
97193
17005
48037
41639
61950
96403
43979
99512
63461
15060
32637
51039
28298
19073
55424
24865
6824
53870
33639
27246
65871
89966
86922
90871
43249
85978
18790
74718
39977
45936
25937
75398
53576
13112
91480
33960
39901
41762
3703
67847
28897
56747
88052
54748
52284
3743
38072
93419
70455
19352
64043
11574
98111
88900
28811
69584
66738
99717
89256
25545
98858
95250
68224
21128
86851
72122
30162
37560
10667
14856
43841
27225
65669
66819
1031
25687
79801
36077
34419
12088
39004
46155
18112
24078
82103
45539
81620
84556
85334
84993
48114
51414
70352
42101
14652
6001
5486
55318
10824
44729
38650
3850
16413
24625
43814
21501
1707
52149
75669
8846
32805
95340
1898
61354
49948
32313
98059
62192
48153
7825
27313
67187
56662
56647
66095
55902
11833
80706
3357
51185
98158
42736
99616
75626
97889
72020
13175
59807
60533
54682
64228
90984
78019
77708
23638
5785
71762
10845
56783
60589
15183
35106
12311
46750
29129
1216
58108
94033
54028
60001
14211
93487
95768
13153
51984
47469
72830
57828
37005
98253
52855
38698
70011
14013
29920
70138
64531
1598
6389
74236
14263
93663
38601
90563
85435
90247
82847
33671
46057
6162
64617
22801
45141
81043
89274
61007
21053
61815
95946
15047
65500
19210
75750
94121
5229
46067
24913
26717
51350
94298
71227
3227
6584
71562
74107
39033
38321
16882
15372
25663
89420
17189
80258
8022
43462
95745
97416
46399
27294
76973
52344
14913
54616
91067
44470
32954
56589
53805
29257
86838
19603
31252
51766
82653
77797
99699
60666
82119
68399
85858
34020
31659
42584
46990
68878
27861
24363
56862
79894
93109
43908
77265
92413
48052
53748
25539
97755
39298
31505
99086
78876
95051
87485
27245
24795
18088
48241
81980
67738
94449
61575
95579
8571
48368
7681
92434
33982
23985
86680
20750
51320
50613
82116
15496
83148
85894
44357
68679
77096
91877
40108
5308
45599
47295
5226
1100
54846
60446
73938
87018
11629
76507
56525
67330
43685
33938
55771
77011
36456
93998
20256
53332
39329
33091
89363
25783
17753
11322
61918
14570
84051
99015
36658
80506
6245
29270
15979
68530
73011
78500
79132
10338
19274
33162
21718
57147
9077
96052
31162
31926
20928
7984
66841
62452
43143
44546
40643
52352
92633
94996
99636
83537
46095
20587
78520
37164
87203
34037
59415
18630
12654
39358
16385
52390
26530
83233
63094
68521
5761
17787
93266
26559
39480
78972
74452
88531
40060
66455
77354
79529
8063
8217
15611
21151
89455
89846
62768
88918
60908
86207
21440
32138
43843
20495
96054
90684
93099
43813
24353
93297
88155
56140
72408
14035
32775
27253
5288
2261
59701
44102
22907
46868
85312
81452
21767
16473
42504
69388
94832
94908
86996
29016
42971
83330
82918
93277
77904
2310
82777
344
88970
20694
40505
11016
83295
60756
6622
76607
69799
95197
69703
90163
43978
65479
25679
84945
23403
88259
9647
5105
20299
11841
89008
36228
91195
51
64298
74506
50338
29642
27614
13088
38342
90877
43757
99606
65019
72808
84211
80863
47013
95632
14692
50497
6764
1252
85985
67565
91451
39456
75766
69001
72405
77355
55635
68680
87989
91008
72965
33115
37184
12778
75665
76640
46249
33001
94860
19449
46016
6321
53786
82360
16568
91825
15777
3542
46163
42929
79625
3267
21837
16148
32114
98103
62562
19325
12114
72007
55549
47566
22825
62995
92094
99756
20739
70557
13094
82399
32874
96756
57570
25653
90086
49806
56850
31461
57906
25684
77141
88017
41243
14039
56467
65604
49111
36704
73990
29179
19936
88197
64454
61857
12108
94616
85904
56211
99402
57369
69170
29410
17499
59916
48373
96470
73131
80741
7688
44815
19498
35520
71845
48135
20748
96685
76866
49716
37881
60232
96502
93865
8337
4551
66245
4924
22752
56428
50794
52802
20922
24538
17696
16535
1843
14597
16814
55578
46173
68930
50093
11444
24543
24221
44311
50201
22703
46218
43085
39303
24108
2451
97092
75467
52346
69295
66798
86596
98714
9652
33761
52095
97157
39204
46886
85473
998
44034
48096
37667
5585
34472
12182
99639
2372
95601
84575
29994
89528
48497
3369
51234
43332
96996
98982
65830
84494
44612
60308
40796
2862
47316
54055
5901
38114
81465
32726
66821
9576
58089
79774
44215
62619
18843
97815
83997
4492
26878
67665
68733
68444
34886
69226
44392
19636
5888
81999
23420
67554
24423
91500
61769
65360
1263
6418
70320
49314
57759
76196
58022
64108
3964
92254
81881
69806
95488
88579
33866
45453
57385
26465
87448
207
75341
73827
62237
27410
95083
3987
50610
68233
91486
29386
31150
65364
29771
50037
13003
25659
5337
14853
93033
68872
92992
62292
97772
21118
90617
17551
81793
82521
45142
84996
37182
95363
64331
65001
50567
3792
31593
61798
20492
75543
21004
65473
45007
16782
64074
43300
89060
99937
66155
52493
98354
86702
68952
86738
33270
12992
72397
52878
62854
23173
18664
88269
61459
97710
63427
97904
69031
64324
76702
42493
93166
20129
74485
43654
914
56530
66321
33460
9182
51335
97146
63184
75364
24051
77994
56717
89178
50183
17629
51254
64798
33030
14884
8912
89179
33380
36729
44043
48932
16448
66157
93994
32509
38267
40125
96300
32152
36851
82916
86423
74525
70497
841
97025
3619
82924
80088
18394
78619
61543
46831
19321
18253
91726
77711
84961
48826
67256
59314
87407
22751
27161
22939
71491
79707
18583
47081
79337
36552
18247
74694
44419
7589
35524
77916
25685
1268
70571
45735
47692
56671
73205
33030
32395
81398
83826
42698
81588
64051
10430
83921
98576
5631
2979
22412
1403
92685
29931
91676
11631
87044
1056
40604
87307
29722
42627
14552
40607
41019
12549
43259
99031
54089
80997
66374
8289
95518
48358
33308
36829
19628
33099
98906
46881
12102
11474
53572
22982
74999
46443
4795
33490
67664
59540
87402
19875
18272
47730
9952
74644
74171
56238
44056
98831
22365
25545
59763
22095
4200
3645
41384
63953
76072
46738
79025
45271
39224
45946
54695
80184
88862
86442
65800
32999
93169
59893
9204
35743
14139
97318
2200
41768
57369
10426
36673
47624
15583
86743
55570
94313
74232
26989
21105
19586
54635
42664
56411
78501
41594
80719
24952
40229
41284
50428
88457
9698
54090
68184
29406
16051
86959
53874
72644
85742
74840
91708
58843
14103
32659
44419
9862
50754
49332
58697
99868
14022
3674
81632
55451
13089
99792
55109
94076
47970
36111
89270
38913
89751
43520
74929
50571
10419
87168
41387
93897
44987
43229
90602
87402
8846
14621
43904
79603
24975
89213
15684
69933
69040
20919
23470
13269
96253
98941
64367
18935
3170
50113
20523
42037
9273
27575
40404
3168
34452
72050
87332
41898
91811
79211
79063
78866
64451
34977
44162
16286
79652
54074
56468
27815
85204
86055
7751
45870
14605
53541
10115
87212
44664
24032
24016
1576
69277
48530
44021
16737
98569
35017
2962
2539
91609
18887
68534
53431
9801
94179
3518
15370
41556
10892
45035
14575
40327
36622
92734
34473
76422
38637
61523
82593
71898
28622
89336
75966
56886
86102
99720
24498
87973
25225
89000
89520
18195
28884
94940
11388
5460
9063
47943
88507
17108
87034
11390
18314
62811
19632
41576
8458
22844
3737
90452
22456
55099
12945
6103
20795
38170
2342
46497
23095
88414
21367
83418
93246
52610
56663
54206
76614
53080
71793
60594
7926
90711
74598
63809
93913
38054
2865
5176
95669
9827
7532
99099
40726
86608
76715
38850
15844
17242
77382
35763
98483
50504
93909
67325
55416
43741
37939
95534
5177
33225
52837
4850
6301
21906
83956
14120
81475
4187
61878
64867
73103
53614
35370
76314
94175
84363
6658
13868
60667
1581
65275
10196
92491
79701
7048
94692
91011
81334
25069
34401
39257
49916
93575
99419
48790
21529
17225
85511
54571
82765
43041
55387
15771
28722
39417
75366
95638
87490
73401
23369
72999
80773
18665
97654
82691
64858
25460
98435
5153
98113
90793
6955
75241
23715
55515
79778
80677
28575
52552
4434
85428
66099
87831
86071
11357
49570
59674
38611
21633
54983
57779
23374
70153
15255
4627
96590
53886
17964
58878
53039
22776
37140
69290
74944
58894
20468
77381
58842
57868
51610
84822
71261
74531
84798
45724
67464
60474
68148
85940
43605
46882
5552
19446
83503
36903
69302
71102
74641
68450
1502
29704
62588
43979
44481
23540
90292
82124
14114
74346
61399
40433
58043
95415
33276
29852
37635
68469
25476
6229
88025
66024
79775
36894
9616
80421
65087
27300
86711
69901
60593
59089
65124
11159
74525
66911
63612
97164
26554
35751
85153
57708
86702
85335
26073
58254
52770
24962
83383
9316
37311
16690
49128
54909
30183
32856
24348
67300
63762
36612
14510
17733
98595
20464
90066
90352
33286
32566
69595
12694
71912
33059
85894
33200
12115
34915
1094
9504
77477
26907
25772
85391
67500
63957
23187
61109
65600
45526
64518
82870
51452
70732
63695
24490
12091
74179
90044
49045
43307
71702
88624
1493
85265
89347
41347
68795
95993
37271
58167
69904
89751
68361
45976
61368
47743
37891
79
99380
94621
76026
96260
89217
31890
40415
56365
14270
48236
67213
70839
69356
6497
91907
91951
65646
83048
86732
51502
41135
83252
78745
5439
99938
25389
20369
95502
16421
69421
9279
1199
26175
26100
74569
86760
69288
59048
16513
7996
79080
81100
39956
64597
28215
83548
63007
91533
36900
23746
15074
94649
16881
28409
84781
77267
54812
18364
29495
34722
28696
54505
42125
98184
12249
54903
15399
44168
32655
56529
93686
45170
57962
44398
47802
51756
11100
15246
79120
42750
83932
68404
61673
64794
49158
55899
96405
50055
37663
84374
71902
31817
10359
73735
71730
78798
32615
76347
22231
58711
16090
63393
82403
76673
48808
90309
85060
79695
83709
83982
2681
46966
34905
60848
95332
12004
21488
52334
31447
31438
74609
32208
19019
43829
80292
57660
50128
65332
26349
22068
60863
21449
62925
1068
76715
65469
29255
96071
60533
99826
52096
33357
15935
15880
62816
31083
82840
98604
26965
16167
74198
6781
66006
91902
89314
70716
98053
7771
90029
80176
8334
93750
82273
60594
64524
79272
81138
4988
44843
27462
95539
99529
58728
62593
72645
66537
38964
67449
81577
76548
43959
921
64279
8072
28722
23539
44359
93393
90205
13081
92461
371
16270
1941
83842
4519
60411
75846
33437
96272
37079
51960
18880
23593
70776
48222
89966
25293
45434
15726
99131
62402
61532
3257
81244
56482
14631
79333
54654
52072
88847
37865
89266
22868
9618
15301
2822
11387
71582
88316
17326
78510
89712
41487
71681
3076
53398
67607
75137
49863
43125
59582
12690
17144
5158
60954
95691
61920
85532
73383
42442
41301
89569
45664
87554
35109
89342
53306
46160
27361
72345
8413
54732
44073
441
57536
58234
91920
86181
22720
57727
27628
96906
97148
20849
7228
92027
10192
63272
27062
82515
43084
10641
77996
59958
10801
27104
16442
31221
87495
34341
60495
62640
70206
89848
74230
18006
93183
4815
61920
46345
47501
24014
69999
54428
47998
6141
37761
39486
87344
56277
44855
68112
32682
99700
2529
18482
35344
74321
41097
96572
33346
32521
66840
82664
52018
48984
43016
37421
97472
82755
38152
517
28051
38673
5061
34896
88950
62682
99643
33874
6413
19896
82264
93720
17523
14234
21993
43800
49810
45496
13860
1814
5405
30272
68593
22307
72077
14223
90837
31647
40343
74075
74524
17983
12070
21421
64386
87850
5818
34540
37887
70749
66524
45908
57485
10863
37884
75686
84631
38094
23082
99321
41919
49096
61166
88494
812
58438
83236
67201
31631
54003
76279
48539
71664
72378
78297
92740
66234
10957
21148
72054
52127
88194
47632
42125
52457
38552
18778
30299
29151
57303
86893
9656
35632
35893
22663
87766
8415
88885
48842
66834
82602
44298
97558
50567
85881
13914
11552
56316
29408
54173
58033
42270
34673
6117
21822
84680
71681
21655
1215
48542
99797
42551
4110
7546
98281
87298
6941
60221
69852
59669
66740
97159
60220
23947
20806
34050
9385
50179
72368
37977
48905
66560
25197
81222
6152
40393
38361
31464
83497
85617
26752
28883
1709
67538
641
17954
28414
38354
81412
39207
71065
70696
56181
98179
96886
43863
63165
68657
12662
60985
37628
6621
2216
47703
92868
96563
90583
55700
36917
36657
7668
27466
785
45854
58523
25484
59387
36820
76581
37194
97264
74232
58953
92947
94754
32235
58479
21333
68109
65112
58099
56384
54040
71790
99186
39912
20746
61096
69813
46025
69127
26408
89207
84933
88997
84226
39188
42729
24975
15412
30991
47278
13173
83828
24992
82363
99982
2561
49849
95079
53579
53723
55636
3324
28025
12271
31707
57719
9459
11371
11955
1036
1154
22768
63781
29287
29042
66532
56202
35661
7026
68647
92179
39617
95175
69918
35667
50498
11885
56427
70249
89425
93420
45406
40621
26289
12082
46756
99670
61927
24243
80574
60966
69313
69882
16205
27603
52627
59019
83048
33075
10652
26903
10832
9283
31271
77914
39291
45876
19309
87508
89516
73075
43832
39362
86212
64755
94819
43928
86482
51224
32605
20094
42150
67523
21900
74820
84483
84437
91470
8355
2546
75906
87194
59218
62547
54388
15717
47329
19279
39033
83649
78166
36777
93770
84224
7138
21394
3576
68662
65758
48156
70357
23100
61159
2182
33853
12721
87155
58231
44255
15867
58320
14438
48779
2411
73432
34005
11322
39487
55794
80541
19317
35872
2311
11685
63811
45228
54079
54860
11634
11566
14521
79686
40417
47593
72420
67908
61511
8500
10876
20299
33604
85631
46692
2631
33155
53235
48188
16025
49672
52440
38559
3115
10492
52880
35708
52100
92849
34208
39087
87350
97972
29999
88540
29845
75087
11303
67367
66882
82295
62713
97522
15334
90329
6685
42068
85370
62140
18071
20339
11011
29619
73492
46302
16859
77954
10675
29929
45354
38825
93377
88549
95284
45522
66045
88923
16267
74355
28955
44453
42277
93985
77284
27466
60425
20945
38170
13268
35843
36876
52601
41296
24375
79406
93496
31809
87058
6395
10415
97216
43580
44351
40179
95573
26697
67168
78749
2731
910
13347
34953
8595
47889
42743
75609
93879
33274
91426
14137
17432
87014
15910
95902
775
61370
81615
30056
99933
21588
29627
50215
7320
9212
44711
38457
41522
17722
7602
46929
75391
16674
92625
63571
92259
51978
10351
10492
87821
94140
31581
17887
17812
29798
74109
36234
25165
15183
68551
17607
29926
6884
38039
6558
19874
67089
25780
46008
18161
58859
32797
62334
45003
50537
33937
4512
5386
10003
51867
68945
55201
68947
89209
54544
51068
17481
30792
68898
90453
66106
93741
82138
42800
34664
52674
63354
41332
19420
69915
11155
55751
3808
28788
58729
98596
59625
57561
46706
17596
77010
