98752
10885
72496
59489
78974
17779
88588
24242
68137
14031
39593
56886
99482
9301
92837
78055
64894
99183
46494
41402
83897
13975
72165
91496
67238
14186
86033
79610
27485
40485
13712
5361
63181
34175
185
15920
49448
57507
56444
67238
11454
69832
50810
52860
71394
71983
11921
15287
45929
14328
62064
38634
11824
89312
69801
69787
75869
57083
74308
23696
33758
8683
21296
52342
62638
69211
3668
78446
67606
6970
98212
18612
69360
84663
37391
15981
61702
39093
40309
32397
25113
57067
72822
64259
862
86011
72646
94657
77890
87564
82972
85387
63407
40871
78474
82651
48519
27083
63750
58095
67340
8845
92743
75632
20770
56687
76236
81087
3820
36603
37110
41374
72723
4893
30581
56633
88965
24571
87776
78735
72250
40241
61854
26113
51922
13581
69730
46645
2715
45220
67604
50023
366
59631
79241
94029
91896
74598
29844
91686
5782
95382
45750
87806
65210
39426
8401
91232
40587
19252
6139
93433
8873
53022
22926
92293
58605
33426
59324
41624
58286
88858
21632
61067
93664
82964
51823
80640
94455
9774
35085
16756
61258
4730
43163
19393
87699
77358
66574
85581
92914
28795
91644
39570
29873
44679
14384
9163
62403
36553
23805
10807
86533
50369
40622
22157
87270
433
45883
37533
41827
1820
26969
31583
63787
53274
54601
56186
57441
15445
78384
59954
22560
20835
5926
47951
85433
1984
647
5767
77175
46374
51880
60231
74052
4620
60036
9187
98020
66873
69428
92535
29023
57284
65052
15129
11357
13514
77794
67902
38985
53386
88282
64869
39928
24544
8733
62404
7651
67292
99544
14829
66575
31390
91841
8348
29710
25713
10116
66976
63646
52225
60795
66787
90608
23514
80380
62392
12323
31967
3564
20256
96655
18179
29841
76921
20381
82503
12230
87364
75411
8657
78247
89329
43758
53989
19180
88137
48904
77986
80435
7096
45529
57052
71222
57621
38777
44882
23163
98831
52739
32140
47658
44726
38742
78930
10713
77763
95797
25387
92675
34276
57358
21201
84376
8424
5304
2989
97038
45443
93269
82869
9781
94335
97335
21791
42984
11296
13983
74016
81950
22354
12192
52037
97280
59089
82658
81389
73718
86965
19395
60353
88731
47000
93048
78321
41519
18309
17265
49869
11562
75358
7546
12828
53901
54186
39485
38845
12373
29305
46533
34583
52585
34806
41054
14623
14131
80584
28152
5638
57644
61668
19882
98588
59023
13459
17620
30501
43439
27836
828
23318
81860
24013
2842
77517
42113
87211
17743
56522
91905
44404
67216
55437
80544
15469
20833
49165
90502
73485
86076
94450
17822
97285
30768
47504
8101
38058
28422
70305
45405
90017
88351
40190
24737
55461
80826
84186
79059
55384
34930
53115
91825
64804
77955
5365
85767
65837
2285
41764
92701
1877
47921
88453
46417
94987
61816
60338
22592
47505
42323
79577
90685
87336
75229
52889
34276
38682
35005
92184
37224
89764
81224
21059
88136
22686
51363
33794
8033
51112
92038
58775
73885
20627
41723
13715
36137
35914
7302
30262
92100
26587
78623
89985
63091
70245
80506
24217
10545
99679
64008
27259
92708
4739
23126
1110
50059
88982
28691
10217
71315
76500
18864
30234
8809
38844
81567
76144
92713
65558
49246
94734
40309
23837
34541
80493
45762
66765
66842
31253
70444
89929
11006
2519
51754
33609
7361
79433
42940
10719
12088
71455
19617
25637
46575
87938
63397
83172
38049
10192
41751
35811
64740
33425
57176
79594
33474
84401
71407
27026
20161
47614
76858
58284
78660
17440
4191
70730
54251
1999
41537
63694
51478
67638
68014
19341
84807
16355
88117
6527
65860
50727
51637
62853
42716
9072
41328
13272
67713
66016
7710
89866
72307
73002
82654
35451
59518
49065
85864
35003
69817
31773
71581
44054
64112
14147
78016
36513
46428
23599
60638
92896
68685
39081
81640
18801
6697
36513
61793
65720
81231
10672
25395
51656
14196
6541
91100
40171
19919
84776
98790
5326
45456
41446
41589
60748
12266
60506
46233
71702
50002
41596
70531
56636
24991
90633
15252
59322
79697
60055
44400
47969
45039
31539
95794
22592
6697
34681
14777
97968
68539
98191
40320
79289
41746
85439
37548
46756
99145
48879
70206
87518
23597
29950
85960
41606
98303
11037
51420
52308
4151
77255
77504
63301
21670
89791
87422
52519
94580
93733
3736
79709
11143
1236
77432
87471
12677
36379
58790
40370
53745
87637
91059
52783
49873
76296
27825
96563
24720
88439
62789
7923
5888
1860
78869
86649
44247
742
46780
76911
36442
18018
35677
40167
6327
21097
91668
27204
44812
84494
65799
85257
68517
32770
47899
11996
47106
65774
78723
64855
86807
38124
64660
77003
62190
42339
78100
976
79015
49565
90736
83342
54047
9830
77260
39905
9358
20643
87446
6669
87818
56205
1908
82334
76938
35305
94587
5946
91493
81573
32065
68613
13784
53969
65418
65296
95654
35927
78463
3552
53401
45816
34078
49046
81287
78661
5546
48928
47825
78326
40194
22908
18181
89963
45167
78660
49283
92797
38935
87163
59036
40000
55888
76434
33494
63256
60398
54423
57676
96372
1564
23930
54962
3883
28649
95197
99863
18578
2458
4728
85379
7767
87742
82887
57791
16829
66815
22608
28308
21556
84531
73940
8716
23924
594
78130
52565
39254
27330
49362
72324
51791
93167
9941
57494
44010
21302
99702
38097
22177
25728
50205
37417
58840
28812
25760
43966
32886
1669
76182
17731
29152
25811
48250
67001
36276
37741
77560
39290
64319
96044
52791
31474
63515
81050
76323
36264
53833
25321
41174
45786
99974
34625
91394
87430
3725
84913
6429
39877
58154
94311
91722
25073
93206
9274
73984
39176
62612
73572
61721
47273
52646
17870
67833
21403
51405
57539
35833
79596
21435
39590
1423
91927
69078
77696
18716
57183
6348
30961
11121
41688
70990
57192
76575
59205
56810
84430
77338
54715
77641
30076
489
94629
58145
96716
54700
33345
65560
15949
76650
20391
92438
66769
1015
93194
12709
17057
33566
28503
78664
9424
17905
29882
45333
33452
60522
82241
61040
39121
12924
72184
22438
47959
59099
2194
23715
52556
54117
87273
31792
79005
9675
96701
35084
99341
91456
98008
27238
32936
69245
98771
49268
78609
58415
50001
65332
44632
14686
81545
83420
20807
26618
67233
60223
26331
73988
67157
13759
91856
48278
6935
61738
28342
74704
99537
29363
31711
29504
81222
7373
44634
35469
42742
6278
93530
38976
35680
6334
22959
38608
79746
5922
60470
71433
16604
88361
66060
39480
30290
91883
99742
35765
75408
51193
29756
81900
69864
76701
43947
11882
67350
82383
50106
6274
71589
34288
57389
11993
13931
46087
93941
53524
99439
43638
17056
32699
12395
41496
15244
27018
29548
47225
37207
78580
25558
77682
90355
50517
44453
88415
11573
55634
91470
77887
78188
47855
98276
41960
20110
26861
83542
7716
80014
9085
98613
53932
4426
60998
39636
38335
5793
80655
63624
31390
56290
12201
9135
86248
44159
62780
85517
43789
52417
55245
41489
26801
43093
24392
51094
83680
78307
27376
43013
98312
19903
98176
91576
35191
60856
63453
69657
66738
39278
28730
7273
44014
9602
96935
2653
88943
6085
82328
28387
57723
34098
38221
56322
36666
48023
11107
60831
39149
60654
81494
9852
99432
90795
36113
95323
26189
62670
49940
62048
96101
29304
4513
87540
63518
24986
97699
57318
23612
85192
20507
94732
19901
83981
11912
68967
93550
19992
32466
45156
19747
12820
39347
71167
67671
82710
62403
92226
76800
65967
57791
53483
80877
78690
50325
46348
28384
56303
3215
53036
22594
66317
1817
21931
94471
76118
25137
40066
71391
62940
58570
48393
67414
65913
23612
25618
17961
6501
92427
65330
4869
92481
78579
36896
87614
64112
97933
11158
74312
84869
91873
47413
8022
50966
28168
94469
22061
57136
22940
70969
76035
58405
63166
65937
62074
90017
17315
7609
71667
86746
89789
55631
20656
43526
48930
43874
31371
35430
14171
37525
60268
13375
71595
26947
82571
19433
54842
56893
84194
78049
48861
89039
29294
2745
85123
3936
21570
62064
78334
84600
3752
59356
90476
22780
73909
74434
76130
68341
86600
58952
6484
92430
50399
26819
80835
53212
10325
32042
69059
94200
2748
17835
38440
45160
4051
20827
4365
23612
79332
73513
91584
38547
49085
64748
29453
74942
84872
13435
93158
58876
38218
73499
79244
25861
64724
45907
65468
64066
78633
35259
63897
62969
52749
96595
62129
52679
66694
20048
72207
73670
99827
81297
76829
20462
13477
33168
2708
56792
45085
75603
1346
52317
61860
8642
13494
66813
22177
63828
31274
49723
82779
92482
11022
37093
8331
94941
26733
3954
54236
4475
85086
38180
10114
49516
34185
36270
76564
16523
99028
70191
40488
35728
87754
61531
71370
30210
99367
91194
1464
59145
6914
85738
91645
85090
81622
57088
85672
13900
8015
10092
73224
9184
34702
23482
34598
85341
98073
74965
30239
23041
83586
87590
22301
49075
52178
35290
99249
33501
8274
30497
59695
59352
68022
40851
52549
70879
742
92109
88281
75654
41835
3833
18879
31203
97778
42316
91156
14730
76031
19016
27162
4118
34898
98114
20336
45539
56047
55966
78924
96473
34124
85078
54360
13251
33436
90809
77063
12766
95090
21904
63730
97485
13749
81981
81428
13353
36831
73468
47070
70581
30577
76939
48471
27631
15351
79078
53140
55331
30003
94859
39856
29690
57961
61852
88488
46703
9958
74338
84246
17698
79918
17007
95431
70086
90785
60028
90907
90101
58793
401
34457
18819
13218
34595
14284
65071
80646
16535
96926
42646
23508
36165
6352
20834
14332
18487
75507
27200
91018
38737
39334
7471
51949
69675
40460
65684
35331
66330
14569
37259
29923
23501
38073
31512
88678
10418
62445
52571
88210
20440
51331
36289
58405
9520
25568
74103
82971
95533
78221
64634
54811
60330
49836
38122
23268
24970
20661
61213
75664
15771
74513
67343
88834
4148
64626
63319
98705
96669
55597
14805
28177
36014
31253
51912
79226
23888
50165
64284
45719
56927
32906
33472
32686
54545
93563
98390
26663
95280
5078
25891
60474
57571
5352
28774
10137
80523
15288
9573
97848
53673
89216
95491
20629
98781
22825
78510
38279
79209
48259
81941
21607
18451
16702
67607
40533
44490
16647
89463
45577
56736
386
76683
53687
49750
28321
32499
17150
17109
72414
51334
41389
91960
9723
1704
82578
24167
45331
21945
26529
42911
35324
78823
48925
33613
96348
91075
37030
86457
65381
36625
35647
49215
81711
96281
95034
75032
34608
33402
81699
24055
25946
63838
52806
21872
849
87497
32285
53363
64679
47307
92090
87830
35286
37077
96398
69360
56698
88744
22867
35682
6281
63945
46940
38096
11311
33424
2807
36237
66890
8320
85564
93877
75647
95569
5014
25651
65623
51337
10474
17379
94585
60073
2632
64178
27077
55043
54061
86401
59626
65706
99538
52681
27141
82625
45333
48792
52376
2230
56835
40281
10082
17768
89150
42610
60448
45314
30192
80647
56480
56492
55245
41020
82013
38935
28094
98327
73212
75094
36879
43940
15426
73676
42070
86322
77264
11584
12574
61146
17852
98445
41872
61664
47597
66166
76253
50067
30930
9847
81771
86766
53824
97942
95769
83297
31271
54584
36496
56457
99247
58864
776
78203
35540
50003
91060
8161
72315
28039
31019
60251
98032
25402
71220
96455
61406
47662
6061
90075
43242
93106
86616
14222
90828
59532
65091
99510
61418
7474
8178
6093
53363
71831
55051
85261
79541
18019
78782
45530
40252
48444
65295
32671
25064
58912
3457
10224
44777
21269
43137
6990
52762
57079
34924
51754
77623
84944
15358
72481
53276
86119
12184
6021
38843
19055
72749
26684
52633
36479
74601
31297
44454
24962
41215
49897
79736
21861
72109
94720
44355
55246
25454
65842
76375
48652
78556
29861
39029
37033
17567
1923
13391
9787
37559
77750
70076
954
26338
12460
95508
26701
95274
99546
49806
70397
41742
80861
37076
43019
61259
85787
80319
35389
46887
19816
52597
17203
95995
8037
82491
5560
67514
91906
42072
75380
17602
90884
56169
24030
74173
50146
8378
79599
5620
67113
35175
562
65617
75328
37872
47575
90320
4486
79538
7975
90338
78423
90440
61009
20477
86061
16029
86947
5187
81986
3916
72341
25388
77204
89846
64319
55923
89506
67359
60554
63963
62931
28710
70500
3036
61878
99007
79053
46638
43107
21391
37550
11792
13120
46947
44266
65558
83072
61806
28781
91309
45607
86045
1761
31435
60552
80312
51199
71480
69871
58679
8642
90643
55802
73182
60855
73987
45698
47831
52945
29147
92631
78346
83033
58664
98218
79004
44802
46554
20580
85122
11738
50156
61107
6016
28925
14386
80838
42338
7716
1535
26509
5237
19226
1424
29987
16035
59983
67289
41096
97226
59974
17833
66023
36504
35817
18940
85462
21926
90652
68605
42428
86317
30863
34934
84589
60265
9229
15606
52080
11080
38289
95293
67009
27343
49848
45735
32179
45834
12561
25938
36525
44718
48241
10862
24597
92653
96324
92033
83083
91380
90845
8724
36812
93636
16143
71997
48215
71276
62004
66921
45387
15007
44010
99846
6671
46743
80542
40618
91436
35174
62048
31268
76085
61333
26070
32797
5895
35067
45261
70314
68523
66811
73289
31761
27960
66171
14078
33302
40245
58940
17719
76737
26108
56315
19924
23981
8506
39299
13809
13295
81587
13644
94240
18945
26371
4500
56313
61418
85439
64344
67784
46124
21978
76176
516
82122
40932
16005
95968
20404
61452
25103
98619
54704
30374
34991
76114
94599
64007
49189
25236
21193
91181
49135
91030
10142
88732
87999
5949
27530
21763
97976
74265
42043
91741
64069
74290
29522
30420
5846
78138
71020
46911
98775
3553
98540
10284
9295
91720
43783
45817
53650
24845
45996
97532
40963
70789
56302
18883
43242
54440
47823
39094
33198
41253
84874
16824
30351
70902
54013
19148
450
79567
1042
66067
78186
60848
33864
7796
21903
94650
74019
17525
1822
83550
68940
53990
54045
86129
33670
71805
68425
57372
81679
56827
9934
79855
55727
14094
81090
79797
68704
51216
26238
48067
81689
84396
11482
85355
14297
42528
9636
39629
6893
82654
6013
19404
98110
93869
50416
73694
35066
21293
89136
17917
4669
74904
13773
26204
29083
69859
70130
21939
1869
51268
84702
21979
35766
72525
47229
52597
11057
44630
78850
44644
6169
74425
8963
85435
64404
16791
92625
83345
11421
88440
70355
64529
87757
71376
13630
26638
57157
81500
67443
40692
78394
2380
8597
89337
19997
93307
54373
46291
62822
5337
97116
76675
700
99177
83396
80783
34916
6150
46355
71949
57732
26529
58149
52794
62387
57766
57686
75787
26879
89085
3641
88795
95193
11532
19095
39172
26465
1753
26471
35529
11306
52460
19750
95823
50890
6099
27700
65323
11329
30880
38571
9270
3491
2285
40060
89886
23971
28384
51175
51254
45821
2313
39383
85966
50688
42856
43961
57437
86487
8459
93751
45466
51827
45461
30741
48714
47703
10619
57414
13940
47615
94696
94764
1297
94701
13408
16938
99519
1137
83777
8808
52148
80629
35685
43651
7183
62594
24004
5870
45898
42643
37655
97417
90380
33108
28151
18524
2075
87926
25860
43792
88750
98034
67745
2794
58368
45783
35165
60773
27745
50802
17325
76459
30439
95449
42772
67983
41603
7060
2052
682
89422
25128
65086
75569
81985
6657
66390
33455
62051
98332
82354
996
38397
6446
53169
37593
62506
3189
56104
83967
89258
35353
55847
56420
13590
73693
36699
72977
98509
17192
72524
47746
11629
94379
52423
76770
18366
92687
96246
61891
80872
36092
39466
32951
13412
24040
97691
26927
79536
93370
24582
61901
99804
23770
32533
54759
69058
58039
62557
89115
34835
64564
25249
48393
78955
22608
92307
66994
97222
42768
55259
36683
32909
23627
99536
47070
72169
66482
6307
30845
90552
82459
33467
99651
89372
58505
79290
13993
56304
55513
39679
29858
78775
85642
46981
47284
58477
25258
68169
84339
44319
55514
40521
56732
96310
90525
82919
94923
24910
52322
2892
78553
13445
54891
52138
51989
65006
48186
53306
574
93637
9879
86660
84346
40382
74848
6269
52886
42390
96782
75627
50651
64363
54399
84451
83209
20391
49894
54803
47091
31895
95275
91132
84374
12955
34560
43831
3895
52502
89601
30201
48760
57828
77479
36369
727
3787
38889
78734
28100
26251
96335
73117
49148
25327
69557
22799
57414
64005
16377
96570
58474
6922
12353
30550
21129
84446
28683
62984
71645
56919
51987
98683
19054
33170
97402
13578
47213
57348
50425
56474
72721
19278
72387
77764
91659
81551
28879
47632
80840
36019
9546
10685
20612
91305
36824
45566
58149
42547
77731
74398
80763
69271
56002
9220
35025
27890
36199
6353
80112
1643
13957
28710
43345
26661
69947
41411
2813
62991
73218
3499
98627
59606
78831
88387
4468
538
26885
66008
52927
65277
28058
1472
15492
88248
80420
312
67415
3528
74080
96301
73236
80933
12799
30199
46873
29331
93070
57439
8292
37842
95360
33986
28873
2160
66650
78189
39280
25055
15642
648
11178
61280
47077
76111
26894
59198
49036
68091
76500
10040
34842
800
86988
59766
70173
30063
6044
68445
17262
58428
92885
4829
37695
4154
80880
30919
93088
82594
47275
50844
73165
93138
98650
59841
8312
5138
45163
42607
94350
62577
89146
95495
39049
75982
84366
55746
91378
51924
49518
47462
89872
15677
95300
97236
79057
91607
48172
17854
76884
88323
50936
56183
24305
92730
37700
54819
35334
54730
21648
65229
66879
39839
32256
74327
49984
27933
1100
82860
18194
52680
4804
2450
13096
64166
36292
12827
31212
53437
45168
50138
47147
92055
66956
73490
49658
58340
57499
75146
1124
65822
53074
71805
6769
62823
887
19247
30292
37454
11771
20153
15313
32593
84914
88101
51433
74653
70987
22805
91811
59920
14864
44606
54905
45215
56380
94610
69340
62932
92531
54523
68069
38480
4643
70115
93754
21614
82773
28048
69368
93063
53840
5421
52643
20370
59626
21284
67048
87683
72620
73960
37802
22324
16641
65902
28209
57794
46970
26747
31916
58286
71201
47800
67038
98180
82648
31331
90220
86008
33870
83264
41570
52012
11165
54252
86941
89550
53187
36530
99704
45694
75066
2550
95446
5710
99542
63086
92488
72162
24347
40881
67900
13046
18137
13863
51683
96479
20421
81824
33693
79401
63125
32002
16931
27776
6391
56922
21073
66251
79438
80819
58254
66898
10314
94212
30649
97472
4740
46403
34450
46851
66419
36247
30178
76560
62957
90476
88040
93572
33918
33920
69600
15814
13566
13338
20946
56520
20114
96858
97205
86444
17857
24075
20222
86434
57553
98997
17801
82895
91838
98864
65826
92106
10102
99186
84529
79521
79092
57641
57728
44440
3222
8101
49802
9169
38141
36716
30497
4487
66082
32497
33020
59060
76080
90719
28475
55667
54497
99983
79865
23616
21400
42457
61485
33627
28632
92518
68829
96875
47295
74692
43615
95807
92867
10516
89645
45712
41064
7901
64133
88962
15194
84355
26458
29577
13453
5042
28698
25096
34799
49588
88733
43093
81447
90114
31975
11737
93996
24823
36954
96595
47332
85760
29083
6812
81720
18288
56191
30565
93776
40528
30513
56508
4464
50900
19843
366
47310
10472
5839
69062
11343
8521
69545
67828
88414
86896
72323
72264
95240
50249
36764
99773
76247
20994
79750
13204
62504
22015
49554
93653
32779
64266
71195
25722
94775
29639
16171
33287
5799
35366
8526
43121
52917
23506
83505
37215
42769
53286
92438
29326
11071
28095
40087
95758
43850
62381
6101
80650
71017
57827
64476
22597
19500
34925
23220
85375
50082
67009
69255
9048
30731
65391
23402
50507
25013
69266
14666
89275
99349
83112
91060
19820
56580
350
57728
48488
9268
23557
43163
3458
48493
62049
94064
38615
27304
92127
47123
75312
45287
66310
62506
5284
74159
44199
21079
8571
36579
49423
16966
49613
88574
59931
80496
44296
80492
45354
4586
10705
16710
77870
74605
39585
19209
19196
33890
95633
59730
18916
58378
55441
48376
37018
26983
93041
30501
818
35659
40643
5618
43403
83483
59767
85087
13570
191
50470
40300
29287
33449
62059
50294
47596
8479
