34114
81620
41310
81456
80854
12961
59095
60250
65109
37439
52920
30956
8422
12775
90575
22681
12491
92149
61068
65737
32503
76812
56634
5121
6765
98358
89017
9954
80816
32585
85305
29518
3340
50822
89364
15236
65376
17851
17064
24205
96775
18983
24175
42031
51010
47901
91485
81919
78755
36770
75478
30771
81400
95729
83338
74325
92435
75614
6671
35828
26226
60120
88504
44597
1999
30823
16855
21543
98694
13652
43436
97715
27838
80904
7849
49170
47222
46285
4292
56376
34030
88433
48439
71023
37455
33128
74424
98943
79096
11409
57904
31848
29478
36401
63483
76914
53055
33020
38363
73852
30715
74962
93080
87633
23791
85189
41176
46392
71287
97401
83031
57194
96671
70629
41251
10335
3759
34230
27223
17217
5425
78642
73874
33026
17152
30361
14259
79370
41679
71912
78548
70888
29395
58200
2240
91305
27917
91075
18449
20711
30104
42118
82986
9465
44011
74850
20718
24392
32108
93245
8220
71361
90578
69797
60968
75942
15733
70517
19478
30207
75572
30640
64309
84623
71874
40585
94710
21121
17869
96997
80232
51265
17293
15321
2514
61351
54950
4333
73388
14318
87898
63074
63834
59490
52558
9359
82501
79576
58935
15975
18424
19960
68865
98263
52852
2485
76764
1419
92753
33757
75683
42576
48465
7307
69322
31700
37698
55386
41379
93162
77553
38484
43437
41737
55909
77641
43642
13524
11935
63195
69916
59765
78892
55126
34827
40738
92196
9373
72245
52897
21730
38655
33187
59624
89536
86857
83779
23837
91663
28917
66871
77148
93072
80192
98106
81143
92658
48408
11978
86199
44712
55700
76535
53473
5094
27327
20390
92692
1240
82124
56258
42159
79231
80397
12608
50479
72297
35966
74317
37910
76588
74844
37846
27495
10847
53428
6803
5294
37140
8854
53202
95005
32566
78503
15964
9488
98491
82838
67717
64658
14982
5542
92501
72057
54524
53130
28110
46188
1216
92304
20442
65349
6861
692
80115
50705
85520
64629
67950
48947
40128
17732
805
67209
60091
36216
74239
79271
24062
57599
30174
56640
49280
84527
14884
44099
8715
34171
13347
75649
66489
27585
55872
15756
52231
29727
6147
83963
78776
94278
74494
25835
85097
54695
55575
256
9196
60746
31508
9225
11267
45310
2754
87137
65371
12363
35074
18225
72547
67906
11825
2034
32807
12438
47954
76721
78317
51364
16762
58668
2219
52749
51511
13560
26787
55172
59454
6693
16765
50627
91280
19769
45983
49240
23272
75673
52043
14973
56611
29351
6773
70757
25997
64516
43200
31058
86724
62070
83604
11716
95435
57541
52605
35852
78829
4544
54467
71806
35500
91933
36546
10917
15365
96605
44294
97936
16930
44557
42148
6058
77660
2505
27351
51848
94570
40091
98006
67355
28554
50785
56495
71685
51499
74477
66786
58408
63765
71749
36188
20634
25109
82763
77903
24821
61065
72471
37386
30186
17317
4961
46778
49014
34911
59323
62397
69197
32317
78010
32574
26419
33081
12469
94258
39786
72301
84325
16174
1989
98881
461
18563
21114
25935
21396
16087
73046
38511
37453
20065
27531
61604
45880
40129
44197
46818
90433
37466
38106
76090
36069
33612
74655
7555
54293
78514
19671
60743
66356
53621
75270
73639
53083
23883
53604
57868
44859
26544
66638
39435
88834
59423
46838
76628
92950
94733
44986
54584
84607
47330
58706
80756
24098
23445
771
22462
76519
25186
66993
61642
68476
19947
53969
65402
81746
88297
94332
29728
95333
59917
84159
51505
78682
34423
35023
77545
66368
18321
44474
9652
23801
52298
59225
86752
31058
82923
60834
74813
29358
9239
44602
75373
43361
17347
84328
37166
24888
11791
67812
70497
50422
75681
49390
91254
97208
86589
45723
86294
77850
24707
76489
40717
34963
77381
9364
37554
44891
56706
60546
66100
11118
65764
70745
43970
76296
40563
66192
51127
49743
83828
60418
8417
98833
12705
47967
95532
6690
83366
1628
97232
43047
88053
70891
87348
9617
5191
2214
1469
86785
66384
74405
15351
53226
63966
30991
71678
33973
62349
65037
48713
82589
37129
441
30996
21530
54914
37365
93193
27515
94469
44313
64459
83948
33053
54020
94910
94680
71685
37107
77942
7367
71368
31024
3194
62888
57495
50466
56340
37707
58471
72770
68473
64773
60772
82957
29360
1942
64694
59349
18944
56551
29967
95123
67130
93900
6605
56247
41504
83754
86450
20064
89936
79090
88574
39111
63602
83435
7686
29813
49562
73966
50515
93716
30425
31083
90489
46723
85127
88809
96946
47652
60261
74122
5815
38159
47410
10860
3642
97385
26188
99788
6787
18000
46369
15942
57989
61357
30545
16087
17724
92396
47841
98499
59302
66791
36255
62962
41915
8446
47309
57270
80874
52579
44588
12232
42193
79730
59111
87856
39864
28254
60312
41730
54571
44999
21435
60421
85267
94407
43021
73872
21487
60651
63424
59534
8820
78271
59870
33248
71998
85570
31607
38945
96882
64633
92298
64229
36466
29887
74508
20730
80507
50106
14455
6193
85023
36937
54930
94070
46554
82265
55929
95066
50611
76375
38697
63634
4273
90624
99082
56568
99703
9140
42425
66607
23102
51273
11825
57605
17997
62331
83606
22161
14135
57505
54013
58651
146
90875
22299
80667
37647
19431
29449
10809
23515
19347
44081
60628
13489
16653
52248
14910
87577
23287
53767
85956
26081
43638
58679
62572
14071
10857
82392
52951
31520
10006
64991
77766
61240
9152
20010
55000
67142
1941
53201
68465
29019
33412
17579
91319
38791
42411
5082
74390
48025
94927
43668
85763
88401
56549
87567
18494
63075
11469
59208
1488
20618
58110
50191
98292
82566
75548
8083
73234
77555
68134
34438
23622
30024
3724
71468
66848
73993
24350
27974
73412
30569
8192
54805
25937
64096
85498
35693
28799
2309
48331
15384
53185
95560
67197
82915
79946
22191
3443
67945
59789
63274
56511
55610
77148
98261
74161
7944
78130
21034
73610
16174
5804
15584
83535
24989
33009
3716
75288
97285
55507
41426
29032
18588
6190
92688
77495
96462
72973
86695
97802
48257
50412
78111
35076
8547
77111
67222
46710
18258
73426
6205
30899
4008
73458
19824
18046
62082
64616
56239
63780
98475
33182
8605
27206
75977
78970
69780
45679
324
9664
69539
56452
46190
62579
94406
64121
36372
98460
16160
57504
90815
11267
39672
73788
76679
99354
12205
68692
86901
52090
58870
64579
61524
47908
96827
92844
52627
80521
52202
6154
97593
43526
99511
85189
89254
82215
66195
46850
15553
56749
55911
67538
68163
19882
76461
2026
19615
46568
39499
83794
71501
66761
3693
73879
69394
88522
1119
77115
46254
5153
67780
81260
43521
79813
8373
54066
5402
8556
42041
98978
62046
14095
80381
44496
14834
60906
67921
6209
83653
46720
78623
15806
78140
46140
57609
50852
86971
93682
8733
72057
7213
8131
94007
25625
92721
71935
8595
96430
28289
98981
3950
4286
79455
21062
67033
95742
66783
85128
16536
94341
85867
30630
84381
65979
44567
41909
93723
3952
33570
22145
9226
5033
29253
36725
95863
21332
1979
58298
55685
52925
52429
39287
1220
21850
96697
16183
61260
39585
91678
76168
37558
52697
95431
74079
43671
90189
19057
15224
25082
18045
26555
18875
57465
26031
20137
76699
74072
41827
19829
46777
55198
41892
78227
30277
61328
32057
65919
94116
62604
80540
79845
84301
91295
66466
53228
9293
27044
38553
76352
50058
793
56656
78138
69765
45855
17039
93966
88792
3982
95560
2802
43391
3410
54597
88678
16148
30343
63233
29796
626
5548
20979
80646
17403
36679
7396
11086
51541
64949
90786
14165
32079
69900
50317
95988
37729
21935
45198
92424
93361
86765
9448
81958
59442
39958
13350
99579
63783
55771
62708
20158
43366
78625
74890
36821
3799
90082
95683
2881
26043
35808
7116
50727
12874
74950
96503
51483
52821
18973
39919
93131
75818
38408
22886
56101
95541
17789
68907
23174
65603
833
10135
73152
47714
90942
40038
11431
28581
90947
63459
20793
75396
95129
40347
84648
37823
64253
62036
41093
67363
33822
10007
99754
9413
43861
23464
37155
38700
34140
46294
39898
60619
48333
77134
75743
79372
5944
84810
81936
41832
52544
61703
56139
18258
34674
99956
52045
12147
99235
97062
42437
97808
95750
35688
33690
66121
98022
7696
20341
3611
62470
95341
85453
95396
54195
31068
63341
8230
89890
93466
75940
93157
86827
32276
59817
86666
15394
59098
4489
10474
47790
33266
98063
31617
69959
20776
40206
26616
93649
34403
57454
52389
78127
5971
58544
21458
8838
81383
81472
10070
64048
27963
41366
50687
83610
72430
89353
69329
30394
79057
76657
26471
54480
11900
97687
6392
3031
48667
67227
78358
14344
4997
5889
91216
21452
11853
96794
98008
11740
6545
49514
7646
67831
97232
58299
31930
94655
19161
67998
44233
74384
29438
60345
591
16862
63335
84369
33915
64682
355
69269
12776
58112
32633
76996
81919
99888
26109
89661
78266
4776
38015
2945
98660
60234
10333
83367
19100
55727
5912
87036
2776
61400
89316
86420
85989
85836
47256
93746
65613
18867
59942
4143
96082
98701
42053
82187
43030
80368
81737
92237
57725
4285
94004
39544
57706
1406
67878
70381
18982
15454
88176
50967
34272
14404
29671
11255
8910
53870
80851
49900
51985
74854
14855
22110
35415
93859
38155
41896
34969
71647
53141
76064
51301
73680
1078
9508
25110
85094
41104
76354
23647
65664
10629
47651
10791
19531
60427
12982
18189
56568
74812
96181
43469
14808
10858
62262
87803
64086
41744
74064
51052
76786
611
31752
97813
92886
16487
11415
69739
20406
87326
5401
1225
31369
26811
81461
70735
3134
5941
39396
47463
23741
91927
46176
36196
52284
34484
75947
15395
87482
59416
16536
92627
88411
10393
74041
48081
21153
72940
97511
36812
48099
2100
7208
18344
43981
7510
11264
70046
73491
81576
34870
79072
92883
13479
38817
73657
36422
82952
39184
30675
30499
18726
8851
66387
86833
77818
82313
27518
22118
71273
50246
89823
86048
42359
47969
25345
92415
36281
36952
12022
50718
96840
86208
24442
77804
95538
48236
46098
34219
63402
95897
22542
41957
41279
26197
31214
80933
65898
61770
47744
473
64738
37322
967
31266
69898
66712
44215
4597
79209
23505
13949
79570
61498
92789
71580
77662
82106
75734
76626
23903
28670
35420
72377
37683
28263
38162
87337
973
41582
3600
96474
31694
7546
19750
4872
70972
82193
55042
48239
92385
88970
57247
85046
97763
65408
94026
81736
10331
40867
34865
23293
72053
7785
20939
69207
46531
83906
70590
78536
19709
5705
85937
56305
19737
60438
5710
64357
99267
78032
89555
11661
77849
99488
72342
57572
83398
12289
4755
20482
86169
74035
84051
67894
16161
42190
17626
62029
77831
53268
10477
36655
5288
80479
88255
20008
2509
27802
90135
35972
13929
81548
54975
71188
13775
75022
25835
29261
94382
47326
18627
87023
36938
51788
68655
86147
49175
14802
20767
13118
37652
47008
42900
92003
71650
94453
79278
67428
46944
19114
23731
63912
96805
13640
67129
19144
36472
97018
77520
26196
70607
83997
25103
98035
39843
18931
8697
22823
78668
17495
85452
4847
80958
29547
51110
24166
11648
4878
22099
6184
10085
74633
51384
86293
27144
74632
4886
77646
29161
87142
34715
60669
60830
92033
59850
80433
58360
75084
99813
62726
16916
31555
5333
45603
28921
61497
83255
9533
25781
4974
14434
41273
40719
15420
79992
26415
96776
21489
11113
73610
3188
57399
67263
56652
10414
72014
85098
57038
81949
13627
90664
59460
321
42777
9295
67583
73081
40078
43899
14892
82709
13881
49871
22939
12435
6663
32041
41658
89049
9093
15175
23711
20654
90768
89328
57668
8372
20040
17857
73869
64325
30403
6292
41797
3274
36830
23534
50726
28306
59214
6886
312
77269
87988
79661
58033
31814
81806
77662
73722
92302
75147
75396
71122
34858
32567
76834
395
31747
62676
91875
16562
58726
76713
68063
10541
30400
33044
37094
75005
54360
65724
51116
51747
87561
82242
60913
34239
27098
59861
5260
43923
79003
38180
63187
85030
23102
83406
68042
85124
59984
69397
65573
23139
22803
49361
88476
47584
41625
25505
47274
744
60863
57213
50370
57523
44003
61767
58159
22250
61060
90815
66853
46057
3061
6486
45129
91808
71901
31802
34362
83027
74062
96943
12763
84001
67679
55807
31743
31810
49961
33641
92143
57162
80858
37685
4282
47242
83002
69127
45786
41750
44472
14354
98463
51616
60911
163
77786
21795
85370
57566
67016
20156
76561
47655
61241
20051
42048
18263
188
83543
21282
61998
62921
26247
27775
82151
72426
25518
92447
54471
80199
72646
53642
41007
47916
98108
72669
2322
82233
85844
96971
72960
33927
49187
74478
41472
30514
17211
64200
87484
17223
15844
81435
45622
54411
36740
19104
79097
49541
15297
12904
79562
7433
79166
64909
66749
8514
69602
8820
52324
62140
51126
88066
1922
1515
83436
88632
52862
31867
88125
68972
91731
19797
81643
7077
26628
62602
18853
36307
78157
60223
16137
28744
68340
75093
46499
64279
28255
47540
64148
4264
73855
23572
13998
93493
66249
95912
31195
40292
61414
20391
39326
69920
48256
83896
9489
5622
34621
16537
69101
35082
33896
13004
53832
80372
47722
75967
79353
35643
36888
69559
84247
34251
57606
50936
21183
30294
38777
92594
26932
29797
16410
9355
161
40184
93607
55750
87962
31746
59939
77486
92225
2554
22094
72001
44996
33695
335
48795
47651
76972
57133
29277
30543
63220
97021
68282
73550
78874
72694
14622
33884
28879
98720
98171
57195
19272
39979
67026
34923
60284
99932
6970
20516
23319
66594
71600
2048
5278
58439
94364
26854
11456
47394
75419
20449
35380
11369
42286
7135
89205
32451
75647
54197
10263
98556
21195
15776
91364
21458
24912
19206
24632
65356
12788
77531
54037
91498
66959
22335
12036
95319
79575
85413
75657
23227
11462
75407
5505
5517
17770
78773
4859
80678
62344
96004
12976
54064
86222
85315
42368
13470
98772
65264
98954
92501
36846
33673
23240
98376
92945
48487
21893
54081
42367
99557
86268
90491
40209
382
15246
2573
47712
59796
97632
3169
14447
82637
92110
40386
70297
40792
66480
7539
34515
92014
11304
48157
19101
91699
41572
3425
24298
14779
50998
8523
84617
745
34829
29863
70512
64691
22224
7565
53924
65153
48919
55288
60552
84180
18758
56021
37919
57028
71623
13975
16479
38402
33251
40295
50484
96796
20892
32344
97070
62847
27306
46937
64009
30326
93744
33027
95255
75056
74650
82354
98572
45312
29110
44561
33285
74814
70060
35758
213
72011
67099
97836
2318
3057
84081
7127
54760
9289
1926
91507
80338
78006
64246
35149
92114
30639
15673
28595
64186
84603
91553
35231
4586
93460
56431
73038
74843
77901
14707
52112
80143
21104
99166
30264
43763
39840
13381
59058
93965
1917
74421
15092
23656
62214
20877
69805
98745
23193
13404
39579
75182
59478
37592
34329
3282
84674
984
10196
21887
89702
23151
72255
49504
33015
38021
3901
62146
49233
94420
49947
82647
21629
75036
2976
40326
25746
88483
12764
33330
92471
31213
46942
13189
46823
50643
37602
63577
77549
22947
13031
46212
5294
7860
19807
26685
96646
57989
47327
24271
41994
65105
52214
92985
72173
57616
36475
50047
1054
45421
79263
34449
73166
47647
70241
56661
4144
35047
15808
30163
16985
17605
7499
60318
23111
53687
28596
75130
93470
7472
40068
93166
67821
47024
10312
88840
15920
10373
33896
22791
55214
22046
27320
70985
73858
35208
52456
15313
60855
87495
55574
47060
32140
80083
84451
76865
69943
10988
64803
97162
11494
70235
37294
26356
79808
77478
98036
79607
43658
27216
16653
33010
62918
17547
80781
47662
24246
86042
12855
68077
90270
6824
55465
55535
49991
97023
42453
33025
19008
13446
59311
81346
95807
81850
770
67251
98502
84999
70558
55835
61728
9635
716
80468
90634
45095
22786
35030
40590
94539
87697
83325
32011
87389
54971
73625
7857
17726
41315
19666
63080
76889
24797
39542
13424
4768
53956
35009
46338
30693
22186
10056
85494
40979
96746
21410
92254
43366
90169
63827
14704
38637
20731
4694
8513
43514
52722
88390
12332
6948
55346
26377
98929
84442
15727
3161
34587
60451
57816
20081
63450
42134
20605
23025
30031
89395
51914
2830
66854
32733
83576
9209
86557
68981
27065
70122
8291
52116
77746
44233
64476
44452
35429
22136
46689
91036
58635
72640
1316
34582
81857
49303
77489
60238
28602
35179
74447
83161
34994
3310
60646
90656
67810
6654
93275
11255
21295
96495
12375
95582
31709
43959
96838
51508
40001
2773
66075
96019
88821
42463
23120
55692
43044
89383
54826
68000
6053
50794
88828
32920
63140
44245
98338
18913
67771
74068
32558
78247
53601
46552
87488
86349
49625
29539
96845
86151
89323
25011
74818
33236
91919
83177
45474
99707
56293
99798
73067
75616
62914
9121
71287
91715
71941
60471
56799
80982
21928
32879
88025
46041
44690
30585
56994
24436
84361
91970
21910
28912
4997
40006
11132
82034
4735
93299
14655
15061
38376
27862
7639
91235
78006
39173
13063
61936
57977
21160
20959
98547
31372
35333
67105
70753
41287
35686
38592
7752
40433
44488
68197
20965
74675
97123
18508
26562
15272
95633
76971
91983
70576
85917
39698
99036
34212
67018
4525
74641
84772
10109
45543
18155
50059
39815
49897
87635
41540
95443
41536
20635
82550
57577
82045
94616
34715
28956
5365
88823
44046
36182
45417
50462
67587
1502
78112
35520
17584
68355
5712
13915
77609
94664
19163
35122
70634
76044
38006
16130
55437
16117
32485
77060
44379
91928
76002
19742
43423
59431
45277
40838
20822
92887
31549
8852
70563
18829
53701
93250
54879
77381
55889
13603
45261
64735
65055
73117
67788
25574
45163
16484
18789
77854
91699
43956
61124
42250
34681
11755
90500
40311
50151
74209
11811
37896
79372
1990
44533
24190
42021
22806
76628
40932
16823
2843
43412
78677
9592
37343
20853
59466
34989
83115
93170
28868
90702
15425
51382
79026
27110
55507
97070
61728
85879
67039
58649
9660
64442
79944
3740
51590
94884
25713
36883
10675
67652
52920
81346
32094
76744
37868
42985
22092
89855
89549
66582
65338
76634
36255
57396
1125
25260
5194
66369
60310
44593
57297
15005
38568
76746
58157
72158
83383
63942
65702
9440
64231
20892
40206
35738
97038
10069
73977
24173
6687
39462
39292
27509
91700
90651
76321
1890
70007
96368
85732
94208
97549
55608
62606
98738
47808
54337
46347
39229
12903
51247
20010
6144
98932
20868
63248
9602
18713
89825
33945
80836
78936
53222
99085
19573
17606
82325
36059
1412
54779
83189
19189
62800
19417
58642
24711
23452
9655
31554
79733
83486
67497
70115
79824
89910
85325
63263
88532
96444
98932
30449
43265
51954
90410
63426
89044
71448
64197
37964
21058
14495
26150
8992
3632
10709
22703
11938
16722
45599
9698
74482
61726
75045
79089
45542
45484
40646
97095
17234
88749
73229
4369
18442
59108
34491
5451
81150
87877
23748
94467
21284
64073
79030
92044
21428
47851
67923
68002
11724
24098
40032
15540
45460
76252
15157
13267
45052
83411
17781
80597
28385
87726
84088
59686
18030
13239
16292
70733
77535
96884
96571
34710
13537
32516
84461
18593
91958
94969
54477
46598
1300
72044
25697
4386
38477
62465
16276
15075
14505
45080
10278
84461
31855
1645
16355
69222
97123
70349
31920
63684
8745
66197
90497
52753
80456
65128
49544
90904
90633
67341
24073
63183
69438
93955
19785
78752
43616
38978
22948
93206
27985
560
12189
48928
26145
52316
34640
52485
6571
98362
32324
32645
89951
16284
57180
29160
89595
65193
85868
42853
63602
82108
36649
90705
42191
29916
9305
57410
98738
94259
56874
6430
59000
97614
89470
549
55162
42160
94660
77400
63372
56051
10146
50468
76518
68860
56206
32399
89087
51865
83292
93950
4212
24506
65266
37280
29417
31658
14647
52571
88454
59240
99017
72081
49411
37254
23278
26734
87486
88669
58499
58289
68937
58027
38864
27157
65281
24011
32508
39802
312
35343
95613
71573
43188
55355
42631
38065
46481
81217
7046
58784
30337
25973
83303
42178
16020
5677
6160
21072
69267
47607
77040
80550
98597
9879
85809
66763
66549
97659
76266
44254
8459
86620
2865
56638
83350
94547
43822
24598
10795
99702
18026
9828
20999
3214
92774
85253
38544
42774
85800
57566
41626
1362
41137
95721
42534
49610
69834
68858
63493
21601
41724
73965
48762
10966
2782
80047
573
40598
94185
35461
60699
37052
33576
80028
40475
81575
65451
19470
85244
16086
10715
70222
97114
66850
30760
90416
36175
95704
45693
90616
60502
52946
26485
97981
57930
1520
13479
29978
58477
27832
93309
73585
32837
84616
16771
55452
32833
21140
71834
86034
1690
27552
39852
12497
18900
1275
83834
23758
89188
34198
47536
2519
49739
62464
13498
42881
70304
94719
7185
22547
89355
7053
82414
50158
29166
34125
62303
63991
26846
46760
67511
53763
73679
31369
35903
20222
73487
63921
46698
58807
91368
28727
10055
55628
52201
17888
89871
15341
46494
73142
2366
50608
37883
98441
95103
29905
60696
61375
46752
9923
81942
98521
17413
16791
35040
48163
8056
3431
55341
37431
78846
95200
62401
20528
81444
91530
91443
27878
91896
17654
65001
72074
72437
48739
87424
11327
84246
12012
77096
23603
79947
34641
27052
10009
13417
90721
31343
90277
89404
29089
50450
76195
35512
26587
47698
65876
64973
98438
61934
64581
81625
67214
7942
31598
94615
48960
67359
76453
99509
92309
93155
45084
66531
96344
41093
88925
43463
81781
14050
34304
92718
28959
68163
79623
24669
1182
76351
81719
52357
75380
9949
95923
29525
27211
17303
85110
99017
56413
41115
26861
71841
81214
15563
18319
50380
77770
55268
92794
57795
90919
88667
53802
4658
65654
42883
41592
41873
8988
77740
12398
209
44423
9093
31075
95985
26815
88706
27959
59792
46571
26169
36556
52381
2941
1158
95327
89355
12891
69966
7010
1184
90891
13472
50199
25645
76666
69463
75723
26679
1065
80381
88204
2067
18164
52138
59304
86193
88800
72170
89796
17295
66081
78396
80758
5487
64933
15478
90752
94659
41665
73350
34346
58628
1814
32115
60218
60737
21855
10339
98578
49749
4665
18486
35846
67025
66191
17359
34712
71161
48545
43090
36114
9611
57009
8393
52031
90777
10443
71840
76967
33240
30894
90897
37734
70801
43482
22202
77863
9012
79992
34474
92482
86925
55936
37115
33583
77583
89643
34840
52453
63884
64119
12928
71604
53351
31888
78499
77883
15648
57697
38025
92871
62094
10583
3922
10857
90028
33325
83416
69267
22186
95929
28048
71535
73060
73779
54096
16379
39631
58269
61866
90981
45295
32212
79286
43774
64615
57714
29903
30718
76808
3964
7124
73621
9258
41807
17294
2025
77080
79362
21488
3985
90661
95064
38842
47373
79293
53156
38777
43967
93431
39225
90985
11178
63590
98926
28282
60965
14767
23434
94224
24796
39572
52689
1412
65124
19407
30891
10600
63961
89435
86093
2536
9974
18955
13831
41420
12591
17246
52393
31194
84334
33066
72018
67160
35977
30517
56279
29135
79804
8131
32749
49643
67177
53354
34451
74975
22984
13441
95230
38501
93356
39287
53506
74307
12309
61248
48442
85065
42155
99369
63445
59831
76477
3245
69789
21244
90646
11168
19109
81049
39768
12744
13102
28803
81208
43276
5718
295
30806
12677
24478
67369
61752
63153
5366
23205
48418
28070
19655
29814
28819
46339
41564
16148
61407
6466
32142
61592
3429
25194
69451
68667
14348
78433
35522
69373
85887
50559
88590
17122
21186
91485
7837
57335
50639
42989
47099
79986
12338
38659
72128
16182
1949
30480
89010
80533
88649
52943
664
241
1450
74232
64957
35227
82285
40659
32413
34621
60336
67271
4688
67187
28638
81968
74959
66163
32614
24430
16487
63117
11960
93498
6169
4750
98587
35412
28972
3135
25581
37239
27888
51690
87096
15342
49392
64284
9741
48160
91603
29478
18881
85255
19214
74846
99936
37887
55786
98530
69330
66425
82189
52572
71656
57935
60424
16737
34275
17138
98940
50580
27810
8607
36106
35432
2117
27952
76214
99266
87139
5294
17527
80956
18404
41316
42686
48166
16252
32400
31968
9832
55493
89874
35073
86818
64247
67879
79775
95380
58823
46767
36184
62297
59545
746
91513
16494
45155
43169
66949
84177
46112
74657
85022
83236
41710
9282
12018
38513
23653
35174
43717
39048
83444
26845
41847
53763
4697
62917
63122
33706
77244
91151
82675
52594
42312
55260
51858
98785
42408
97415
84527
60365
27355
61691
91067
59938
66003
86437
94688
89762
60943
56005
88238
61542
50002
12190
29860
90435
54912
6925
32855
6760
26710
89622
65761
73284
39203
37241
78473
58340
53478
84900
55882
35386
81413
4866
35619
52697
91015
97905
39547
31549
24783
80401
22639
40103
34837
15992
77594
43910
95939
54339
544
70226
31241
35943
61814
56657
80029
46438
54513
27484
81298
99837
93161
55100
4020
37145
98506
14350
15774
6089
83416
91078
52280
60975
76668
12271
22992
98289
7407
55440
20051
85676
68801
30795
47016
89064
23047
98879
9450
36902
36767
88077
33601
77493
17025
51639
67899
16548
45411
75588
9611
76435
20681
18145
24510
13378
33448
21185
13399
20971
18550
40421
63206
6955
14895
64695
34473
5435
85414
11152
6815
95741
60838
62842
6693
92274
74788
9071
74639
26120
15460
18112
17348
62705
30564
79666
67382
2638
72872
39330
4253
67498
16771
75209
55504
51076
28766
60795
6559
36613
56041
25770
96271
50479
98140
34023
659
20054
46184
21288
37635
97704
50462
37605
73180
48583
81851
63645
77204
68632
82992
82965
84504
34260
22570
61536
8227
59452
10786
59035
52829
28297
49026
69935
79535
35521
98962
43769
76990
24838
76671
51238
64972
52296
25896
78616
81446
43387
97188
23718
58058
54531
99475
66623
49370
97035
41439
66958
10102
14646
11342
13434
21465
84653
17127
29061
40690
67094
54655
19956
96700
60613
98367
16973
26204
80557
90836
77500
75288
81263
25650
31249
83887
80051
45766
21251
38328
16405
10870
24664
68922
89750
97463
3260
95365
19603
82764
59598
8236
48371
45877
20219
82624
62937
78523
44450
86378
90841
71254
26326
72996
61928
44058
33410
74260
30253
3196
95814
66310
52851
29476
91072
17125
95936
41137
66886
9814
38816
95715
91344
87282
30234
8073
81299
47742
55716
22919
14439
1928
30099
71588
44841
30495
42058
50222
53405
92975
23731
81802
77260
8184
98796
75452
66571
11787
79449
71151
65564
80576
59608
77569
64813
69111
85873
35854
72127
29449
15019
4920
25249
91370
55932
19536
24346
75165
17273
13859
80326
43987
12715
19204
92056
94690
60579
10930
53917
13023
71492
28390
90017
71672
75998
5435
56203
74415
59259
53658
52227
73494
64434
34976
49556
29508
67065
9135
28685
33906
58552
8750
52097
73813
97145
47485
58798
94360
53595
90138
32603
44245
98245
1001
95066
26415
47223
33348
70125
8495
74621
90718
64677
58458
62045
6741
76229
16427
46607
39892
83493
93490
19116
82434
40626
54920
68767
39083
91571
6894
96441
69800
18055
59746
63905
97613
75178
19900
64104
56719
5462
66475
39929
73265
89094
51655
33423
77962
9782
73779
194
15828
24454
6097
13977
72563
84766
8289
3811
4319
83307
42520
71041
8880
38694
14265
42906
16774
55478
25682
71570
92467
87116
99542
42197
53733
90829
38290
12590
17299
89421
44782
92468
46242
80981
59843
37251
31861
39943
74259
69320
66064
78265
29161
63542
52327
81469
37998
79767
87144
5441
34725
36348
4065
89106
67684
4085
26383
66651
2159
32764
34980
49356
74354
91019
53556
88086
27195
15662
46908
8306
22546
8883
36976
71681
7479
38494
53216
53358
64534
79865
3910
98864
59624
38089
11470
21676
84265
99611
27106
19351
59474
72253
75601
15064
91059
92298
64636
66380
78383
70877
96349
87428
41363
29447
8468
65832
884
42843
64431
62303
29636
40550
3252
98406
20017
3772
9487
77054
96154
29293
85043
10595
44239
99191
49487
24470
38372
42421
45678
44732
23633
65205
92234
81279
4073
63752
56719
35026
24373
10514
17800
32338
73901
26017
83976
39240
82450
154
21942
8396
41227
58158
80406
79171
50522
40588
22416
66824
5881
68881
35040
54825
71351
72474
40665
13416
27529
35738
11350
83490
70222
45862
21823
52621
50852
96974
63412
15258
48737
4071
31609
63609
74127
42115
83038
17372
55206
48353
13098
15700
91559
58081
21508
66488
11347
34160
67325
53380
91590
52513
8445
26653
46964
44189
48744
60658
86078
433
84269
863
27696
10662
44043
86955
85754
70030
64480
98290
99529
40570
32656
61437
35041
12969
2286
9388
50490
57050
15146
78005
19508
62818
6231
48966
62521
87353
54680
44967
27341
16175
39398
9915
44692
55932
47296
61061
74656
43221
9008
44904
18389
7035
60790
37702
61852
20013
35475
6570
89760
77917
23220
44065
33960
11232
83225
36066
93329
94687
41921
12751
60200
28747
60084
35539
81729
9934
20013
12939
61207
37948
28993
64546
77504
4519
36912
98453
33227
81810
43335
41525
37369
53373
10544
99594
90294
58880
84567
46996
50450
65363
17817
95245
2016
72490
9675
49099
53451
33342
82564
13249
55568
70725
48424
76101
58332
1828
33234
70764
55938
57147
71678
69810
94105
18622
22768
4662
87312
81636
67172
50081
60591
10649
30419
34439
90412
20334
55198
27206
50182
37360
36827
55916
99265
30294
58041
4469
34494
63636
28369
92657
48662
68588
34635
67972
92980
20452
69322
72583
55276
85778
7541
9549
64252
92084
2595
56512
68349
76445
11618
86953
65925
59850
59684
96398
29725
97938
83911
65877
79610
16827
79232
77735
51995
99274
19331
21360
63933
882
41777
89763
17662
19374
12158
4986
94188
35081
90077
12187
98249
65466
82315
18359
7870
10190
3413
37612
67481
97982
15047
69514
15684
41151
42515
11986
76771
91831
53913
71257
47178
89645
569
5037
52153
80986
86770
36143
87349
81148
88918
34622
70851
23722
84780
57748
61924
10241
51681
58154
91752
38524
95405
46487
60208
56834
12702
95637
81572
85562
4675
31716
69965
65561
30390
63048
21617
26012
93798
40430
28073
79057
34176
64204
61344
3375
59962
40102
3274
93351
29597
71820
56926
15058
87500
74977
81106
85577
40469
84470
70290
39380
87474
47477
35516
57562
14876
92666
22555
88567
68622
99547
90173
3948
31665
61961
94707
64080
32233
43278
12037
95683
22203
43894
46480
87971
69593
50955
15806
63224
87756
59832
51584
60331
6365
76303
26313
81908
57952
39430
3530
31823
89405
40571
95813
27952
62684
569
45745
42990
51116
29459
3114
21947
77841
58861
69681
55636
4488
7930
81799
3795
94039
61631
52994
66914
24758
74038
37801
2698
81076
16559
82834
13897
40392
7922
69494
86050
89109
96800
9965
77678
87416
58327
61131
88977
21841
42995
42902
68680
41900
9297
34979
51678
13867
86511
31532
74333
45554
40560
89969
95873
79726
69179
72616
67720
77795
15331
12610
58854
15120
72514
61979
42005
23681
1246
87709
9130
69553
52845
48306
90787
41498
60789
3108
85180
63707
16300
86100
16448
58404
50206
5811
52861
4833
91693
14815
61872
40097
85043
38525
54400
16578
71554
52048
18535
68250
74349
4756
2474
86180
40608
95386
80553
29510
62825
50720
88114
58299
24218
971
71408
44993
77702
65796
69473
58177
38249
10988
40806
26359
16069
60925
21331
76093
90726
20959
67558
30936
90855
70084
79604
76766
47022
7041
7295
45187
30130
66313
78404
74559
15133
91111
40336
69693
73964
61911
43635
58018
55539
27458
66157
53528
6973
59029
91908
69399
64786
73181
30776
85807
81361
49057
22445
22996
56700
59451
69672
33414
69491
1108
50005
17563
8985
29499
64293
75404
21043
80546
72821
87865
25039
28950
15433
98105
24065
14329
78423
39171
83752
80925
49824
48434
84303
49502
35674
2968
48271
15677
97320
63650
73841
13749
90091
50564
41906
41692
94289
68545
38848
66712
78572
15480
92993
5787
87454
65870
75058
56892
61072
56629
78701
66611
19458
72950
53444
10769
77884
3072
21417
76570
22595
95020
60016
44544
76840
10732
8620
47805
97690
40048
67222
80620
63420
25845
28077
42149
12337
47851
9911
48595
98419
52353
41765
47060
53699
96271
35540
23341
14330
51199
55216
9062
35326
47608
37299
84969
85201
68809
42667
26451
19555
57263
3578
92212
43944
28131
15863
65321
49989
51523
10769
77811
63907
283
65556
25267
6757
34832
50564
53541
65750
21929
39590
26358
25916
90970
68703
58468
40554
61902
36019
4080
31313
62928
30351
96962
52725
7446
97315
17754
47870
71083
94631
56430
68485
40119
31262
42021
70447
64974
21976
15150
29718
63058
74545
29150
58626
53317
83159
94628
62102
33711
27337
68171
96007
59528
98010
84108
12648
50594
62325
42828
65248
49302
35931
95641
43869
32778
48871
24157
28258
52060
27795
11517
96188
97870
24275
96848
67794
80622
45855
81951
5114
33440
67983
58646
77481
98826
99775
82756
80098
67548
69041
77076
76848
58330
85489
392
79215
8967
15252
63727
84036
81487
36314
10116
37452
77681
90002
90787
2482
85576
93948
32231
11131
22133
87498
61125
29659
25963
32704
56639
98890
37878
1883
7046
75697
26792
76686
42607
69374
79746
8007
4496
81912
56667
11664
18424
25004
77424
86737
42024
41221
9992
48658
56242
71482
33923
34942
49484
44226
96031
19684
23921
84707
16422
6295
32629
88071
67607
78933
36738
96431
42095
77061
81363
2722
11476
18489
10477
53502
45278
87827
16533
73424
11650
43684
49138
47838
66716
39824
62944
49473
57785
64941
47662
54864
65791
60298
25845
54935
82905
52843
43125
42951
48354
90259
30637
64262
60749
32955
5687
91655
7919
60862
14046
18197
66474
79063
23644
93481
25910
47010
12341
63772
80910
55999
82154
72246
949
59254
16218
39940
38851
3636
59227
3911
32303
13171
85937
67209
63355
20151
78217
58443
13463
277
11573
75226
93267
91342
132
62433
77412
3929
75645
36695
83122
99167
89912
50905
87676
66368
86073
58642
52168
38131
18538
95766
37483
71850
32372
12174
56017
63124
6041
75310
82858
2268
77073
13059
91889
14606
62718
33768
75706
90938
53486
59223
97048
15921
30894
28668
24168
80172
76070
46853
75485
16205
81140
33366
265
17085
26216
25946
34308
29364
81370
25459
13436
21943
73059
24050
42362
10651
4958
78498
81101
2087
46620
45247
8021
76600
22366
95748
76525
16799
84307
33858
81814
9605
62767
85772
573
59022
38276
29935
2504
37979
44415
25600
74562
54537
64961
82125
62688
55416
92504
37877
70255
67174
95290
16755
13404
23929
23838
94134
46432
58299
26615
56652
64198
2399
88205
32636
85595
97635
1113
64979
7088
78798
29469
1015
71791
80632
72255
83543
13144
92681
48064
62499
84950
46201
89596
74776
1891
86679
37920
58515
41780
99397
72163
11751
63426
33377
37923
85002
28439
27326
25246
23754
18994
52272
16073
60508
54070
71911
20559
59669
42933
96851
51434
46481
74132
26758
74455
26833
5276
83159
89081
71394
63133
60290
89325
13432
222
47372
62437
21146
74245
86437
4740
43318
68671
8486
78037
21845
5805
26330
73000
19913
65068
1113
65609
87843
92447
79343
27454
63682
37499
63900
1982
81734
29615
16116
21577
24130
99022
86663
93671
86831
55834
46298
59073
19741
78958
25204
52022
20708
81959
61941
76987
17625
8209
85632
76083
45853
55562
82906
62118
96335
55221
76875
23105
70498
65918
6945
84330
91273
48933
27763
58653
14382
64104
98019
44264
31906
83473
17725
38560
88398
93433
43900
22974
13449
45783
14764
70682
88098
90346
71850
22306
38589
71070
6503
9271
61499
81566
48075
62884
5329
41815
3575
86427
16859
69733
42339
71342
72937
61053
4133
38983
27511
53717
66355
89701
27035
38547
48768
87315
21944
1585
24322
36615
783
41258
53429
92148
11829
44004
55448
62124
66175
62010
25652
70133
39417
17860
62749
8550
56215
70181
69650
8447
58243
43121
69406
46691
88117
97817
8321
31187
95585
73812
2792
76487
81897
71276
33368
44235
435
43939
20427
8277
50550
55072
38993
22303
32942
39481
67095
39941
61711
19582
53669
77564
28086
65088
78241
26892
57690
35100
93394
29100
85377
2248
1311
12697
20048
95961
20501
18962
45339
54510
99687
37011
91610
80861
27888
16140
68508
3128
79732
44190
9749
16796
34020
22833
59443
21974
75456
60341
48559
97809
38583
69587
85470
75200
97899
4462
90375
59396
26287
45084
98863
15419
40018
97115
8624
27399
37941
38258
43304
83254
34872
58725
87661
42226
68499
58516
44287
15623
97440
41489
99638
54892
59286
78236
67354
73008
29967
56124
81458
54723
71883
75068
60820
63710
96206
60640
79579
78255
98213
29283
23606
36197
22374
67855
73052
64693
917
8119
25790
51047
29347
24852
565
72320
97840
66266
74427
96428
38385
73751
17237
63783
95981
56968
47693
51145
22209
12151
49471
22476
43172
50388
32041
74619
81892
25263
44549
64217
55247
80976
10643
32202
24142
70675
2767
18370
44172
59587
86467
82632
87412
3762
39221
54791
72600
92978
99904
12017
71758
13619
16096
52624
18421
19449
37319
33163
84053
65913
1741
16433
47108
77489
35652
75333
71173
2561
62601
46182
58283
19338
21014
97817
87868
87841
54325
81717
66192
70543
94127
33899
35769
48424
98691
19824
37180
76902
37298
67177
45533
19618
60022
66002
67001
3247
65011
32651
21517
33363
7430
85983
81716
95746
35482
17426
25101
19993
73817
58054
94811
32979
24511
27882
23781
4523
51371
95168
35006
86639
64655
42665
60096
81310
36390
78000
93457
91678
56325
17231
62856
33852
97290
81890
69097
20641
753
86758
26667
34349
85190
46765
30586
626
27316
85410
18680
89552
44956
22707
93503
13768
82113
41056
2
33920
24608
45598
30769
35570
77438
5543
34779
36945
27737
23906
41358
15033
24576
98123
53050
9585
47838
77439
26515
20832
87026
34599
88021
36041
24410
42334
60386
24837
2158
38848
66087
89596
32393
8433
94877
29023
6465
21063
75371
35652
11928
4373
91752
90079
48331
99316
6078
91514
7208
95984
62314
99281
69532
15853
84992
34796
1962
40725
9612
63034
12664
3967
75507
74726
38787
59964
54648
25
82643
15649
44698
83884
20234
6092
48122
26631
91701
4182
47803
30395
79909
55988
83874
23673
89623
24265
44349
78509
76783
35691
75840
62202
76068
81456
28970
76691
62612
69301
72262
38996
58616
32010
61357
38139
48147
80318
4329
29925
88964
81667
4373
20073
42843
79102
29088
41707
69063
56845
80560
98943
23053
90485
65443
35835
87286
79527
52112
36311
69344
37294
97100
97827
34356
27447
63081
3941
43607
5469
56985
84877
71290
16145
43888
66295
75052
69667
29031
43997
47216
4527
46333
96118
37289
30694
58200
72175
1393
14136
98121
38501
21769
50747
62510
86780
61707
15163
35120
6814
93435
86654
78637
48147
75260
44338
57488
76986
70879
2134
79164
33986
49558
3714
80776
64839
21350
18131
83652
87948
89243
50135
73561
10257
87317
92913
66895
27409
28672
15914
60808
67995
3778
86869
14505
75403
97390
47164
81721
98053
24085
46380
71426
88333
72252
14362
99701
76741
92008
82032
75562
20900
95542
51896
43685
53327
19975
79140
57683
48631
99865
27224
54356
70096
76145
13461
11891
70889
91219
20066
24144
76
79508
27449
61758
4307
12039
41259
73672
59685
58900
58193
11727
97324
24871
17936
11887
33268
98884
17992
99615
26243
67512
1049
3255
94799
20842
5459
9612
19360
45009
61784
77367
16196
59455
61552
45684
86696
93947
79945
33733
50906
61740
63401
37558
54744
46513
86642
25820
37780
12590
15760
13207
63687
58625
59138
56439
85102
37075
74274
76474
58566
98218
43507
40115
61696
72090
91910
56743
87136
58779
42313
97584
31160
43222
32525
73124
8764
10874
26002
92240
89538
43371
37265
83070
32632
56506
82245
89334
59457
65039
94327
91521
17741
76963
47397
59432
2900
45514
66255
38395
52143
35853
88605
39790
63444
64822
90896
67485
5900
1060
65508
85808
28306
51935
93694
79801
89386
7333
84216
32922
88827
33603
34470
42500
27467
31775
32676
59771
78837
27474
48766
4181
39913
71731
37211
82433
14593
90990
34631
42148
36924
46996
59228
99326
33081
45836
21324
8331
83825
26631
47342
10502
21872
32817
51906
29640
32018
27044
74851
47950
68439
76182
22728
5944
92994
78802
51926
64398
16052
67204
35558
43453
38079
23758
56462
38879
11626
93560
54575
51609
60512
7172
24347
23998
89397
49311
12449
22224
5783
36532
61430
1222
94156
33115
94913
6666
83502
25390
35938
12857
3744
48155
1248
36909
1867
28790
72751
74872
97337
77030
69819
71558
19629
92160
67059
80677
60701
8273
38676
73313
19342
86804
29969
84040
40299
7043
25276
61356
28673
92874
39764
9735
66297
38040
6827
77752
26642
77935
1170
74443
97147
87898
94595
7255
70091
2686
39947
18465
59069
27369
68082
16190
13387
74024
31784
46038
24133
68980
70958
18916
62606
57996
6718
78618
23316
97342
5784
52385
22954
29406
38443
86014
44867
45913
16508
81328
40589
77636
43989
55317
29160
30093
57357
53548
20418
14195
48688
65078
43344
27538
10315
82998
45643
44054
34230
82999
93764
76177
88670
1709
62469
10215
87822
41683
74758
61062
61305
18036
86601
69748
39879
22725
16370
20096
43834
81231
77926
81242
55515
75274
16511
98847
79366
8293
28042
11757
89039
61315
76158
1557
73615
11551
98104
19598
76783
44464
33239
34149
19695
20519
67889
52242
67092
3157
28912
62119
22252
84586
38413
13122
21215
18072
63463
53121
70036
92310
87776
2613
70940
55072
22645
38382
30271
35932
75799
4086
80418
38775
43531
33851
23218
77966
25754
50788
27696
2569
11861
45924
27736
20321
21834
87532
68303
80194
25819
