42058
3841
17183
54925
60475
3437
83077
99667
803
48759
12481
40891
18762
85099
76354
17892
33343
71139
93522
36222
80205
70261
97540
91563
74327
60614
49529
4447
240
74940
92207
65575
65177
38450
47175
12486
56536
50980
62065
3833
6129
85194
85206
17884
59844
85890
2978
56454
70466
44358
81420
89456
48941
42716
97539
63091
74060
49676
23958
36942
13640
62956
10432
96583
37574
19256
80847
28841
14688
79517
208
27467
67650
660
97688
68049
95198
55436
31057
27788
4365
77056
11519
5245
64675
16487
72846
16952
50381
8683
9882
40099
9034
86961
59835
61148
50243
71095
66923
35898
95336
22492
55796
92428
94729
75640
61979
56990
49966
43660
92803
49115
98899
18517
35712
13708
97987
25466
78809
59037
59855
23237
80665
28385
21771
59919
88370
54540
9766
79667
92878
81566
10341
59876
89043
62400
18171
84442
55826
8006
11622
86728
3789
87893
92616
91433
73667
58622
88000
69465
12953
73128
40581
93984
80486
25932
67808
31241
1563
59898
30499
64657
8301
29081
65993
40314
8992
35403
6698
10879
93330
8046
41339
92450
51170
62719
23777
31649
7963
47962
77136
39048
27041
75356
77188
14623
11702
87017
93339
25316
62697
5226
82285
68724
14363
97966
30345
9506
11664
77425
96109
75018
24527
61818
95777
81855
68662
88093
30865
5248
48957
40866
869
95498
83044
19069
91551
84743
25820
17372
47921
54276
99727
86111
21048
60160
32302
96001
93753
62752
82069
66678
64118
80127
56668
17645
21260
59555
16189
97972
86764
36011
65916
74522
45397
84228
80376
42863
42571
60923
68717
92872
62518
81420
73316
89087
40313
31289
74488
12952
13516
85495
72997
48158
85177
58114
6318
10667
13104
38385
99115
82374
95847
59268
8014
60199
43954
54266
77968
18070
31547
93599
96765
26226
96318
44418
18873
95181
3715
79716
76269
1524
73752
54508
14962
76813
61802
80440
85721
75897
76257
29327
77684
99001
41078
593
24293
940
71857
41999
69377
74006
69443
85847
65439
81981
75900
43624
4451
49517
85866
52612
95810
69147
11120
41539
82802
76679
21406
67524
56464
62266
87571
16511
95917
32495
75787
84661
20661
45710
51270
13833
87325
91859
96920
37928
86953
37646
3174
92067
22391
65827
41379
39262
25643
11697
21191
77600
31800
3088
22345
69291
50120
179
24793
81157
2600
63310
16413
99765
35987
83441
83621
22154
77626
37969
86381
62805
11308
29608
70127
97847
33288
58643
31298
42996
39516
88857
65267
54311
70328
86252
9118
71247
54292
35464
78953
45191
57147
568
28957
78036
4275
38936
26338
52919
67946
2229
27606
22018
43679
10576
93290
39015
12905
79585
65113
35980
8
55896
8774
2235
67430
12511
74897
57238
4010
53308
20885
12840
45785
38995
51009
11190
85001
57735
66417
2900
24195
75873
11752
81587
50612
55337
22316
70873
45744
15921
12767
42441
3332
89906
7285
4385
86231
3309
26039
99619
14620
64820
96434
31915
15318
32673
74780
67519
46824
60131
85477
66788
67160
32506
51766
88269
35263
67352
84618
29519
43569
38503
83173
72048
64771
39753
9652
39549
95677
66427
68387
85978
42046
85459
44981
36725
82630
41928
80163
29940
35813
86032
5300
70316
45949
1348
64693
35027
37942
62592
20470
98637
74110
50343
58273
47139
10490
34020
76055
42547
44590
59403
30153
58816
901
43389
81232
43369
30942
78794
12457
96920
47987
39793
59441
11345
51559
74531
8632
92138
69195
5158
54181
19705
65677
33621
24422
65640
60925
65477
43986
77958
81341
43458
22942
42712
6181
77816
47512
61261
12624
94797
28355
24591
35431
11435
27087
16148
72776
41212
14292
96692
19155
36494
23019
3798
72880
93558
10249
88643
16768
82608
43737
63484
66654
98660
39349
31622
78482
52773
47553
89731
73362
16372
86596
31741
33077
61345
94883
34492
41270
88433
22140
76919
83073
41915
23964
68583
98141
22732
21853
49206
23958
72138
29120
74071
84869
47830
37763
81903
16191
59018
67135
79920
50167
20706
21344
44103
53649
66904
13698
2731
86308
45159
97796
14774
14058
25201
87404
91377
63623
7548
68119
34887
88436
54263
41339
30267
62791
72506
14683
16406
20513
31371
41637
49048
21555
12061
29420
19760
35982
67187
81470
27463
45958
62243
16545
25110
6465
53205
99470
5624
49634
91626
32426
73241
71789
12282
51613
47214
37942
39542
82481
48767
34635
23340
30569
10911
35354
38504
71067
13852
94208
51351
39244
18962
51440
99079
46214
29722
90140
28651
69560
98975
19938
97691
69066
78481
85718
6007
24380
71634
1704
70700
47258
20654
84786
28015
69822
91464
35841
21703
53762
38864
87613
59559
27872
65296
6326
29849
99176
91366
59085
61878
30141
16427
13532
20849
11468
46386
16451
17684
24650
61228
89968
35457
63209
24616
71914
56251
96311
26041
84858
65502
62260
67983
58647
47720
6957
70695
67820
60219
95290
79134
38024
56315
96208
52481
37794
16849
56067
79552
66215
48978
60412
17472
34210
25178
50611
90832
61478
79346
19530
94484
35099
92017
2501
81213
40675
32062
14345
83641
73831
57971
32336
77446
38115
29373
42566
48354
48234
41600
57988
95487
91959
17783
3783
95410
25490
46714
57611
75818
11292
78072
98185
34141
60887
5571
11882
54558
33876
59148
77159
93003
8602
97859
49151
89923
66896
6816
22516
74453
60423
71200
482
44915
59239
36903
16381
68742
55220
99268
54822
47739
42749
72562
12809
94554
43010
86042
48790
10199
50879
94102
43258
26465
43065
36753
43418
41592
58211
39978
6252
5309
64877
91479
79953
49409
42410
79973
84275
68127
36157
54334
69943
57317
21184
93124
10750
84461
11056
91801
64862
42443
14200
16033
64248
35231
31992
84767
2294
55850
74609
49276
77027
12477
8720
96967
44614
63692
11061
41846
6205
25730
67456
49706
24370
7246
94071
30033
81724
93212
56149
93956
5557
37374
25298
13425
66195
31976
38699
75859
36742
64348
46062
33981
26893
97082
47589
63158
32373
24569
75324
88093
25966
80403
29008
23054
42540
87066
38358
42493
52919
73672
99302
51007
11695
84629
63426
72265
55553
96834
94534
63344
45054
40690
66702
62991
13982
42200
13374
42662
98832
10058
84722
66271
36316
99797
52547
57677
28664
8427
49299
30221
195
48600
66645
33038
16609
35699
61756
13197
61844
54863
56990
36889
12787
18000
56804
80918
86666
90426
50321
69245
57101
81381
55084
71712
92442
83246
23916
35114
85386
24071
22048
78661
62484
9327
69336
53622
58719
66940
95059
37763
82849
19668
35302
11604
92824
46650
51973
27895
49124
53862
87089
36701
93248
20686
79806
76963
27771
65216
43872
32651
48887
59762
74770
85064
52157
58032
21154
16665
40667
9236
8188
23660
1148
10388
61841
87652
21858
54101
92164
7381
28386
67518
26226
98188
44508
2567
1883
28332
99477
30352
3697
11315
96723
1006
62620
41851
23316
75040
15495
3676
71179
13184
59883
30990
66681
83892
67477
34797
33348
8420
3319
53237
84662
44327
33128
78765
309
24854
90424
93504
3610
14626
53941
34310
8592
23553
20659
68129
50507
9571
18043
28803
18883
31875
40083
21037
19851
73049
838
27346
6898
67564
76943
10203
72214
18852
80775
88259
84288
42366
57801
43554
48863
34425
86078
37576
67140
11374
26571
94719
81720
33884
73555
14162
18038
24737
84329
87916
29704
74789
53430
40505
14113
70703
44195
95402
90676
63675
90180
81940
93712
27236
66817
80375
69145
34459
90946
85500
73315
54905
45143
17464
50861
18993
75489
2126
66104
7902
96257
70064
7235
60604
75834
13477
868
58707
17093
9734
7045
8942
61201
23395
50713
95722
43925
87811
31258
79946
15636
76872
7424
16647
74316
22289
66399
4580
49755
20601
7806
78463
99886
56348
15535
69540
68935
53850
82416
56796
85866
77460
35421
83650
33668
89556
29168
30774
82457
59017
92087
2219
60681
35983
86511
78907
40285
56525
77730
76026
86836
34328
96571
68903
16357
39317
4130
74559
49872
79804
76792
69996
85317
21208
83632
29275
35088
34539
60680
71083
86496
96590
71011
21313
77587
21269
63653
91609
12416
75761
95690
37527
35200
112
56931
40827
39641
95775
27566
80466
72905
1711
47281
38889
86507
30581
75858
16893
29737
91851
63382
44942
2879
25397
22772
54674
6663
49918
29237
69541
47079
69665
61867
55838
79571
40771
57003
59805
49280
50973
17128
27905
61478
39671
86958
26390
88272
66192
11319
3947
36100
2714
2669
3298
30313
90755
38141
70144
47898
78382
34036
89668
4134
30623
88409
83764
44001
8566
67462
7635
74923
64467
22341
65392
95195
18808
10403
30231
83112
24588
13427
27210
27443
17339
91106
83147
78260
54843
83410
25072
72127
27785
81557
35993
57747
99474
61096
88861
30751
12622
28713
61248
32497
37958
72887
90946
6108
27542
71141
28369
8454
4014
13114
19038
18988
85842
2024
68237
41298
47649
14854
84294
48906
32531
93132
97320
47135
4988
47499
29181
69504
74189
55495
92681
6500
42906
41139
12700
64510
8341
86247
80903
23230
49305
59103
76171
54561
25891
56883
96461
54071
94139
97423
4101
14671
35697
73102
10678
21665
47745
19352
32344
33207
60377
33333
82865
60537
19186
43340
62754
90388
60505
70333
34109
82406
64914
62360
2773
47144
61746
75384
1038
94424
81483
34879
47923
57602
89381
17806
57638
23979
94119
45409
5297
96954
94772
1478
25660
90212
46354
59640
11768
21682
22599
93052
79096
6000
86940
98295
38719
660
40035
33930
78260
87241
6293
69579
51634
59128
52788
69953
24540
54898
63695
14876
14702
50908
48420
94990
11118
71544
14879
39946
7873
57260
37985
95032
28922
47953
76124
45041
62126
3897
98682
86845
72675
1758
56254
91815
85991
19427
27970
2330
64668
88938
61407
82267
81649
68850
22155
22370
33580
86345
57405
95925
94307
89398
63532
80163
70474
23004
2549
95835
9830
5676
81756
26758
90720
35114
57289
22567
50453
88633
58707
32430
6091
6182
19451
26483
14302
30766
45775
20565
28057
90285
12687
80719
53248
63812
79660
62547
47369
33414
18604
23815
6699
25663
56523
44217
48142
7618
22427
85695
84258
65677
87180
77103
97932
76667
16614
80376
51099
4838
66675
78236
13209
45334
96730
69258
30269
60011
74374
9916
68573
39235
56357
4586
45600
1160
60076
75528
27633
93305
33496
4483
25232
21075
88239
11092
82179
8284
74693
90878
96586
46988
69786
52746
50032
7481
92129
60892
66749
99197
32412
39825
17224
44774
94947
23896
8906
67642
97219
15242
37550
25732
6275
73159
47492
34527
26881
80046
24053
65438
81371
16921
98640
59830
58058
4467
87011
31657
79209
48023
78310
23440
80147
28678
15985
94020
21578
94020
26189
73385
628
84144
15432
26487
37536
48990
3490
25638
95207
80947
82373
67573
43021
92509
1969
3767
95046
10348
88277
13691
32533
76240
10394
69687
50064
40816
76249
64017
95231
71620
69677
13385
46052
96496
30723
92581
72020
23134
92110
81210
72579
51735
38487
25749
25598
92989
42993
51140
8050
76552
50122
84067
77450
1275
72574
80454
21109
5026
36582
89216
36678
84299
73325
13710
58709
15486
34179
68195
98467
24634
29227
92017
65274
26445
99791
40849
47475
97295
71955
90639
20658
81308
80391
20469
28363
70156
80822
25714
25800
9233
5147
45414
21218
40396
4115
557
76620
22380
71885
46373
34768
57893
80798
22622
67441
32265
43570
41726
23887
91749
65469
9357
78537
65883
86351
30372
87037
70263
14981
96045
2379
26256
54876
15606
65016
317
22369
21624
88782
10385
95012
22367
72992
36820
80171
3253
87082
52096
20963
66735
63319
661
31697
8755
22877
72121
74502
52420
89924
31504
84208
56045
95492
25043
37102
35558
63211
12848
98076
68549
30269
8542
87020
89508
31766
1499
7926
40266
26059
79973
48422
36153
1039
40241
42451
63668
4241
97291
89680
91371
97282
63690
54780
36292
18261
12975
4532
99272
39872
13018
96104
98823
17598
77513
84714
39560
17590
51663
23234
81361
41463
9292
61183
84336
48090
68494
72393
17124
13257
42660
2578
10187
49566
16219
36810
20168
30180
79991
65266
98896
47834
68591
19304
62546
75606
53638
33089
72897
44454
60802
6805
50335
61009
61066
54227
82759
13916
7488
32437
32663
68073
46681
36559
19225
14650
20117
53473
98156
27347
39200
93324
37107
31326
69860
69569
26778
4583
34056
17685
27617
62375
39784
89937
1991
63455
97810
68901
6451
42554
61595
59324
68001
33109
30141
57355
38920
36923
37934
98052
20772
30280
56733
26823
94053
89423
88203
50423
88372
4343
73635
16266
36732
9664
99351
27866
30236
62083
42873
14202
56712
55160
8115
17634
4311
14705
40388
18411
43213
75332
94104
8086
53573
51366
72418
67942
99482
16754
76056
36622
84402
56776
55659
24229
69704
8691
76578
24630
47284
22403
69042
86548
29113
75289
83868
90667
13196
18881
9411
89234
96604
77881
80456
61948
43361
59888
80772
54189
90245
46922
50113
5418
7434
30752
94454
1225
52983
18084
78461
71400
81442
13730
8946
58809
54139
58626
76874
49179
99411
85993
76397
37508
33576
61439
44082
74266
88366
43052
68214
35233
25819
22236
1465
63758
2031
63746
58933
26106
58557
12088
58651
34451
13307
44036
51084
80396
13922
89110
15889
94517
77506
73037
91447
92325
66246
44346
13866
99315
19615
15517
25069
31717
87311
17099
41811
22687
17045
80273
79038
3901
87856
16338
54706
40252
46897
99756
59540
64850
51746
79513
79492
12318
9740
9074
116
97658
54506
69869
43972
13133
4520
41287
68508
5309
52727
69468
3653
84033
53616
5299
7684
82997
