65930
37450
87334
78046
1509
93667
57252
63477
58655
86241
94004
64227
13237
73167
40986
16009
64643
64135
21155
77040
56994
7592
15986
68393
65154
74695
76169
11407
3199
5244
67792
95656
22467
44765
52773
21995
53144
32489
3105
96956
65096
82202
15043
26099
79539
34621
26875
90746
71404
16702
29429
65845
49553
77596
47391
68827
53989
4923
65401
22019
99115
61209
73080
63610
79521
72344
7031
67473
76151
55770
30971
55347
58634
54379
45410
75092
53858
50072
58823
25029
70212
22749
72116
55555
84148
43420
63012
63569
15115
21706
2931
61530
68049
95043
70437
20344
87000
81790
1520
14738
98868
6875
93384
4703
89210
86104
7205
60362
55060
32227
19954
74702
7999
41226
32532
18112
69121
68814
36789
26732
78506
40598
61196
14424
59558
8704
9259
59813
22812
32690
9157
75091
61702
79439
36186
61828
77453
95493
63104
39897
29920
10338
1679
19256
3345
3239
68137
31535
8556
16629
23109
12050
8469
43652
90615
16449
52221
22867
57885
94917
92320
75001
39496
61977
29726
90778
49317
78373
5685
24405
7143
6245
79511
21050
403
58568
9837
75641
28680
32628
28616
73205
56489
65607
63551
73656
41960
15961
66058
89312
16144
91485
32890
68343
2575
6150
77331
92704
78206
32134
93191
9901
30543
690
98448
6702
6834
52289
37193
7972
53700
81011
44937
33907
4788
49391
95262
21
81843
49348
73154
77900
5880
83121
47100
42992
19245
71328
30102
50886
77849
54796
61078
12721
45899
48900
87004
30210
25951
94664
75735
4587
93105
25360
90884
91634
1435
4908
23652
12609
39372
52230
68440
71162
17768
25092
42940
85895
27382
92009
42269
41487
98570
32283
28568
93669
66287
88799
21361
31995
93360
1184
94989
65684
74403
50159
72396
64470
92818
27621
49830
32478
76744
4867
20449
51726
70709
63674
86316
86625
54718
28135
4347
99999
27044
5078
51712
47020
62863
46951
65922
85243
4054
12430
76445
2561
93006
73716
50998
13732
33869
63196
10744
19761
76537
62400
51408
28172
91026
44536
24065
59298
69305
76508
29733
72891
91708
12226
24354
98188
91839
94593
76452
58632
70280
9750
73276
19894
65542
8451
35157
50206
703
32821
58318
65758
71189
68351
79065
21017
22485
20226
6704
20654
80252
64462
75278
50374
61797
17058
7057
11239
34547
19471
12586
64806
44632
80827
69630
8729
4352
7041
67101
61610
80381
62101
9788
96616
34447
71205
20561
89016
7055
29403
96139
64232
81497
69472
8107
40356
88756
58363
16386
24194
72288
6262
90217
12535
17530
66273
83223
20941
26062
54480
99747
33900
30554
6303
91574
63124
86075
89654
59915
30061
61911
40584
22183
39766
31398
885
69935
19738
10461
36112
76746
94176
41560
71162
92308
11937
18308
54221
2107
70773
44870
29653
40154
88134
16235
64728
5296
74790
40301
64567
92028
89693
10815
20460
93207
79610
73462
58547
5870
77834
48756
86150
32571
23175
91377
35872
23359
19847
86888
4995
62846
37974
32603
10932
95671
29438
49156
20356
99902
52738
49274
10570
32183
29738
44444
48492
4657
93913
78429
90013
25309
89978
66028
74976
4842
40825
20958
4810
67583
32590
67322
42022
48404
26932
49025
18578
86605
13399
87897
5094
37011
94188
26740
52469
51121
49850
36993
72427
67112
98358
7375
37239
76367
28526
2521
83491
60779
35099
17619
34558
78151
40921
22864
91066
92848
78354
87981
37649
14416
57270
89661
90306
60485
90343
13905
63162
10204
5649
89827
61038
83151
12535
16288
83749
66873
73224
5393
76242
75026
74609
9636
70046
33676
63180
87356
14628
5768
40725
77425
55702
10901
15773
73764
84702
75558
35736
94692
86398
2031
81650
98710
95897
78364
3454
63429
7626
69966
77230
18374
94226
5907
95166
37542
93104
60353
56971
40050
47496
19854
23234
60707
68422
93839
21842
20420
92091
48555
94755
353
57254
62203
89728
64430
29551
61025
19824
23569
18636
56130
12355
83309
98598
61282
92424
71211
17622
55930
78235
98503
13001
25496
59418
66325
65443
69043
91961
30287
92863
1704
74092
81724
64052
68311
7906
77950
82740
6996
2289
76087
68462
77130
39148
53241
88883
65010
47953
96329
98966
10156
80478
85839
67468
79480
54180
42589
16818
57108
41716
86618
50734
59346
68726
5417
2350
73588
62905
81659
87885
20455
19013
26989
24948
43673
5259
95359
4797
13017
77758
30291
57298
96234
50715
50686
14676
47875
90563
78862
57912
99270
6217
10872
12395
23835
17607
32125
72247
66152
81963
5144
40797
36207
95471
59495
74178
22276
17702
11155
20807
93481
46930
7485
45968
73225
49075
24999
79334
75853
50714
60893
71159
87966
15995
71870
97851
2840
76257
69803
86002
77382
43131
9770
67849
16064
65812
51255
35612
91262
96225
93608
38773
82168
4851
43067
86642
10396
34188
20095
34213
8042
84046
78140
22869
76495
94127
21120
81761
82684
21097
58022
82501
81283
60237
42373
12053
86798
20312
18258
33990
15964
15038
52531
40620
3768
41251
17058
47614
6167
77769
27866
18998
82990
38627
46944
7572
46094
12615
98033
1954
53085
70690
29092
55795
61234
29862
97756
56612
4877
43583
92653
55364
50352
58371
25992
22736
99198
59047
4228
7095
79951
14030
91019
80092
14637
52348
38526
98362
70350
84457
95910
91650
10638
51282
16696
86719
84072
49449
21124
30907
77232
94156
12795
59898
25169
17203
27194
92292
24318
35331
38775
6849
5751
61952
96743
36732
80602
12991
71881
59498
51491
29433
12275
86020
99234
32091
72119
23183
90616
48378
90385
21245
30829
94948
10736
60556
60592
96050
61086
41517
74732
82778
26670
94591
20548
31425
73985
31578
62891
25230
76917
41095
39554
12057
29163
88940
27343
72194
97171
32710
62710
20990
83670
16879
16247
97803
13824
74911
16355
13765
9128
69422
23772
50162
92797
71191
90793
36855
12270
44089
97299
79246
73430
58103
72478
4207
94115
14079
87623
86219
17410
50824
37527
37975
63208
6068
96545
57029
76447
26485
990
65327
34731
48780
35618
72333
24824
8396
4634
10982
49538
86493
38757
95458
87617
84061
48140
32478
43695
49696
40831
3385
22998
85336
98382
98091
28059
92945
2848
46198
25889
37459
16628
6580
71324
55018
9842
24720
915
42434
87660
24273
1649
29835
39158
18032
17128
92668
2847
35754
84322
17908
81931
65489
97029
124
14703
54462
63074
66313
56969
49345
89275
36317
30233
20089
271
93197
66495
80126
50659
18013
77074
41020
42670
79911
39226
84506
33665
50618
36236
58456
28209
39423
3200
98104
13378
5751
40271
97554
93202
36417
46286
79083
49088
5912
98626
3937
27767
34072
13567
68157
81594
8193
88577
97355
43182
