6117
30521
39471
76147
15960
52608
25114
27531
65550
45660
79872
32737
60254
34427
92480
13486
2604
38531
950
14065
42607
89016
11886
99034
82196
99882
15284
82165
26171
82423
17191
6128
88991
15268
32652
91723
59924
52468
91038
28699
15496
36482
53795
92507
1483
23393
31801
59217
39947
2798
56495
12376
84248
30414
59793
77646
97799
76393
78844
10268
20434
22371
59023
98685
8380
68755
56354
24589
29491
52002
73488
23760
23438
16769
95728
6845
26325
58695
79266
12965
40095
31846
67140
26403
79446
60905
96004
58721
72888
70668
87312
28452
55543
89592
39657
33302
16128
9306
99446
75694
67641
93758
12949
4574
56546
71053
91244
22169
57118
80896
80382
16895
11788
88928
58233
13222
5709
17724
61804
76102
68010
64934
41685
69025
91566
70315
24600
12462
75726
36332
23340
10305
43338
82461
70192
52792
20235
12634
9595
95140
80332
24705
42225
80786
86933
54864
61329
22133
73410
92
65611
81298
6978
52267
32079
21064
67515
18734
82561
51418
38571
57535
58120
29434
12874
46483
87717
1459
41195
71771
41249
72851
45377
54557
29792
29907
46494
36010
85649
60485
25495
92092
63047
81849
50851
92302
1026
62508
98082
6168
21926
16941
71290
3973
33838
68973
44349
64819
9433
27427
31303
77958
75234
68569
63907
88265
74285
57206
80940
29122
11965
66921
38545
72913
90051
79535
54514
33829
81010
95201
25415
251
10093
23069
82880
22003
74337
95406
81703
5169
93487
30875
59746
67405
17857
69834
29396
43640
8126
25423
74243
84940
52633
25077
34292
39918
68868
35783
87922
15266
37378
81307
14926
36139
21241
14971
51968
85790
24358
94642
35404
41985
65099
27408
55072
35558
89604
43994
90042
76958
42711
59057
71494
12316
19593
70237
56004
68135
79661
84085
72648
95546
65367
80782
51419
99516
17903
46302
70239
86680
59297
92011
34704
1976
75121
27253
80870
76451
96108
54077
76535
87792
89242
17073
21017
97413
87440
99957
91813
66225
57826
71503
97559
15714
23317
90222
84914
50659
42738
8184
69633
59510
8118
63503
86424
89578
71558
47168
57720
5465
73536
94120
79377
72289
40557
39106
85634
30749
68243
14129
11964
68863
24231
47175
51684
56332
58367
17360
76791
62196
95046
2622
67593
20364
75272
30993
11654
58122
7629
54722
95257
50684
62755
237
82955
57286
28723
57945
75586
14710
95894
89830
171
25605
39265
61681
36211
58317
64571
20454
57263
79681
68431
36739
25019
23022
30493
95877
25471
10028
26314
98130
17678
9408
88728
11970
83752
79090
76337
49034
17920
31749
89501
20198
4567
60760
22515
49891
77319
8761
51723
5350
86940
46817
38610
57660
60636
77807
24631
56703
7144
40805
68866
35746
15706
42457
19652
27610
30734
99705
7242
31785
82109
89279
60907
4455
11685
93260
32737
37231
99908
53699
30260
65411
64323
53477
77777
26461
92528
89125
11738
52628
33475
15848
43448
14631
44834
64443
45771
60745
98912
80304
34594
73321
23904
59830
48421
1948
7319
64019
95215
31337
18511
10465
88634
81009
66312
62851
22899
67354
83258
20803
11660
19798
17109
21865
79376
68916
29897
73721
74417
74435
3329
41194
24701
78622
69066
85343
47503
71929
78674
21412
36578
6311
92876
74278
54048
47429
71120
65166
17721
86758
17822
32956
27919
40859
58915
51101
14446
98047
85108
78313
44729
63772
78935
82811
89151
83102
66274
85518
49421
24530
17851
32464
21725
68571
64254
75365
47564
42193
14205
92283
57769
20437
14113
93830
58953
25622
72623
11127
64087
83065
56774
26909
20232
50665
51813
40376
67181
78747
63562
3254
60515
59356
3092
33933
79972
49913
21770
10196
4320
6347
75668
73342
29190
81341
807
63155
44507
84859
54367
49196
72654
64537
63236
19499
57698
96189
74415
15925
5514
62826
1094
3213
13076
82570
44899
92751
96828
82166
69619
41477
35297
97861
666
4105
65044
53744
46003
86968
25516
670
28245
22287
1271
60401
75730
6725
17387
72331
52153
13189
77499
69214
96667
54630
56837
9711
60842
8232
66056
49990
38814
8749
27154
24405
83985
73714
44504
53507
458
60169
20895
6323
33015
61589
59447
29110
29171
3456
80391
84009
37767
15260
81475
54988
98477
20084
58426
16193
33487
19887
56428
41629
34350
20321
45241
84718
40479
19597
95028
85577
93455
53370
83223
48207
53991
15377
9712
85275
57515
5552
63961
3307
29629
63215
80326
53288
10495
26637
30487
37043
27829
95349
2284
8622
59624
39443
9272
71109
35878
25324
70159
85847
59623
21951
22297
88069
79723
57399
97800
48021
75391
20842
20038
19395
54175
14001
71208
63205
70645
95747
70655
16217
93727
18256
61613
27246
74383
21016
90420
76780
56300
13926
95690
72833
2037
13996
25801
89256
102
53532
23139
58200
51603
39775
53778
33382
23345
64694
43629
26072
52532
84492
13847
56104
60563
43668
48882
17969
17352
91587
11889
88185
87187
31308
26059
52890
51678
11381
13259
43246
315
44883
18531
42775
27018
32870
39745
68841
5079
54131
2298
36885
34432
5690
57923
31058
33236
53427
98911
46506
25910
77994
56435
43838
12705
27028
69109
86199
65061
33261
36162
94634
78000
70928
68270
17255
9865
24306
72566
94559
87061
51035
29266
23887
26428
59330
55495
52077
31333
9892
91033
4910
20446
97536
75485
10865
61048
90578
53772
88044
65391
76490
62323
24657
56232
29224
39207
49756
15411
6775
88215
30268
55407
66691
76250
32475
97517
90072
11815
79148
95052
76888
20643
3184
5891
47737
90740
82725
35614
88793
17076
58156
58368
65598
39106
469
85127
38670
13779
14057
13868
50728
79494
30004
79177
55998
96244
26317
28150
92528
97862
68387
17932
24581
47393
10117
32266
39400
11836
90894
39254
69469
64882
10764
56923
74303
93715
99308
90224
57591
85045
71587
26458
87579
85928
32091
79016
8480
7206
9144
79099
40734
71401
32262
64585
83327
23479
20993
10775
45602
97433
5025
55459
20819
72073
34592
13316
89279
24937
63816
11369
5366
41105
58750
58622
36354
77856
3109
3502
44030
25844
80113
53058
16341
11348
1897
46055
12249
49514
88984
3373
95868
83310
12464
4395
95246
72830
69915
11104
80051
66538
83199
35541
53344
75051
1293
17887
73490
13044
66727
34912
67788
17120
95372
54317
26411
76459
86113
65705
57063
61437
21789
84240
68040
52001
40977
3025
5314
68339
13682
62579
43855
27640
5540
3832
90376
67944
3205
36158
93247
56678
40980
57410
76924
50352
43068
92128
5458
97457
48896
4501
47774
8532
34405
92965
25339
87668
6102
22105
85924
15790
27224
86208
54727
35576
92300
65206
2914
99211
29946
7490
80446
53755
45952
34521
10212
32647
77398
84032
54272
22412
67260
60462
7633
66260
58339
74096
53001
37931
69013
8903
43143
63731
88387
36716
40399
57613
22217
16979
98915
77240
78783
62989
37345
68630
34367
99975
51384
36361
98797
31792
32167
64734
7528
45752
34676
20063
84940
93940
3622
95532
88194
43262
36544
83172
11653
31514
28827
5021
912
61267
29950
99283
47241
32259
42972
42365
10821
27025
24331
36603
74935
33781
18716
88075
63768
36055
74396
53180
83412
25494
94918
19641
12431
92100
15490
85319
29042
49902
89822
54378
5430
66394
6184
82497
37708
38217
64709
80754
57574
23708
74801
38976
93381
88210
10676
24665
83841
10287
3356
5420
38478
61561
65245
9720
2225
44412
72578
27487
75487
8494
28078
14745
18126
89548
58612
4165
9211
62083
2319
65818
96151
8458
76639
90332
53198
45388
73921
50666
6645
79076
51113
99477
8016
45058
46942
53611
8861
50378
32787
27664
65792
25755
38590
61134
60908
73581
30646
98595
32651
10932
35182
26905
59274
29921
61000
8692
41028
1767
61400
91204
52393
1691
82134
41977
87755
29396
66623
77238
98245
86258
61673
49023
57833
82908
99009
17612
37060
41537
13187
16032
76847
68000
85
86195
96725
65219
33633
12522
91388
63142
22572
53481
75026
38902
1560
57471
77718
86868
10450
19487
99711
57976
56441
40239
45709
88402
55212
35641
20586
26956
10926
48927
48989
49324
8698
65707
24235
44182
31484
22020
2538
29518
60627
18493
18595
67258
86370
62568
90307
98053
69197
74088
99582
14144
76182
67780
33473
4164
92852
25815
38675
52851
21324
40356
78470
8540
8175
66822
57248
6748
38448
57862
69249
49122
46592
46374
35792
41867
91336
74906
23654
74764
95458
23990
25111
81422
36757
32930
58936
95540
5899
99307
36273
82936
20912
43443
93505
64371
68873
60360
38664
98907
18415
79250
67382
95974
15815
42214
6669
18701
96735
44024
29461
92941
93478
10029
7772
42022
44840
99022
48999
22886
49286
62712
13658
36000
22766
62929
39232
41686
46012
69301
82264
36406
43949
3086
93724
49311
72283
13506
57871
80133
61658
84358
97026
62858
35597
90193
20578
33549
78374
70699
70338
91455
19353
57188
98945
21583
70235
78561
52120
88072
84796
76529
28354
6992
91326
44189
4808
12913
73425
42782
96520
1749
41101
48393
60705
41994
11307
53317
43806
9221
59009
16093
15389
44802
22168
49
91706
57034
32651
3463
99773
69389
19613
23327
82396
24079
14839
87588
94638
18047
57342
51870
93678
69570
70285
14500
10984
66959
39412
52302
37443
16659
20013
73737
1931
96372
35062
21604
92473
54931
61200
73384
2178
22603
11027
3972
63961
69878
36524
102
55041
70094
50516
44869
67988
75025
98286
69659
61673
28093
58076
44592
11237
8123
31582
86034
85953
73785
72393
2561
5235
77423
22880
3622
40380
73123
31570
47300
75149
86184
33391
21159
58583
25953
83368
77336
33358
43972
72546
54034
51544
32313
81751
3119
64984
130
56201
52060
24594
50356
93572
41260
87450
57155
82031
27784
79294
42140
38382
63555
24620
9355
72791
45739
89505
47837
53582
55131
32368
7008
54464
84078
38571
90375
83160
47087
79248
31818
77762
55980
37907
72970
17210
39720
27780
37937
59952
53263
74173
18456
43706
92676
58507
16450
10677
33718
66422
7974
15514
10418
97230
89354
55033
4786
26708
74154
78645
14291
58082
89048
60732
80196
49624
28126
10240
15738
69444
98367
5623
16801
64173
2075
37644
36108
95996
17457
90847
45933
60200
65918
99136
87201
32956
76612
65091
36835
1639
51175
36672
67744
71232
59953
83083
46954
44980
67860
15851
53926
28590
93295
80985
71233
27553
81482
28886
57343
69909
40444
52361
75827
3596
15020
87764
5899
95375
63636
91154
3811
35546
87265
4175
76538
84832
92695
15619
8194
93084
26674
40045
31856
7350
65671
6377
74195
25870
48072
68525
29505
57481
62791
10886
18509
50805
3378
59913
90293
69338
97500
2200
68792
62462
61053
61716
32901
22389
80911
26009
33038
33508
98329
9723
83259
85552
86921
4187
89787
9800
27930
59142
88150
48844
71830
26218
91998
88504
20180
22645
16899
63793
38178
65708
52901
26442
61054
58116
59844
46963
69598
27329
59892
11071
52720
9513
89165
41713
89723
84420
94078
48547
83460
30611
80161
5714
49549
29257
92106
67881
91127
76330
66969
72456
60489
76383
28623
304
14729
41203
18525
26478
54086
20494
93335
27682
28952
17163
36904
99852
27423
30359
26271
18994
48713
82953
85159
6831
25072
69752
64917
39099
59359
54558
29850
49459
42932
90503
80632
24357
47297
71797
11858
34683
86893
79316
53051
38593
52152
23349
59889
93012
7611
75209
74530
83849
3757
65084
80172
50904
98371
36075
34915
68387
88047
9923
59915
3430
14153
91320
39494
52189
39819
62750
33127
35244
22933
96744
98373
303
77425
64507
8779
65183
5170
62477
27596
35198
97206
69663
96948
80895
64458
34133
61401
95925
48492
76846
70384
2774
17099
19812
80989
47243
682
86754
78146
54327
39908
73725
55800
48417
90250
72784
21660
59104
96648
13688
26464
86787
89541
96552
4290
31226
96233
1834
37978
90820
82713
31219
76941
54102
67293
40290
20319
88356
20003
74613
6181
14287
84477
85607
71192
57963
83077
89962
11142
58828
10592
30781
81858
19148
32032
14122
99388
61724
73092
99039
2091
63237
66010
90598
98374
55385
61509
22275
882
91483
4729
67818
58774
10568
71587
9403
32234
50016
39302
31195
44814
32629
79072
20304
8119
40751
31851
43896
42404
25
70079
69543
53038
24556
94965
64059
37822
71317
11366
20765
61561
91334
9233
43351
14742
82422
46076
8460
82865
49973
77106
81913
48280
34449
41643
21478
55585
30910
65353
55624
98174
21669
11038
74774
83817
4684
59051
91654
88346
70814
47460
41956
51416
39190
86863
7246
84844
41293
13771
81775
73393
90238
49709
6166
65063
71090
64965
56050
61287
20750
83231
52972
4816
83925
45829
85057
66720
50106
52163
66235
71934
15654
46531
38155
53716
42402
80374
82404
60859
27618
18515
52471
53518
97262
7386
59207
57344
56878
98514
94600
63530
68498
94640
55193
51324
68379
77081
26235
72885
95433
20574
28525
31758
47746
45510
59238
57360
71004
37098
45038
51494
41639
52218
2681
33741
8538
95773
93280
28967
74328
47829
33949
18447
9311
75905
32932
29256
9965
11004
31033
45614
50287
99875
46450
92461
76583
29555
94922
72240
24249
79345
37118
90962
37234
81891
51367
56977
6646
19707
341
56576
85797
14676
36293
29499
62952
76437
92831
95286
65566
90451
33198
3854
8734
2804
31228
26529
12488
74253
10058
24697
29676
97644
98537
36259
6102
7826
91128
38558
97717
90520
84474
26671
31015
56626
48627
64465
17891
80049
14399
58794
89186
1091
29903
70521
57706
67125
72321
84908
89369
76280
19802
96910
16554
17473
87843
49692
72135
53227
37117
14553
43436
57111
81923
62551
83155
60723
67547
83510
24194
67257
52024
92906
26573
61710
21519
96404
91624
34283
11027
53843
45838
5528
6863
97331
58343
72468
59168
90243
28985
74290
18605
11300
84622
20477
49187
77310
1470
58587
96913
87437
60953
47440
25725
8920
69235
36698
86946
39714
75052
55385
29159
72185
10299
65809
15100
5868
89527
32872
58547
88282
6049
94186
62521
55973
87537
81069
49680
61990
26107
17230
56554
29850
12509
22810
40580
1369
60617
32649
83485
28647
78858
11620
80145
60452
17364
71367
81430
35646
89581
58722
94674
31014
55633
28569
41655
22816
47175
36908
68189
87219
89630
87665
14650
96673
2850
44252
11232
21873
76129
17152
69683
26760
64405
78352
33317
28598
40814
52095
78672
69516
57661
24613
12688
62091
39615
36866
60122
5943
45988
30877
31453
70827
52475
18534
69268
67815
75292
62490
67908
27396
8177
21700
16248
64999
8546
89184
60631
42708
6940
9147
31295
45850
90909
16374
89568
42892
20926
92137
5367
44176
87837
16069
20069
60816
53222
38226
39116
97134
73726
87479
49286
55413
57740
34071
74529
43850
58404
23576
69275
54049
93618
44544
58454
19084
16991
72280
3639
13519
67106
66034
39329
21486
69126
35719
51914
82439
33748
36601
21686
70781
25757
94071
58616
71593
12710
72959
16706
18485
61553
29021
62244
54339
93412
12242
88041
34951
13912
39568
54602
28022
62463
46786
85069
86774
43411
90376
42430
16980
32023
735
89544
36661
23629
68607
43183
97220
51028
72191
98957
39562
42330
68659
10216
78908
76870
92245
48973
590
4187
11970
45099
93126
14058
21339
89038
16555
37655
99531
18198
83003
29669
48393
6835
30524
90689
3667
2431
58186
30568
59770
63641
55023
2614
34269
49497
32305
36204
17006
3669
65574
46973
784
9039
62946
33589
25122
29752
13329
31143
68725
92902
41760
67153
82809
51245
69397
31182
64566
33884
30079
1944
32054
31735
38599
5207
35648
78701
12742
16587
57343
22293
83345
10226
48609
3338
69904
45814
37723
81984
77676
2390
20298
60097
76134
66575
77908
21577
43524
45447
54957
27866
21190
77238
40982
85245
30263
10610
39007
61366
28159
56757
26061
46242
99925
38925
82263
64656
11634
89216
82666
12889
70753
2233
25837
1213
28338
20211
84830
83484
26605
48577
54171
30829
2564
38008
89021
1502
65026
81946
14463
10953
25599
84544
24732
48112
55733
99555
71894
9429
59629
79687
20275
84600
63090
98692
34978
24813
23720
2994
21724
68121
82645
36240
88261
26665
8669
30033
57297
50383
84748
45156
83491
1914
61260
25471
22641
93489
65622
77256
94692
84429
38341
93503
95579
52272
92038
46122
78862
22981
89803
34398
30128
94484
42047
19368
3598
66498
52405
99222
90485
74243
71001
46276
8176
8414
36679
11558
82670
17468
26490
45455
43138
9675
26013
2620
95652
21429
91038
93440
13333
91672
26849
82509
16512
57250
7024
91548
59707
1995
43439
48857
96653
28879
8109
35054
29481
54662
73719
37801
84761
19330
90535
20877
99510
57413
27867
78323
11059
17116
54592
282
87738
49947
57292
97362
47822
91126
11786
81633
73712
69050
69936
85167
40349
43686
71021
92821
49203
60201
55679
22621
8884
4665
95009
9269
22212
19661
85473
92470
94157
43160
66255
90348
91842
8707
43057
73889
40992
49765
75571
53514
367
52961
20092
2477
30504
73660
90524
70349
93650
29498
58146
75732
23141
63893
26794
52861
85775
81016
9428
60059
66772
73374
56655
98217
22672
54658
16339
91310
79416
12130
45039
60300
81951
58709
30583
58566
70772
5190
77887
55500
70057
52845
78693
26596
58414
30920
59848
68535
77980
81915
15511
91957
59342
14625
26437
69701
80425
65549
9080
82125
5148
52482
47744
62011
97250
28139
91173
83950
21028
71928
77785
81668
4732
67925
72652
23808
90037
43625
43806
20439
68878
14184
16848
90840
17661
67253
33811
21078
4432
58872
81442
97683
19822
19576
16748
95786
540
62229
47305
54329
19420
86084
95118
66026
43120
50920
71387
93180
24252
2697
65457
85202
38826
63668
84961
22712
22855
75599
43264
51854
85354
88183
32630
97683
63188
34200
24406
11502
8722
21096
4136
93179
33824
52768
17410
57745
78761
17336
24885
56076
73449
65022
94084
47804
41939
65011
86959
15273
97198
26818
60877
1953
99194
21950
57880
90976
31185
57559
42018
59899
76552
152
46790
55753
41140
28672
45689
63182
60522
50490
6720
49829
68895
84476
85211
61129
30446
38105
4190
1056
53976
54275
76096
27845
39557
20960
73324
98416
9992
47176
88533
11524
21921
14809
12999
59573
68700
31094
53656
82933
16151
76195
79806
12185
96833
7381
31738
66988
98110
69402
96209
81744
18727
21925
42940
21196
49710
81907
5269
66998
76671
83647
21458
95486
55586
94046
47374
45397
77980
27801
4386
74905
99382
65093
73587
84190
57621
93376
42661
97178
33608
23945
29870
42925
10881
67996
33061
15658
71130
28586
59928
73351
35897
17617
69661
1725
93646
765
75360
19260
97849
22490
97212
12911
71592
77429
36485
75207
7966
45646
85537
37894
42032
55100
887
55435
62184
7645
77311
68885
77388
52920
26745
11221
57882
87602
22842
72276
76362
61001
91522
57694
63637
57583
19304
38570
25267
71943
38134
15560
66464
64693
87345
39590
12824
92165
40657
39710
97410
13148
99279
49023
38985
87250
29468
51958
32261
25332
46542
19576
82297
18037
53045
61327
73045
28972
31212
88608
7419
24494
24875
4021
351
93225
70170
6539
86663
43930
13664
22394
66322
56843
33560
80092
89877
75501
57989
70748
92352
64653
2876
1053
19872
29974
83808
69764
98813
99844
53324
72067
33859
57984
45160
90082
57310
88349
90558
31852
34175
12813
135
19476
7100
75008
21535
57250
43187
61147
18999
16925
53486
70641
16937
89942
79650
94081
69189
28623
85521
28363
88170
84551
5328
240
26321
22148
45795
81125
33827
97723
71973
8595
52939
95326
91843
65551
8230
90114
41320
4881
12695
95308
74547
57811
12439
65912
78500
94472
63337
63142
66678
10774
78252
37794
12581
71441
88554
10381
76753
48950
44749
51949
84860
5440
7024
31918
54477
6635
14803
14099
20663
2723
13833
26206
48051
10311
93036
36503
84617
27520
67056
7708
67822
52824
46869
31909
61575
95737
28502
41011
90348
75299
27646
33333
21832
65801
28506
73943
53565
74536
81290
78855
63524
35717
97073
18341
95186
40258
43819
45670
97942
19773
69086
56421
99102
76741
60009
88263
22202
78874
52634
37993
73016
4064
19356
57000
81902
58559
67245
35053
44567
98779
84973
24851
11828
52779
13842
34902
27764
33591
96729
78554
62382
54419
25303
4181
11851
20050
85709
43258
7809
75433
85882
23299
77753
99490
62410
83194
37234
58521
81772
27172
92671
83799
59842
587
86283
83240
64433
7110
27709
99483
12376
71591
2614
39318
19550
25153
99351
71827
27300
70035
2176
73018
91705
64821
52979
49756
85676
27743
17175
23786
18652
71057
60473
67888
44492
67938
16364
17138
39858
73608
9809
23617
78606
16960
39858
3705
74968
23515
76072
84442
3186
42854
80796
31457
85661
31700
72746
43459
1575
23306
76770
40006
96897
44390
34345
99611
45583
51917
26716
66139
38809
34672
22132
10557
92767
6970
13989
50930
34377
9017
68384
20862
47676
63974
94073
38962
29576
8338
75522
73386
45342
71343
75222
75232
28575
62073
43891
65964
29744
72895
34366
24921
25450
97650
25930
58916
56941
40073
73939
39859
89269
39149
49157
95664
96708
49576
83194
25185
31807
83141
22560
44006
94389
46756
26264
65166
31898
26749
1851
72597
34802
77966
16823
94942
9480
71810
49687
96681
60670
13984
68769
5970
75967
24493
18425
678
56272
61823
86851
22050
97286
8512
97542
10026
98897
58651
20107
29122
93077
44230
89925
77677
54745
36523
62058
45151
65144
5365
88063
14753
9333
564
57971
11105
26060
64205
29826
75283
75844
65376
15225
16073
34592
6647
91225
84074
59796
80137
21076
32753
55253
45640
14101
55781
94953
65805
18300
31313
29118
68125
5799
9695
54487
73208
58924
49269
11040
79263
41090
10380
88162
31935
49408
15753
9042
44702
78301
38971
48804
1537
53175
63248
41726
54327
2127
4755
37639
26310
43953
72390
97086
12816
8529
57399
88102
97761
28049
32035
94047
10456
48671
80676
32016
67344
57147
43160
89280
55754
79254
82896
77733
52632
90263
18577
2484
43144
92503
64362
73782
57867
91916
67315
52027
257
96546
48798
57000
10531
28165
46333
43116
10349
11836
12528
32561
88614
34031
73288
23534
94541
32681
96445
58905
64674
25368
92873
47866
5678
96433
23167
30810
5711
75793
34219
9434
64836
89247
70952
37409
94418
13197
73624
67885
20113
75356
92675
26282
54326
93695
97615
89248
8189
48824
71511
65798
36018
53407
75852
70933
15964
51297
93829
99480
3559
54149
42884
90463
80333
81578
66535
49843
7553
51916
66983
83204
40343
67205
65361
8894
97779
34416
53663
27097
58061
26408
64882
50192
68349
87760
48365
56969
51208
47084
23793
21907
12103
80300
84113
99438
49681
51048
7889
32228
8165
99847
38624
79862
50262
62138
53999
66257
46226
89317
95117
28255
36465
17982
71904
94137
41111
6606
75650
99930
55813
60692
56150
98927
65443
21097
50565
92811
11426
53342
12986
36983
3025
59265
38038
24102
90079
51103
36624
26343
90023
81891
75117
22388
56509
5724
11096
51143
58419
29341
11166
20492
82888
99678
11432
54833
89294
21120
85334
87065
35542
30126
94197
4592
21050
72895
75164
95066
9991
78423
96841
39493
90693
52557
22931
73628
65733
94952
81643
54877
81350
28418
34612
25634
60707
80911
19580
72379
78077
90582
11158
25373
3232
72766
32630
41012
96020
54756
50536
69268
27619
50216
10317
36333
6209
25128
68403
53373
67485
99844
64559
35327
50947
83841
82298
35233
20300
91625
21893
5299
41891
2159
94683
15899
94324
49168
68914
8038
59987
89301
95852
43001
88549
28821
92304
12102
69647
87704
88704
10361
18906
65110
45784
51538
94720
24029
28034
3021
31638
65265
55864
88125
63317
27886
20279
10615
22182
4778
50364
50218
89194
31221
88830
16237
53571
31170
11527
68497
52355
70079
39344
99349
30991
27040
17528
80857
60335
92987
58273
778
84597
7020
28232
61883
42343
5112
20927
8597
12682
90222
47432
67429
33645
10025
80368
18227
17936
94931
17925
36660
64144
50052
7478
5173
83632
97928
66982
43000
98212
54782
77644
17019
9341
36028
87273
29811
14636
38736
82183
48888
12469
46754
42891
7642
48242
84341
77751
41777
77440
85068
18527
88498
21642
3401
31237
27293
91793
53392
26899
31571
85781
89739
77909
49733
28898
38919
16016
76104
59833
99803
35907
25957
73978
5768
88408
3469
87435
66396
38279
70153
8296
80753
48936
45487
70023
88435
59602
92432
66534
10366
82741
25679
2515
26053
55569
64556
47384
96623
91985
51166
85058
13212
30855
47552
55276
56806
1156
99970
37933
32707
88116
45376
61114
90118
96724
77711
89241
19493
27346
11348
98243
75285
37920
81967
97589
85137
38163
81588
72308
2394
65982
34362
60090
88952
21958
80556
94785
703
13346
89758
31275
50221
86162
96442
35980
43471
67608
14839
37300
76899
86871
96395
16477
31992
2887
52023
41005
7666
46641
7521
88872
266
43885
81503
98838
58802
72950
4655
49868
3926
76263
21124
8922
8798
9365
92570
18800
79760
70824
65578
94382
5874
89718
57817
53766
52685
78814
14796
81808
44301
48190
51126
35658
4037
52882
66193
57866
9391
92138
88587
14082
68881
66278
68184
3694
20091
1296
89093
69820
47981
63638
16365
27641
50006
74019
42596
71572
10199
12281
3568
58962
45350
45134
45688
65005
67502
41536
54965
97577
51539
67061
76101
45461
74579
81843
70270
71834
2632
44057
65663
69635
65354
82360
34754
91465
77458
68914
52014
39258
17114
77261
25930
35654
80512
37940
25867
19237
82376
2667
76270
93160
69601
46764
90721
6171
65984
40579
16987
74131
84264
91554
55212
51962
41388
83426
90415
11924
72555
53975
70973
7916
66202
80942
34907
35329
8511
24293
60563
29959
31257
24392
41504
75483
25341
57540
68450
15078
13724
67337
55346
76845
94560
75169
50768
12147
60597
52743
44344
8556
69156
19237
90482
22751
63098
78607
71081
52086
40328
88630
1843
29413
964
35050
92591
90933
58156
879
11182
44396
87882
47770
38791
48859
34323
56328
19374
65956
29226
90523
55679
2245
18594
14834
40020
77477
93024
77764
6807
95514
57983
76793
64721
52213
81741
41701
83360
1899
52402
30178
98855
12896
71344
60297
67487
64178
91686
67820
93867
53279
80623
851
25930
40308
81160
15697
18726
58228
47023
20514
81545
42593
55847
30339
84623
65482
63319
44270
73014
95504
74034
66257
89618
4950
1681
69802
86845
15110
82461
16481
53515
24826
60969
5794
40668
42253
84859
61397
98091
15007
18731
36924
35523
9566
37508
22312
71122
23960
98600
28792
18805
47450
5169
36912
62386
88035
3537
99730
26373
83626
51546
27451
66162
90088
91898
13308
17817
13700
76895
60115
90792
69818
55000
60294
36394
45351
4347
32540
28669
53523
31491
67128
64450
41275
60530
71635
47405
56057
33204
51444
80411
21523
87908
31566
88420
64637
29831
42390
35174
97324
40534
33152
27489
68697
29882
80725
85985
95853
81424
26291
66038
92367
57772
99553
44095
81095
76665
75085
66501
69262
44510
18340
29188
37812
43997
10670
76420
13294
51253
87555
33702
57370
4711
25454
79641
90544
41653
75036
54637
6183
86022
76225
29375
58720
33767
70984
65682
57875
75500
84660
26751
54549
5267
45335
20003
47747
21577
55246
67191
74381
83750
5976
79933
52130
18996
73042
75830
14323
27533
27824
46576
93767
47970
82041
20189
96347
87224
15488
60799
72691
37132
6810
23839
86018
47607
17697
86844
43538
14829
8900
27201
14448
32192
60296
6032
7287
4961
85504
29498
41175
7110
45220
23696
44898
41799
18961
53300
11987
23171
98205
28392
84603
99808
73941
49768
58633
17935
62549
62836
10357
48781
28931
16805
80426
67013
18696
76257
9934
91155
52684
9258
11375
6981
74253
78608
43819
19738
18491
3495
72348
31980
3668
79571
80926
12521
78167
61216
93054
99133
77831
33006
14977
75020
50110
5513
14959
38459
8747
96502
68858
71630
50089
24394
25262
95852
82206
33397
12663
56542
59789
37435
94922
10647
79640
78147
2929
85870
7413
99401
98998
44966
59468
96238
72394
1102
28074
74223
36467
38468
30405
1171
48336
99029
1197
32797
75371
6528
59819
2114
51226
27864
44249
21684
31057
2632
31133
27549
14055
13777
62147
21544
69763
3086
54103
83896
85092
38873
73340
44380
15082
88518
4555
97594
15364
35821
54827
31401
66167
46341
35433
80859
32871
51404
95156
12214
10149
99971
68056
24548
5333
38742
21622
53024
2587
54009
11932
36689
92994
53774
79398
34356
15208
40516
82576
91569
11338
21849
37654
3632
59463
29055
74603
17956
89587
94301
11634
72869
90555
47596
1149
24764
43311
8098
39807
30999
84753
34924
46864
89148
47001
69555
57789
38970
13826
70945
5929
1243
55413
34622
3556
80182
78512
64403
61733
28066
82098
61551
9287
75300
57157
93575
95326
40393
4233
55544
94613
37903
69049
30409
29478
63293
60508
53836
34549
52596
5547
6307
61353
84829
54074
98623
25383
76929
84932
48963
99884
70040
59127
14183
18919
75033
9305
59801
2130
51600
87222
24637
64907
24525
35111
17173
40147
84377
66273
44604
53634
932
48823
54381
37028
74906
58732
3713
99924
27924
96089
212
25300
83178
40087
53993
37350
72774
60810
71172
98634
13651
93579
33909
75285
73909
70928
4629
69418
7699
67609
39336
27255
81775
47962
21506
37871
77494
45888
72551
78943
26354
46370
8267
89168
41948
30310
56280
34424
48079
79372
41709
60188
16089
36027
49347
21478
73067
56582
16907
62207
65615
64123
75987
3882
81752
43592
66504
5565
57589
98154
71702
47996
48000
1491
12554
55988
81683
63479
14424
32240
98394
56308
2808
50300
50211
48667
67692
63508
54450
88287
17885
92903
45745
69881
76610
88814
165
6229
56962
44899
91356
5949
53521
11199
48066
69536
49015
85524
93682
9311
70830
71396
15849
50292
86538
64476
79543
92287
88851
13937
99951
68174
95885
16981
34654
38824
82841
82422
52568
70998
64052
56724
73965
17230
9021
92956
54971
12190
20340
94885
25885
59378
55934
34982
16609
8578
85669
42163
2264
94970
31836
46706
12774
34375
7745
71774
29209
68155
70363
48952
59446
42750
55938
58980
90319
29905
86109
63879
90352
72831
34855
42555
34713
8995
99115
88524
13638
29520
34159
45202
266
53473
90765
64588
891
7806
31611
51861
80710
23431
87948
24998
52995
7744
19024
81640
41411
63097
65974
79892
486
19289
57746
90664
93417
51847
80378
66984
36348
71764
49898
59119
96530
35304
85319
23697
95665
97479
48289
68207
86570
43520
10065
56661
34402
50322
6722
35251
53711
69212
6732
80118
83102
85215
74331
69091
67953
21617
53934
73935
64742
961
12379
73502
31826
28994
49392
47446
33006
69687
43893
47327
34887
81721
97710
76377
45465
92488
97820
31386
58646
28619
96162
34435
72799
64485
2148
5213
49365
62711
12556
93205
8554
68684
86279
54386
51633
58596
65132
32143
36980
75712
12125
67033
78339
95943
87270
57478
80010
36596
88034
82352
36860
32317
2524
11437
23724
98559
33331
22796
53690
97035
72887
18350
64394
79815
49136
30335
26832
46370
84223
9328
62183
63544
74075
61138
77314
7742
73149
93968
22234
85675
54680
32681
36357
63556
69055
32553
18152
4290
54731
19108
96611
36225
87060
54350
9099
73895
93884
64857
68277
25231
47403
14220
7757
44338
17781
80861
6950
90290
34776
23435
24844
28482
52642
88122
35286
87572
41135
62923
17624
76448
2095
80344
80916
75470
89734
75497
79888
93057
22894
31830
93379
28320
87447
29145
75688
44770
2478
25198
98837
30870
4539
89643
34246
4076
36292
76406
13202
87459
35247
37479
14816
12463
24709
26236
80722
47238
89682
4563
94494
34984
82281
26311
19262
68585
15909
67657
64286
30493
33546
7866
97555
18526
34825
70275
810
65725
12706
52690
68862
40835
40612
9329
20419
15650
98544
7428
87552
23901
45852
11679
25402
90576
51251
74594
73354
38877
93337
64466
54993
64533
36748
47925
17282
6240
36807
89641
7261
6089
51648
58785
42716
44552
97201
62269
87239
67821
19060
66629
82114
31206
87975
54627
10278
64749
44655
32474
81484
71249
48664
55110
21797
56928
66682
93201
31496
2030
83736
47471
29315
98084
46978
39640
22418
96551
6427
16671
3886
96740
58869
68883
89948
59702
38007
71537
5830
83827
64928
17348
40711
2297
51238
34395
81152
76336
36535
20229
46376
28924
87873
50923
79840
82562
65645
46313
2084
42100
83621
81259
38269
82139
19510
95617
60883
36064
61649
82302
37600
69719
85484
92051
35072
59336
28262
29731
97188
74907
9095
14146
3526
66688
41925
79023
58231
69784
64451
99979
22676
9891
43188
98261
39991
71047
925
75107
30474
61561
2457
71327
98838
33388
19958
51707
37945
58291
87708
58899
96630
58772
45550
59710
4775
47948
66825
64784
43053
36761
96297
56879
69928
96167
43787
50800
86882
48026
46797
74830
41733
75829
93202
998
43437
67813
68194
44081
53560
18638
2989
68127
20762
33423
17424
97804
13454
83252
73072
78946
91782
74872
547
16076
67843
89653
49839
29073
92320
51210
40298
15765
63305
53192
39136
39208
91465
11192
49971
92937
16193
6412
3101
34459
54388
82145
39825
56577
94111
73230
81247
80441
36646
47819
31926
15571
27849
28161
65635
29837
25878
39466
61240
32236
51576
75237
23785
30169
1710
25976
33711
91381
77558
98050
38991
88698
89959
52028
51477
99024
46942
35211
35961
84841
34736
83494
6244
154
13663
75870
56844
76310
58280
7246
26331
66280
43833
37824
37582
83053
34815
48154
18329
92555
80829
68515
8232
29682
21529
73046
50656
45198
97008
98722
31811
66822
81514
76187
70195
46804
61800
52417
10030
24225
19674
85162
87063
62268
60749
81519
49173
52983
36257
68720
24533
41375
95801
51205
55915
93718
39276
66466
45206
10862
43576
965
98177
29668
45878
39071
37029
12758
30376
33597
95916
4642
67759
819
67312
45117
39930
23748
42946
23501
24376
52688
93991
52676
71502
24026
64669
35481
19268
4564
72923
6308
98842
98345
45078
94326
50393
52551
11712
53715
40036
65512
70666
34669
1932
29147
87498
78622
46082
32628
37592
63138
136
6636
94163
46766
97121
98070
55489
11249
66631
59680
86963
31493
19483
12578
37062
35378
25910
26406
49254
3072
94110
88691
79021
66838
1749
86648
93865
78452
95884
51570
21852
85353
29236
67450
98301
47730
501
83406
44988
55344
84759
20922
78914
31332
11230
60131
42614
5738
42163
41456
55357
1168
5372
73781
33817
6385
47886
44061
96338
19730
24889
63667
32914
47991
9474
21357
89353
71843
5902
24758
64401
79051
97945
65623
83244
51094
26279
81665
78890
75572
29106
92441
81863
36503
69314
65312
26289
16242
81882
88606
56775
50220
36431
43339
72124
23393
46932
13338
37147
64278
41904
63362
14885
11798
69233
67625
68470
66414
50074
89391
48325
39810
27064
55701
84650
87914
27666
8105
80058
4396
15679
17231
36749
96215
76209
96813
96065
75321
31887
68595
85015
91326
94112
19653
53755
62917
53443
42086
27938
11521
48220
47139
39756
60009
58441
25369
92680
9532
11154
94339
86839
71925
30879
95781
81256
24966
21571
55278
79523
4660
41782
4397
73217
13615
42593
67540
51608
27564
59890
76161
90037
67617
51824
84686
66690
58461
62824
43543
4903
4129
39781
44196
69484
37727
25919
54834
76413
19949
14730
24162
84646
20166
27567
21277
24638
14846
25880
31394
92960
13215
70404
65390
77075
16773
53914
44807
57516
8274
19067
31685
16554
35470
86000
92701
75807
7583
87554
11212
75790
56065
41481
52380
1999
27043
74268
33654
99984
97054
38759
72740
51542
59378
34331
34081
34529
37726
60639
99168
80973
97724
65348
63158
4116
12695
11766
24613
99729
90986
77550
11685
37216
42390
72100
74065
1570
42463
14114
14412
97020
62212
9460
32366
74526
10585
13180
12335
8961
67202
18945
62350
74506
39631
6216
89822
59819
50191
17531
31854
67817
7570
58149
38835
26328
32159
15040
2965
35554
92430
97541
95251
4838
44003
57794
49555
6813
35431
7914
78826
79961
37733
68231
74724
56934
69470
83018
9777
15602
30314
65123
37229
51241
26860
1932
18986
61400
78288
96319
66619
34739
4771
14856
46399
67571
44175
18230
82024
60727
29714
1291
96712
89803
30042
33874
50744
44006
55807
65904
54564
16621
57948
65395
40693
45013
13964
73159
75932
46950
29085
73735
93208
73018
16180
61329
63045
19493
84477
9330
23105
38351
81964
64609
44220
27132
34645
10152
28795
82861
52292
41916
33865
86112
1562
86925
13659
70770
57638
89721
4990
61188
65723
22044
5472
29275
59027
32802
65719
47809
46816
828
83154
68458
92266
63153
25786
26609
97195
86924
21060
54784
58211
24659
66966
37903
11640
62200
83155
81411
40781
80488
74597
83192
47198
3904
81766
79033
60341
68512
54571
57644
45357
28952
53742
79723
35233
76990
43286
53388
52911
31106
46693
31459
4238
78297
24542
14877
5481
34965
47664
72941
22231
17590
82820
8516
98936
97337
9727
85369
38799
57134
46772
1192
70487
25736
70665
21239
25315
38702
78628
56403
97589
46510
97715
79385
85114
42993
51541
73200
98561
68586
68359
14516
46518
11400
41423
86286
88768
39754
56126
5118
66707
86258
16870
56251
99314
11058
5017
68369
93573
48099
7513
71881
80402
37525
42945
90758
93627
43873
36879
28971
18613
62874
86348
83803
83168
33281
45658
79320
48423
95800
80281
6925
6102
77102
85685
87143
74259
84185
58736
10494
19611
91298
4423
42833
31386
51162
24388
40495
39877
68715
49760
65106
64376
50153
53682
89734
73831
80903
91737
76552
35235
27301
94466
8361
99148
93479
15926
55026
51949
61698
49858
73153
3896
4079
46084
78097
96255
90242
62736
69720
69964
10932
68093
15113
99902
81563
6734
570
29089
75100
29088
83201
17352
83255
88013
22999
49001
34113
17979
75998
3861
11151
6021
40319
97138
35822
91683
5324
22263
86703
6264
82820
86308
48575
77304
30996
40700
8949
98612
6523
12960
95525
7460
24870
84681
61106
63823
8314
18497
68384
31610
46833
16190
71366
29419
9179
88284
77858
25080
83653
84086
47943
1425
1783
36577
70386
8423
69560
77317
58874
14199
75116
46265
82438
13527
65885
36186
55352
18428
78263
88487
6375
54310
51213
28892
77258
19080
28698
29449
57808
59320
57506
93455
14221
26959
83159
84118
41647
32093
1207
41710
67631
5868
20978
32288
79170
82223
90601
54543
24623
23784
29266
15761
26811
21651
99000
23012
60608
1074
56223
23247
96444
52181
71942
34358
34374
80517
59589
81593
29659
75502
37142
7274
41078
62759
68368
46569
55199
97567
48014
11870
64314
32486
47214
68849
4704
90901
31541
63529
2539
77659
61391
77856
34314
389
12789
96448
7317
81640
29511
77052
70906
58766
58937
35437
10069
18971
82859
85480
88127
88347
95823
75384
32285
33771
15311
96125
67962
7456
43655
72256
78287
6391
33614
24497
19006
14042
22802
1312
90910
25356
34945
90517
99728
74354
37572
54028
43408
60733
6438
29872
57095
91288
53074
96979
12829
69418
15514
53543
49932
89001
16948
60028
90160
28988
51327
4535
27579
31338
79075
10603
56485
84836
72983
19222
96672
428
34716
82203
23689
88833
30950
65623
80634
80136
5082
86370
97213
31256
32691
52100
5499
47202
75455
85170
21715
44604
42246
740
67878
2824
26347
77972
46
50213
93483
84436
20367
24530
95363
89036
29734
98266
93198
70191
542
78593
18827
80730
6273
34921
68733
42920
74060
39713
34380
5845
49307
87595
34313
38189
15011
61224
40750
97327
11710
47267
48708
5059
8129
35767
22718
62197
81898
94909
39203
54190
55477
2678
6857
87214
96878
62641
92092
58536
36864
96185
34687
11513
42156
13214
48585
12966
92118
79039
49456
45841
16281
94161
96452
10903
89018
25455
42545
46762
44921
13054
93768
38150
6244
88827
52600
83602
39367
60259
99158
93685
25022
54462
74555
42611
68843
38729
19308
8738
39138
64543
95221
41517
79617
5348
2287
53828
71293
23566
68001
24926
77304
4560
1090
84300
96079
69668
18780
10075
82640
5172
9164
36646
50792
72676
26694
93110
74074
25184
52150
4663
38444
39902
58721
42680
29532
80688
80842
54782
91376
27272
4880
33157
69034
59688
19733
10709
15450
49989
17241
88285
71981
64983
3652
78446
26020
20704
65091
19542
65663
47286
60554
89400
81304
77807
25784
63909
9773
92680
52536
15993
98837
48946
39108
89428
45971
68729
3108
13267
1864
14034
10931
44138
21827
72353
52290
5313
20212
25508
32342
78184
84350
24064
25805
68344
91210
22118
77822
17544
19608
11745
6654
87304
8561
21662
13695
37758
42456
31672
38099
51803
24062
83936
93646
10712
24917
59750
81353
65234
87516
66918
30883
88832
85721
17521
82370
89549
69798
95959
12695
37046
48130
76782
10688
30369
87047
58754
40775
70135
77051
23129
83655
62273
23232
74882
52878
16635
63559
26745
61278
5175
35234
41753
20206
75792
39574
75711
94254
33929
17871
62998
52296
9570
46989
20133
11553
69686
54941
19921
84862
51284
94626
90832
16580
47544
18482
19659
26776
72838
46589
99919
38757
82402
92040
45681
41755
68174
90424
94747
58516
20385
60778
59832
82451
74049
14208
88759
66726
90557
92885
98687
62954
18921
60625
42096
30125
12502
85688
71697
11502
10189
24540
27196
53312
42696
21523
39778
62382
79278
82628
92540
14265
44393
67131
96015
81437
44838
98172
54427
32658
60360
76180
34657
3277
86857
76394
47502
5190
28686
18837
28424
44469
31845
1575
95603
14774
41854
15303
53057
98315
92451
34077
50516
46113
47861
88230
28977
93386
68165
98247
1859
83113
60268
49246
8745
17101
90888
22803
97949
65141
72179
32046
33122
56209
51073
27523
67113
83465
19606
15112
67808
23095
95233
90855
32472
27695
69625
56238
35505
75839
4147
50980
22244
19377
9469
96182
1581
96493
21178
81519
13522
90651
80346
7591
13461
63527
43798
62770
74386
9405
29413
50937
6325
72372
69021
26694
91547
74119
65577
54008
27299
59486
7011
29271
35666
8491
30639
81953
67583
27024
30132
48099
56673
99934
78040
4739
14867
65881
52022
47162
30817
8823
87967
71647
38803
83623
43370
10815
66899
69070
22009
94600
14043
47468
30890
78084
2528
15262
75222
56964
19381
91836
75818
88146
93438
87106
89951
12712
70578
99404
18328
88926
84139
66971
695
75326
21550
49076
22173
35028
37681
68136
73181
3266
74062
77806
70299
46768
78371
11339
77382
99552
46146
6996
42766
72704
62748
46059
22436
80792
84773
75909
7726
90307
20804
58124
86851
99386
89082
70848
9065
92876
1324
74904
79400
78314
25326
7142
6058
88734
94158
10777
43858
56476
60506
31868
98327
20241
10128
48699
15131
78104
17792
97766
24108
44172
12031
46606
31542
95927
47595
27405
21058
19912
21686
46114
74736
87139
53105
26809
85900
94227
12662
68201
27216
35771
77490
78071
24502
50570
93005
45177
80280
45004
66199
8725
81350
32733
25105
19462
88291
28504
85845
9536
34109
65902
37988
33099
26183
6546
54314
14668
46997
39505
39247
50626
2290
13952
38396
58859
52641
98189
37832
67527
73487
74135
97759
18708
69009
33722
96462
98264
23008
74274
87405
53182
16909
13697
92681
86871
97058
65531
71213
70209
36695
99934
81708
73766
73198
64784
84942
4379
75500
19329
32341
37065
92436
34047
97610
29961
23617
41255
19081
19047
61311
33081
11270
23529
96615
80965
71034
1385
18070
66946
27342
1790
26120
66910
11682
28345
18134
16847
27387
68299
92969
58407
4199
28036
85018
57062
83822
59190
29161
63337
6135
56792
91733
18017
6548
77734
47390
32127
74123
326
31797
60683
34561
29829
56572
26803
40517
3616
64735
34560
11991
16671
69775
91845
53043
65819
20023
33233
68734
71745
1149
1347
72716
34382
6871
60477
30091
80794
8998
76913
5423
31249
30388
61145
51387
78620
76902
41859
82249
35455
70525
26120
18934
88027
26831
13054
97837
48691
20061
37731
40622
97324
38225
2394
57339
59758
16759
76562
29023
83687
62804
59010
74459
3247
28295
34481
97966
96678
97338
45937
12801
66137
66628
91244
23084
25027
60927
14902
32328
38736
35042
13378
5618
77853
57370
15665
12473
63899
98314
29732
62692
20083
5115
16851
79459
95491
48353
97399
55056
32998
19821
42209
67233
30578
88328
15950
1582
6267
81715
76881
93945
9013
67192
35664
86431
56631
9228
50572
53081
34298
55363
58583
3983
16256
57808
34506
72474
31314
75608
67502
17748
45634
31954
62872
16863
88847
89021
87026
75342
16935
77022
84340
73492
41639
49204
85746
12135
21661
31738
89839
54064
49262
41784
98991
63699
35924
14662
11882
90933
52095
24479
25212
86030
62397
44765
16345
66189
14068
55479
20830
59010
56107
44532
52418
21932
84009
73930
53100
81120
22965
63768
8158
42194
5820
15356
36783
94307
3698
4850
47031
35176
7631
22729
78147
75507
6587
95971
80136
64288
30372
39210
62708
46717
28171
2730
63808
81622
88639
30030
97089
16989
74882
31642
89182
36947
84936
72963
23964
34997
48989
8486
15765
45126
48198
76076
37096
95765
29567
95160
13898
19659
55300
74665
33465
73587
56428
51859
14992
49222
62095
87284
21847
79378
1544
62966
2802
49350
75733
12736
7226
50557
44891
93113
65257
26724
96615
84186
59855
54570
86351
34478
67201
94947
24951
77066
97393
80344
99056
63203
72536
42927
11994
71504
26416
4211
16394
89693
64415
33504
67847
28488
69069
62509
81967
47516
39542
55478
42134
51784
75835
42276
38158
8540
91155
72412
58178
30847
59103
84481
69020
52975
56092
88806
4999
70870
35505
9556
93934
27557
34343
26932
6563
272
1337
41370
38908
72965
35361
19087
12440
2091
74770
91129
47040
67123
30276
50217
17992
55837
49225
21824
54452
82634
47806
74975
39223
51993
54558
52938
77399
95681
52080
59959
14189
82634
71233
89273
4456
53544
55308
49764
49233
36309
79958
34908
79241
42505
99958
40287
64846
13112
73489
14795
46749
94761
28452
26765
25745
54575
21786
3303
27721
12550
76094
41341
74216
52523
54346
52893
47126
34840
56733
61032
82052
44507
76
41569
4397
9586
91375
49809
54295
55877
81500
56341
67257
9951
7249
82437
71959
79434
70058
44321
41128
30279
25747
74554
16313
93255
60152
92154
50666
65385
69016
96241
87445
60656
49175
46237
48752
22528
83986
13365
12072
54614
68078
38802
34381
24673
94761
4346
70253
57024
16562
14347
26264
99960
45141
68577
11267
85298
91822
44644
64616
44560
37407
77777
79082
23786
12541
57186
64342
31370
16292
23165
69893
32671
59690
34934
63870
35554
2193
47266
55832
7427
29622
23001
97117
85998
69063
64871
3242
65824
47570
64047
89780
2432
49720
51644
66852
63164
97088
13126
68547
44321
95015
80989
76784
59766
66166
34549
91278
17462
16460
20015
55387
80840
76122
24543
96539
82589
94509
22367
1044
64261
39942
5232
75025
16878
93350
49095
95978
38650
43973
95228
46779
51803
33601
60811
73040
23214
19380
55332
96802
42482
5438
93557
52091
73187
56769
15026
31798
60951
87020
4190
88450
88372
73007
65113
18181
13580
76909
61862
58877
41559
25744
41400
45666
79820
94550
78648
6983
55195
26280
91030
83103
3625
44268
2409
59676
24104
11280
20836
40722
33170
59879
55096
11803
19043
88433
51936
94611
88849
31250
18093
66916
99753
40292
66254
78428
56006
40936
38523
45177
39632
7000
13694
73735
63087
90072
37791
96481
37227
25867
80203
73651
3394
37186
96992
37600
39236
51215
30456
38943
62479
60632
35407
27616
57698
3815
65074
