4708
72050
22401
26591
98297
19373
13023
439
38556
65050
71014
18535
5153
18774
80226
94643
6017
80814
1262
34535
64429
78066
38611
70837
719
68296
84383
61146
70431
46716
12676
68351
94622
49013
73866
34554
78163
43267
88051
48693
23360
7157
74344
26630
1920
11111
46757
80062
6911
62008
91613
55358
92438
40857
26379
20610
44129
9281
5527
44705
82367
1726
88578
51309
51813
63847
51150
46325
79424
25677
44
20522
59013
26191
29731
39679
53558
87756
59706
42441
71700
60434
60258
47046
4348
39510
42755
27738
93087
12061
74146
85012
63009
8151
17163
53711
38350
60331
77153
77332
8820
94573
31679
69405
72097
89261
77738
66069
83066
92617
15637
59899
45972
47458
19824
49668
63731
90732
78926
3360
7101
75646
53490
33749
3290
71402
25078
59080
25387
1191
70839
64379
9475
1545
72704
82960
53286
83058
75409
30283
98717
57666
42507
38005
3283
42090
77691
47645
38224
23231
76673
92761
11471
56681
18621
15466
25469
94843
83861
45693
48593
22205
23492
83534
77827
59684
39938
61992
13610
86404
55564
61735
30293
80124
22032
52254
42789
94479
69656
91059
70118
92051
8272
6632
80617
38146
67093
10198
94367
2094
2557
91762
23380
47826
54493
8433
32453
55363
59770
92264
88479
57989
86287
41227
58006
39802
888
22487
95582
3701
62265
42764
18826
37709
26287
66930
23743
71597
6416
82876
92211
37704
87617
99850
70568
81193
82772
1768
92991
39241
93340
63412
49562
81146
78095
65117
63379
49376
54582
18983
81554
95328
88916
47819
88111
28176
21297
89018
81956
94509
23618
68642
6478
51532
71670
74794
30784
37416
24959
45303
10948
72922
75163
68017
97135
74759
76831
87232
25664
63059
76639
31312
58613
15059
21916
63315
70473
80256
51402
76517
29614
50087
78749
55883
12163
32574
71216
82485
44018
83953
63921
21315
61545
58618
74316
11331
94866
59311
18706
60248
38321
50902
83974
5334
24314
33075
11013
74058
45485
47458
97903
87031
83343
87839
15094
54107
97862
77442
16962
16880
81424
75209
40222
67150
18273
4334
89187
33869
85079
40024
3774
20232
54683
47853
96641
90142
7959
29860
74243
37811
27982
50776
7220
94227
68125
46489
26018
81558
77484
55453
96737
31518
25936
10580
97626
12029
8608
90297
62899
99380
95506
10532
35319
56182
71922
86684
37537
71372
64158
43690
73482
83697
86561
79752
9933
69853
9290
99417
71220
52127
38216
59314
18209
8196
23364
88598
86106
86964
50555
21855
83249
90011
28407
59192
41199
71781
42313
52840
71901
14467
76997
32296
91375
36394
46521
1846
75117
96698
94155
53506
18815
12828
8719
19717
86069
26629
31362
64402
35248
69751
68453
14437
3313
54279
88345
77688
26523
81209
6452
92340
95687
10663
80126
47140
42021
80897
10283
40196
92745
34190
45108
74041
345
69872
1940
38235
49970
5862
38876
54253
36114
33899
44339
99566
28326
76699
10574
23207
79344
33654
4712
41604
3988
14685
1918
54560
17631
34842
66026
45240
9621
13052
78681
81250
60790
57759
72491
67767
14092
26538
48871
30795
73363
48978
77496
64830
76069
16572
79016
48330
87553
17152
43352
90204
88215
88937
48569
51296
36243
26808
10026
51062
89604
2729
59726
38305
3272
69933
34185
94941
2998
59510
51671
8752
2311
37745
97801
45721
50689
88558
26621
68133
43394
27611
71576
20257
11429
2926
24835
14314
39860
67713
44640
25600
61963
89624
92519
43673
12421
97854
75777
19122
56421
44493
57792
92447
27202
15501
5497
16836
73680
41331
25311
64188
24583
51755
47837
60502
32562
55537
25424
73920
79191
9944
2559
54652
14142
77165
70488
35055
74303
9622
2280
664
76556
71284
55990
64702
4280
86216
79228
73314
32067
79922
60195
3763
48580
44180
17082
80544
57842
72661
35092
90376
63278
34177
48603
36077
17936
96686
32052
61191
53004
11865
92721
38485
75361
29263
16332
64591
80670
88200
26855
40567
12689
20717
40541
52525
68878
54810
59012
70849
6520
23903
95618
53796
32207
22048
76969
76983
52918
92956
58737
48901
54975
47403
83472
18765
72470
44993
31064
81431
76295
14767
6413
92487
70028
20968
64193
96783
93495
17761
98222
77375
54744
49234
99728
52952
7276
42041
29404
66527
28675
35006
28449
5293
44364
88752
66138
7426
42175
49742
87916
99257
17958
98915
40802
46999
51209
10152
67811
12061
98325
88717
52653
89246
77384
6611
82704
83722
68027
86640
81801
49800
4300
16053
60089
66146
95175
74956
94658
13754
12913
6171
28382
90235
63633
72998
64251
88330
1724
93937
95959
24859
42555
76418
92980
97408
33402
93061
95672
62908
4847
22697
68067
28278
8581
17096
64270
61225
51013
73188
43453
66968
97568
81292
5728
45983
31739
27006
84524
66628
77368
43654
92496
18861
13533
42789
74903
71755
83779
72269
23738
45235
98428
93064
50399
97838
88258
39481
54546
58470
97753
83674
71006
94753
94528
25764
78919
21354
20633
58189
91367
71466
55154
25676
7044
52566
75599
42456
96843
29346
69334
24686
49323
62067
42103
66033
30608
93202
40630
33836
59098
28893
47574
87635
52729
65687
50372
17704
38984
99776
47549
84697
97059
2815
50429
16294
9286
86779
30117
69280
48771
17321
4744
71437
607
16128
56434
34152
9738
2664
59766
69062
47642
19281
3218
36659
19267
49984
46145
47419
87637
38340
14237
36101
90481
97671
16622
40153
18345
9056
28532
38497
53747
72453
14221
20750
25034
12413
48579
44498
19554
9364
32469
92010
75142
12903
29824
54271
80431
44127
77962
15714
15651
18108
71915
40628
88711
70502
82009
8648
23650
98824
14862
75872
98704
79033
1624
86292
27808
46991
12957
63857
16779
33656
78664
31005
4273
52739
61717
9753
89170
64761
92020
71232
33477
6858
82109
52812
5913
60289
21937
34712
18981
56761
53929
29887
92526
66921
78590
97219
41109
11866
76692
6186
36634
18394
12611
6403
13873
63401
12995
73350
5631
22833
50419
14202
16081
94355
9510
16208
97721
40443
68076
62028
78951
9429
38072
19876
80672
79001
94387
96480
72765
77858
19068
94977
25474
17181
63001
99455
86137
37469
24959
39947
52202
81451
84091
88275
54746
54522
43419
13700
59422
35321
16635
39817
50554
43585
99727
74481
1562
9614
21898
79887
67403
9899
86697
89787
28951
41894
79296
13750
12508
56994
990
5194
86888
63179
91007
71472
68371
83909
2158
34635
50553
68797
44693
26514
67027
66689
15075
75243
50448
61451
12632
21555
50837
40216
31760
80378
79406
27639
17065
60363
94671
41053
76371
24585
14829
8342
7028
22516
7282
97878
15125
619
53184
48365
38060
20780
29605
62488
80838
72279
21527
26260
77041
62128
64909
12302
98787
10435
6074
26166
38507
37474
47879
64946
77458
6730
3691
13583
89325
75332
83817
35794
38754
55303
76743
50476
80085
10714
27942
23756
34990
3191
68227
31182
30088
12300
40297
29937
79800
36187
57104
82119
12088
48161
66678
72741
48495
9715
69912
5082
35967
74468
42606
25821
15531
29187
61920
10591
17411
12033
91945
80095
65069
38801
96455
45372
14962
19112
25179
91461
54466
65540
64515
37740
60068
29001
25681
24986
16831
53414
68808
61212
38206
89495
45043
58714
68803
84771
12898
57864
70315
57157
53345
35606
60409
10088
57783
32130
90146
16747
33624
34765
98613
64836
70023
71371
70565
86048
59084
25300
44020
16649
4590
84311
16093
21281
89677
86639
55102
73195
46878
94797
3649
93385
71396
3508
19269
98431
8295
95908
45582
21846
51732
63759
59525
62461
44753
97095
24781
23370
42523
49432
15332
52191
95198
54610
72337
54535
32336
96382
86864
18399
6538
34097
24120
48337
46276
79551
32582
58012
52908
27655
65831
80624
61603
34605
36071
20085
628
30885
5137
78955
53682
18602
45953
53899
7981
2446
62190
51277
42160
78668
63598
29123
87898
64153
7365
68002
36886
18041
22606
65025
51578
6670
55044
9562
92249
92619
87245
33454
13893
1543
55044
36837
645
40717
62081
72531
15598
11697
96039
92470
88193
51740
87915
74907
96513
40904
33116
7584
13519
42887
43730
948
82052
4573
76215
55195
2794
1647
82029
20942
42199
30035
62971
62943
81831
16007
13176
85562
71829
39613
45458
73158
82006
13748
24602
67915
39219
4546
66512
78606
80321
12205
34407
28024
28030
11193
66709
31125
43561
24091
63194
70583
82751
49837
3818
795
77198
57690
60984
15683
58551
86105
96416
483
16293
2230
44561
81719
42309
93707
14806
14225
18177
1583
84064
51633
23868
95269
39154
6828
82156
58837
97704
42159
95087
66743
20932
7293
21964
60715
81494
36020
72744
30374
4072
76014
41249
47815
60835
72131
70666
46088
81154
76332
60899
6320
83857
89346
61172
5317
3873
90053
25670
64414
26603
15193
12094
39575
61662
99306
80791
71070
43655
5776
77114
82410
47548
13677
38813
67723
18693
404
77110
51292
8263
44388
97498
49749
25102
92273
48151
54365
62231
30180
5994
40061
68791
20920
15645
83984
6379
54790
49761
66678
51966
30971
47364
85480
86288
94820
51054
53478
24969
29548
97982
37291
4666
64284
34812
53922
97899
25921
16411
44850
23399
95052
28557
92021
40641
3826
4258
17286
34689
61204
29887
57113
65838
66297
81175
47940
30874
22390
71817
33019
15109
70192
31765
9082
75310
29881
22684
87451
55677
68758
80499
59143
37318
19713
2403
39497
78555
3626
36065
88030
50514
81976
42885
62185
66477
62190
34665
64419
68236
14152
94400
76079
28651
81316
98544
73804
20313
57278
74093
10307
79927
2996
59348
94016
22152
30504
62625
75038
77371
30340
18509
50363
44370
39447
67527
9355
96751
36670
75278
62536
81210
11358
71560
73958
85937
24301
95074
46981
70733
6224
76773
8351
74380
74015
19665
42498
6048
22821
30745
46328
84532
61700
38778
55841
32758
97621
89337
40834
54246
4972
91064
55351
75321
91866
64245
13508
91498
37261
50816
49001
6974
81682
5430
26708
46802
58363
81214
15888
12452
14235
61792
92410
39034
66349
55421
20853
65554
28693
97903
8692
39080
6910
51005
4884
16253
51555
37243
56332
22314
77161
28636
80829
85281
13353
54389
27459
34684
84044
58512
35182
12549
18575
47561
52266
51681
47493
18121
97017
28762
79388
68604
96003
167
20951
74545
56772
72666
53691
41678
65028
10054
67750
91885
73604
92138
13465
38135
27955
67615
75734
49947
44416
52090
44420
75754
9578
48350
83407
28531
2739
98913
86477
91958
26004
9209
76028
81095
85994
22531
97542
97249
34638
4400
64326
85317
68418
92301
34533
65102
96134
77325
1341
61425
91531
45333
81855
74230
79039
69027
84623
63853
68423
76476
95885
50896
62699
31249
19247
85235
81034
11981
7785
26730
85615
50494
9871
80504
84443
6621
34321
42895
79298
73340
61733
12040
33042
45259
64579
65856
8717
46214
15273
41486
81207
34431
41663
49437
34059
19171
12149
37290
55465
12268
4776
4668
94698
65699
87875
84154
70068
63375
57122
74989
37064
51838
98162
25204
55289
29967
18389
21054
76791
40986
98401
46408
43369
16925
17864
36466
95738
10435
68402
42304
96074
80179
99398
11178
25669
92115
17480
31040
56848
81270
76956
21566
7775
4713
59208
16264
70436
98038
35960
39170
4355
91123
20027
34223
8225
267
57451
64548
35610
94918
1802
9927
9489
65623
1480
49001
10594
84898
98144
19710
80115
75016
2370
35477
66506
74416
34476
32888
78104
63732
38001
13090
77043
31365
31643
93175
69953
3996
51277
13029
67888
83102
64769
97173
68866
71723
50897
49294
45414
43620
60145
51046
36994
27158
59513
62341
27212
63719
49696
59225
69048
61148
44355
35248
17324
13157
51462
85589
59855
49829
98001
60650
82527
83745
84572
33022
57186
96677
64133
40683
59925
77549
31902
76910
60128
98839
26116
15780
56618
89379
93993
56478
59880
82819
64179
56065
49265
27333
33278
64637
47470
34202
37468
20551
89869
43522
2621
19540
48980
95414
38121
88821
45490
13970
96778
17034
12465
88573
70791
420
83176
54230
92203
16316
39021
92669
63365
51081
13960
40763
13960
1345
50018
68814
562
14096
47612
32629
78793
63918
19484
4789
82113
1088
42690
42310
1307
35053
30458
99133
26888
24507
64938
52502
9355
67045
25450
38813
32796
71324
61075
25242
32328
72472
26576
81943
44406
34136
35857
74126
84357
54301
23039
4916
92368
18144
4938
17661
83700
2923
71965
83274
60968
47707
54387
73430
203
78160
53155
9912
3036
4270
21879
78325
90178
7667
66107
38694
