60586
22108
56976
79502
33579
72015
55921
50848
49318
51388
92474
28489
62082
9805
87587
8840
16067
37880
94640
63535
38323
48665
57511
22966
35935
27473
860
68155
84536
88059
16967
64403
96954
16167
36023
57842
8137
76565
80128
7955
71830
90223
5840
17348
50626
99459
55968
46769
24730
68988
18086
57836
91104
35516
40294
23382
37706
80984
90377
20397
92963
14960
3590
18481
82416
38921
80924
68852
53998
93225
41442
91870
75670
60462
89941
8058
42114
14604
31729
69505
47273
68769
52955
2017
70342
49591
90299
40809
84599
33301
45415
67220
62657
21442
31482
49647
64017
41239
74691
9737
74973
86784
76154
32310
67913
85519
2381
56448
7494
33436
57241
65258
14549
15485
81556
74498
39017
67646
89543
36739
94410
29502
8953
40132
41397
84486
7623
85569
35008
81542
37103
51940
49852
52461
32844
93839
85460
27812
24476
68520
10450
56104
34940
76161
77985
35907
11605
78435
26413
61830
24784
71320
53062
87045
33061
9394
19395
52335
33265
79450
6850
6536
84486
14904
98094
1316
44124
37564
5498
53059
81541
9320
62378
55972
40510
56218
34834
54087
82242
27961
84853
17410
52569
47323
70575
49439
63149
84880
85806
85905
91677
27887
68443
92466
31882
93019
97655
71226
55054
71826
15136
38014
73741
85650
64947
99138
38884
60936
91435
36956
67006
56631
5959
30631
91878
92001
30634
36032
52758
43476
96572
33697
29742
74964
9006
90584
81344
55553
16891
70659
80871
13573
27306
5002
95800
66492
71375
6744
17841
41280
62929
31416
82895
2480
87302
26632
64155
44445
42875
75036
7300
32369
11760
42418
75240
75228
28192
430
40043
45052
36958
64370
15723
73320
53946
61531
21994
93625
69891
36474
38890
20246
29223
141
16503
31642
44118
88314
8093
29892
37829
10663
9275
66171
27886
86649
13391
61148
91604
59912
71665
17922
51812
24603
38012
18096
60055
72357
41638
28061
67668
74139
25873
44829
76466
97936
5306
54920
2235
41744
78287
21290
99181
97269
3262
99942
97978
32329
48136
36743
24495
17913
26676
83461
58705
7858
37824
5136
56771
49211
78098
23165
29636
28111
68972
98602
94774
28565
52382
17519
36057
1566
84054
75234
87734
16666
82514
96039
93784
21175
8214
57459
18164
40055
42361
