82433
89329
35644
50019
81038
4317
59351
86014
53125
37708
86512
75070
58862
12313
8167
90844
8907
31951
53005
35779
89774
89915
79212
21173
95444
64925
98132
28107
79489
90328
61315
61050
63705
88489
26448
67761
17592
35028
11477
19199
79984
16985
72950
51217
51741
26246
37650
13913
85766
8742
59045
7818
56114
42391
1303
98720
26307
72505
11141
66461
86932
18691
76170
78349
94219
25007
64777
63659
96667
64693
80410
20188
41658
33846
29519
42745
92217
46127
53281
53419
54725
141
87292
76911
16152
12479
75043
6617
54461
37223
70818
47668
73343
65387
27630
48455
67756
54728
56443
67284
45451
67206
24666
99834
98615
2150
99436
79578
47511
75319
79368
57270
83324
11209
84965
693
31766
55033
73093
14276
42899
79050
14206
21558
56885
73077
94181
29324
31983
78839
15001
9456
31228
90249
23210
3003
52764
48717
46948
6039
67435
7140
12700
53406
47360
61052
22165
68577
8863
89511
40591
43557
87963
96295
15438
22599
65356
89509
8514
33376
11880
98080
30584
65348
56801
83715
79228
14629
39324
37039
45129
83156
65001
36248
26415
73095
48420
88364
53824
48374
60326
6989
65303
41920
28552
58368
48069
69866
9430
26174
11065
93799
93004
90600
55084
58324
21072
631
6886
17178
59595
82801
4496
70806
57701
28952
88855
44757
80412
8124
52569
55769
21377
49521
58256
55897
34447
17883
73592
19652
65480
73830
40383
68518
52334
99314
21608
92131
31867
45131
12059
70304
53054
47062
589
88129
5619
25064
66247
78125
29053
43057
61237
62669
55394
25685
28206
19668
82851
49307
48891
18201
48151
75199
94598
92831
16259
42914
96641
92885
280
5505
6991
89081
8457
90435
54931
90264
6439
13131
38483
86225
54938
88014
1832
77463
81342
2270
13765
78549
19705
88709
63650
86955
56021
5486
11492
18775
49790
34492
33770
77519
7385
54430
51638
66443
14270
50202
86039
52288
58356
69926
35215
79462
25928
14519
71429
69819
22474
10128
62186
56512
40036
85596
76576
56993
57975
57238
70603
86802
56563
9349
9176
1205
83283
34278
63525
6777
66355
49505
11916
53116
76112
58846
99503
97520
84058
75536
58049
59836
7448
62639
45679
29689
51192
35716
14282
7037
21841
2205
62993
16885
6295
42176
76927
45706
56634
89468
86990
20070
13084
43931
4359
3088
93165
90676
90024
47956
41637
35934
47248
57406
83933
39294
93578
23780
75242
27841
56403
46883
45367
39301
17641
99234
13277
73425
87795
39539
71234
38630
12711
12760
25004
16525
31228
69634
35232
43279
8941
98964
17532
83043
46789
64038
26125
78114
29325
35685
99661
57047
30544
88056
67836
19571
77256
55390
53018
75997
62471
31635
52959
6374
9443
55474
85591
63033
14046
12019
92542
80113
35633
44245
98867
48454
34741
90295
9468
69663
54126
80929
81654
13611
75221
61760
82134
59147
48960
62446
48161
98407
93712
591
11045
47713
4150
63831
22898
54502
10050
16074
50873
56608
71626
23932
24671
26248
43892
88535
79293
59897
19073
10586
37240
25824
83701
89470
74616
94608
53447
468
78087
62739
70177
66474
40679
81146
90708
70605
45936
42933
56732
21641
35782
10910
38539
83019
82355
51535
18645
97479
99238
85428
96760
8725
33031
11131
79365
822
3797
24456
49007
46709
21311
6373
63791
85385
8987
96151
56178
98359
5606
78891
42720
48116
99257
42479
87241
85864
75204
42718
40941
24109
50185
3155
55848
39223
28184
46591
88313
55086
21315
13109
37678
74774
7101
96738
69614
84944
25972
54874
15522
86969
25767
84749
22913
63664
54149
75065
45558
51829
49861
22297
30544
64429
86972
35963
67814
9570
69982
47664
12677
57095
13460
95484
46263
49625
16246
6189
60178
95105
15205
51880
33082
5271
26151
27294
61843
19808
49152
23870
9896
14296
80362
48581
63409
32618
96561
59952
34885
14875
39598
17266
48348
47847
35933
11393
89470
80388
89149
23434
26926
87203
87715
66213
17901
54069
15419
60451
70348
11465
42493
30755
73522
49875
63112
9573
97125
61769
99517
27862
15577
98855
53371
86794
56242
20370
71058
24167
7928
50745
35910
96157
36118
77496
79138
87860
24047
98551
94294
16415
52222
71535
32527
52684
16999
47340
66514
15197
47136
43821
34709
83088
89654
64200
75897
76474
76093
24715
92679
34515
88311
39838
51846
91947
35360
53412
93847
22075
39252
44897
59661
3381
47966
54453
5292
69149
35294
81349
58845
62385
6517
44859
52715
89764
18800
14404
59709
47688
42831
36599
20816
96841
40113
6294
2288
70295
94718
13356
92212
68092
62192
78999
69683
49804
17439
7135
86118
93785
10664
42244
90780
18630
47353
6774
28948
75444
64955
61309
96762
58264
14684
95033
51297
63501
91001
93572
29177
45862
31173
14740
54029
55580
55512
16669
26237
20645
39734
43346
42803
68486
71290
86988
72515
29343
14719
75235
83588
20676
37068
15065
43685
26093
36570
54550
40558
31523
4227
65742
10580
59034
98472
35583
17784
42910
63582
32311
36605
294
17367
7346
62021
81830
28393
60640
56487
74496
38749
14021
53934
59290
11862
25338
77073
13963
80603
71826
16362
99022
12739
66455
42006
3161
64092
26098
77832
71272
11672
80841
25194
27346
46741
6370
22577
68125
84615
44646
14683
49070
70116
62017
73576
29336
83020
66566
6194
37174
5555
8784
43691
27860
77229
22818
86994
11910
66069
73840
42961
62364
35257
67255
88021
96046
94821
81447
62027
98065
86314
86337
19668
94668
51851
27515
56805
65572
51684
10944
83037
25074
11672
21044
16547
79511
60885
39765
16796
19654
56934
60734
1926
93951
39797
7557
51956
47964
56539
1764
72839
66340
79813
42677
22085
38590
29028
6934
4312
42591
12658
80043
84230
27396
28892
91779
70344
57179
60784
90259
84745
47388
60228
82719
50365
11445
90656
71927
42139
41026
3946
57118
40985
52636
29804
52389
80930
31240
80324
26390
28599
61392
45448
31341
73951
34255
18675
54688
22092
6662
55985
10464
91596
78028
83299
26680
90088
6658
783
68305
34013
94307
32455
61336
97716
17947
39828
73271
24896
9231
87455
38496
71732
68346
72091
74313
42494
61080
58291
95088
63876
37914
46860
27232
67321
59130
40790
44588
9884
14345
83124
59160
974
77476
62341
88375
97422
68613
20431
718
48242
7766
91880
92952
8228
50304
83328
88739
3799
81793
89646
72823
49540
72668
41941
54071
60229
60395
34418
52224
18574
41327
29733
430
62979
25064
8410
99262
26905
57568
57523
13070
72333
15073
22099
47905
36507
96711
31562
88926
21469
6800
50584
39640
36544
14640
37888
21321
11716
58593
94379
90519
10512
97048
44917
15544
10639
64563
86680
87250
36971
55182
28403
34651
39812
39637
77398
34975
61133
72435
45005
90144
95652
45704
85190
29336
70092
92954
14273
74810
69161
44579
91508
44182
17943
91304
17656
57019
50406
30985
87347
30166
90966
39092
3522
58329
59980
57844
31235
99639
27150
21127
55773
20972
72737
96590
89388
42362
22428
28157
3245
74126
84456
23122
63906
75776
77558
82466
64418
37721
41597
99023
53952
59087
70223
2678
43095
53068
3160
5252
54607
46221
10610
30249
65518
3270
37927
3685
958
1315
90756
75230
23062
61257
36213
69428
97960
47898
51203
92876
31367
64183
52616
19912
26931
21633
94571
17111
64963
47352
28028
46377
32013
58244
32269
79451
28788
47250
96042
74289
24847
53718
17623
1761
6642
92367
35717
62124
85468
77160
60785
25672
81436
74170
59961
53880
78912
74159
67036
95709
40027
44769
76173
91877
24434
54209
89106
30498
70148
63220
33311
31382
19252
94744
53579
77706
92084
94660
40204
54686
24464
96397
28276
46907
38900
78180
17383
27428
12506
19517
33623
44554
40692
53835
48670
57790
45042
22503
12791
18786
51729
19248
34682
43737
18880
68044
24050
18557
22672
31660
17181
74287
59672
93965
44383
70984
6242
68731
65923
37134
49846
10192
32687
99075
18752
80794
33539
8632
49216
38907
11374
35454
80207
19274
67661
55229
82505
90295
24033
70909
79931
62763
65132
59074
50313
14093
60552
76789
52988
68161
99651
60060
19207
42284
28570
28652
3605
34771
15217
22421
33521
46880
3341
62044
7602
76198
87086
26246
95936
84668
98765
2383
38727
78501
68909
6523
95767
52561
76929
10788
42229
44220
21338
8786
98787
67700
83883
47304
77062
16024
53147
74171
52761
55035
53126
79390
91630
52584
69937
92536
1180
56256
1256
68535
8266
93598
29750
41982
35766
24124
68127
55418
98306
15119
68285
13170
92155
97196
14166
72285
70376
98318
54966
10477
27756
81040
31694
61769
17175
32820
93097
34264
28175
9126
72295
49529
11478
3163
60792
83824
93977
49171
23190
66203
93941
71421
31871
63106
93574
87034
66734
56045
72461
59801
22581
38799
54845
59874
29529
10688
89890
79246
4682
13449
3662
3443
95422
31096
97473
76542
24521
45140
12469
8345
7002
90506
96772
36460
45365
41509
50390
51071
65544
18941
23850
93534
9197
42438
22464
67701
43739
43113
96577
50554
21961
87023
11692
74347
39777
20666
96158
99852
37596
95566
45917
30867
84959
5964
98849
10879
65458
87488
832
38242
27417
51536
56436
99231
47345
28437
13099
10094
50280
84742
50282
91581
73785
39215
35039
89009
30755
91425
4034
5226
99366
30723
63046
23780
69081
75142
9314
75833
54762
49750
8887
53700
29811
86828
71774
36417
38805
82944
28656
91281
84884
50428
20400
65241
16783
75084
93528
49097
72058
47089
77567
65082
53178
16245
75108
61937
78332
17977
60858
23712
92626
86539
70800
12652
51851
91123
94108
95273
48238
43147
1219
15041
74515
64239
80199
23155
34430
78666
65166
96824
48377
80016
45163
40417
91500
4842
4299
39037
2140
65868
13950
69527
54205
88515
40671
34075
77589
73898
80194
25113
95183
93019
94522
99330
30361
81122
55716
69360
89754
1453
38771
51938
95827
97184
22936
61412
41009
31718
13806
95757
96364
53666
40256
4290
97728
15458
7544
38200
45477
18197
89380
49750
95053
59283
23494
8089
71225
19291
61241
46354
59032
1018
80220
50410
189
26951
98140
27461
40540
79244
24962
74340
66114
75070
54773
12709
23790
4973
75246
65637
74543
13655
6711
40485
84027
65783
48190
60298
92105
39484
32412
63294
41131
22548
66684
99605
15724
75431
22058
88586
21026
70943
67098
84871
44528
57701
45394
163
75547
96903
28309
14726
16647
73589
30061
41384
11181
86188
85780
58104
50587
53194
15071
11929
11368
65119
14344
49606
60850
12708
64886
17333
5334
20262
27083
47066
45835
38043
12810
82114
58108
95157
66051
37024
25696
40244
90172
19493
28984
4149
62333
92200
9124
79656
68088
28453
49122
11008
59636
97377
1700
77860
49269
72748
30221
39458
66153
27391
61544
70531
80817
19269
35300
77946
91914
83702
12688
92341
87543
67327
51023
26518
68205
82621
49848
95324
21946
22983
97389
34074
33971
43564
45238
93673
62169
9554
4538
3289
38311
19005
49145
34626
62235
95056
61992
80026
16254
59150
72425
20671
11282
97593
59047
82003
85911
96796
27019
84936
65754
38596
94206
91313
73754
45640
69308
85720
78104
61162
54961
58350
39546
662
13011
32637
64412
58983
57307
39705
18165
74537
77825
7861
21985
55609
28179
42065
70672
68424
90129
66833
93802
14462
85064
44425
93053
41948
80490
45717
46245
82362
9863
52613
95094
18319
77802
61622
99401
41230
84465
50555
4385
77773
27658
8890
5881
74882
48615
94547
36140
46438
48414
52571
78656
7483
58144
60775
6031
37482
8884
11812
17812
20548
85167
25091
24687
84075
21361
96177
66420
4201
85983
45189
74422
32478
49305
88627
54636
32151
34680
21309
61982
59257
2246
66313
85550
87198
95129
80846
44741
46102
47053
64232
59353
75566
77533
86763
64088
77678
126
96244
91827
14364
23609
67386
17354
38751
65634
38084
51024
98430
28473
63188
88411
25478
19709
63937
66154
40138
24712
81442
30451
8965
7659
1382
86184
73627
39398
92449
31909
83613
34020
22017
3001
98220
44689
58047
367
88501
22553
51472
82136
22202
27359
70715
65270
16337
92630
93669
91751
78277
62752
3496
52908
85722
27136
33186
98069
46191
32414
18410
83532
47100
31030
61309
81754
4091
84093
15030
68857
26083
29746
65629
71032
21198
18621
44054
57252
9885
6983
60218
67673
7858
34997
93859
55973
9370
88066
71232
71541
55630
9911
20200
63135
63790
60586
29420
98827
82638
23377
64933
89214
47277
40065
74701
57956
61056
72551
7753
16249
718
10978
10308
34325
53268
37403
62647
29298
8201
52995
83331
34331
60443
75879
6945
8242
75800
95538
63217
60606
20361
7520
59696
55984
1689
66010
90853
79856
58899
30130
91065
80905
83177
75517
56294
84045
90353
97256
18088
6374
27882
35192
17841
98331
9020
45922
81401
85083
30365
52003
55026
22472
26416
49726
68793
54307
47945
47440
49416
81233
20971
41585
43081
74119
73746
57994
88485
50103
2060
19053
53403
54166
55233
46261
19436
7369
23892
44475
65618
27404
81314
34290
82609
96126
7016
73664
61670
4973
50689
72729
58172
12601
23436
39801
71677
60456
90572
21982
90949
58693
25289
67680
42003
83574
5651
80686
16537
61753
81831
91430
21330
22457
85867
10385
93427
58131
7603
84025
3994
82975
26598
22215
38243
3678
78170
28125
99034
87039
21243
11213
96970
53069
21963
99860
37556
53369
46820
60887
69371
4799
98905
25016
25116
51383
91418
25237
35932
99611
77206
36157
42265
464
32187
41200
49378
44307
23481
68434
90019
17057
31332
63083
64344
49859
8600
18430
13186
74836
53367
86500
53208
37072
80558
26660
21941
40282
72374
26354
28783
31882
16918
17665
20488
79538
2533
91846
50237
91052
83469
3723
66332
12162
95787
90924
73970
81977
6323
91249
89186
46362
81457
44168
4114
61790
42058
22367
47936
36758
36833
63675
58865
62165
1493
49208
36138
40378
64487
14494
79544
28701
86906
28124
9865
74773
36499
9571
13693
90084
53152
9282
85399
23328
72437
3321
65294
21471
10321
96764
68033
44318
1567
83526
86407
76174
15897
42551
24419
28284
49862
35180
55894
8379
52868
76986
15343
22927
99073
60518
38269
2521
18499
42020
92934
63226
11016
39754
12304
326
30695
50959
48252
82247
18613
11302
77010
10923
17796
30641
18296
74283
34054
68100
96540
75160
37775
60600
52305
75972
86712
80360
10806
96490
47232
32075
37841
9852
96141
47086
15323
17895
69584
44141
22709
21573
55687
66606
6201
79679
80412
89531
36811
60060
23690
25914
56718
88650
30943
56362
76371
3624
66013
68828
22220
80429
38651
72652
47774
1785
50057
74138
43829
88439
74865
75209
17297
28267
9976
30644
45598
56317
77667
44904
30946
49154
38903
79714
86064
80228
27896
59045
46073
87758
31763
34712
94050
90325
71384
22298
94256
18054
70879
15587
57376
87912
81196
64504
49843
782
92108
27818
34183
44540
639
74220
8705
40722
24496
75887
7461
57978
88671
85724
60040
31210
88927
57710
39165
9111
30491
35241
5228
51862
76180
32315
9857
3056
20294
93805
1408
61985
79977
28773
80246
6477
81714
7932
1386
5920
90329
17111
45683
28160
70102
30020
14211
61074
82949
9939
91361
32709
31432
79950
67669
19614
71852
55863
52444
89953
96227
46428
31355
49210
20720
34937
86799
27109
84642
77259
7203
79552
66135
85772
43868
48010
28642
14384
63054
46296
43464
78907
58258
40916
28003
56925
16847
28818
30217
55275
35540
80113
16615
21946
83688
40458
89991
82618
3896
3481
67698
11982
61615
67045
65422
31524
64389
64269
62567
9941
17166
93424
9036
80954
61331
473
17137
55656
21310
85062
91538
6283
74830
26835
34135
34651
66091
93192
48434
28604
20755
53372
14629
48312
52307
75876
98401
15729
95793
79260
59306
23558
28518
58544
36374
61700
64649
5671
78612
90694
14246
39629
74761
22890
83630
53820
13109
33809
22120
55750
6388
73555
3045
32418
36833
39613
40754
25840
63189
89224
56710
71882
14861
99639
97626
15338
68554
70605
7096
32914
11633
46056
38828
76188
48146
56702
87576
58526
75590
46034
59748
89465
65682
65011
53618
19743
26953
77202
30320
69310
65901
92382
75014
97101
7414
23741
79055
26770
91499
53353
25188
18350
55372
33348
78292
89062
70771
25946
67248
32239
52399
86610
5762
81652
6128
72784
83806
64871
51009
95754
59185
73986
2670
55781
98550
36568
44903
89963
65447
42078
31229
69291
26545
31215
90026
72686
27040
47744
32269
46833
56089
5953
13650
91044
51111
85645
16400
11261
91820
32078
59244
39738
5209
11855
23388
88593
95578
64224
99493
88406
17064
73472
55717
12233
6786
21194
56429
52728
48374
73118
59686
58136
13432
60138
89781
86652
18325
47925
49497
32208
68066
42505
33616
30805
13741
32666
53593
2168
54069
30327
65077
38161
35254
36524
52103
3477
49788
12433
54298
17305
26073
48979
40802
19172
67281
42077
37466
64239
41906
18915
75405
15419
93090
97354
88592
28911
22896
58071
85516
4973
3437
73043
18009
74960
99667
53911
8518
39141
34883
84154
93622
96546
15181
59732
98212
46279
68680
69102
63335
24400
1601
12489
91056
13524
9616
29671
8592
63581
79079
23802
7127
14500
53348
52231
53719
17064
357
70005
2087
27947
98491
68984
73731
11785
72183
99861
63537
59190
15840
68338
90686
7571
99463
67388
43847
60045
3570
39091
71444
89714
48085
97238
51294
91472
38623
27142
73714
18508
48079
98010
44365
30492
35399
37887
66471
77794
2617
40393
33196
49541
20671
67739
36837
80461
44519
8303
12438
51739
30250
87874
26720
13539
51038
41119
50246
41959
93793
54438
99405
35185
30422
8761
49309
23564
83404
48099
77988
78784
66073
85382
93498
6440
81543
80255
98879
75409
77445
23319
84768
55826
11134
30857
56312
94051
94022
85355
61075
88955
72112
13755
52686
94634
97084
37607
56794
16879
2318
16025
43552
41751
71579
1725
94590
49715
78333
99025
97231
67892
72037
10216
42409
44326
28655
4794
28256
81894
91729
12268
11016
64705
75982
22775
97911
44075
38151
248
64201
11225
52689
67603
39357
98043
10242
71717
22653
52921
42884
71237
571
23305
9388
53589
60374
71531
40676
2571
47260
82785
17508
33590
30122
72494
79008
27024
32398
36745
78939
22879
95309
7134
48761
97287
76417
76865
43698
86224
10266
24976
2690
86799
2886
32837
76029
5427
45963
23860
25632
41390
29296
74727
45538
13599
91132
16340
30538
62808
54678
14711
82298
34129
28203
7793
47625
4488
91310
56189
68175
93298
24890
12363
61625
5411
51091
33083
89500
96502
42123
34871
198
48537
76672
49773
88592
83993
14722
36648
48047
64069
34099
75274
49258
56833
25895
3304
79910
71338
6442
58178
45053
5664
93633
80093
10510
87765
57480
53119
95053
51217
37147
36167
96571
4640
75280
60518
93328
39512
69378
28222
28501
22250
89000
4917
29006
72292
11492
51061
29236
19809
1624
36612
78113
10798
28146
44059
3653
12314
62728
23302
73429
82329
73470
22519
16035
42869
26917
42087
47528
72466
18397
31529
12958
8315
66235
62252
78155
71790
44198
2894
73335
40961
38811
28952
39038
76368
98385
98490
48865
28869
34679
29763
19767
89122
77273
73020
74849
36461
85537
84130
61212
75416
43290
24575
975
49677
96559
77572
11107
15187
7154
95621
22994
21791
49113
78385
37721
72729
6499
96684
32647
17898
32153
83467
17240
20991
38127
907
89947
40285
77641
83982
96174
62657
1722
69779
22027
32786
51368
52337
83356
5702
12460
4719
73611
27853
22005
56995
11892
58078
46060
94150
6011
82877
41010
63889
32762
26245
44037
75766
77075
75447
81313
15228
14692
59839
7140
26872
73080
44288
77194
7973
98586
91900
1687
28705
19972
48897
89523
24323
74133
31603
92239
57596
40065
82930
38758
79145
54595
80776
64638
58066
56046
64177
1966
39074
80417
16167
79417
73636
60344
57961
44121
36502
15999
34920
30871
52973
65410
83918
14551
72581
80095
63755
26384
40098
93181
65821
33304
2632
37558
56667
57087
7955
64656
24094
6738
71380
92905
80973
17184
58057
25424
72803
90201
13048
83345
51967
50
26119
81608
7464
39492
38075
37751
47355
60725
54828
46034
57587
97550
7873
92024
34195
52811
53549
97948
16530
6546
56005
41633
86500
55643
7388
10244
98785
99918
13950
50035
26933
32681
68549
77244
6180
22688
99291
68672
40279
13823
13069
99174
19814
57996
27048
91211
53764
3431
51732
92631
34114
47731
59241
11884
96961
80654
19569
4472
42808
23932
64060
40553
79037
70690
58970
99040
47540
67918
10361
97758
12626
628
97275
54811
94380
66612
29746
95221
62177
20119
8443
82117
42400
18647
56085
6350
80152
95614
46140
66319
95162
34759
18567
26200
98604
97377
34938
94489
88013
8946
68360
42165
36417
26104
94632
79381
52312
8491
72563
40538
98847
39422
56888
98602
80898
11140
70300
89676
43452
44591
88337
7598
12413
23731
43186
55235
75446
96073
40472
5099
58692
38096
85180
61386
79767
56974
69450
97498
79166
90869
67038
44380
92689
19008
97117
64010
47067
68028
6323
95880
76034
2724
2916
70393
51731
52132
47121
99598
59791
36671
36778
39545
10476
87980
56746
75712
9001
33531
59571
68556
95347
38998
73159
12897
64365
7042
58944
75144
8895
85477
49421
42376
91933
92065
86569
35284
54482
56190
63449
41790
83114
10471
9090
42760
53081
24554
56933
60315
78891
75907
13496
78385
84009
35026
7427
93132
42980
92424
77171
30538
67746
99489
96062
57808
93794
48331
55604
68355
61133
77318
29438
11029
62459
33155
38517
43036
51711
60622
26946
93247
49073
59336
67886
78954
33782
49261
60133
12482
84365
94069
71915
49618
80600
94582
14171
32834
84645
25670
2328
1641
42713
60670
83474
63353
44536
90426
33528
68025
86739
97021
22100
93521
86702
56849
31175
10430
90956
67276
96385
65701
87450
16590
92189
82628
18102
61991
19127
17444
22362
90709
46699
3307
49128
44363
63819
90862
20723
19054
81149
82147
69159
601
55951
47700
62583
63520
44056
87632
8257
54673
29868
34683
14112
10422
31867
32998
80110
51127
14246
24857
34740
69085
33855
12077
39439
88081
3837
91254
14560
50723
3097
94781
35409
93543
50888
75628
84479
22745
91348
36131
70376
19585
82233
92264
56179
31058
25274
1274
16246
64908
43229
198
13735
46657
88554
46930
76163
70325
29051
53943
85429
22110
51744
59053
50788
46763
35122
68318
22011
50433
61809
9116
1622
96481
82525
20558
56838
37317
96909
74213
52993
1161
94512
59278
17481
76038
53854
30112
23543
28825
70809
84436
12260
62211
58181
4917
39412
99113
80738
1453
86975
28508
73794
53887
95613
62291
83051
80627
10030
88724
76330
4619
5667
56145
15698
26741
35116
68623
52112
85401
22431
84066
12588
65426
4129
51573
89310
15673
6421
82566
55434
80797
21598
96333
65210
8175
65459
21020
33527
63962
16126
63682
16228
34448
18960
3082
12599
97151
46821
42881
61044
66050
87375
75157
51015
72500
76418
4056
89726
51359
4955
91428
13441
3474
58574
58616
51215
31634
95850
55265
89910
9767
66539
78644
24719
25015
74108
71159
42003
75312
90055
58143
81278
25279
63963
25972
11551
91966
37497
87793
79800
70281
77147
2824
67417
47377
21728
80547
44307
81610
50232
97156
77723
73247
99081
93485
37310
32358
88156
79420
74587
72237
92071
55598
35330
83731
22840
58245
7815
44244
73690
72452
76930
44604
58119
12279
50470
76445
16715
42799
9468
91388
63536
31627
42907
92389
65899
1522
32006
87807
32675
71133
66019
84121
92281
33842
90771
37604
50456
2218
39219
25723
12059
10036
1902
90428
1173
51379
40925
94202
78689
54850
81692
10956
55398
37336
57161
87517
74054
56679
2332
92902
79172
72222
79966
8729
45360
29742
14823
31028
25553
36009
17784
72533
63213
94822
28561
44749
69752
38785
30033
91149
73526
60864
69512
81053
98127
7089
92570
93932
4078
83407
44562
48449
27477
48291
90368
8304
14209
53990
4081
54664
23190
91716
98665
93737
11143
58717
14816
20434
81412
46022
48662
11481
61696
67404
2676
4340
1373
7800
1665
29204
50231
25646
78973
68978
95402
85712
15485
31906
12832
48319
27428
55715
73691
70113
56219
26424
97531
76574
13421
26321
18573
78372
38817
28130
79185
18443
33108
17141
38982
21843
83122
55196
24276
76649
72721
13118
58677
22249
98507
29555
86240
93629
95030
74155
84
42211
31073
91048
36734
39628
96813
14380
9511
74337
2373
88076
11902
39360
47324
40068
88765
24165
87490
29445
11769
49732
47682
48425
52171
83506
89115
78631
42167
59907
7801
43202
