85133
29271
86505
4830
57131
46739
11826
23662
33595
99718
62028
32644
72390
22347
93372
86548
29113
63011
96085
70719
6820
82184
95346
49593
60901
33836
57726
51637
23967
46221
65264
25264
99843
54679
44469
25079
15345
90071
85734
58358
51288
29528
84728
52926
99097
10683
96882
72146
75146
28951
69272
60271
10166
61259
65350
35637
38689
34268
64665
18102
26058
73968
44776
6329
77257
41989
65328
53803
19319
686
70188
80228
96493
79083
1859
92849
90597
6661
19740
22915
48029
80259
74220
89044
26394
43467
82960
99185
17800
86968
91062
2536
56736
24116
72758
72975
130
59315
12990
61710
85570
34701
25546
14731
70495
99861
56883
10097
95086
9018
58430
3419
41365
24793
92245
30434
15028
9149
52115
96833
72286
3701
38265
22849
30948
75888
54142
99238
67187
23095
68739
5973
59828
63398
57891
6880
36369
59849
5449
3760
14840
27312
92957
6542
60343
83951
62839
81070
37223
18612
28468
89944
58342
33413
64613
44404
65756
73493
97636
84497
85503
76995
93186
17234
48274
69936
43068
73687
22376
3163
66860
66147
75687
81562
50172
59247
57735
91767
78773
37930
55833
80740
87157
24299
69924
65277
31167
52405
9003
97017
24173
47717
50987
75916
73632
46011
42016
47004
73656
88291
99847
42974
56127
16543
74238
60013
23615
2707
12552
24742
97268
42252
17869
7938
98908
14221
56126
70545
55563
64568
20437
4464
49947
87094
11610
84198
54625
26659
56515
6465
3419
39481
42803
76744
89413
2775
4451
84380
26282
55917
27775
96656
96472
91783
19047
21250
61932
83700
78613
70325
6381
91313
3070
44652
78965
75863
67793
46213
33801
69918
60477
6288
29161
68172
98544
34763
71971
66495
33017
84155
18146
88274
5327
94793
46116
19823
34379
10998
5674
13873
28943
40285
34568
23669
68746
55747
68284
54333
57428
93
79291
36544
72531
3935
90183
15762
7265
69244
26749
27211
5028
27455
84842
42934
89181
86821
72542
95448
81788
78420
15769
65755
84048
94108
67393
66807
55837
71113
51830
94556
10758
18562
59581
74110
12778
63521
52312
380
45226
23887
69014
79087
94696
46460
3687
16300
3948
34487
88840
70391
31648
16464
1917
70948
92667
1992
2972
50346
11963
7025
6086
92039
88011
91016
45873
2186
56708
54827
44128
17601
71664
45880
74484
6495
55530
82916
97339
75721
10656
8789
53959
48990
4058
55229
83194
54209
14421
4243
16381
53476
99912
45135
21520
13747
74312
98114
25019
77050
9415
55152
45059
23763
95479
78379
93465
63280
97324
64717
91148
31425
39775
81138
27743
88451
59214
95631
67221
85638
4289
94515
86472
72249
97512
11256
36025
9619
20865
80454
86849
72064
47573
26661
40134
72679
47554
11772
72970
3477
31795
66059
56254
28424
61547
65057
73171
38521
91872
76891
97713
15654
37156
14490
81440
67099
22592
30656
53955
9309
43417
30566
72998
33810
36436
98461
79436
55089
91093
48127
26731
75746
92195
51505
25555
10897
13448
17528
38185
25940
53492
97652
28594
76086
41281
34557
48746
87135
35538
99801
78133
49730
66996
13592
63661
59556
92582
54988
51386
7844
66517
8072
96831
85611
7104
85395
93553
41136
50491
7209
33763
31144
29422
18095
99196
42025
22781
94992
65674
9242
32355
32729
12976
26201
64407
76686
78683
48584
58161
96423
13554
89365
61798
69098
94059
39652
13614
8806
23643
5435
36295
25961
7942
93385
39987
3103
86964
98164
84572
18663
25060
68415
855
56564
11418
34132
20870
39933
98323
87443
69944
74593
68122
10359
31819
60763
15412
37377
57394
81853
21045
90884
20529
83596
67029
55276
67685
95480
93949
64011
97953
33302
67195
86562
30866
83548
60246
54440
8772
39513
82011
47418
5278
29839
29461
16351
10473
58605
58555
99767
17678
9901
82372
36543
93596
96870
10998
37636
22761
28335
45403
54402
90672
30705
45013
27127
40409
13992
60168
82345
8694
3318
57717
32272
10281
56196
20008
21697
90019
18613
75079
9016
903
53353
57995
82562
11341
59819
94059
70116
16643
2103
3923
53612
51150
37388
70036
97234
21294
15721
58772
92330
20415
80712
91078
34440
50204
2132
7317
46352
5758
94056
40827
17658
59266
35813
41998
64735
60520
59279
5081
19426
44823
51685
12040
88286
127
36635
91612
42951
694
52693
31039
19455
22084
963
43378
61625
43930
79476
20354
89666
91741
60152
15962
54416
61569
86774
27761
57962
79824
6342
38596
38738
6538
43628
3198
30315
94822
54833
22323
24779
5782
4576
29100
93182
35720
56890
23741
37236
55241
58839
5075
86792
58149
33690
20233
66734
72649
66319
36409
94073
88970
62051
49167
98342
3070
28832
37401
424
16871
64612
14907
18961
77040
4669
92128
34713
73584
97059
50314
54894
82668
26065
79370
38617
37817
89794
63371
72616
17791
57060
12777
97726
55097
44444
49183
72083
5560
29078
41726
85353
61959
66726
50778
908
51946
66912
96541
90501
74528
77776
69183
55836
73415
72343
7181
73351
5374
53508
78118
52915
6661
56330
47077
14925
50881
97123
73657
86798
17789
42593
73616
19265
25802
76172
81937
36210
64614
80286
33641
47509
72155
7287
65918
62256
5054
12637
90207
96102
98232
53939
20956
69281
40353
66421
25714
39484
66312
8366
70207
27530
24815
99798
56339
47941
77363
50571
15303
71991
81226
12426
89192
35582
51077
66122
87691
98976
20213
54134
62437
90252
30313
7941
10066
69736
63477
19672
11571
17628
65007
38927
23349
7643
71187
41864
37228
8137
46663
22773
1375
66669
67768
11448
21500
91444
36867
86942
70604
20095
81872
93014
51329
4907
34680
44333
51116
23675
32071
19847
37100
17860
23132
33083
87617
60117
25006
78379
69022
85952
79689
79519
48956
5609
11798
33341
74155
62635
23160
24999
14051
9505
16243
30418
9113
43224
37255
77790
60014
91662
59258
98230
21217
9766
82035
42150
20389
91852
2370
86068
61165
61439
93438
5949
46115
4224
41927
53101
1720
38486
81513
8217
93014
84507
21538
80253
43441
73286
92154
39629
95515
75605
9425
38842
73847
60919
34424
60164
76390
62932
30517
4854
7037
28442
65353
28995
36120
47909
86862
64954
99271
21033
77594
90472
99142
91519
35393
96203
52747
87018
78935
5423
72441
54661
88402
34727
85905
22603
87789
57577
98120
43362
71337
24038
48435
69860
53711
42980
36095
84844
44753
86458
93949
41210
51886
55560
21658
70307
17236
76113
10029
98008
14271
66934
13674
66928
49440
78768
55987
37397
97849
79945
20782
11112
79812
96631
93970
8146
37939
34102
77947
71977
61267
82497
22109
29435
72138
55181
38805
10297
54719
67330
84026
40195
23672
82647
19251
9580
91422
85577
89922
84650
60990
37079
5854
62236
44841
80285
98622
58392
55290
19819
71889
59408
19863
44098
21323
82432
19505
12075
83706
10007
68742
371
59767
70880
78566
36134
92471
70316
27602
49799
84193
11325
60384
64745
70906
44049
44859
73677
58844
9481
59336
87129
96005
93366
53379
87153
40684
799
95496
30133
71726
61264
77133
72599
31110
21763
75180
95031
28380
42660
61023
68189
49524
4515
3812
23985
903
2267
69504
75706
54351
58778
38336
47634
22875
39341
71578
38659
29474
91978
28018
13057
14805
1945
38680
11170
56173
76319
66223
41374
79396
5288
77641
61631
85631
31088
66093
71109
2920
49327
74299
60281
87227
3807
24614
71372
55894
93003
89888
44747
31571
21973
83764
77409
68370
95396
74060
35049
2991
40489
79634
2542
83316
87084
51796
48354
94247
86296
23233
50839
27875
99487
15855
88381
2308
7595
96511
73913
69948
43971
43289
29758
23619
70838
94161
23274
46987
27431
65227
12640
59953
25236
8378
4509
66575
59749
196
17081
61551
58574
7521
27420
84730
54049
5634
37595
55823
37363
71343
14926
45423
25481
34089
13583
40692
85951
5902
30128
21634
97300
66298
20377
99990
6070
21898
74750
28123
19909
79068
63961
64411
86951
3411
20649
87122
73480
25975
34342
61535
9579
7289
64479
53748
20689
81204
94514
63980
35300
12334
32327
53020
40705
76541
29642
44130
92545
97671
85700
63962
13250
82658
49557
56720
34646
82587
79856
45295
34248
31986
85330
39864
92006
28993
33632
23694
16495
86973
24956
45006
80571
5654
48739
57469
83265
57561
9095
97049
27561
90772
62340
41489
80847
68537
68673
1553
89872
96156
30118
4917
15957
15703
33716
75326
26585
14925
5476
73667
68728
38186
85344
93759
46454
64681
91992
92488
26024
45296
8163
29152
76515
90838
99507
10724
352
16965
91186
65186
64585
71451
72766
14855
97091
39754
8831
58710
14967
21022
44929
57461
12959
75583
34579
17826
78953
77900
17402
20194
6699
57160
5010
32538
99075
49745
41443
67223
78313
47882
81116
22343
20437
539
76366
76426
62822
98703
35207
41347
84630
2587
61802
77897
33847
30270
42312
9083
47081
67491
51517
14320
47676
44931
17417
72555
10813
63976
87433
21069
59359
75724
19409
41541
59975
49697
34569
52418
50355
842
22593
72234
21415
21509
50738
12035
20374
12268
46803
99630
19082
85105
58452
74003
96113
6311
14619
47831
7332
27711
77913
46475
99092
70928
72263
98015
12339
95184
36450
77715
77405
44959
58657
79949
68193
803
2671
22502
39344
31373
10985
79743
16640
72154
53141
62930
32541
62358
39229
94947
82029
6011
39367
72053
37502
73720
99634
15801
65967
92557
83599
76865
24568
17554
37401
70130
33334
99062
58547
62168
63959
6629
89629
37907
21598
93731
19666
44559
53332
91702
81057
50642
57291
80608
60646
71823
72560
83785
70917
4695
30381
10651
68738
34191
47992
48551
73919
87868
54619
99525
18227
34107
6208
87992
43780
10029
66329
53392
43809
37040
76394
63337
11966
27849
69076
48497
91596
58524
14206
51271
22708
28254
94049
62623
72176
54498
49713
7586
83783
26480
54724
66226
91651
92084
544
1194
97105
34386
74725
14276
81492
82455
33299
79029
21670
47370
56121
58547
9580
46850
56764
76374
9268
95601
62273
36252
48718
41726
92759
26087
70788
15664
50244
16641
88823
12678
76906
39392
10584
84932
52245
52036
10624
53992
86532
45116
79981
83387
66065
51849
41017
53571
80799
77563
91288
4404
91135
54007
34286
53735
39327
7098
8266
61699
54191
63319
68419
29943
68690
8828
28046
24809
44830
63155
67897
10153
65871
53924
52839
48255
47950
91032
50825
47460
42585
86616
21141
7660
99600
16020
61253
24096
2907
77247
14286
12298
64731
68215
25211
68745
59116
6819
76518
21861
12275
5078
52627
68636
78954
61872
77481
42075
47173
58723
1326
56232
56544
75826
46302
97052
30503
23766
22407
41774
39841
62938
71363
8106
98330
84262
52467
91585
78892
53754
37429
67994
21417
93616
97314
61862
28392
95427
71271
6961
86825
95919
48253
88693
16231
62958
62087
42824
87801
66529
47400
48757
36580
25040
3582
60744
39969
60584
61407
66115
25926
55523
68846
93262
37428
46630
23482
28523
46461
84579
70739
97031
16879
56671
40810
95661
42882
17550
80677
35765
90009
43290
95131
97465
38264
79427
18354
30055
57891
34944
57394
5875
87279
70915
4229
18372
16680
17691
66126
88655
25661
75091
2404
34849
82475
73752
71401
97045
37925
59447
33099
67461
32605
61861
3894
24222
71122
32632
36403
98988
66229
20659
22242
19156
99513
76735
47503
34625
15960
79796
45076
50965
14012
35575
139
1825
80177
22397
31310
529
30340
7726
89389
45374
33911
71557
95819
15207
57124
66867
53686
29434
84875
33572
