87159
64148
61126
70138
65088
93791
41326
55758
54769
53977
15066
92390
20314
25465
94118
33319
11389
14228
40074
92477
69517
69207
23309
88421
49619
31265
74296
70836
30795
45468
40710
6247
47275
79158
47095
15688
29891
35840
73444
35450
41631
78082
31692
72514
22666
16472
76493
88050
72205
29230
90799
66322
66325
39891
3674
65869
6163
74717
41767
19830
60924
57369
77172
89013
99633
43724
58289
78417
78969
19340
42040
39643
4618
69236
506
78517
20422
22888
46867
3294
16130
56101
59167
21340
13346
45828
3655
29220
47488
89131
31668
68200
92140
84911
97732
41438
61165
85771
59897
49576
51718
13206
48111
99941
57459
52995
11046
97524
6995
91162
56093
27041
58111
32047
99744
13645
98520
60860
37912
88158
63967
24416
77345
87488
41086
83027
50841
29654
62084
88101
3219
74914
66798
9106
77771
50284
20833
39395
80085
84786
17075
33989
28270
90093
54825
90430
80564
72603
75515
8913
76721
43310
74900
49168
51251
80049
89174
19673
5399
39474
95930
1614
67
62193
51765
14389
3763
86435
2774
73576
29386
50723
19211
88218
71691
91766
18820
22056
49216
97081
48079
36567
86231
22506
63394
17871
31981
87183
40376
32851
83586
51078
35154
30044
99628
96298
84895
28754
48968
54399
45494
96838
28427
65531
6976
30031
7382
24497
1810
76991
90536
32091
57624
54753
50701
14979
50446
88625
98389
49262
83112
83095
65855
23526
48401
91554
78804
20098
11152
46494
88368
74996
60294
80081
73466
6831
97844
94839
65877
64722
66938
46872
30320
33046
93850
11523
55032
49136
28027
522
56109
69123
43337
32537
36945
34693
48730
915
98525
6540
86700
56940
11118
84789
10633
4157
49820
43121
97964
21735
85227
84429
97470
5991
83483
88380
43193
48402
80090
86499
27598
99661
91162
74624
96449
33900
67581
94552
12722
93957
6251
80156
46615
72368
37414
78583
52484
96253
92117
7447
56397
84434
46429
14517
94466
65568
46350
82626
60313
56993
9273
75569
33162
77648
55967
66235
68499
46084
90021
64818
26748
58122
40932
46150
68437
52223
97373
31790
88251
44007
84361
76052
70777
99597
55374
94239
92651
88695
15149
36093
42814
19172
31512
36333
13396
42373
82434
51207
43395
10614
40111
70185
7901
56248
33194
50654
91626
22092
46453
11789
94321
67533
3259
88188
96918
17867
49634
56094
18077
65632
68764
13920
14541
78352
55516
92108
61839
97506
11109
26296
16022
54677
44126
95790
50200
1729
22466
1401
154
39948
61141
34569
29483
34597
85008
32547
60775
28768
33533
80456
94811
18958
8510
33759
26568
63513
69512
44610
8992
74393
29165
98018
94734
55030
24951
29112
10866
30682
36624
52265
11946
22546
18334
43061
16972
84641
55468
29565
59887
30081
21700
83758
44362
85431
45817
4462
85012
26065
46816
81890
77066
5375
44574
84153
53552
26604
98332
88089
74703
9143
75992
11748
62268
53682
7830
30758
23736
63254
80019
47646
12468
62017
27258
96551
52365
7565
14223
83522
61941
31374
45960
13153
35570
14920
32636
38322
50080
8459
6707
24486
40305
84428
70558
86397
95861
50721
77568
54320
29685
29016
62345
9595
48792
22228
7555
22277
91529
7590
96581
30925
84048
77572
23941
83603
19676
3112
84106
2976
40290
21608
95936
82674
68031
8013
61669
62632
69369
31218
44672
7815
45092
58203
77361
22279
68481
11023
91011
53213
62785
83700
74686
30821
4423
3622
27674
21835
82123
63315
14990
20054
62810
93366
9477
947
15195
84334
40594
23513
78861
88762
57498
69598
34348
3635
54960
27318
87250
75654
25023
18082
61882
6924
96000
95133
84799
57384
29387
43358
40611
26781
72266
21002
1836
84394
92776
80826
2217
72866
26025
20261
97651
81484
70643
76234
4206
49492
83434
40412
49551
84812
21338
84937
62295
5698
44557
16745
77245
3871
27644
41376
75081
72250
19522
21616
35901
503
16972
2686
64110
36255
33037
46014
6512
84508
91086
70942
63793
38513
7107
31821
83515
67605
9912
48550
5341
1994
28970
71933
34563
93502
55826
84644
38721
80733
69468
67322
97967
74449
10934
42065
16558
5239
48292
15290
83241
20479
68112
79087
85591
97056
32958
8061
68956
17333
19166
71180
59439
53400
11099
21421
52855
17722
74480
47871
16974
57180
45402
12221
72327
63309
63561
14056
74636
58816
45744
60140
51904
50248
72603
54417
52644
12404
13216
71233
82261
76097
82959
89617
84690
10272
64387
95277
24539
95686
52890
52965
34869
26249
40513
34094
88362
68670
16169
71222
51533
86604
92246
17544
58747
47308
1877
74360
90397
93472
35053
28619
87050
33261
92207
79366
1193
97078
23816
41842
25429
46422
52757
42825
63289
96858
71541
66816
12730
86873
94330
25808
28148
48208
42713
47970
54940
95902
41186
53239
68389
16473
71785
96273
52671
22988
4034
99586
79033
92462
34700
78735
61319
55583
33796
45856
2495
20961
97562
34151
74909
33009
62496
11018
2694
18560
27071
47054
93417
72883
68996
86306
1057
19379
57528
1926
51160
66450
79213
44215
30118
66203
40276
40600
83223
49684
45099
60445
70250
66387
435
35543
93045
45914
81600
84823
74694
77424
43114
4801
79717
36894
66113
50063
24053
17827
5117
67422
14745
67828
62675
59385
58163
82195
86371
77985
60231
46698
38414
11926
65311
67556
95782
47748
11144
65033
11453
52716
80057
1236
4671
39662
20563
19539
21404
95024
64004
84283
16669
23182
73702
32965
41368
83390
75940
91016
30271
85662
55613
26708
32594
62204
31745
77672
40213
65890
74936
39217
94108
51229
58658
68288
34050
82024
28345
3751
88537
29370
51090
81359
68220
296
52867
27353
25057
51032
78782
4879
33962
69507
60540
934
34554
75526
53333
11379
18148
89286
33547
58343
69439
68637
54758
64360
22359
65285
86842
91565
8509
80576
45188
92981
70654
56546
32148
42309
93777
55131
70885
47709
79817
39045
12807
98933
62346
69606
32446
7129
41241
64930
28899
47678
53452
73601
51816
50752
52353
49976
58393
6265
99531
78743
2942
9696
92134
47343
285
45756
31756
72413
15164
67460
17824
71255
42372
52276
55559
43025
76993
80014
29270
77644
63750
70602
14215
66525
91085
36539
23749
37238
70556
83936
8935
19795
40163
44548
218
61410
21666
28627
42454
97488
66728
9113
53490
3820
34582
65592
38772
33275
77505
59717
1761
28695
88278
77728
96050
87908
71769
42159
88231
66289
38534
52214
72694
32135
69752
54036
52892
52338
61799
68573
53844
55688
48140
17200
67301
63162
67393
51380
74229
52951
39459
22708
18364
12023
48953
78835
90419
31179
69551
52750
5163
70431
56411
11021
63994
23176
69536
55046
76593
71344
62320
3758
37513
25883
8301
97116
74843
56501
70056
97468
82030
23898
5739
54829
62667
46241
57842
79448
71405
99942
38579
97421
41589
45970
22270
20636
51321
14858
91040
14156
73020
57553
89122
58555
32473
58491
88526
73267
83897
98703
21201
52965
16836
56791
36220
59077
11252
2343
38661
72930
61541
84168
11690
98144
23752
32512
62933
6196
49367
89856
14523
219
16707
47722
95423
46615
51976
17948
57780
24232
61379
52221
82847
14147
12090
26787
91962
48497
56857
5439
76917
48166
62237
44326
69624
64699
51145
55228
12707
87787
39190
77727
77654
91080
79496
30893
94444
25847
25851
40499
71458
61934
95356
85460
77590
23176
97108
27314
43819
44003
38815
66780
32328
85463
47259
69171
92128
73714
94780
78491
73516
92372
3228
35387
54228
29093
94832
49552
63374
63470
78677
81844
28253
6075
15977
13415
16186
21482
32631
7351
69296
28400
76650
53330
2497
17097
73634
74181
27110
61049
8933
23375
12692
42244
11308
231
84506
45255
67198
33126
53159
85681
41595
29171
7176
4449
64302
36618
84655
15965
35590
15784
75727
5324
90814
22229
16164
10673
17239
37166
90736
81924
76167
25453
23903
90734
5163
72184
75724
99426
21368
94339
49724
4691
32655
52099
66184
93813
18159
78705
81785
30676
55045
14774
40620
77899
48606
11033
79605
770
29597
11010
87455
84391
98535
94826
45873
36327
48411
82850
21517
23753
96800
21436
57362
64968
7287
5433
68129
45003
33200
93360
85340
73219
53688
16568
47498
36096
58863
90962
34360
8816
3000
55350
28281
66901
23945
96313
91406
49442
11522
79128
87745
47602
96315
87971
66251
64965
73526
83401
57622
12119
73684
66107
99484
35679
58756
5664
24462
94625
44661
43221
84465
62192
53068
45374
48866
65572
84113
82830
66906
26675
54948
59343
53709
9328
32749
21998
9453
48989
95601
60294
77803
15021
42112
69127
79965
77563
34860
84419
58107
90465
64788
14677
18660
34262
15294
17806
27709
9190
67683
18109
5977
43247
10755
23834
19765
49558
46234
76464
51194
90916
47819
84485
21669
31553
49528
45511
76995
75979
73396
71316
42870
30931
45935
47558
69397
99988
53361
75769
73359
54865
55874
63290
73392
65609
84453
96302
19388
91322
17573
9949
35704
15343
53032
6009
57896
50119
82784
30191
21299
8772
58592
39016
60450
50444
12716
53916
50472
30720
50633
79892
7964
56823
91411
9466
83137
11318
33293
23135
79398
18030
19539
17673
65449
75986
22348
41175
7575
66579
30716
80179
9615
53946
13653
54131
74532
19713
46637
15051
13217
37262
98954
34770
70758
32205
95514
86671
6961
18121
84896
30913
72056
21959
49800
7432
21683
38816
99548
23571
44503
79864
39983
63495
67964
5695
72598
42312
4640
12676
42903
42055
48612
17521
15897
59784
52500
45543
67227
69775
25924
47735
81408
74471
60598
85177
32584
23919
65336
57037
1083
6561
30027
40716
46174
20927
16254
90377
52327
51292
84472
7626
10637
44965
42549
36093
46745
20682
49832
53753
96217
95405
41630
11410
96691
12326
24067
45432
34679
87152
49406
48909
99149
33940
73335
88449
52813
17296
6874
48140
15789
93955
32083
31623
23765
12087
91480
77607
42094
98348
14118
55351
94393
57533
81412
48433
97277
7249
73700
27192
21240
10113
7912
34709
14806
98561
73473
22605
67391
5804
82866
27
66187
3824
37235
55439
48017
81587
56753
11874
89373
65505
58579
67477
53567
30451
59416
42757
90816
48542
63068
96013
87568
97781
90938
60185
68635
1819
88682
44386
18010
76233
11979
76970
34181
50456
9660
80854
49414
74188
77445
51043
34441
86142
72467
37958
25711
88644
2720
43524
36546
23358
79088
21451
81635
43616
96375
62795
30751
66519
52889
2165
77984
99866
38410
38030
81664
58447
48275
62127
31704
18134
40118
53149
75350
39222
11785
19776
76429
21346
96862
5474
92294
55016
37475
1670
90005
56502
56549
22562
39046
99657
21392
70298
40246
43795
43121
83226
78398
62440
220
87120
55274
678
39785
48484
95240
30526
64345
15157
46556
56579
47351
51474
9041
73998
60954
11057
27081
17835
96391
92175
18677
12356
78163
68485
44992
49256
23749
51843
78885
67640
91802
41644
32194
77230
63203
14253
16452
28778
89481
80187
36033
34586
95184
20360
41893
8773
63801
42242
71396
34484
10017
58888
38959
36893
56007
63498
26305
42862
97547
37340
92217
33747
36690
84406
90146
45412
48902
70155
81197
91789
17626
82692
94016
21563
46443
20537
77800
56480
898
73003
72522
76612
56023
36609
67736
17224
3855
9564
30271
30103
76741
34905
81084
91436
43047
37891
92367
89338
2263
75091
15079
49596
39026
87941
85981
40090
55918
87128
12381
24372
88540
9345
55967
7598
25901
40716
65044
47545
48688
40305
80988
72697
65049
54671
55668
69688
68990
22536
42828
21510
69083
10200
19063
92075
5141
48562
61404
56203
77627
24761
92553
51125
42569
39001
98695
80584
45638
7552
8840
18947
69998
15676
21853
29959
92010
36753
98564
4714
26042
76023
69439
64123
98772
59246
46176
99085
99046
69439
69504
66819
32888
41329
61103
82550
70029
73669
84389
81830
15848
16750
7191
12218
70764
67632
88389
34965
88603
97364
13521
43384
79968
63045
3178
11630
67944
66538
21126
42391
4074
62368
57326
60149
77992
63604
79635
59885
76269
72762
62046
55162
70614
38124
77125
15092
60974
88226
52570
34743
31506
9451
76285
10004
83251
70182
69842
12593
38905
35583
61005
44573
92388
75689
81290
27412
11438
96660
22649
29771
47565
53996
20790
55001
91221
65038
77239
20227
19417
79943
35166
81602
12273
65354
74670
2194
55896
95022
30555
69274
65965
72578
40794
93363
58969
62734
86615
96598
24176
81511
33638
83175
59888
83598
721
66008
53063
76103
23312
14939
2609
34001
89590
21192
75166
41286
81544
1063
14226
49328
49352
56507
69350
76294
76304
65804
26477
92546
65627
82926
76817
11009
85021
15987
99675
24438
16210
49418
47569
28651
41332
17074
99289
69013
934
33599
81788
74642
18925
8583
62470
74690
58591
56426
71402
97952
99091
71356
81058
81179
67576
65137
52564
78549
49154
2211
61681
59991
35359
92483
68119
33359
1639
68026
97462
48551
43922
18330
24239
79619
24195
33862
36119
39511
4258
96122
69564
69506
36232
4824
93503
85387
3699
42001
35231
3287
24121
70605
55063
59876
22842
80823
54621
26054
8718
41095
78763
10011
86877
36109
1562
22828
19981
55671
55242
48482
19926
35743
69759
52867
80178
3764
87686
64072
87440
31012
99445
69916
37895
63075
90320
25011
35143
43066
69383
87972
90348
6991
80093
86853
87308
90796
42819
39105
37104
33871
31459
98809
98847
59534
58457
51860
61589
64772
28955
34820
69906
16476
89466
77655
72687
29241
23520
85014
32012
83808
31641
46846
38629
29123
95151
60376
84451
2699
77101
7319
59438
66273
48389
16206
60096
15417
525
99851
16021
13307
59811
18324
61439
88847
12082
38397
51317
33573
63149
46307
23947
72510
16088
40903
3197
34298
10534
21226
1670
74847
35708
31778
21837
6978
83188
6838
63806
94006
75775
93756
68055
83342
4578
90476
11929
47920
1761
33121
11070
18809
1529
59756
15786
22599
77350
51124
52665
62246
67269
76782
27576
95930
30196
50932
77136
99334
66966
16069
4093
1431
74002
16282
58334
34193
88667
58816
13733
50100
14347
35703
39565
63721
10760
33350
41035
88143
38472
8984
86364
25148
87729
19223
37822
5394
50009
35331
69052
4961
98860
76111
65537
26322
14252
91993
57230
26231
94131
79364
46982
19533
78548
60404
79878
95275
10399
4677
4882
23690
21699
25288
18091
62352
95277
21242
84924
46138
66799
45571
74164
76326
39260
42248
61134
49658
87984
29710
70475
33781
76973
12268
27362
99536
8672
93099
83214
49841
68833
54653
54437
57900
75961
25303
88136
70485
1182
27020
74038
26534
60218
30439
47900
12809
85610
16068
30023
61348
24578
31436
62234
67839
8174
70668
83707
73554
24211
46193
28935
50447
58163
62817
88454
30345
81263
6873
2041
63360
31432
54495
6768
22890
99454
17763
74200
9376
76409
57271
51281
25346
68166
73160
57566
85032
74585
90135
17942
38982
99857
31865
10391
36858
26425
42247
12538
9398
49770
39427
63041
56324
20814
7368
14701
7579
44351
94508
17293
37789
65230
51669
35728
49610
73024
66644
60444
8293
68946
74979
45783
17824
34942
42647
53506
58854
23318
79554
17477
7877
1900
47592
45701
82295
85268
67579
73554
13835
73345
65109
82814
87733
37388
84113
66504
17166
12180
11335
83862
29993
7071
32418
23553
87508
57086
97504
52106
7879
75982
36261
33867
12492
91963
25020
83368
13995
88543
79276
8931
64592
94504
13522
89839
89531
11096
63841
97533
94980
88230
76307
62802
30569
19682
32682
82810
99478
27029
80775
68725
77296
38406
75398
46351
74558
39609
96340
60334
99636
5363
31502
33636
3389
16088
12696
74276
15012
1397
25815
6418
18399
71834
5036
11987
45017
69535
40621
54852
99707
61319
46625
52134
61014
68866
47575
65910
52879
78124
74724
3355
8583
82675
97783
7417
85542
18454
1275
84930
59972
84936
82600
34156
65972
11604
86694
52030
26637
57659
73248
3044
69685
5240
32705
54946
98956
50181
18637
78116
65075
26775
87710
10580
4920
26339
72538
46501
42463
20068
42317
27276
19246
58325
52233
64815
82805
37080
95542
43893
11480
60537
96087
26781
5818
41837
72027
15115
24424
23540
58684
33085
7423
29053
96760
77948
63707
20489
2762
71917
73533
92039
85733
18151
45271
99231
85676
75679
41463
394
624
60927
27215
1694
78150
42453
66461
232
64996
90343
78428
28658
3481
96933
68677
96740
34118
50423
84323
6918
12765
9493
38162
50403
7060
68021
99251
4714
90406
7231
49519
60078
76262
1917
39173
37870
34785
15918
24658
46
15055
89081
24028
57508
62773
39263
75931
70799
51643
34217
59076
78912
56869
57569
15668
33405
53744
45244
34869
97691
49803
74676
98416
87209
97327
72532
87983
83372
31036
73869
21229
95108
26385
87142
27645
99917
82759
38768
19988
57281
70603
82903
93620
53339
52599
26516
12502
36407
67756
98719
41906
94293
5966
81058
22510
48285
20828
78857
80737
10652
72874
1302
76387
53260
97917
89969
24019
2738
6402
4732
80068
43584
8843
99236
29797
38939
3463
96915
19052
50039
46525
27939
73342
6654
91173
37325
17661
92207
1347
3775
93870
58243
73409
15980
48870
37355
10215
66046
99089
17110
4250
65703
26143
89711
57966
5204
69356
99234
38697
78466
17578
5023
33046
15211
12236
73879
35331
18585
53649
97635
94680
93563
27692
33157
57907
12661
20908
67622
28804
25969
87341
63070
3106
77844
87898
52722
7081
47916
87516
31767
93553
91333
52292
87540
9708
85147
9521
59270
42203
43657
44255
57150
7885
31104
87084
18757
29334
67955
47048
90879
33064
68879
56248
98605
1552
62088
17671
49708
83855
41007
59978
87228
2771
97280
87054
79515
21298
44567
10625
10319
23395
74466
47641
25570
41337
50130
50341
58855
52572
31307
47054
60060
59685
29275
5193
87816
17910
48391
38268
4899
20116
54465
30730
57749
87427
69590
74269
32950
50780
33315
16527
70485
50157
4136
53333
15765
77165
85141
13225
32817
51994
27553
44434
89759
22641
89305
82290
24466
55882
65141
33804
20826
40429
78342
95183
72391
38612
29132
9508
71083
26143
37252
4720
925
48494
83167
70566
46041
4991
33421
53868
25124
9476
94648
99976
38446
15008
56846
1224
87344
39102
82838
56235
64437
24269
31107
89518
8949
58012
53798
50167
39933
12718
30397
48120
53994
61146
68906
17696
18675
34307
98015
40196
98535
92110
32981
7269
64811
70949
94588
75998
18310
61479
88461
96941
93624
3753
11067
93467
31204
99086
68552
3498
37615
1982
95603
95770
91297
85574
74734
62039
29896
22123
61038
7235
47227
98604
6205
64988
79964
91316
13033
70153
32151
88217
63167
19270
16935
73332
23250
43081
60728
14205
94389
40305
24871
87714
90729
555
4453
78819
62671
64544
63834
5518
7135
29790
71783
84434
22833
47648
39172
80354
49081
67677
32776
10984
59856
58027
10054
49507
51245
71405
88596
82270
10610
83680
98887
71342
42403
41406
78523
5672
88529
52877
1583
2269
55253
26632
14029
22036
49240
51239
29446
62370
8526
70957
42972
82696
80292
30862
32761
75208
71791
91835
54365
64293
76003
72460
48341
52759
70821
78056
7206
71944
84824
70420
28682
27086
78931
14774
15601
90693
87060
53668
13032
76808
59566
40558
75095
39148
3038
12837
33476
8794
45148
43974
1430
35686
45100
28647
53492
86800
40243
31101
87179
97271
14471
35432
75950
14293
320
44316
70968
50523
36715
17388
84973
85993
24797
25556
15326
71338
31075
28547
56172
6762
66456
98531
46819
64757
28881
88871
53032
39662
58770
96497
78670
42216
33315
25181
58753
5157
19869
46893
34981
29800
68735
6833
84697
44921
24221
88530
32501
64501
51863
19996
2163
25678
43816
75654
78314
614
66901
36031
19508
45572
1925
83479
63410
91249
50480
55783
31366
23442
7184
84830
59485
63682
84980
48041
5327
83722
14868
53821
16863
38784
53566
99332
43326
83226
68175
2178
588
90925
25629
62275
5278
28807
52817
39748
99643
73668
66738
34170
92608
66545
58364
46594
84452
44379
71312
86726
26197
84883
68837
46665
74209
40288
53724
60976
6545
71169
28177
20684
4912
92734
93741
50408
60553
93257
84344
63595
60046
89463
14476
25899
86453
68501
98150
75663
58173
26504
21909
70302
88366
24069
9588
79497
4670
99146
49492
13202
9584
47575
18706
17336
9879
78540
34441
33792
40217
28289
90688
5185
99407
40412
51780
58604
90376
94930
64912
27447
28332
72797
71400
13892
97118
38422
39494
72530
35003
7152
13035
83584
2784
9873
5079
1529
54632
53677
20276
43873
66386
80256
8013
54778
88865
66120
63772
92243
47741
42557
9632
79758
62134
56910
525
55693
51113
25754
92926
74328
31740
42311
77669
78477
27587
49058
88483
73508
81349
18003
57684
52542
61496
42204
4577
85514
12616
50703
16185
75923
18743
5257
24889
20393
88255
57519
65960
12683
94739
3907
62368
51246
57155
16707
50918
50957
97246
70270
72347
40013
4818
89844
43083
83883
55375
40041
92770
17732
80233
70885
81598
87872
62812
77387
4192
84476
16906
25844
50844
60275
896
17384
50064
73097
36919
18456
67378
2676
96246
7098
62657
5319
2100
72354
59645
22652
28251
24314
75955
37853
5224
10974
21681
11054
70383
56342
84152
39995
14428
58961
43247
45018
58740
87770
27283
4157
85018
44282
4972
79702
34605
87786
56635
92071
74798
16722
72912
73893
29632
54691
888
71496
28136
4782
20084
59218
26132
66047
47813
23097
90584
15705
17091
70291
8211
80623
68172
74045
44144
93468
37241
4168
777
13408
28876
84672
62245
62392
97894
19290
96642
6393
95894
92922
24142
60776
26060
22238
23471
97913
96363
17803
56739
38370
90076
49650
30465
61435
7583
1118
30526
19732
67261
96124
75084
67826
5849
73544
14717
88584
17861
44784
68357
40399
81904
43431
89757
65122
95901
78248
90372
38136
29167
89253
64032
47806
18656
33163
17794
69936
91729
30323
28808
58932
50428
82152
21628
90548
72453
52752
97433
42838
90959
59258
65005
75481
65482
31362
30394
47822
46986
57763
70231
26929
77716
92186
10548
97154
70001
66802
99450
36325
50917
9106
42321
82002
42265
14303
40731
17849
66932
2159
3645
17334
72040
4620
26686
73068
8489
92000
74216
63234
91416
9187
63116
75159
96958
34847
79426
80739
12788
26716
30606
46635
99711
8589
73277
27488
75353
37429
1743
66677
89610
41175
53231
63868
26102
7898
89917
76764
12432
49205
23308
35568
65900
49020
1927
60095
28785
50823
64207
1587
37805
51963
37216
80856
8227
15512
13074
86355
57504
3327
83546
54109
85516
14205
12944
11323
22331
55544
68972
97403
44867
98580
98442
62157
92167
29795
60012
94907
86418
8071
72286
12359
28192
1189
56725
5856
51798
38632
26033
2880
99058
65967
15554
59588
6237
65940
53126
36265
52476
77050
91408
34528
98726
12498
17381
87373
50000
60010
93695
79170
63780
95059
1140
13011
94096
93293
85617
37270
31771
67633
92320
80633
46962
72603
57226
24607
11073
99282
44309
36024
46173
50773
25805
10684
24510
48419
52321
67012
29833
23559
61541
72166
98475
76798
92661
38219
6019
4743
55513
5262
40086
30151
48067
49843
78790
5141
94421
76929
252
88520
21088
87613
45186
88251
92616
60389
64589
30010
39107
50502
81624
71277
49600
47195
25164
75166
74724
21666
92571
32647
16111
43964
13228
68605
15485
74433
89072
97267
27113
57662
36499
7853
87788
27373
25550
36962
20067
80974
44026
64268
96399
39111
77887
91856
22453
17749
84426
57476
99109
28078
6109
83650
46680
13717
11712
64200
97491
55033
99093
20072
53801
58411
13129
17043
7740
83738
74854
96157
32227
52556
27014
31437
80264
45627
38402
38532
12936
79273
3785
61927
33949
84130
99948
75754
41689
97933
23542
46139
44072
38958
46424
61672
120
93979
12386
27823
99765
10617
53902
53024
98477
72722
99031
78224
66962
11797
69095
20669
54014
6443
17869
82233
68880
24273
89805
51509
24980
83703
76850
35435
85057
73332
12383
73448
25916
17859
12195
11092
3803
10366
13514
11807
15139
60341
14608
16522
36562
94539
29872
67471
67577
98734
11675
23727
72833
17201
63301
87766
36207
33383
41913
53804
69218
99774
61932
26618
76504
24214
12079
17559
35504
22781
26526
47023
15819
55848
19861
25423
17452
28143
290
52815
26206
46918
2966
84060
33717
78292
53558
13025
31340
7218
75054
50801
65998
61409
88804
70036
63344
9000
43978
90124
26331
70985
27757
47746
81191
57951
7947
75090
84515
35127
4993
30576
24690
33383
11298
39957
16143
42575
79108
10666
20849
75051
4757
14288
42761
47666
91307
81961
54312
99342
2232
56998
3550
38744
85532
84110
8317
73167
98325
39464
14428
33205
24401
61894
73559
2438
4548
89390
17396
74614
66133
7749
23840
13670
57778
64538
37368
2339
16868
53869
78916
94875
56574
47386
55741
90204
11983
52294
48591
52715
83543
27045
96506
72670
28694
18341
65907
64439
79231
36282
92391
38909
523
18887
90687
44184
92874
31686
73566
87689
73749
21076
6632
59108
35231
22492
21853
19179
55850
21598
3331
58600
16181
4284
86210
2598
80691
48097
22824
2605
87
12398
76877
90872
80523
59330
57969
2197
94656
67750
71713
11800
25952
58098
42072
4508
9279
98271
47522
73559
54192
45546
57180
82457
28724
578
59479
52993
80269
79662
88220
97308
77232
74462
45033
28315
99193
11244
10265
68143
38585
91054
49474
59140
6250
18940
44216
15031
94275
63384
48591
62102
62822
40479
99965
95474
79127
58698
78910
76579
10376
90465
40625
54937
33391
22109
16256
79866
62041
44728
34013
44892
67031
48884
88935
37217
96055
94948
76940
42250
4078
21595
11080
34458
62000
28175
70028
49192
11074
64938
29946
57472
73639
98541
87085
17751
8695
76608
63637
53896
30702
57434
49280
95504
87424
79818
75444
42787
88810
64768
34552
89864
42084
443
29171
92632
10034
80560
4236
92910
5338
90099
63248
30444
30576
98982
70258
47498
73804
11227
53389
73435
56509
85287
66309
79198
46871
8773
50028
74973
22120
14691
65920
88166
88041
47885
95985
77572
37552
10197
42177
7385
16898
32220
61796
16122
30277
92640
12326
55431
46003
58721
36908
24421
87274
99089
85394
63834
47105
61848
53684
39013
40565
65569
39016
7831
76994
78853
17928
54482
89677
13810
18798
53244
99390
97175
46873
83136
40811
57711
2924
71489
13615
72359
57429
20764
96665
23182
7050
36601
50369
61048
85231
25837
98325
70126
73237
14608
57458
42486
63580
36790
76174
10651
13113
23116
80722
66553
5011
77136
23045
31815
74823
14605
47044
13121
25676
99090
39630
70800
81745
40270
9275
57049
98210
67819
54124
86015
57417
59556
72541
41173
68848
43427
67607
35780
68997
22939
15331
23541
8535
9471
20537
36956
56349
80158
1782
57730
91862
50428
10284
37965
41003
25902
24083
23598
96880
70353
75165
33734
73993
95719
20295
70262
29513
47599
68652
77250
35574
55104
98292
60417
38825
80034
25545
45795
60593
63145
57098
65567
6807
59566
13272
10296
15228
63820
87470
8204
87614
3252
35277
12057
6969
83182
73493
5804
97195
89676
2832
99015
67120
34540
41609
47822
84940
57867
79354
27279
55143
2272
64931
64524
42930
36060
33814
48485
199
3740
40366
60806
29391
33384
34624
36683
86846
65836
25802
51340
79064
12400
90761
62473
57015
21109
79654
34707
79556
32431
30480
82644
13891
21402
16229
34108
38955
67386
39465
86697
44882
60467
98938
51442
56040
33473
66458
81680
57722
54773
46443
47178
12055
82221
7097
29947
31215
17647
36784
75458
28502
53442
61775
93478
51240
28392
84788
36420
88135
31036
64215
71254
67776
16036
59923
65890
30284
1331
21791
95100
42994
68926
15962
36825
67850
80120
80069
1393
75772
69837
5866
40528
73830
25016
24474
9209
23932
9409
37589
44375
48298
45110
56994
52514
32949
45540
60767
41258
87776
69714
22866
21156
37003
78554
99421
99694
87093
27622
22544
34943
7522
13507
39929
68720
70615
90276
90198
83138
95138
15222
59115
5226
15543
43259
79823
29600
83542
93990
99873
12256
78344
77554
29144
90906
93383
93406
17047
20828
9789
35113
50944
62298
29765
7398
89311
68375
62702
33788
13671
95059
84414
93917
22043
62961
66931
59201
86722
64676
20485
11454
95293
46453
15463
80870
57621
88692
23020
33597
23373
63384
67622
65238
6775
77268
96521
62409
99106
31289
21230
10931
9617
89730
47220
95465
88263
3424
17761
62618
1310
70210
38695
70049
89080
43072
70113
92356
69996
88964
88700
79756
63714
41654
56115
71425
13178
82691
94482
92800
88582
24457
348
9564
24023
36514
89352
10127
10997
54538
13254
59355
26121
11054
57536
6498
53588
33331
74747
11582
45251
99680
25725
7774
71834
82378
50472
84189
52332
92250
51780
60096
5357
96444
72059
89580
72415
19335
59998
25890
45224
29380
20358
8409
36133
99645
8756
32086
45336
48099
89881
65641
70012
76092
93809
48103
81433
2951
55978
21632
77875
94445
80804
57181
61565
79814
27312
54744
19659
33349
16186
36087
44741
57057
53955
35910
65655
22369
53287
48048
60805
52516
9726
40410
59612
10282
36702
35324
93284
76034
31005
64061
62641
20528
80532
19689
46649
20762
39871
2418
10432
44624
45728
53473
2126
52663
99428
33207
15907
57168
55518
48484
5217
46025
68815
75075
33415
54623
24039
78480
5246
82126
44580
5639
85195
87160
89273
41115
3909
24941
47371
21935
43105
54653
47093
19764
22506
13399
91627
84640
6892
40541
15355
92231
81487
98567
34831
8921
71776
71920
84559
5336
1707
75584
75748
33683
64261
32343
82455
18980
67334
79539
60568
87203
76052
97055
16827
23525
93050
51896
2780
63061
15383
25788
16259
96844
41203
68529
84195
78800
9037
5008
86972
63879
2127
44268
12896
52278
84771
5955
51635
86490
94879
91551
24363
32546
10075
39113
10263
29863
84387
72044
21404
22345
55304
39713
7162
54376
6737
71324
83982
85212
89904
20210
79473
75729
52655
46150
94877
35426
39112
53551
28559
22416
96628
35014
39720
88192
72443
29969
78957
20367
15050
63784
58383
74002
80707
81505
67653
30894
69838
49852
56597
23536
14702
4845
60561
17867
13326
57793
68446
22636
72569
56654
59632
1179
26697
65372
2770
66288
40568
37290
10338
8368
31474
76895
7576
9827
96556
69134
61766
6034
95949
26405
47003
69410
64362
54930
24866
21672
86448
48849
38440
27688
64090
29847
39899
19278
49891
75508
90349
6568
20117
34377
64216
82686
96
62790
37371
92303
8454
46174
71267
73
74195
21866
41893
76421
12394
16950
91207
16637
71386
1132
83326
6186
62191
12699
81074
76382
92229
51619
95422
88891
28184
37376
60564
44942
33239
77073
49341
9292
80182
83300
50238
86311
36610
78368
26006
82668
18480
54414
20132
75037
97007
55588
96197
89126
1468
29199
6395
52894
15283
39933
7049
38140
79939
11173
47803
87923
74267
17395
87970
45516
13824
60340
28349
9214
88448
43578
4851
91277
23521
82924
48285
83036
15123
69262
43969
20528
12612
62152
46808
23938
7090
44085
44017
32480
31291
12811
71407
22242
20304
56673
82893
49156
88648
8418
68130
38820
95153
27629
64576
96250
62785
13702
97782
65583
84170
51101
82837
13915
27500
13305
27503
86175
96869
49696
29243
81948
59619
79685
23029
7566
69626
11599
40323
53608
86097
12514
52691
96301
45815
38029
16480
14984
62259
18447
31347
19497
99417
38566
8293
31101
26840
56438
92258
53736
20912
16082
85130
48770
82273
9994
8178
32139
2846
37329
54407
23276
60961
30729
45682
66732
36824
70861
95031
80587
67581
17115
35288
83999
46115
56861
46934
41448
1132
81843
36375
19826
26743
75038
6179
68839
62199
55243
43464
33358
27135
43002
47646
72772
96762
19241
98053
15733
35767
63618
22282
79223
59937
17855
80937
1188
68364
82485
80940
9106
19595
97284
37169
1904
97631
82297
99721
31263
87818
35837
37821
79210
3298
33438
82187
95684
89089
90328
27055
44253
65528
2432
60381
41600
35364
18221
32170
99500
40793
74947
32586
24237
48891
20349
49651
1590
48075
57814
52961
28254
52606
68725
72467
9012
66698
20723
83827
44736
15033
96201
91091
27095
13920
9178
46835
32314
89257
89371
78559
67116
23245
94555
12244
11278
57790
45523
16131
33689
3167
96971
4622
42967
96343
20005
79312
20543
32922
61963
53242
10827
97864
9424
55063
62552
36466
50277
68816
27929
96982
54235
14604
46455
36524
37424
95599
1321
75416
68056
35332
2636
70944
19657
41013
60512
44184
2307
18103
96351
13657
85178
91810
82395
6864
47394
33310
51058
48242
90773
85626
89136
97805
83267
15669
36866
37498
94935
80703
45042
86383
66210
51098
13476
43889
73927
45754
47724
56454
78882
39435
45641
84584
23126
10898
5538
34166
77041
57644
17660
56037
2814
73842
9077
11411
16870
37982
51104
47964
57444
39655
7997
8421
40292
616
99444
29910
10231
10400
76238
27205
81654
6258
16145
28909
84304
57612
59062
92286
10771
73924
99976
3469
21299
36990
86554
6796
89049
35467
12709
15573
78922
17420
39166
77983
44658
92916
14897
94227
93870
62251
61500
77145
1396
6895
58057
32907
52031
9556
26505
88651
53690
76300
96330
83472
2984
72482
91765
69148
26798
98752
92710
79465
53150
57969
72809
65505
56385
3489
44845
47085
89920
20352
61416
78981
89966
41029
39719
58983
84213
49583
54160
86242
5596
90119
93846
14674
32754
84833
26104
2758
52603
94658
68983
67964
32596
14043
1681
16879
40675
64595
83615
27911
66240
54211
76487
58895
38458
13562
97119
52515
41191
60481
2303
24872
97900
76153
56705
72565
49701
90752
88952
50159
44434
46099
39402
51923
42495
78573
52748
24589
85646
16974
8088
82469
3554
68823
58637
15961
49163
19665
20676
75269
18057
83309
67946
79518
19902
48902
14495
46207
20373
70499
22185
45403
15209
94232
79669
93649
4916
38092
32364
39518
97365
46550
89262
54700
76444
74176
54222
64871
97909
52174
75850
41776
66670
79320
68101
44715
61767
32562
23298
84307
50069
9229
78015
1806
18931
1014
83852
20667
74374
13212
6663
16199
748
29711
67573
55199
4928
52132
6686
82143
43052
18421
61030
14985
91339
4581
74436
6930
16025
80129
79713
54262
39418
86498
1038
82891
39812
1295
84194
13299
99787
84608
87887
11308
68007
12637
95456
26146
75075
53060
7857
75619
24836
79402
46411
52051
68788
55480
95866
92054
59306
33943
56653
84907
29944
55751
95242
73208
26321
28040
37291
62367
97973
44444
86745
52080
32826
52036
29219
84761
86808
26342
79963
6521
42225
14736
2989
13170
5308
26935
27005
51836
43533
96536
90204
7766
9378
4671
41703
36119
91852
5318
38588
60834
88088
13173
87065
90681
17625
4392
20851
95913
32372
96974
86160
51139
38344
75373
79841
18666
87384
25123
28192
9064
36534
75624
75682
32955
44333
89167
1240
84045
25739
61579
23368
49217
3017
16366
21059
59305
81145
60269
93731
21365
83755
74143
37187
16965
81628
98564
85979
85472
18555
74691
71382
39805
35641
41291
94609
23582
17997
29979
33171
21213
72769
79901
23108
42111
59804
43277
34187
98661
42637
78071
50983
1953
67376
91454
97610
29285
70049
6809
71437
13751
33402
82361
33972
48992
48938
39077
85504
70212
78837
68454
906
66157
4802
52158
13987
28608
96357
30835
97797
50705
11912
77322
98548
12625
42072
42639
35351
74085
80107
87312
45646
83
14121
11369
9423
34006
31262
795
78272
12880
65402
68597
57171
93887
93602
66388
2521
50056
94231
33158
47844
92048
96000
18827
22910
35946
47991
38228
70815
27786
59022
8238
96911
53624
33276
94072
82169
23361
57031
42063
7015
83303
36463
92747
1600
59704
28597
85506
83227
55484
85927
45418
20446
66215
26121
56924
61527
41167
29857
17460
52951
75992
76158
77109
47302
53291
68326
24553
52039
54341
29595
75814
70089
9099
30089
90828
19846
44572
66671
24619
90012
32479
84744
82402
95269
5626
81397
13218
80758
81764
9129
84913
2193
19059
83056
88842
8646
9807
91388
36577
22957
7496
43757
77924
97497
3618
95356
30526
23993
78350
26885
3349
64880
97493
13615
11443
3055
68781
14650
56993
30124
65838
67011
2383
96706
66686
20118
66865
92164
66888
94289
79780
59391
65612
3057
70702
38507
54256
85692
91970
76365
19187
2762
43907
85772
81730
70960
54496
26510
1764
5738
88862
34895
10384
76357
87251
58206
55806
60838
90094
979
74587
76282
66741
21552
78614
53755
40262
87412
43543
22972
34174
83830
12656
17618
80664
50084
74571
48350
97422
98039
45762
53467
65691
17842
3022
26177
35265
48376
33591
4563
67717
27208
70955
67051
96280
19286
52938
28288
71761
25735
3325
8785
44214
71720
56102
13809
17370
97195
95283
36143
1120
36127
21741
45984
94173
41066
45709
45995
46044
64870
87661
41393
30651
80982
97500
92247
18706
79300
95883
50706
53108
42840
36293
73742
9102
46486
89916
35963
39244
86677
89566
60788
1627
84216
77479
49613
32969
60650
75087
39160
93128
47899
55876
80084
52562
42289
10386
43508
42695
78253
2687
55367
61937
67324
17780
4776
84872
5270
97781
99076
11090
84694
72625
30244
95714
4598
58932
10774
30785
85031
97530
32348
78506
19114
30495
99025
91343
75566
74482
56403
474
25670
98568
82066
88366
78694
83148
45075
22955
66906
66548
16001
13936
51363
60591
74577
986
71023
80442
27280
5739
78900
82578
3211
98982
31081
62051
60219
23671
87232
69503
45707
38287
94468
87019
49831
41005
66315
62739
39299
26457
98904
53214
24261
14857
9264
1308
29264
15942
34550
51963
16365
75113
38117
54713
87736
29727
1866
55700
29989
1900
93148
44413
12110
14220
15769
58732
61882
54164
28382
51468
67787
98326
67746
13399
94275
77219
7248
91580
82868
21835
24607
19612
50211
32065
26511
29077
98456
36026
21858
69174
46341
53108
29013
69457
55312
23186
10650
84750
18175
31141
7475
75036
7807
84839
17869
51394
33137
2209
1879
28372
79986
845
35869
83361
71845
18005
32741
59977
93439
20442
82181
1324
40206
16817
39871
52798
96935
78344
13211
23094
77355
3174
15199
27270
52981
45552
55725
84549
35202
79975
34169
30119
90462
63343
33990
75214
47719
7339
41884
16986
52352
12644
9928
98620
7124
59465
27023
1960
22373
85071
83408
42312
75344
73529
89622
51246
74207
49396
64406
78274
82955
72057
87467
55513
1163
42421
67276
81830
47837
44486
25191
75722
54256
47483
4860
21416
65516
76606
90393
88243
16127
89614
78509
23912
78884
46436
96522
91544
40658
66423
23356
9854
7262
99643
11713
47119
6734
61029
60740
29519
13500
69353
91738
48799
46115
196
35768
91700
12552
6454
13839
17572
50664
87591
79718
85498
12058
57514
61554
92169
47681
85694
7699
88412
16145
34193
26958
68684
71963
68256
32451
60843
52598
49818
63914
69821
80332
58914
52751
53446
52158
43731
27687
57150
85109
70686
61070
44417
63046
87150
11615
63716
88417
26925
41711
38274
50231
24703
91366
52820
27717
50124
28731
59134
73473
84412
61962
97414
41120
74426
61045
30784
87905
37819
46901
84901
50170
4280
80795
54947
36829
42678
32679
98093
48678
12871
52036
18354
21188
10986
17662
24139
89441
23981
28833
46382
60784
93778
77775
55968
74482
45360
27133
11367
86149
71088
88364
43774
26538
39480
80351
87873
69873
25381
67645
34248
45539
19121
3973
39537
78732
75476
54057
83702
72739
89158
84809
30909
91831
86114
75980
98286
41623
46023
77213
49567
55006
85048
96512
37068
44122
7043
89584
45250
87000
97119
99830
71450
42029
17326
41288
70915
27907
28226
44443
87160
33406
97724
34630
75601
94890
91247
51574
19413
72195
56963
82663
92972
11808
77878
13478
43091
89213
98525
41440
54025
7652
17320
60133
35462
16216
93955
74495
56588
22109
32312
40489
78549
22791
97842
12142
85099
80701
3293
96608
61559
95690
91017
34097
77778
46272
93166
57585
56375
16137
58249
39972
29433
76107
26756
48767
39440
28407
68147
19839
55919
42863
44186
87334
25329
98417
28045
34036
13554
81381
8304
39774
33722
36191
85597
18765
14772
74033
63683
82837
29981
36016
64395
23440
64439
75680
54518
19031
15965
91807
79427
8764
79889
53452
47277
34151
21649
33586
20592
65419
5801
31668
38732
98820
40641
1623
74114
90320
60567
4134
52027
93927
95304
40838
22792
46104
7175
81335
71780
73761
78384
21156
25462
44298
81718
88359
64051
14527
74616
16828
86560
78761
28275
90304
10997
67496
44689
89189
90940
38158
63071
76757
73337
74938
99324
4641
13348
6064
13485
63589
32273
21938
84109
55897
22513
11581
43586
71286
63217
33475
95275
15747
26368
9664
80533
50908
89871
49915
51565
32478
39153
34651
10447
35025
16769
75459
19357
5522
2018
89900
38412
16348
12385
19037
29113
59443
30392
86249
86808
28717
61740
80870
88940
65308
76757
87781
16627
31356
86910
84179
28921
82998
8162
80075
34189
81519
1879
10389
27952
55600
19879
65247
86441
66866
87032
12823
42486
42022
16461
80610
57982
54078
52806
93020
48353
36859
93891
48204
61552
81588
69350
73155
16089
33376
37781
27314
84859
68865
46335
82565
53528
51789
73142
24767
82440
9626
72442
58419
81386
45157
86039
53084
91414
158
1573
80922
80781
13364
25741
17993
2962
20857
68459
8288
68626
73105
13934
4259
45598
93277
70429
2726
72922
38302
76884
74270
68653
58824
88364
40709
40505
96901
66296
6378
96581
67394
26603
2867
5237
47258
20599
1424
49019
29885
32945
67869
73831
22429
79984
79508
65466
87573
63861
15948
66968
35255
95812
6834
73340
70064
67056
78594
45573
81529
58452
81634
19982
95261
85566
38331
98108
89922
8518
54837
90448
1398
63580
55503
19324
13240
77824
47767
17970
799
54731
43660
24344
31819
26987
73901
5464
33478
36427
38461
97876
29046
8881
92246
19447
74691
81216
89863
78086
38367
84286
60204
63317
47447
60176
16808
99894
13525
88226
36546
92012
10030
6211
44697
43037
27247
26060
56836
68198
21599
31713
15051
29833
17264
48496
51772
60002
69256
51511
17067
21271
69895
79682
57481
17901
83348
2609
57951
26455
53544
51896
69031
77194
69718
51905
12071
45484
87382
73580
33580
2250
35693
95766
1407
905
13819
52951
10694
71252
20896
133
20601
82868
75723
8343
73791
35454
31937
89476
97126
7877
40839
71561
31899
32497
44172
24297
72427
24040
83637
33870
82231
29768
45222
60718
11757
19030
77930
34634
52681
44561
99008
25616
52616
65408
68130
8704
76804
36586
40914
45387
66929
33028
11556
80279
79186
45540
41090
69055
68377
18357
76384
86679
12442
93475
76701
16366
75242
67798
2098
24652
32409
60924
85018
25467
79081
93567
84670
99810
77770
86613
84028
89675
13204
60278
56147
5254
79456
44393
13774
7143
61764
39447
86475
89771
99144
65569
6374
78168
49865
61036
50022
35682
23818
69338
63844
47945
70450
86453
51444
16960
40519
25221
44530
86313
81252
7233
28554
48827
60665
50914
66275
13605
87104
74706
91049
57677
27735
49956
91605
41969
92831
35837
97980
98447
58992
34223
38257
35200
93271
50951
90615
40095
40109
94973
66119
38887
14869
80616
80699
81306
85745
68404
5205
9566
42305
6923
56526
91521
76186
21552
69599
85502
63679
22060
72421
11768
63007
15103
62709
99587
44586
74424
56156
89442
94737
24960
98737
85034
91801
90032
47770
1926
23996
27139
81912
23732
27676
48837
83312
43244
8612
91627
13078
25793
52990
84861
60216
832
91978
80750
54788
22166
21890
89420
62903
79310
63655
66131
17508
35927
39334
52828
42461
44355
67661
15154
48608
48876
75045
55205
67553
59826
85643
44791
18704
90656
11182
10996
45927
87148
72743
41119
4115
18972
55984
1256
25596
20902
83747
96218
32754
47920
68048
80944
30806
99383
33626
15975
68386
51467
74222
19598
25558
82038
90017
34746
52448
11485
998
82614
89031
1311
23721
95512
95348
29467
90090
5839
62302
19759
24953
9048
56816
4667
54890
93456
86169
387
88277
49828
41072
25331
71342
65060
18914
72253
52636
68022
13242
79198
50071
29414
30059
58398
46595
33115
30525
21814
25636
72261
69457
18444
98812
44530
96531
33274
93480
94753
92123
9645
41140
89102
82976
361
82774
35851
91322
45834
73710
46479
49810
23365
12728
84648
83848
39693
82826
13293
43489
38577
81584
79150
79531
3042
34914
81005
86158
14579
26431
60165
86992
47289
32745
71624
87877
60658
97276
83047
91666
33474
64492
97803
83196
3544
64570
54081
63602
24463
22738
3921
1076
24656
16677
83087
43134
22197
81534
70154
60437
41928
61250
89123
75532
8522
52905
44792
27443
34064
61012
83933
55965
12520
31274
33932
45997
7449
69811
86899
73820
75240
48624
93804
12746
62935
52628
60907
22687
17128
52163
87120
86332
92319
19206
63868
16866
88901
38760
89280
31006
25737
83505
6192
77456
85601
98204
75479
78231
61326
1526
26885
19580
22205
77590
99619
41431
57578
91059
62054
14305
33375
49063
35746
2199
46043
35070
44886
79559
63277
86874
88069
72059
72159
24583
5893
19199
95536
23318
7856
74512
96218
67352
120
82787
72146
73016
46936
8367
94221
15030
22245
95705
41631
50940
19971
46458
51391
4286
2708
85519
91047
77811
42347
34108
39192
89674
2975
61981
20250
84203
37979
69611
61024
88108
97426
65736
96394
39404
76591
15495
62276
86192
85291
2331
93132
22935
39544
81114
5169
17499
53722
8461
56823
82055
50965
99607
40566
69616
90530
98527
89506
26065
62555
75324
24166
79975
95221
17981
8746
85829
61614
59954
54131
57365
86236
64090
64009
78156
82693
50057
10964
38729
66956
63094
71999
27466
69481
69183
35007
88810
72530
77465
28813
10235
55189
73976
72975
75132
20168
63222
93429
89143
31255
2628
11998
48026
44540
35723
36091
77871
59469
68701
4171
56442
56623
24957
46342
15375
98153
53000
25558
34382
68051
93598
8799
94268
81421
44977
83454
29599
52236
27753
86575
74837
5583
92305
82473
53458
82096
6017
50309
63124
84886
97449
85596
45572
96582
30295
49390
63628
35066
8774
70238
89903
25706
95235
7290
77897
99879
15325
55065
33061
22503
34312
91390
32245
86234
78477
69689
98577
4123
82418
94668
96079
33538
62849
76522
35131
87862
39288
29307
51091
72672
37453
15037
33762
41050
70524
58629
45975
75014
92206
83171
58721
47484
81159
97763
49289
77851
97997
47120
25420
86657
54480
17651
30900
60374
64474
11289
84882
95266
93780
37906
70873
43102
72722
18102
13178
16904
52732
48386
13752
57712
88730
12864
66087
76431
19260
17349
92262
78264
81187
49747
59894
10566
15
41599
8822
29429
76646
51341
20445
57165
89310
11223
99475
76089
28167
79917
60843
39222
84408
13558
32673
28423
46228
95860
40012
9765
16569
59557
61761
1235
66405
24870
77604
85807
71973
32339
53835
21285
19547
42442
10160
46142
8939
56269
94771
36469
92994
66565
89098
17898
36964
20868
67686
24528
98736
14307
51844
43041
85842
19242
73516
35249
1350
48814
65289
89503
24228
72564
7013
17672
61644
2164
63905
51862
71374
95225
42638
39702
96086
88036
28619
57575
5491
99600
65883
81166
54179
40369
7778
51239
81309
23542
31740
16630
83642
84045
50522
8731
69056
56869
75929
48451
5965
88911
79329
347
22652
15806
95928
1696
4151
69613
8160
42450
38874
3487
98548
56295
97599
93538
99194
475
11692
41357
12900
40581
8277
51240
6889
82661
26350
72299
42844
97498
38514
33919
38982
93584
60361
26240
49509
79222
90105
27364
31647
52974
67148
45365
45476
32733
80282
4794
60320
47202
54803
68340
72826
33731
1515
92708
12973
14819
69922
37034
37024
38257
66191
36552
38499
69178
52360
85605
73064
95581
66353
54957
10780
27359
93087
89813
48929
91861
47271
7421
25993
64831
19303
88974
721
17429
79889
1699
37752
35640
61776
88101
98554
79147
78488
24462
51213
31291
67918
71470
61719
7801
39249
63628
45930
91465
50212
73284
62685
80659
47002
71151
31337
8790
28156
99712
60029
16188
11993
92139
59678
67849
5483
94528
55326
53101
51522
75157
89239
68921
5231
6562
11717
40846
95759
17125
46205
31601
57746
13029
21678
62970
1351
79316
93299
59948
31014
43790
92561
85823
54457
66942
46771
42137
1992
88704
28000
18843
41248
53377
17334
58039
35135
55426
15813
48896
93054
19804
14154
68410
72795
43517
2950
51536
6850
96496
1403
88228
54648
3323
64195
41440
92580
28642
25100
15660
22650
70345
11668
40889
2661
28118
14172
89434
66353
47413
81836
92690
31250
16053
36932
59208
12436
92591
78266
89655
25248
32007
92245
78242
15015
88620
70053
70533
85966
19417
84380
24486
55734
95966
69133
59274
32775
85336
84512
11237
83545
67773
54607
74761
47327
42868
89280
32223
65488
1472
5215
13620
92659
44830
45782
58762
52902
68420
12076
11344
71659
38025
24792
22508
82768
91907
88321
94612
35802
22188
20660
80796
39597
11550
77376
78153
55706
44701
46737
34820
79845
84500
26311
48426
1713
73303
69138
94209
63915
97351
59980
83621
3088
71669
77395
36065
79292
85566
27394
71801
50480
22484
49420
63939
16927
54653
7572
44790
60949
74164
43371
79034
86660
98126
92135
66015
49453
93687
18556
96330
66504
82427
78937
51946
32047
17344
94690
6921
14605
92880
13318
97310
30430
42613
73628
45471
30467
67581
23007
4499
69958
4061
19619
33797
16452
2482
74226
78677
76475
36194
21448
32489
66225
99585
40647
57793
57310
36368
16664
83656
72184
25920
60831
22406
1113
47860
86585
1522
79535
84707
11317
32997
39808
76221
85708
83658
55831
95717
20254
44049
22767
9757
25899
17667
25339
63744
4906
84175
1808
67560
39689
66819
38256
87535
41090
39831
57236
26483
81079
1379
61493
30675
4586
54864
41431
28950
22363
32300
57778
10091
11518
39863
72894
6282
46488
23195
26746
65241
15382
54424
72793
86187
11850
20733
43754
88004
23555
39379
85827
35959
27528
3859
99721
464
29905
44664
44479
26701
31683
37967
78088
62599
68389
48395
68826
77167
70275
85557
45153
63571
82239
81792
15981
90751
31118
90010
74426
32384
85782
23967
9626
26981
17794
32232
29601
67646
52288
73057
50732
2950
8952
46519
67246
51005
37961
94320
12121
38350
62881
95445
61638
25488
62616
20490
3617
2823
2666
62591
17971
77034
76335
37439
59917
52447
27161
80165
39055
75235
51754
67406
15986
3398
11791
5449
35640
88050
29628
10507
33742
16812
30949
39712
83546
40532
95255
65660
49223
58247
64433
23023
61099
9668
12898
87446
69681
15851
38208
41486
79687
89312
11010
84676
16710
27919
4955
40936
74201
64714
34772
6272
53229
91022
35652
23577
62516
31876
83918
38424
74517
31523
41015
86862
92787
98578
86339
43594
27000
8427
53931
9352
46943
71739
35421
45991
76251
54599
98705
34104
84870
712
25187
12627
70922
56471
31761
27492
63110
6211
82130
54466
68414
66015
98513
39776
71938
63513
47142
50781
83384
3941
72751
28150
52872
44568
16272
21851
84869
46160
30116
25726
13651
74993
21150
64583
69657
34218
37633
62501
98757
20982
44952
26752
47254
20991
9458
74122
35818
99357
48734
46740
89636
85627
81695
83996
98745
75418
79149
75235
61080
40367
39848
54717
93492
76168
87289
44098
45743
90061
48998
42017
34660
88769
306
84468
41713
42727
53295
50351
72895
90657
38593
33138
2992
3731
82544
15262
71076
38214
22793
88068
8712
35401
57266
74137
73404
32946
14440
41830
350
43874
83671
3035
23416
80775
67221
78947
35875
1499
94235
1171
85527
42473
42721
14397
3568
46959
68853
25217
92222
27583
10360
49346
62441
62976
62773
17334
42943
48146
47551
14136
62076
7823
53701
94712
60437
20300
30101
51089
31105
99807
60075
97019
676
20314
28723
90071
67609
75349
83107
34824
57915
66858
3982
90145
32816
89146
27686
59833
41043
45421
46737
91579
732
16631
33863
14490
17358
89781
25317
56834
80317
17559
31089
37930
5082
39096
94955
16837
33693
70824
77580
52119
13006
16907
97022
47589
70576
50010
80376
80421
58314
21447
79924
33621
57842
97405
75822
62535
84568
11462
65595
19546
77869
12135
15428
86596
10223
12134
74750
38507
89266
45388
88039
81747
48748
29508
58814
10289
30460
86179
17247
67038
76536
25282
32283
32936
50131
22727
34992
76418
53351
92578
64138
38556
72676
98803
67285
66189
41717
81865
95646
87532
35659
87140
43845
20255
20040
54396
44385
58154
56202
8379
54448
40105
52563
26853
12665
51449
73361
13976
57536
2352
25390
44174
9125
26509
53302
93567
73338
28298
44064
10596
8415
36302
24380
45686
58204
55071
53399
54357
16666
32724
12174
80036
93598
37001
51981
47186
76835
55052
46466
29812
16531
28436
31074
13485
5250
19217
87095
32591
199
20222
6054
2043
18263
70867
53657
37125
71168
67479
87469
23059
64511
54707
72698
49252
77310
95746
63674
59533
64046
61796
88728
6783
57340
54450
20439
22660
53043
65259
51420
54056
75535
7917
88921
68436
34873
14464
85302
57621
21828
71980
8030
49307
86018
4746
88835
26686
91427
1720
80495
21435
19596
59846
4553
97660
57552
25550
17632
90230
22286
67969
31511
25772
48454
61819
89645
61105
44761
57112
91016
32906
9756
10593
64605
45649
49432
80319
96478
34838
42594
84528
42592
41184
61554
49590
50344
49329
96130
621
44242
24328
34277
10933
48798
47808
83553
83853
37815
93814
82346
33121
19009
25416
14557
67194
79679
90712
2997
5172
87454
32176
44174
23181
32385
58879
49812
42936
92617
9217
89958
33585
24385
64061
54541
52236
35716
88296
81395
79078
35179
49704
43458
6557
86295
42771
24794
49372
75991
23317
80621
96654
52759
94191
68699
39795
46661
32957
52134
21360
50113
5872
35825
25857
76896
92634
74266
49386
22749
57769
1840
3115
70269
13674
26483
4625
95069
91311
74087
46921
76314
79243
36372
49104
23389
87545
1118
50662
22209
19293
76059
61825
39714
90786
56278
89854
3748
69699
7840
38514
61277
2213
64749
37854
46784
53793
19730
75361
23815
43552
1049
54087
74140
14366
78558
27968
32356
79121
95050
85707
20329
74019
32393
43473
26498
87067
49034
14
98273
29787
57106
93321
69336
83714
67998
22821
21641
79088
49139
91345
42505
85290
54755
82906
25905
37748
12511
79968
8897
60187
99027
52741
99472
83509
15491
22178
28532
1247
40256
73108
2442
34566
44550
40179
66019
96162
99221
4132
85708
79068
19370
30564
67928
62161
85690
78660
63180
47438
86731
19413
59270
87227
47374
51865
79467
1716
47836
98456
20140
74642
92332
99572
65716
62249
62255
34740
45137
35850
50408
733
74332
39625
2667
3295
61350
18425
49521
6315
28289
76243
11253
81507
14345
19637
57551
73
77517
29159
39530
89721
79230
45017
48227
75219
51058
45160
24384
60112
53877
39839
91627
55542
36910
58906
35562
36006
82665
71686
67421
73651
60710
23844
79379
19085
63773
75981
41192
26139
84843
99247
48543
79527
47550
18870
64920
63828
13594
62694
17199
88426
61669
81092
47601
23986
18005
54036
96059
21405
19572
12540
60849
25374
59725
80648
65399
97176
4118
19815
23503
4626
49689
26387
4944
85640
67713
52142
97888
27419
89950
35271
36238
47624
48500
43964
49774
60021
64806
2394
55954
58215
56891
40159
28417
6642
95978
23521
87318
65576
77352
29479
56216
29363
971
57653
32113
6973
441
56005
41966
40236
25650
4496
55634
67980
85335
94829
9463
76036
64373
57392
15522
71562
88210
37268
80866
97554
82931
19603
65701
82081
88711
33937
24438
44289
76404
88121
72182
38413
348
14847
25142
81100
67915
79717
99055
48314
1280
29273
80959
47394
54390
13275
60513
59560
16717
68477
16231
84354
80858
32835
96566
26311
80328
12457
98013
42688
60457
79780
21043
64507
10301
94753
24141
33374
41789
90921
28313
87480
73669
49030
96667
58163
16540
80895
52449
85926
14721
97887
22308
52551
93460
91380
69470
31485
51517
94932
23938
27572
92189
25849
98396
71978
74064
78637
31046
8582
60860
89793
82660
70120
23128
17367
10430
95259
57852
10623
59479
64199
74241
80990
84718
63908
15252
74123
34225
59625
53084
27924
97880
5857
15621
53277
49381
6527
38601
77416
61846
26697
37659
87920
52100
13935
82511
73135
76412
45407
9257
42592
84056
55281
81696
61375
38617
24541
36975
56172
45506
58221
93688
88526
45940
60044
18229
56180
95714
48446
41949
18775
30480
58441
61359
97883
85037
7697
85277
27060
21706
58754
28472
89605
51286
42118
32724
37956
42359
34998
50840
58970
90695
62221
18341
98534
65385
