33661
48237
99788
35334
85456
32341
53769
14984
32408
34718
84659
68264
91004
88902
92119
98982
14389
78062
74009
22728
48257
78182
40341
13138
52310
23287
2886
60419
51059
3244
89220
68783
60434
73310
57480
18133
22810
18075
70379
46332
42353
67698
38317
49839
45263
25758
83538
45330
12173
81485
51111
43391
84445
55403
20962
49634
44947
24048
83046
77933
79168
13122
42821
5113
23775
94120
99841
26138
39592
45389
20139
49565
78691
35469
76653
46240
33111
35296
70115
55534
7136
27967
65219
33622
77950
3703
82077
14152
74794
7337
77150
71435
50788
5596
20111
66269
28103
9888
46746
76584
40926
26592
95596
60253
25488
81667
33558
12113
36279
9438
59726
71248
13839
26842
75442
20866
3081
25693
79948
35064
77119
312
2673
64083
79106
77580
22180
86386
67119
40538
21176
27957
21600
49094
14578
72819
57022
82887
15948
28308
81460
34478
60310
35820
66240
41040
75256
32917
12450
97137
60146
70951
23159
3663
99108
29655
25119
76712
4681
24553
51674
98953
93534
61043
77137
2965
97377
88304
87569
2478
46964
68894
48722
57698
6753
90197
94806
41109
7128
27908
35245
53287
86867
57129
71477
88450
55738
64428
61919
4387
32738
64472
84172
56866
71217
35128
92023
68735
43389
51403
57899
76875
30130
18691
8885
22352
93746
68063
2837
54590
51798
1154
88974
55444
38835
59504
88573
81927
76568
29542
2374
47377
58036
96819
90505
89593
68340
8310
92180
90938
1866
49365
60050
27251
36041
1399
93313
36715
50797
44607
3937
52575
26487
32709
40840
83338
4822
28531
80563
51472
13538
40281
62839
8774
80033
13581
47574
10625
55308
258
19885
33913
11308
30980
11369
72890
97438
7310
37945
64328
72278
51816
76927
11500
55871
6112
33537
27871
51424
76835
97884
71857
69595
93144
75800
16567
94767
54298
86582
7087
84765
17201
42117
35921
78247
5675
56148
67987
73972
29723
30819
42649
7857
49294
32850
12120
4817
86087
26075
5894
3029
77078
98235
76159
33575
39833
71243
49782
80608
60495
22733
12214
33866
4885
97698
61876
79391
79039
96408
23828
27248
37428
82881
26676
91618
41478
46590
64664
32946
3917
922
24403
10393
12416
17140
59182
90603
17263
23317
58617
37018
67551
93407
44108
39287
29187
77862
60056
66680
50227
66616
54382
81909
55884
407
95563
95085
35908
35176
87520
94597
30696
35236
88794
51536
98131
14988
77106
93227
6253
67609
242
74719
55711
93809
67042
81257
1038
94678
77167
12054
14972
23096
74584
78760
97046
66251
80436
22710
98842
86227
46691
42383
27434
3803
22159
52062
8710
93318
52478
91722
95305
98173
70487
62645
87586
84614
2703
58436
47244
50197
79279
75261
12236
75485
87428
34060
18024
4447
8034
62081
99103
96611
63254
94387
83048
31621
46886
70504
23242
60550
24487
77964
42229
2467
67548
57118
2908
46147
78437
82891
56432
11689
85835
74898
43770
51113
9286
1542
44724
20952
47306
43890
18436
95837
48876
37654
78262
43587
62836
4976
59925
14128
53633
2934
22630
92400
51571
38752
52610
6442
10969
29443
91022
83828
52919
82487
70008
15907
65812
48153
40687
62330
39134
58509
48223
12355
43930
13564
37384
31132
49452
64859
96187
19273
24511
91436
43536
91528
19921
47933
39207
99489
25246
54159
54201
41691
89736
5329
78874
97388
40512
94154
40909
97737
79955
45846
54595
26491
32724
86664
73298
81363
53762
94605
12495
42516
66518
95857
92936
51054
9131
28027
61919
46411
76042
54643
57510
56930
40688
8740
65524
95017
15935
15997
12610
20744
19326
76401
78949
31689
28621
62686
87624
25035
47594
99051
1669
29013
39961
67274
21759
36455
83604
67165
20927
99533
22926
12053
45322
52045
17029
72341
66747
45471
63748
19221
17474
58108
64210
56546
72280
47791
67099
10147
62206
61513
88920
35319
22002
85585
9277
63706
96364
61144
14527
47750
6235
93033
22465
76790
34391
671
45050
76934
40899
89714
27428
68470
31649
14729
46275
41358
34097
60883
39759
43707
73064
55377
88896
40822
81289
5642
61526
22886
46978
27234
61891
45500
14854
25669
24725
68637
59362
35838
94659
19773
51550
11364
21138
89413
50867
74611
10373
37079
99619
98808
32512
94761
64857
73542
59127
44205
46430
69031
13880
59601
23125
91340
32241
67010
34356
29957
70655
38795
2527
55180
77332
44060
29378
96987
39460
13318
71563
70718
86156
29378
49794
65955
39296
80273
9447
95918
88528
94142
87718
67401
982
27552
94072
55705
4958
89692
40281
24363
26482
44487
13186
85069
38913
16968
74243
29306
65068
89756
55231
14605
95341
15700
2307
30071
14564
89656
30628
66571
80287
91215
61268
33430
31172
69302
54369
4492
1567
40238
74378
70205
2627
1811
74783
25351
90975
34470
15380
38821
85374
11148
36065
58469
76698
50831
74457
1048
48479
35298
41893
18434
34776
33858
44381
50289
24472
81688
10882
10698
21670
88028
69403
26014
42342
3987
79882
51100
84192
62104
62729
22945
29136
54489
30087
66026
28457
58200
12569
47274
84646
92210
84958
87574
78095
3869
43636
14014
21316
22154
56689
57399
91113
48137
42175
92147
13102
97740
38454
62289
54874
47844
34615
87057
39060
85864
34723
52288
3021
90868
40438
69361
89485
97549
17796
33709
67384
96802
21326
41537
69277
61359
24576
29622
42171
48347
78474
34622
33136
94242
73881
25066
99040
74669
23729
69433
51806
14844
80810
46634
70042
92837
27140
60498
51559
22902
30473
70409
27304
10167
61917
64319
17014
58475
31172
36908
22320
71157
88080
15557
704
3608
54149
44587
97638
34294
75948
42813
81283
9786
44240
75725
44388
20753
6584
58768
47017
91986
32513
81423
10449
92863
38616
85883
67972
70179
98801
39198
69629
94395
37191
88364
58513
71250
27120
42039
7680
6021
5563
61474
54615
17733
6249
69709
4480
57114
96294
86096
51335
18276
33474
81283
9065
1469
87248
26842
90363
96795
17019
36110
31188
88593
63552
30357
28184
70485
23692
17940
69922
42268
56050
70475
89774
6850
26185
70030
22688
94566
89952
79156
68116
40881
76799
62025
56099
19671
380
11806
90670
11190
16470
79680
1003
14844
54513
7430
47145
80645
83278
1380
64225
90049
66438
27708
23995
98996
61028
13364
35162
80887
12700
88674
87845
62109
1484
67844
75667
66288
23085
31213
39666
43065
98773
97658
49972
95774
58733
45314
71799
72389
45290
18251
65104
37367
30379
35290
98323
26720
64685
31618
41953
18707
50190
88926
30990
15978
73372
4921
41101
82795
5433
61386
78299
62343
62382
38366
22501
50524
75273
45486
88791
92986
81172
12719
14147
62850
79059
54823
47657
76617
68634
28061
97513
24029
7689
73866
17282
73023
11557
62828
33350
78638
23923
41274
30812
50660
820
64497
28977
8506
61880
9548
72413
77031
74208
69426
23438
8421
7764
28234
59507
58996
24093
4105
62310
25016
93889
25100
72182
8734
49817
5697
72368
35900
41392
25663
59370
22902
45946
31991
37581
83388
84174
44738
31868
24433
41762
25433
12197
55206
73442
49764
89186
98501
41900
62218
63052
1354
171
4839
12350
59243
27757
73084
65217
57305
19523
93184
44153
53182
52789
66899
76427
91270
71456
37651
43049
52891
19758
81000
59964
26248
21456
12731
12909
98207
28505
41252
30384
14806
86330
69759
62637
22411
33333
52480
10796
40873
2529
16318
90492
32643
43866
63819
69633
16509
60577
14756
99096
15754
58775
49155
74759
86799
83346
3666
98950
77510
70617
62490
77892
45759
16482
22425
21272
80738
40486
75986
72229
28720
6269
51614
90408
871
27771
29473
85601
68899
13734
3832
96412
98145
80499
55054
61435
42495
85532
7693
89666
65248
95841
91761
27774
6507
30360
89272
58451
18739
16402
6870
22240
84402
42059
75557
49553
58190
13741
66106
50049
55805
24322
62067
75946
60229
45780
8716
5003
33212
30916
94000
63220
32014
51139
26733
57681
7677
15727
83328
75697
96739
23885
17584
54290
60754
96864
89687
64778
637
47652
83674
36660
62000
96714
76153
10614
56857
50352
42018
21451
57514
89531
59712
89809
81494
40948
69457
61521
37881
1724
9846
53351
84533
58765
4835
35885
12630
31823
89622
34408
70391
62228
99012
60846
46334
32337
92559
86355
73538
66745
4596
5295
29261
47639
24928
89613
28156
32167
91395
67922
43683
16850
40317
55048
18765
49701
32596
76711
51074
20813
86984
88319
77953
63153
67581
47364
25996
69547
87096
12982
38787
28324
38469
13803
26441
63979
33333
61340
83011
51506
79909
19817
90079
88006
80345
54921
3825
43977
61223
87987
73208
23693
91440
30594
90719
65870
298
50088
30431
66285
50200
22994
32673
8581
78875
44180
94178
812
87617
16273
78576
51592
62780
60744
90481
33099
5902
5438
50914
21100
35328
42181
86397
64995
16722
71174
58708
17345
45644
82128
26489
34634
91379
5852
93760
31856
35704
18492
68892
65901
8714
17504
34598
83900
32428
69701
13437
14837
7905
27963
48071
25091
12483
54769
24469
16484
46771
51839
8580
32029
58762
30799
25824
3702
44910
79272
34819
4473
15617
8729
93115
23619
26067
4543
93802
42340
78968
47987
11687
22681
23413
27603
15521
93763
14195
17291
89028
99619
87477
12128
5620
67509
50278
30105
36470
81574
94700
59498
40591
82964
8410
85950
16867
4416
13729
59584
85823
62706
41221
23782
9715
93962
77038
28891
41047
88446
32181
87047
35662
26485
16927
65950
53192
45182
24006
38210
91009
63822
65810
88725
94439
62708
64998
29695
87801
48827
21015
6328
22794
9148
48312
26962
64581
83292
72496
37638
37163
2473
13517
93498
83351
93325
86642
85420
41923
92365
27084
54174
71747
92032
37026
26910
15983
97999
88714
6768
98975
49830
30745
35994
61487
2036
13810
77868
34305
5732
61664
90922
25473
73880
95423
68599
37956
28895
86740
60799
36362
500
54396
88737
28834
38771
50914
17080
13164
82775
52811
12165
5274
80693
48523
65883
95216
61775
4122
80902
70475
93654
98369
64056
77438
73087
4462
41010
35127
80960
80328
84011
13248
51976
67324
27200
11745
97272
63157
31384
45282
44546
13034
48563
81102
1052
52306
55951
8532
97793
8467
84918
85703
74533
2391
295
33253
47634
70783
76255
50133
70179
50866
44740
66185
61149
66766
93518
77347
28389
91264
41586
468
60610
46414
98764
81312
54128
38417
10761
52861
97118
66752
95599
41530
82565
59143
32105
7963
7301
25015
44274
59811
36861
67830
29981
2187
55047
62263
73791
93102
43086
47845
53946
49543
9484
54297
18470
8818
87461
62444
55806
61039
88954
99046
3685
65894
42154
93076
6931
44868
64395
10199
63743
87779
34977
18169
87115
80711
99097
11739
42855
20613
47845
93386
1251
67134
60980
55121
9428
3689
32077
41991
13666
35631
92488
9289
34380
23760
30505
96898
37240
21571
52794
74502
95803
69082
19044
54174
92321
32004
95241
10174
81082
39596
38209
40883
13697
58110
81358
26968
76426
87978
8958
70663
72776
78017
42590
74252
12600
46236
83158
83573
24237
36029
31076
48134
78073
79853
65688
56202
62388
36164
59658
30659
12524
55975
71571
8898
17994
22347
13614
37970
31965
30135
71916
97679
90629
87496
80494
24980
31165
271
44035
26834
3974
30773
48063
97276
75373
88286
82420
30047
24696
41259
23823
12496
98674
97561
75537
83101
97072
90216
56488
28389
3007
3542
81546
47651
36748
86697
89678
9702
83888
67787
40199
40828
83478
44303
10685
588
19787
3347
54857
19171
46944
17022
45997
21799
55455
95752
64463
53255
90600
76281
47536
13235
83526
75305
81004
40584
4691
49703
64016
85699
5380
27029
35699
99223
33874
69841
65203
33530
2023
44782
97518
2522
39522
76512
96985
6316
91238
5751
42495
11525
29061
93027
83290
18337
40068
9302
19207
19329
33004
42023
51945
76306
39277
49010
77437
77096
6222
6652
95221
22442
68469
8981
57524
68838
21391
82422
90917
57349
17149
92682
67640
28121
4860
44425
8889
73427
28527
34079
43150
44562
73195
92204
85742
69430
64127
92388
87417
97682
22590
18743
31159
28447
36842
59914
7409
461
71198
8772
39366
84116
80279
58117
82187
33545
11585
65072
75619
18541
49466
70282
86710
78975
37733
79067
19505
3218
47694
97105
59578
85561
18773
2467
33133
48286
15640
46739
7192
11602
43777
67117
99536
40510
18249
67084
22414
65593
69351
57404
88042
3922
47354
44954
30450
55341
11406
32343
17671
24075
58926
61979
90452
92001
615
79751
95979
10379
44085
62835
20958
30713
24717
4501
31319
2663
3973
64547
94645
72011
69251
36112
15267
50408
11873
77938
56023
2975
6234
65285
35876
46277
91988
86472
47100
94031
66442
65636
62277
40649
1268
66093
70006
57447
93717
86050
46543
97011
44481
90478
46931
76037
36585
92657
79235
88849
45156
6104
22519
7129
99868
89864
54235
71363
13363
96411
50629
12838
8496
26849
43055
5342
3081
73351
9685
90751
15310
63765
83436
60934
2640
53585
90748
15818
13196
65090
72540
60017
10968
83439
2825
57600
32009
60165
1090
7243
22910
64695
31587
58730
84269
18464
44604
39948
2952
50660
53486
69925
69196
28084
93409
6723
40230
3632
34661
64959
60481
75143
49507
6126
15216
46011
43806
32151
18900
255
94572
79775
3403
21634
939
44480
28471
24165
19330
57016
76582
24872
77429
33981
24290
16707
14692
99887
85815
60528
68001
23174
77724
43590
68812
30378
23136
89279
2860
38338
93139
60251
13004
95012
67662
72830
58320
76171
38655
76501
57299
70886
81557
76598
67935
14092
5221
35109
94759
89838
87479
92947
23812
57253
61232
16256
56522
40587
36732
46753
6407
19077
41431
75101
77464
59325
94169
72113
50471
92303
17852
15316
18180
52249
48139
5428
66335
73269
80521
54463
66912
89507
24954
21022
73571
63071
76914
4796
71635
31891
10776
8036
86626
34853
71447
15080
65058
86672
92993
73086
1539
51472
5312
40645
36585
17879
79515
56389
9705
81021
81633
86644
6465
92884
73909
33973
3057
74137
24598
39995
24730
53542
12713
58348
40145
95205
42021
57248
87199
92671
62075
17481
6136
33715
66144
36492
18742
97346
48633
71501
82802
88070
25378
83817
59327
3107
96923
50045
3651
94966
64847
1476
31826
43722
70178
75677
79433
46729
38806
15915
11171
12303
71930
82005
47099
53947
69072
9198
27039
71391
22745
69872
82670
46742
65344
4417
50190
34965
66495
24088
57356
46394
39410
14649
23249
5025
78774
12923
9917
95894
80573
75818
32226
4420
57074
65768
94240
76492
4835
78447
43320
34449
68176
65458
96240
37072
83214
48993
95810
62542
18519
11915
75617
1129
84978
54878
20393
60560
99355
88618
96033
88366
69071
86211
21680
43394
37751
3493
91321
90762
27310
30034
32629
79774
62672
51735
72364
85753
58081
46093
97903
53841
19543
86075
97268
16776
7877
69848
32911
32475
97316
13582
87594
37624
38720
39418
41889
68652
64733
15536
74972
69786
69861
25052
54890
94248
75407
20259
90486
90803
55564
44488
75721
37987
64497
6506
20156
57210
88540
25482
7447
39461
71398
91563
71563
30197
98916
61234
22761
1223
59833
20173
65469
6239
64283
3536
58794
88372
69024
64378
58339
6372
49637
51670
60004
57512
55514
91677
79307
62371
57614
86425
82325
96564
75443
57701
94841
94667
92526
34864
68667
52759
28541
31744
73103
18749
71461
91699
74571
5126
3927
51424
37095
16912
13310
96924
10259
18628
92967
30137
42421
73703
74797
3721
24605
50314
27777
38144
83527
96348
30643
87639
77837
52512
55807
53773
60070
97337
63670
74696
72607
64001
30024
92633
97429
71481
72843
26206
28012
46715
33131
90656
13550
22475
75534
71645
40387
18060
33666
49376
82250
48559
8934
94924
44978
48550
70162
8888
32407
88310
33059
52852
19068
34859
13415
87209
53985
72837
16353
34175
75137
19664
39834
56440
25163
75634
53157
55257
51131
78974
75276
20585
6325
96741
36732
61266
54365
77868
25578
12773
40277
69240
6496
30714
33844
43174
3368
42101
61567
10295
14996
80867
55463
24681
86376
92516
38400
11841
28997
7235
43225
67363
65650
50080
13980
72004
43945
71566
43587
59799
51675
3160
90069
26916
66465
7807
92668
8887
83296
86047
22436
32916
49496
43631
85107
27528
35081
2599
13471
34906
72419
37180
18160
35905
4776
90407
7764
31983
2592
84900
8696
92907
5305
78261
13898
78204
27385
16678
82504
65697
25538
8396
60996
13630
14656
6535
58775
28753
83474
70087
88254
72131
41522
68330
95830
90362
32387
31043
6960
3818
44406
80119
8944
24235
23193
72000
71048
42950
70813
15476
84748
95722
82978
41248
36626
88283
47457
32206
72104
17898
71733
2982
59729
57215
92007
17809
87613
86675
48245
11672
47300
1882
56575
80587
98463
72989
75949
9758
19396
10726
68768
91341
11708
13780
53652
960
25794
69263
14894
38441
89018
47381
40424
66730
93739
79827
39414
60500
40827
58031
96468
98443
71813
9250
8142
12453
92121
91971
25035
97137
4305
39486
82295
69268
19948
14212
25580
72974
44201
66748
41756
42779
67009
6263
14910
84502
17472
74465
54930
18360
98242
33236
86515
39870
45191
35814
54552
23816
74674
67106
93670
40190
35748
35508
46262
973
11503
87454
32958
21423
36314
68200
34623
40777
58256
93556
7339
25390
40261
21263
34705
31456
39
34116
58086
22198
77532
76619
58385
6618
74910
56606
28114
82313
60880
30635
82224
6397
95611
95366
92575
25704
55881
90870
9323
90614
86909
42352
28963
96533
26285
6209
31652
7281
49886
18948
66337
51576
89851
8467
68108
79420
84977
48090
54660
56247
30505
73512
62939
44264
1826
85503
98754
27355
62891
12682
47315
43975
53147
63630
54619
3025
93709
7769
97250
49902
54267
31960
63832
2982
68821
72292
96670
36436
95646
91836
26990
85450
59108
18126
21288
6353
41082
64142
49467
51086
27859
5065
10252
36096
25981
86164
61061
29989
65720
26589
2173
67388
11474
20867
49984
79622
16128
44738
27291
77574
58523
33734
18310
84231
60532
59041
29102
20701
83541
6359
16510
3395
5398
64278
77801
87492
52153
52580
68407
8789
66242
27120
30442
75423
24790
91306
68171
57306
19759
44559
35446
53781
15130
8029
22079
90899
95470
16773
34847
11215
15208
26750
77663
79936
78631
26453
96479
13911
99041
9634
59204
5413
98368
34903
74428
64730
12509
62002
88591
2824
3543
28241
17924
42470
83760
29765
97516
97776
10949
670
38511
86348
64167
36262
60210
66823
23835
79243
37282
798
31914
38292
62240
76633
2053
33204
15944
62801
27674
26012
51359
28242
45803
53131
74552
21884
84273
47009
5476
83428
75277
21937
27252
47703
21926
26965
13740
65150
29572
46491
91365
82204
92488
14492
32223
48341
47366
46125
75490
41193
91008
27183
82767
88382
96384
64386
47944
59196
35121
25494
72728
25393
21339
67809
95392
45941
83449
75629
10655
45927
19705
12905
31133
37046
26287
87711
96085
94365
34038
39302
65821
71846
15332
9966
4499
28687
30089
49432
12133
48489
51844
78568
15805
95005
34402
27763
10728
5673
65940
91602
25025
93640
14540
7289
21950
73456
82387
43041
9622
21109
32234
21537
95438
41547
12347
68092
63167
74376
11067
30707
4774
60584
74398
27675
7720
18250
50167
60745
97887
48600
46315
69034
24677
45636
75729
62256
33852
44941
56296
99302
31703
52673
44084
65924
60041
99068
38071
66622
5640
24719
28200
62391
59165
10044
73939
6259
51403
4254
62733
50921
49754
85637
44722
79608
56095
54719
27676
61425
89418
54642
92642
54193
25163
56389
55499
66482
18497
13279
40781
28248
74689
19399
12519
47174
45247
68618
72087
48915
87228
17787
59160
53495
8781
5397
92156
89759
26211
82172
44450
81344
5980
44226
47348
51016
75270
32357
61568
59568
54891
94741
43825
78509
64893
24468
3593
22438
10432
61270
78013
71136
99694
57767
65837
76213
23531
68140
78719
51108
62534
44801
93078
55489
96008
68994
40436
57837
69468
79877
78473
2816
76027
60996
119
87971
754
10521
65252
19290
78451
41347
65051
99710
43733
61541
52255
40265
11593
26892
18669
62538
33690
92401
13421
98393
27232
23029
86548
35525
41857
76937
49114
15080
45956
85456
65171
4124
7764
83164
54060
54534
877
50229
50659
97489
23014
29624
64835
87542
61242
54044
45179
9271
50197
92080
52538
17259
39064
3392
50698
34579
64490
85654
16998
92139
86779
69852
5304
49437
5685
54752
84276
99279
81121
21521
68747
18684
51379
61766
18156
20128
57716
31582
74717
4397
41994
8418
19282
87483
20646
38822
63496
48125
37993
5358
42913
1646
69299
67597
60892
60073
78442
1129
43696
60344
51108
53371
41573
42181
49938
31698
32591
4396
31881
92087
31943
92945
16205
21290
93384
11886
94236
24780
10659
10053
25236
17046
75392
82772
84418
83527
44786
5222
98920
61531
93397
5605
71370
74390
94950
88206
78230
85792
78399
85309
15277
59850
60589
72871
91666
76014
20176
45735
62126
6645
34831
14736
53502
77363
29366
28865
38970
20780
77517
47094
64962
5242
51062
20379
49222
14182
74914
94779
1043
65940
51760
5591
3093
26395
47683
62227
30030
36561
96287
38186
71473
69254
42496
51073
76059
18407
67671
91161
48655
22307
23106
32478
21100
43306
3495
24093
65902
96400
22157
24690
22013
74577
55383
29439
5269
56943
13629
50552
59987
54743
69896
23163
62777
90946
25098
88926
18591
80727
43576
47265
55414
43150
49062
8610
44314
70511
92029
67055
19891
21944
31579
3318
3816
11101
43751
23928
89185
33162
1167
14684
99959
26116
19392
93951
70874
87598
16065
98121
52318
88616
9677
57980
58243
1009
34155
3302
48224
5261
92523
52917
79212
76577
4191
68746
36904
34075
93076
28614
26828
10511
13836
49601
4717
59964
79290
58041
20263
37518
98521
52551
84685
71164
6056
5262
35754
6641
84038
29389
49427
59720
13542
28660
33547
41264
33199
34483
29426
47663
83059
95405
35435
77283
35082
12747
12361
88836
89834
95821
13205
61733
30661
17788
76734
76569
98463
4059
14878
21586
78283
69788
70501
38660
11137
80143
6277
47048
82430
66356
45689
61021
52408
24178
86130
77289
96859
54464
13343
6622
17765
81280
24728
5271
36283
89196
10759
17729
44806
75144
64020
99511
74318
70519
72460
37765
54513
95178
99053
14414
82591
4723
14864
88265
2645
61112
7924
5318
47125
25410
72675
97135
78750
4661
6755
71945
51341
46266
2875
9210
78960
93720
52479
67460
28322
99874
21979
85103
88169
1353
61688
20837
36232
68146
22830
57879
90144
29251
10662
11517
50474
2806
5001
7579
32874
77264
19275
90943
48241
10283
49518
51846
39249
17264
95957
25310
38429
93536
6310
85830
48701
69489
80122
1874
24171
84150
6948
26219
33741
90967
68731
45843
83887
79200
70150
63462
16380
52661
50499
57052
67097
49027
98740
26955
65182
1714
21159
3369
70290
36919
99329
88047
92546
40901
55110
65977
36989
68739
99399
18697
10575
36985
89128
15212
85752
2756
88845
10164
59048
13705
98657
19045
92026
35750
75554
3595
36970
33380
83788
36296
6836
51689
57024
6604
62027
40426
31697
40957
91634
18525
93580
7766
67514
45676
74881
76939
34585
94533
44306
63242
43491
59599
26422
39805
18056
38840
48427
22732
66954
65545
71030
95168
45817
79259
600
98882
47884
93122
88591
1474
56734
47847
55269
2228
88099
50676
25657
61236
26310
21065
56841
36330
79008
26059
76985
22857
28471
80220
47938
43505
70289
70790
90138
88692
23411
57776
59835
14870
19034
61331
74547
28173
77493
91335
24168
57000
22237
25942
95366
66476
34067
42034
56902
75897
35604
3650
28156
10636
79131
44567
28477
990
83763
28829
27051
51497
87
28782
36767
2986
19881
52704
41138
80546
96715
84159
63976
75958
9789
17493
88825
32567
52115
44069
83965
26428
41618
40151
77300
79979
13352
22669
96559
26070
14821
33844
38270
54402
88889
17239
49751
33603
65675
13998
55232
3332
38932
5843
80825
88066
12182
23413
33673
50616
252
4357
67523
82325
94351
93934
11476
96777
45393
3714
51372
58559
56954
51791
65607
18116
49741
12304
77719
34918
72727
97728
89616
44759
72419
21897
94031
80113
39804
67706
24040
54483
99744
22136
13771
72138
97822
65707
42993
98667
61932
36313
24649
73372
66119
80848
49594
32562
87815
84989
3060
42741
37598
61754
62519
24672
90926
36163
56959
71909
5668
79017
4875
14029
42485
76224
12777
47741
97171
1395
81119
53236
6603
73047
14520
34545
39999
45501
80234
61393
5339
73857
54688
46294
14678
10912
86089
32739
49383
75590
46555
97155
87425
6597
77093
42954
29773
56098
14865
85716
9379
91625
34610
95209
66180
16448
4239
27714
38166
26457
35723
19429
55581
9506
66097
33451
13811
87926
31065
92899
39460
2070
4889
24880
70376
77618
65387
26573
24445
66177
25591
28273
81441
5873
83101
22798
41705
62968
5697
51251
90625
58793
50963
4465
15681
86946
49945
11866
78055
88129
69596
74245
2743
73047
96524
41262
78700
93621
66609
11355
85209
1763
59247
5562
28513
39568
48501
73029
17487
17571
6050
58824
81843
64047
12404
63641
81786
96902
38574
66021
61385
58052
14117
844
98229
12844
54376
50019
22273
29937
31882
99927
16213
3850
21646
61041
34104
99624
49709
87061
18826
22660
57382
54948
84801
36081
66339
68898
13854
54065
6467
55570
41226
1476
85322
75293
78514
83707
55873
86001
66300
61674
29291
9734
68005
12635
20614
9180
46585
17407
40986
74592
98414
73984
32993
92909
8894
58995
66099
41456
35455
47785
93229
82308
80000
51108
61725
68507
63682
65670
20300
81950
80048
41732
3816
15147
48061
36378
74957
96222
52217
47289
33648
17323
97007
99931
61320
96743
14206
29751
52825
52678
36082
44432
8510
49374
1375
49608
5490
21355
62265
70737
40219
28332
77586
70788
70676
57003
4721
53547
61814
44218
48267
47352
3298
85977
47233
95097
10125
45332
19510
80163
91497
39368
26571
77611
51915
21798
53881
78004
20798
65360
89899
98594
79364
55521
21269
37549
22276
70185
35156
59249
49909
96246
23460
27458
94853
32846
18968
68189
15622
51641
11225
50746
38646
30043
95134
69918
67689
46559
1829
44396
39413
18767
14923
77563
90138
58112
48046
83683
17612
40266
99452
34257
89438
14069
71223
28507
78509
79663
75144
60557
43622
38650
66236
51361
50869
20227
54879
29964
96139
41292
56404
70997
4203
70860
21807
79810
50417
8876
94991
39019
85279
210
9659
36303
33126
91450
12152
1765
25517
62752
20068
93515
62913
55707
4594
4538
6777
38595
71810
62715
94437
89683
32188
21330
79859
90698
15977
54488
63357
47563
11183
30472
76242
52356
74023
83151
50399
52619
32924
4934
61946
77284
21698
6427
17963
79008
90672
24651
37048
64032
66075
38733
84971
91031
60209
45896
47106
89517
13775
69732
82162
59328
37983
63134
97497
99652
85362
74293
72735
21099
97942
65569
46024
9632
79252
21699
46553
99661
49737
16247
51556
19069
97470
9447
42257
34748
46534
84345
3979
60378
24755
21641
79621
95310
41078
7793
60903
51223
11793
88068
46585
84382
64858
39226
7114
85175
64783
14981
80381
16007
96497
22691
23665
43167
56895
48620
7404
8902
32687
49643
19779
18645
84522
35754
8009
31899
94565
58726
78321
51649
31608
33761
86657
65448
36349
24278
71797
71502
39015
1607
6957
26096
13661
10322
6197
95209
38289
72546
71951
84633
21729
56162
45150
37953
14505
51884
22001
74026
33154
18048
42987
55653
56027
44528
36779
90125
83059
69560
20765
48009
15984
6219
47164
26317
93408
37512
69954
19488
54889
53739
58445
3801
4271
27872
42128
37954
63074
86963
41011
77023
23712
13859
69768
73672
79758
61781
10988
77649
39279
4100
117
79946
78046
32277
79646
79363
94286
59241
24876
55368
50428
64300
86748
89674
1101
83179
3020
63773
10090
93826
74530
99934
88564
95891
88957
79181
81061
72979
78678
76120
80485
43326
26994
58872
74277
69483
95335
49972
11964
81978
96456
63267
69116
9001
84239
93552
73040
50790
54662
37366
18196
99903
54195
24554
95313
15893
84477
72440
71636
44655
64575
55750
11977
84651
2440
47541
56665
28111
82443
46501
30813
5022
84778
57848
7998
42758
3771
19151
10923
11285
38932
67888
29302
78316
96152
22281
36780
69164
16446
85871
79662
23309
88986
14303
21136
65070
34954
40261
28622
98694
43487
30267
72998
12153
13414
75753
58902
59590
30802
44555
63891
71613
7560
13840
27939
60526
967
57758
55448
51644
73681
82323
9705
98833
90171
20199
73486
69771
53037
80525
33175
38612
6294
14360
81226
33391
42703
52442
32760
13134
32874
40168
62267
47041
11447
6105
29678
34217
85714
83725
78153
12746
41389
29579
76023
52159
58070
4290
6966
55591
63012
75857
69834
47549
3523
93762
60638
71525
56538
80752
59064
28770
49205
18826
9560
76037
6164
90064
3725
48128
37263
11034
62580
25625
17028
11128
27214
49082
28127
40244
51772
43717
95845
84404
185
57284
76988
68699
58133
18878
97178
78543
80266
80006
38985
80021
58365
42606
48180
12248
73394
20377
46801
35273
15628
84013
75947
69793
7776
69255
4714
53473
99348
58057
31937
67930
18650
6574
52372
97417
49891
20607
73572
23610
25090
5534
86137
55469
33374
33438
43755
38646
81587
2774
65548
53022
96549
51083
65077
69384
82082
61226
30188
4206
80595
83799
98575
18441
24543
83199
4160
76783
99037
9994
85004
95798
76787
90541
11833
95959
56528
49692
37612
6862
66850
81340
92661
38494
88180
67573
66520
3665
77032
54663
14360
15453
93229
4340
28993
29186
28477
155
58258
50416
5142
41221
83654
20966
179
39640
12670
43189
88454
88169
86988
57091
6324
16462
33374
73323
52941
11953
36357
25249
52518
27553
60546
40531
52821
92995
94092
43083
92776
20774
1184
28306
7523
46963
68837
38511
32820
79459
21050
79372
33684
11722
26399
60473
1981
4786
5693
54986
9762
87139
33491
54491
8816
81533
68382
44661
29471
32136
77540
29160
89876
54467
10588
86776
47671
89689
72990
85204
51307
54737
74883
8993
33231
36228
50488
66517
15505
60618
35557
74719
75658
42893
36276
59268
54489
57727
84160
7877
57216
3464
92700
67228
43797
32215
75996
92517
67238
5081
59204
6362
19949
19496
60428
34678
37291
59611
3948
58587
33892
70011
82314
90414
30102
90197
34717
63808
11223
91531
42396
42024
78123
40294
75656
78828
40543
87270
22643
10751
65157
91993
96044
48740
10796
36170
13513
16176
28826
89201
24111
13998
12617
841
3616
19964
60412
51294
12353
93810
62813
91557
75047
78115
91828
38
99934
17340
21573
81012
43766
33673
8551
7101
76618
60631
58877
91836
61198
58036
29171
62092
6964
23122
16822
63543
83323
76747
97232
36301
98037
87103
41086
92112
91828
36952
92592
15052
40272
2478
95261
1316
68695
29511
2785
75271
80337
95702
88788
34978
5455
78500
89095
61935
73008
78508
43837
66219
33424
63936
12772
71845
80365
22346
37744
29841
30070
68237
26258
65565
36083
46665
66010
7963
57644
44572
29766
88285
15415
54854
7301
62047
78112
90758
60012
30622
62199
88416
72660
67559
6129
39872
60111
88970
6460
78679
5957
41068
59332
72932
67439
61788
22202
29551
46767
14077
44871
56718
47274
1026
51213
13578
38403
11993
92534
49052
68886
43710
6716
96849
63949
24144
32820
42253
26178
46720
23287
64364
53298
70725
69999
12355
36730
48109
61210
27940
7441
32846
63262
69248
5602
50619
47690
40167
69636
57746
28196
90796
4087
27890
34708
44356
1437
2857
7756
89068
40275
80395
58034
94602
22539
96
69484
14988
50728
3892
73863
42925
4820
76626
31748
52438
43457
89386
94816
81185
93690
87439
48478
59896
57798
60446
2803
96956
20345
38616
42029
63490
14518
5616
73729
36472
49316
35200
76879
4613
13964
11638
38389
86190
66637
39564
73197
61972
66588
6165
45315
88731
44955
70003
84056
9734
77460
96294
59596
72446
75315
89919
69835
46577
90749
10578
43799
3031
74961
13994
43437
9808
94586
7286
6135
77994
22542
79777
97037
52190
3782
96032
75625
96729
94841
41316
98566
52761
92023
22287
52372
31053
44416
37827
4859
19487
66559
20470
21992
81838
17958
10690
20569
11123
89127
63289
16897
86085
23820
52341
94105
84472
16659
52973
58404
89952
62186
23780
21756
40692
28995
42876
99390
14414
7252
51944
14383
26063
78701
86558
96650
12638
33271
71467
2727
18673
7494
72065
65193
12772
59066
29260
49060
65030
66712
41794
8552
56660
15136
86584
12079
76861
6282
25745
90943
32548
26434
48881
63645
72228
18461
10960
23983
50414
81239
16491
37931
21997
63403
45876
68097
37387
9550
13641
10305
74060
87080
60258
46443
48440
18928
19268
39602
69847
67683
93267
52203
64564
3168
1380
41432
4004
84291
97968
62059
41120
86236
73316
25753
3053
81259
80597
80253
8797
98651
28274
48550
28079
78872
82354
81823
58257
27982
80555
96472
43173
38431
10404
20374
76546
16065
5315
74164
38673
17330
90112
148
35608
35704
74715
17542
88756
79546
72393
79635
7775
66516
33001
20038
31729
28571
38964
31288
38402
7534
11443
29591
15213
95476
32907
32691
33041
88792
15603
21221
7281
41502
30790
56060
67195
18017
6132
24228
32070
68778
30995
33173
26708
71503
78130
3958
46423
15397
97902
40076
71248
28516
5310
31651
562
72278
86537
46967
94917
22715
39992
7807
50279
2844
78917
68855
47277
4489
50258
4361
99943
42321
94935
65847
37409
14942
25011
26280
32101
57995
64995
37421
78014
30339
93233
72622
19992
43736
4708
38389
27171
21884
83509
90007
91798
97055
50146
43194
42833
66437
15835
61608
75322
3
27033
62479
58025
96470
33454
90482
38527
34721
68184
81775
14929
22337
86320
89613
11747
33070
49983
45218
93103
88688
85391
57375
16132
78043
26463
3513
39275
40169
61681
75317
11301
62707
62781
1903
75345
72556
99977
31174
20650
41369
93488
52167
7404
67568
65950
821
51415
62349
41150
7090
23852
8075
23018
429
73780
7525
74114
36328
52480
39593
39545
53124
70411
87061
37096
93035
98908
96530
30181
38138
68904
57097
22223
65897
87956
23526
65632
59609
89496
57672
33349
21401
41598
67841
8330
15668
6058
32785
66382
7770
40628
85945
64886
85801
63216
89342
16798
94265
37807
29117
60073
86913
30878
15077
72921
7785
72140
16149
82522
67277
34026
16243
69177
6762
76363
22214
51251
42792
48330
7377
63752
51012
99818
68781
6478
56857
73944
49345
74977
65547
41997
14113
47992
41679
49809
79456
22483
69402
70937
68850
96912
76901
30769
62691
48253
84538
34580
55022
66536
39453
20984
56347
62451
47162
75847
87609
54883
70727
18119
59955
72983
89365
84539
73617
97237
97401
7011
45294
84864
67153
43039
83090
57862
52085
6705
65387
69654
34748
44927
67917
62094
69960
78904
98851
55091
94287
27054
30448
42458
35719
52641
40327
67939
22508
22813
84771
80133
41425
33978
77508
87236
84802
30753
23015
7615
38801
60142
23776
76454
86405
55920
39254
38025
67995
85166
2716
39564
33432
86980
43720
91287
49196
87050
90993
58697
2244
18902
10634
31148
9069
63000
56437
83555
64032
23235
17062
53920
4718
32364
3125
22195
16809
61706
71551
3613
93164
24990
59930
41923
30056
25260
59187
63581
4813
10759
16358
44750
97777
88010
45273
21326
89472
9091
62422
34786
35808
64970
34691
35853
42559
7663
20159
53920
83387
79634
93243
17614
63438
76620
45010
20219
30708
95755
44934
90962
83739
25242
54521
19796
67046
56990
80294
34478
90846
96093
32410
75588
97877
44410
9009
66474
59192
62203
78001
39154
64496
86828
83613
13791
32373
57052
43351
15032
91472
79140
95158
71608
2539
55720
23551
80162
9752
83606
32739
28465
74235
12204
8405
64014
372
80694
34534
3579
59565
24916
19295
38380
1948
77722
17434
69877
5749
24690
31646
31902
30704
16508
47765
62644
26802
67797
26027
16921
23835
34965
65509
43515
64907
89554
70524
19554
30385
82979
14613
66467
1906
3583
73918
21458
16018
80611
16422
90708
4867
24146
26394
86802
37191
84598
53368
24041
45187
16421
4625
57471
60066
46816
16320
50352
28482
67925
258
40422
84512
48100
98449
9735
64123
6590
48769
66024
24071
11497
4053
20320
54801
67840
33535
34455
18954
94743
6675
8701
38162
65213
19494
39863
10914
70938
86472
41587
77525
98872
57275
12957
40372
45309
65903
63211
28637
60694
90140
97939
66255
68720
34491
35516
99189
12576
84418
39569
58412
37219
47514
36754
58099
85279
45854
20229
1294
37992
54513
13866
26519
95614
21020
268
36226
21108
87428
61619
33130
30124
39108
62774
96445
32189
22988
99213
72673
74806
7478
69285
24546
61885
6016
32397
89594
28176
93387
45677
93467
28589
17007
62455
73532
96301
64089
84629
45789
60330
82722
71202
19608
26018
28685
73941
85926
39860
52284
48087
38251
20743
49775
8406
40480
73417
1083
12242
53851
11061
76675
27572
61117
72398
70550
79167
52280
20200
55813
45726
95738
81798
36286
77149
314
2749
86569
91860
6782
30456
78591
5406
27559
27861
68834
12200
42650
79180
99358
50660
7755
23152
11194
98525
46760
22766
20890
15557
7103
68083
97620
72523
63949
41162
60748
80552
5604
95522
34383
79768
42488
50861
82761
28166
13351
8677
92579
69407
11747
746
62076
51369
37949
48167
40227
31405
84559
61266
49646
65807
21989
4849
4954
92734
297
2906
68032
90759
97739
10259
37776
23268
16585
44216
19149
44818
5056
36731
64037
13504
95247
54406
17835
41283
69732
22524
5586
98662
10246
8573
91784
80287
74399
64328
71916
90653
95491
50363
41134
31037
68513
87478
73154
26524
42885
35389
26017
96487
38151
16604
88732
66190
16180
64517
23229
72503
81654
25876
83836
55310
99971
1748
72570
17050
75839
21851
31518
87851
8943
66768
91722
64784
17276
87629
94329
