7823
70729
67174
53504
74792
1705
42109
67381
30894
10409
361
16582
20449
82084
36554
20939
61227
84576
45639
63514
9321
72020
32588
95697
1683
44324
23265
15564
88009
77447
81288
48311
80347
93322
78802
10718
83477
12397
11902
43456
68326
69355
37967
96129
48236
19767
28713
11870
74014
21825
98472
3292
39958
62424
84061
52602
57720
55146
81574
98405
82851
93095
11753
61353
68402
15172
65005
56580
48079
99419
22485
36343
72054
83151
15033
36471
92546
54285
29986
83552
86230
73870
93442
1992
66730
41497
4654
54353
49807
96005
76666
96088
96417
66012
5263
29195
43176
62811
70987
36024
99691
73207
66741
28192
71954
7449
44603
48010
54102
1002
75786
95188
65895
50698
37065
32452
37945
35769
89042
17596
63596
5208
44079
49836
62391
38346
60173
40322
42769
75477
863
66364
72699
94885
41170
78750
92653
23119
97032
26207
54619
55058
32308
83486
37252
1625
22001
82194
48248
33502
68574
17950
52611
83784
57210
52803
85721
44757
35032
73488
7968
82739
56575
65429
47541
26217
45889
16181
8636
64466
17206
14138
67431
33609
64372
21346
30498
64768
87021
4567
72345
82634
389
69148
76135
69561
92591
86083
80220
27617
92291
58683
94281
24796
96190
46695
52683
92775
40149
3498
22066
74633
11383
98334
37454
46611
36063
3972
47861
95491
91187
42390
67250
36387
66620
12217
57773
78510
17474
28078
15475
2611
65859
25734
83810
42769
66639
23253
26163
47427
95203
6080
64901
15509
63744
32561
85154
76340
53288
91657
33136
19429
91221
65941
50262
55627
25494
15033
75688
69644
59782
62728
85970
83853
6890
72950
36893
95321
39495
46085
72832
32577
20926
36699
56422
24957
87974
31349
99864
50864
57380
27156
968
82730
2280
45078
61817
62664
88871
30976
62829
11766
51313
93815
75053
59412
65999
39758
31023
77974
19291
16569
8199
57189
55195
19872
19660
77603
21115
26063
17093
8012
73190
93386
9840
57687
27329
39486
38671
49916
86276
35251
35056
55536
36950
90813
20984
60940
71940
48434
90475
3340
24061
18838
70938
74451
77965
13585
82153
40107
25428
86946
52476
20586
12002
47598
25629
98416
722
23057
70061
54477
4416
3956
76421
76576
91720
10015
96071
67353
81309
51718
13894
14880
18306
8127
36462
74223
71752
34004
92210
15546
14277
74996
68785
81263
94349
12228
76035
68280
87824
57202
33381
42270
62256
36234
58015
56583
51037
79905
73423
33440
39182
82223
14612
79797
89246
68026
62680
39645
88577
24973
81146
499
31298
30887
85112
28607
76698
23984
66646
31828
13295
16550
10957
21618
14407
70102
28435
49963
83367
41671
35714
70755
29004
40432
57032
33712
88069
76553
9771
40545
46955
75774
42902
78427
26558
71712
48037
83711
99934
72310
53289
87655
61763
63570
35384
33711
53593
57726
68628
41296
10683
57748
57110
55335
82475
68141
56695
51637
11
6545
86491
36288
88187
85581
10586
43990
82223
10307
16044
46193
56172
67163
90481
29302
25407
26519
52442
5176
92379
19909
38487
2777
4045
91853
12734
83921
27741
76842
58165
21671
46723
32982
39676
84604
91620
27101
46618
96359
86152
628
54978
15291
46553
41442
5345
50852
54745
57148
27047
79440
29504
54351
4176
60747
92369
22454
57518
42531
68664
28844
9301
63243
80995
76507
21218
25274
2042
55027
35465
96179
89596
50998
61210
90431
20887
976
13038
29622
76452
26308
83124
91965
9949
61505
4370
45834
29979
76787
67194
90851
80368
40630
35372
95236
33886
88486
61762
20734
99698
48273
51612
77053
92705
52718
81383
91234
44765
27399
73996
33424
12499
84850
72051
40610
18661
75134
82771
99353
79231
51144
66903
40723
37752
4364
18350
1494
35975
19417
74702
55181
13247
97021
15654
86089
85193
40064
41631
11721
13916
92109
29167
75988
13500
75019
22202
1763
37196
4810
43172
99804
50033
760
87351
66809
13124
13395
65358
60678
91027
79833
99612
37769
77238
72603
76572
93437
29289
96464
58902
61239
61451
43237
55050
78729
99025
76307
18940
39716
99431
54185
19868
27384
54436
46792
41296
96887
68425
76974
96769
24440
7415
51849
57727
35384
99818
93133
80242
18298
12309
48673
59870
17583
14235
34516
33201
78769
26599
85453
49357
45449
26537
67552
37901
99536
36366
73020
94869
50675
69402
2497
56154
78191
14661
27791
16043
73020
24015
88345
80475
38407
47169
34169
81964
54263
58498
10813
8730
79792
47538
96319
8289
35958
62919
66642
54059
9929
98177
70456
26522
38159
45324
34256
41775
95472
88690
95693
79828
47387
97370
92866
5484
65029
69569
42074
16565
98193
19987
4740
57591
14571
11590
81195
56492
1231
87636
68547
38668
54823
69651
24511
29875
26577
86994
8768
25329
64222
78546
4712
22671
42711
71614
24237
15929
86971
70537
96488
67020
23171
20643
2509
79357
83014
76663
53750
85379
73400
14212
24696
72706
66637
73814
46294
38773
66908
2880
35796
41303
2878
90873
61060
17902
8822
43408
69244
49205
78218
41997
25929
30597
93904
68069
90045
33375
34596
30873
4483
86744
65557
96748
42835
16545
96544
84255
32001
10706
70771
68267
10416
49107
81076
77755
1956
87431
41434
6883
7829
8149
60121
88512
93408
48084
29467
52334
68343
80274
11850
68736
95800
47297
14506
59007
28187
44959
73443
32098
68324
50688
14140
16167
18073
98522
1251
80427
18350
35597
92009
30891
10716
52333
58026
88536
47216
93677
80842
10161
49087
70634
70939
83455
98775
93457
56699
46162
9489
88334
95610
84339
78531
44434
24154
33830
70674
82400
46479
59999
4708
84084
79814
33597
41907
50128
12449
85351
97758
28741
48000
63746
52217
69818
77756
11468
24133
48380
62828
13976
571
72866
31435
22790
49153
46460
10993
70206
35679
12792
58397
36873
57579
75504
31668
12589
51264
98771
72131
64003
66029
66926
76481
25078
32810
62679
84880
42137
9382
37366
36418
79014
44924
65073
1879
63567
50179
28434
99204
48995
30820
98807
32304
95167
68519
78037
93081
55981
4646
72490
86900
23326
5315
68574
42577
93120
62741
47253
96636
81596
157
56436
38367
84270
81336
17165
41221
40706
50317
66088
83961
76296
91686
64240
38573
66899
49435
73208
83416
27283
38729
75112
33367
48429
65602
95528
52595
148
5183
6439
67843
79847
89616
54696
24552
45959
25235
84042
70326
81266
40227
86387
8787
2913
92360
85176
32312
30234
85004
32139
4212
47603
35150
15074
9616
82052
94735
27936
96141
7
13066
68674
7018
97551
17441
98120
93025
48418
71090
55613
31857
28213
21896
2309
82678
81250
37038
51011
71092
69256
15614
22116
7891
98784
4856
5035
77188
10839
98638
77946
99010
70925
53084
97530
62324
50536
26901
96167
62511
67350
92280
29914
74488
89373
53154
26132
33158
60513
86461
25316
2694
625
51157
17974
39736
60366
73547
69433
55703
66842
9347
12554
44566
96728
824
35714
11974
44934
81520
75225
25908
95892
31210
16021
77039
97696
9267
35731
67911
27439
75447
33905
28209
74345
97109
45685
3783
34770
26380
36382
97484
45825
39153
56997
11085
44383
16163
61647
71971
90045
90741
18674
51445
46194
86890
28705
92699
83120
83328
19382
55997
67106
96066
34491
4346
45188
25921
79829
1988
18879
55645
94126
360
71616
62686
41886
14059
34387
71551
18676
90064
69121
9674
33638
7895
2883
5342
45587
31263
73986
50892
24529
99404
52909
71906
80857
68260
67286
48126
5963
99187
83977
2309
97246
82222
13738
36044
79944
95284
94922
56786
54983
24337
4230
657
51658
41212
21212
73129
25215
28768
55338
11773
34105
56888
23909
83513
17661
85235
41139
41328
87817
43096
85733
45797
66338
10115
47317
9279
70137
98668
6968
91392
87066
9897
9855
67022
72400
22410
77104
9936
83864
71490
76892
59605
14112
45573
42301
15757
53404
20781
2030
15387
15749
61047
46055
91426
59470
91082
35443
57693
47749
63895
14927
29835
22977
39132
78946
65031
61422
61315
58100
47926
51507
40040
85196
26681
88764
72823
1770
56354
47689
15444
93565
899
27314
44468
66881
38785
18869
35784
21113
92008
29150
21274
13766
3289
76433
84783
2977
24478
3543
13581
9979
62975
22979
42422
87214
11276
68640
98707
52446
20090
60281
38764
33554
39275
39908
77395
34090
64102
87500
32928
56092
71013
51577
51607
34350
43533
75262
16454
93650
25465
26623
17098
7929
21615
15357
16242
3509
43764
42880
30619
42160
2203
47168
25818
46786
65304
59311
34488
84147
83571
2758
61879
57582
40248
74891
69267
5309
88684
7900
61828
54951
54906
35675
54368
63267
50923
91605
38109
38391
69811
55216
26484
23346
77576
51121
25601
73794
56718
14760
75911
44530
47022
25464
1616
83588
9637
61991
66514
45799
56600
17054
28622
22261
35557
79005
95218
23884
3989
90431
65725
39655
3182
60389
84834
61784
61797
8449
52134
64740
92593
2625
58884
87834
28890
15158
92336
54322
22575
21217
48313
69375
83767
96825
51111
37360
81952
93883
83715
61192
66580
87822
23638
40696
15753
881
59818
92758
50743
46468
45516
14717
62404
74864
80691
26944
51419
87860
95291
75948
29372
41869
13930
67833
46317
2400
84820
88588
14381
51527
19897
47020
43017
81143
3435
43167
80776
9322
42958
95393
56609
17293
33816
513
16620
68776
5657
5655
54230
20133
88916
8485
37678
11839
92554
71562
83004
16041
40248
70557
67089
77847
18391
37132
32314
88557
74913
47408
64046
34979
55379
16301
53287
4113
41390
42435
53485
81533
21688
63060
75982
88446
10367
54291
16330
42827
9342
9989
80202
56453
81112
92663
1680
95518
98336
61051
18122
21957
11675
41664
59520
46864
92318
25868
87373
47428
30737
18553
94507
18723
917
29866
22663
69298
51585
56105
76179
28614
9256
79358
62618
11755
41741
83918
5329
81018
16621
47037
75219
42174
55425
67170
71621
74321
58452
98520
60121
5254
53046
30730
89550
67892
45645
25957
23702
19006
33914
86095
59971
7565
77898
25904
1357
39610
40693
33038
86978
86088
5462
55320
33130
2605
69672
824
13686
18034
1561
19883
44261
31056
6029
92301
90514
26586
75314
55533
95262
96857
80443
2432
56277
14482
46428
93233
41312
29284
30433
97974
28454
19150
89515
34910
83071
13357
27720
40134
42935
17443
52590
55210
35100
52403
90324
3289
19396
27657
13836
90594
41661
88567
44513
15435
4722
73881
63785
48352
73175
16666
29575
73384
69202
74288
72128
95027
61830
71778
33783
23215
60829
89994
8199
39802
92081
93493
36861
43442
79607
74406
6512
76168
43272
79995
74910
58163
81614
21448
78500
72481
14567
8991
52025
97320
55513
44306
83880
83195
70578
54031
86728
23672
56059
16809
84761
88798
17049
51959
21629
97084
63903
56406
24785
89604
83539
33610
68487
83294
48571
91490
77058
77817
71364
67512
2316
15740
15375
13208
58359
49019
45113
67864
17902
48165
325
2502
77111
65818
23239
13344
24905
58010
42928
3579
88452
59097
20945
66119
60528
2446
81774
46954
41237
93931
6177
57321
92372
48774
72584
40038
79970
67382
41420
28930
29567
67418
70095
25315
44598
40819
27697
8209
50131
52337
69598
17019
47163
74187
47223
93527
53933
27976
90556
87046
58388
65243
50228
79925
90725
89260
98552
74016
39932
91824
11106
71665
6573
36954
24845
72262
841
13579
12713
55633
11568
88421
53725
71192
55501
99230
6329
92349
90674
40816
85400
78040
69840
88813
89742
63105
91283
53967
39860
61034
44185
12622
41197
16424
94061
330
93043
84722
50916
62888
94339
32993
63347
55546
68834
43832
41931
13431
66954
77310
62067
46314
73654
98182
3072
75782
28454
46096
12658
67094
12430
65096
82318
45042
83809
7659
97460
63854
150
19850
81308
63245
92628
13896
95410
66036
96512
31677
20395
51961
4863
31677
10371
23417
66282
36595
65909
55016
40974
40294
18934
61860
24284
32062
48398
93379
3028
39168
66740
22986
67880
40692
79045
37951
76240
52520
56384
29782
52011
12141
46721
89992
36876
48415
3800
76322
28680
24515
16933
51354
53210
54472
5587
48956
97617
17392
88238
92322
24216
64840
68386
25634
42911
89395
87249
18081
6891
17861
77937
23141
14679
74475
1312
78761
66564
13288
35556
81353
46309
85945
34403
87805
62720
89850
86716
52163
52161
21602
31265
22229
18785
18505
25266
19833
60366
1707
75414
37847
11000
37924
89592
57541
57880
94970
14780
10078
16188
95002
96285
69010
65203
53339
63268
13303
53394
38047
16615
61757
38816
26200
34363
38207
93285
99143
62455
56564
87689
91999
27848
64773
16588
99465
35018
5978
79970
99904
5386
61806
1160
11900
70549
1249
65544
71884
22331
52523
15492
30652
96294
87789
67267
854
92081
5796
44757
65189
19079
58711
86949
79573
28602
37328
82778
37559
49852
63815
87593
56160
41181
73658
8987
89328
90369
32985
89975
34224
78813
34077
78252
57076
94222
98457
220
29281
9751
99528
4072
12456
15157
63398
73876
32656
84704
70075
96439
78834
69920
3954
30978
47710
48553
73160
69802
75323
12789
87071
8756
36491
44701
6194
31484
86860
24979
23747
92577
73659
92031
91728
80112
75604
20948
12228
78988
39220
25743
80746
10487
80191
35595
29821
71424
65309
27235
44506
64073
83456
36261
46199
6963
64769
44271
79821
57864
89192
85514
78768
29925
55881
61663
87839
24642
82411
14010
49495
54496
60901
94586
52130
49326
1058
10193
88141
2679
63811
46302
49463
25675
22915
44837
74629
2856
2870
50568
93810
37862
11594
2148
85060
11964
95568
42699
68346
30738
13364
84025
50049
34244
99271
79861
68710
23247
85598
27206
83301
39099
99987
13935
25760
11077
43177
36457
24140
26664
56078
76699
91173
34535
86649
20728
62530
86202
46674
75830
60867
70131
46737
32902
57031
6732
41438
72277
67994
42670
49528
53470
49611
39456
21617
26281
35643
47531
47670
48228
35217
81478
94317
39869
48235
30850
97879
69145
33839
24692
27348
63604
51552
29530
45478
16981
32908
39276
38126
29997
84834
24993
91347
11981
6913
79291
86145
6433
24619
51152
3789
67692
91640
26197
93047
90913
34983
81449
8264
1371
68591
85628
44603
13146
44884
51258
25816
35451
246
49848
77435
18802
43139
50330
91828
71590
77868
97278
97895
26282
34132
71177
23795
53652
33829
93419
46416
87643
59133
53425
95089
61042
5382
1640
63177
28891
9956
25705
85899
64650
64967
30053
70953
43063
7872
28110
70622
63647
1168
68127
91207
14712
2427
20457
76651
61231
76540
47611
43548
82752
92338
75886
18486
93841
30008
69290
5700
99051
27987
71737
99810
32918
31236
48486
90268
18801
68093
45264
82070
98218
59248
35025
50373
32320
74051
32133
83322
78386
21792
9050
84383
37283
47401
31347
43482
12141
82472
97976
25966
1279
42661
46910
87969
45109
46001
72527
46649
4851
62046
41621
35423
74557
34641
19560
39013
85301
79312
88081
63139
48402
88726
1690
7709
66905
35750
41461
44801
59387
3804
43686
82701
67467
42526
18605
71149
13050
33265
70516
70178
57873
51528
66897
1438
7498
62583
40248
19083
85739
85895
38945
47275
36545
38690
17745
75099
13749
94157
58087
67057
77677
58838
2150
86436
2338
64451
12122
46154
2968
63689
81417
50300
47360
54654
64887
12566
62566
65094
73941
12027
52951
93386
94056
39510
66356
4680
73490
36219
67403
91715
65055
34987
38616
2586
21453
44982
26584
14678
19704
67131
88869
61085
15810
94059
27187
76965
6556
33164
94437
79426
95028
47673
44877
94303
55771
96935
51039
95883
12593
80866
60528
22411
38094
49909
30192
20686
72144
51209
22849
74462
70173
13957
4627
24113
91668
58324
48926
68223
66676
21412
59515
33390
55624
24458
12288
14506
72749
92546
61782
6576
35266
56020
64567
27017
13579
54451
39625
78836
36802
34816
26386
39644
41242
62475
20280
57833
83217
52537
49942
12146
98418
28545
95388
35184
10852
73744
1284
1869
70355
44940
38348
85659
44121
53270
94677
35170
31784
1736
41303
50097
26294
89118
33023
64950
87174
80178
84326
33032
20943
15455
1487
56289
53387
8039
43580
24554
52414
49936
27661
77998
32705
97193
54839
25008
77482
79498
10973
69465
7194
38137
47982
47401
62659
96425
17210
89391
3443
54557
4690
22708
73857
27819
27803
25809
97715
9275
24719
87520
85353
42926
99568
23728
98314
97436
45962
59411
63178
61461
83716
87986
38740
45193
34370
1216
39610
61124
69274
33675
59574
63249
30288
84559
64667
66303
70769
44676
40893
99393
53224
68920
65946
18223
62977
56600
38211
94025
35640
85319
10731
70108
18333
68721
30732
60509
56678
95257
49680
25011
42736
62383
52642
11441
22196
67805
16273
93409
41890
22528
95262
87868
55357
12020
46307
91989
11795
29544
62112
17941
28022
58481
2019
60545
60732
85243
86419
55929
9968
27226
7226
39386
86258
67198
77996
43778
39890
86148
49400
72275
54436
50857
29994
93744
94080
14201
16602
2949
35258
19654
80021
8708
825
75797
75045
29866
82581
75219
46848
96576
34290
45829
85226
53980
71188
444
37000
39880
18974
94918
27906
17434
41034
64833
39380
64643
80935
26059
33842
2852
66442
70870
86229
31321
59187
36055
6182
28985
92158
12765
85989
73526
73089
80126
49846
11711
83592
44141
96585
35302
29387
87208
71589
52251
16809
77998
54673
7606
78372
50222
1118
9204
17112
12282
33332
20345
61049
19483
49048
37620
96232
10109
81975
33696
80401
10571
25137
43910
64741
13014
2180
91520
43343
43246
65716
87833
33652
2707
90357
55376
52620
32645
725
27515
30040
12120
32424
45831
1151
95236
57392
11518
51049
23096
13801
50658
82199
32366
37263
56917
50652
43962
40557
75003
81852
96860
7235
24983
7072
92501
97491
91666
55379
71862
22984
84859
99421
23699
86691
6408
1145
65943
15555
27418
31636
18705
83184
74431
997
11468
76293
29840
54435
52189
8887
70843
21928
91669
62182
8443
36064
86582
67840
30115
68621
86115
87340
51194
61595
1648
89561
64319
91035
20056
32804
82030
43038
11821
27296
73147
85552
32905
82789
60283
2414
8388
15479
68995
82373
19775
27058
57000
15689
8924
46959
68580
61870
31153
24566
2810
86567
75505
39904
87505
29432
90442
65383
5085
78810
82254
60428
22875
22059
7145
37509
68410
63984
62449
54017
85079
70248
99228
1401
13185
71597
20427
14421
99004
83658
77795
82040
59073
86996
60892
67050
49986
33382
55379
84192
44650
39677
61018
51817
83651
46668
87024
43191
30737
15133
75659
91240
41212
73221
66704
47985
81420
38211
76645
22054
7085
8853
89215
26632
28593
31766
46293
76651
94004
96056
9301
86531
15579
68634
13204
68875
78390
92326
40833
91217
92389
95690
13875
30017
26678
27056
63681
96909
22220
77084
2096
66614
9275
74882
25287
68761
57616
42434
13630
90009
77518
30369
77845
55365
87507
60677
39169
72933
41657
4236
5153
54950
88952
53066
32847
2208
87816
30877
48497
71905
85797
71630
6607
53176
1611
6535
44768
35007
60801
76011
87293
69638
21810
84118
86295
9816
1398
87091
90564
11212
32943
53172
8308
17003
50575
12433
59106
69624
30455
55808
54757
58657
81594
27437
7
27553
7489
44118
85485
45551
32199
92518
33301
20070
24324
15628
86782
21426
92935
65431
4673
65076
58173
21168
57213
41426
60942
64212
59216
5726
84262
30317
26561
46273
23697
18124
32506
32132
39168
94788
27892
38267
91464
41574
86922
11375
73513
20789
91728
72582
62700
23941
49820
8976
53830
32245
13090
94289
69561
79878
10269
48934
48826
71767
14537
29014
26637
16671
84366
63446
9164
89126
67447
32249
10247
99167
79489
59667
79845
8038
31439
29768
84008
78962
29338
42037
62959
22808
79621
92826
24341
63324
4014
75043
97878
29268
34241
28338
11666
92411
12071
69515
86186
91694
19419
39868
4648
94534
44605
79398
88699
57427
99712
73452
73887
43250
7294
81271
90139
24363
61739
55811
20996
43113
3174
55722
67135
52598
48876
9803
63428
91603
63911
50807
21086
33201
36292
30840
11630
46959
56258
78173
45904
72912
43718
97510
40085
90680
11020
43785
97391
2275
38743
29663
27467
87714
18826
99631
2169
41619
18159
3924
97095
27
48308
973
13579
82179
37462
97665
27711
31052
46325
72396
10567
8049
5415
77867
18254
92120
8232
41568
80942
57780
91695
32130
72335
25146
16060
50693
53415
38109
85966
21889
41311
23752
91665
47426
1814
70968
69780
89419
51742
19252
88568
10855
4196
99369
41829
45262
70702
54854
22583
28784
56221
497
77845
40897
42834
54789
46370
1697
65805
47145
50476
75238
15248
68269
47074
86409
25410
42979
80387
63274
4431
65368
76498
86433
23469
71278
80517
12770
11801
80343
78524
12
19936
35152
8398
97870
95930
29016
24671
12214
99184
84555
58639
39448
57950
84863
92556
32375
93108
88858
85799
88019
35606
50894
4196
8591
40227
68754
86603
52733
56595
63903
31771
2633
5914
37028
56958
74751
95337
76038
78328
94682
76051
88503
46649
56073
48013
66289
31090
43616
93071
71216
22468
30713
57271
39657
53588
25604
79597
25099
32282
99506
65248
94481
96377
52986
54511
7040
56841
39815
47141
78115
30128
21150
11035
71617
6639
27855
8257
60632
78296
16919
54968
20024
40765
46288
68182
95230
4804
27702
54508
59371
10616
16086
28933
59873
91993
1269
86468
80954
8946
16794
24880
89092
33131
78073
396
22781
17621
52381
55455
47047
72035
52817
74834
18471
98680
1228
33143
4800
34747
34551
43751
8871
84487
88443
98724
4867
2207
94540
10461
3748
31326
79564
29712
92829
39469
14717
42313
14878
98862
66951
47625
68050
49525
60930
71586
6642
82583
49249
55710
388
55098
90683
10080
5780
32684
79959
88642
96716
71311
45075
51453
90835
68369
38929
70855
80832
6555
33951
19095
78554
80351
46465
27332
5454
13684
50365
8203
28491
9471
22819
40207
21117
40423
36471
94555
25316
94666
989
43715
21520
12142
11295
47337
19835
7087
65213
15707
23619
84407
45842
10169
49219
61101
47104
80788
10958
52516
92919
11858
45703
7219
29511
43375
87295
77477
48671
1885
27116
96103
36641
9227
9954
17759
14852
13540
27440
54908
19301
43887
93978
25928
47275
46868
31023
35481
3030
56478
64038
62183
7812
5883
11194
10905
13247
37344
15551
53656
40166
45641
15295
42277
6039
1471
41078
2438
88534
75923
18598
57275
19484
20006
51256
43695
78846
69067
32176
40106
52537
36068
4619
23139
82743
77161
93144
18899
69441
23879
14960
84901
16706
48004
79155
90377
98035
46977
73601
79208
45864
59065
17265
93105
84054
70374
92017
40658
78847
21731
891
1442
48028
13899
72913
49115
83781
4416
40437
97734
8672
61832
38695
17327
52580
54098
34331
6007
52873
86775
11830
15751
95983
39067
25701
26402
7815
78418
96314
20052
41569
69663
34564
22215
31922
94168
40394
85396
3458
3685
18756
14038
57904
98695
67607
15482
79907
48022
59050
14930
22190
20195
58825
45098
29278
19036
25334
70322
34467
36878
74918
85561
43769
68516
87679
1243
96402
47629
35373
32785
95809
69276
35259
17126
61189
93353
14740
58922
60369
83477
18262
91872
56724
26282
89775
87378
33834
52737
8183
56452
42782
96701
10282
88006
93690
39541
20256
41122
88941
20591
86731
69910
31383
33800
1197
14076
66964
46704
80019
41764
3267
83378
46385
59011
41553
26641
49051
91781
98983
41869
76894
49245
63245
43781
16697
45918
58937
47767
94075
89346
89112
50595
51578
1223
44856
19918
99469
9914
29296
39841
91271
31499
67916
21361
52529
86944
22552
44122
45474
91461
96840
46917
60861
67553
94019
70505
75943
28997
55274
34861
11332
52797
45640
19915
75534
86985
80599
62097
24720
42181
66796
94561
97317
63491
45057
3096
84328
74523
82270
15531
75031
29593
89314
55277
86505
16724
9011
42445
75785
29919
96032
91900
17423
27448
66480
83053
35033
31646
98153
7509
28363
49792
33598
10610
61856
43793
55318
49608
79659
12919
39733
3942
9103
43650
25673
62952
43511
76858
52691
76213
58546
70097
67856
46568
9679
1431
23876
28268
14162
21517
44834
81280
16016
81553
78809
74330
93068
89528
59390
45832
62510
63161
34258
79505
55421
91910
49233
80826
7097
70806
94295
45157
5239
24606
87182
14164
48602
55070
75960
33227
30794
37175
53653
51
55540
91802
21810
60379
75902
93948
5390
54681
8485
1542
47658
34447
71957
21832
63789
54504
23556
70093
48657
65409
46123
79178
95629
75620
87618
38064
1440
5648
46327
64226
8375
84501
66411
75712
97787
37563
70889
92577
506
18370
5412
74719
77744
33859
20844
42284
39985
55894
66284
45987
7382
22349
39523
26490
54370
19325
56284
90803
38256
14269
90125
31633
31995
34632
3337
6183
68169
36924
68482
92396
38069
5124
65342
93771
70360
96915
22389
43319
50611
59431
40613
11324
89467
64845
28017
43568
62945
97379
82140
10121
17085
55768
87678
62856
78838
38608
8642
63219
19537
71108
57084
14688
67156
26790
98953
3340
29750
84930
65476
17900
74757
4511
40898
23835
82131
87077
62892
73907
73277
54457
76695
75543
31513
15780
32417
19980
99132
93426
53225
97607
43782
50581
30251
86465
13835
20074
10520
55144
42174
68915
54542
45647
36572
75268
7353
9158
2994
29081
40549
74340
97323
13252
80191
54560
19418
27493
14055
13471
72609
61009
99124
85192
55804
18421
44068
61908
16013
13140
18814
58465
94213
51148
61991
47717
25451
1143
67836
67359
52460
83117
3410
1225
42623
94151
72392
17449
48307
77182
25190
21288
65528
16018
3477
33690
59751
80071
77210
57787
57103
90441
31280
49467
67837
86352
64353
20048
18119
40222
13985
31851
1909
98630
89255
10437
41484
40551
87432
80183
30104
23669
37010
88072
73078
153
20194
96449
36443
4495
41186
37149
13285
77485
47907
55740
33948
38659
20370
54102
18628
1597
60410
40749
59521
62214
61399
96668
24423
65831
31154
26060
54366
30125
6078
17349
36142
31689
99629
38752
12045
176
62447
72379
68770
3715
137
63302
4437
87241
81870
68667
78229
15896
21885
31691
84485
27122
52726
62898
70884
53132
86170
2604
83639
46282
50238
63938
41558
5158
51371
45660
98864
31696
94550
58427
40891
72751
99351
44254
80828
4198
79272
45505
53295
95793
93724
32743
97076
30350
76089
31052
71510
27737
50227
82717
3737
80976
88295
82883
65919
48149
1264
29562
82807
62098
38666
36223
42372
74262
58753
54184
97925
93694
41780
45262
77701
77391
60844
22054
22657
97631
28435
62701
98514
31315
31475
50145
66967
79811
81516
94956
66400
31770
82608
97499
82968
81114
43199
846
71664
86844
22939
90216
96740
56181
39367
8965
36781
16980
97441
87371
60482
32231
81432
24730
58668
19709
75148
65565
73925
93159
6209
43266
51595
58360
68767
69158
43398
97548
93514
87177
34804
42660
19929
51521
23246
97519
26740
37899
55737
21508
78991
88892
6539
26251
63933
95861
66967
95292
16339
7925
15543
78208
46363
33736
32085
68276
92785
20029
95126
15627
66302
73014
84643
61075
20878
95064
92886
26704
29232
11907
77053
83492
32042
1851
66606
90320
47286
34500
70216
81108
27708
45453
20993
78770
97229
48451
47249
54737
71930
75238
48474
73629
72175
92376
89714
31468
24144
10161
95375
51324
10542
2417
97647
80439
65509
62445
39712
69304
75317
58506
44114
44040
60571
49224
80311
39137
58156
42869
77460
17876
53838
63139
10344
21189
81138
17203
341
46804
96081
37328
83503
28919
47810
71065
29600
66146
88822
97270
77334
63849
26096
62380
71082
27068
84708
52747
91118
8273
3659
1444
96050
43200
85824
1336
78962
20519
52635
98316
50048
86382
17959
5945
34921
95941
59617
17759
89831
6377
60623
3258
9219
1445
71195
35693
7940
48789
83179
54106
63705
16422
58207
75219
6654
50074
36614
58827
12654
88199
30236
60294
34086
287
75140
50799
96050
5450
72126
43272
11446
24655
26214
43836
63195
80626
84969
33393
52564
26487
31396
31417
82923
40164
65595
94183
3981
66501
92178
52446
61615
46409
93739
2789
90556
90186
85085
80151
53692
58762
19918
63159
65794
76089
34605
97473
71730
48338
96622
63708
397
17413
82147
82603
12090
87056
65811
61603
70899
73926
87641
70390
39113
43665
23068
23054
74997
46548
16678
55381
66749
27593
72388
87153
8095
80362
77017
55149
50460
52331
96063
62515
14404
34564
16635
80374
68154
23436
46364
75947
31651
27392
64240
8023
55697
72420
70530
30435
72167
78432
82964
7693
45768
22988
58356
47993
68352
33702
39583
86564
49006
22944
47951
99768
86764
11479
1474
67868
77245
36285
17449
81955
39506
63960
60457
85477
60121
37924
63121
12906
15747
83347
57912
46274
25296
34613
65299
46675
13018
61779
10193
87978
91994
99092
59539
25234
48602
28962
46282
83970
79481
87303
65358
14704
24308
84594
11865
28483
94231
56662
27646
46503
81728
95217
99305
70810
14892
18729
7861
79843
70176
20754
48612
35266
23190
83661
74942
44386
34978
36107
99944
98475
99680
84687
42304
43893
88924
42545
68788
92630
67134
22398
47772
56796
36880
3229
81178
81111
32237
74765
50860
52781
58183
70090
79915
63889
41717
41198
52132
49966
48856
2419
63825
93277
36520
99959
85427
90998
47359
86969
24557
54626
14402
3680
58368
90575
28200
34331
63199
16253
23720
66787
85230
87126
28771
60796
14716
55963
55851
61498
21082
34649
82223
98849
43639
18810
62884
98725
8697
97591
31889
31279
41466
79691
76567
92609
22717
37667
96635
88368
36907
94610
89138
86416
42095
99713
29960
80975
78250
90724
65388
29015
24627
61255
68891
73431
1935
98407
62888
51067
85641
82877
56325
93079
72846
72309
7921
13987
16199
64861
26110
53216
43476
52568
44797
76985
27074
10739
97897
63972
33544
65615
92397
76392
34820
59357
57970
25017
16525
87784
232
74110
92372
70635
15600
40596
50140
3107
59333
40459
38131
83615
73445
41742
84684
45781
85087
48192
60027
4814
39579
37474
76972
95233
24192
94769
8608
32254
22790
69740
4933
53504
52153
68691
55920
19845
41478
79883
29626
51802
40421
84382
17492
60687
97091
72287
52585
69227
37163
52011
82191
86744
24369
53451
13416
19262
39291
8086
49819
75886
90508
91091
22090
53748
41997
22780
13809
92016
92698
62975
24250
60862
37511
24606
44927
64433
97581
56502
39805
5214
79509
28
21585
59380
82752
75395
87474
19082
27345
7931
24938
53393
3383
97203
56754
21705
73882
9023
62569
91375
55969
55060
44177
88883
61886
15664
80391
54023
62455
47064
17597
90196
20914
9337
23925
28903
50364
28175
77916
59721
10294
85092
5312
18092
88156
47280
35760
53152
13139
81727
31983
19750
10319
88016
53268
21852
21118
95385
92736
4343
51828
23560
58045
27759
25076
53380
60048
97588
33720
7059
11707
7774
6558
85173
28562
24802
38863
16045
59703
92896
52492
17023
68372
26329
2295
23892
5333
53311
18811
40315
51039
90148
72090
9323
60497
51252
95633
94179
98837
18591
53929
14770
77763
7374
29149
81042
35475
22295
89507
61934
79164
12812
73081
39909
39854
53869
71950
21127
76201
22398
62954
7004
51639
71315
10362
73604
22157
16231
75996
19513
3833
70924
46691
74064
43912
17661
77767
85695
77047
1392
20301
67896
36948
86855
78639
39731
21713
10597
85895
43403
91907
69853
86333
51902
49757
39238
86027
81048
78308
79020
24073
59593
31823
63744
7577
4818
69822
4527
15761
80064
13363
7823
929
16751
16273
6742
4384
23503
16303
91397
37496
22180
7417
2850
88138
2535
19268
47971
15839
77450
3052
84966
1804
77881
22412
77182
59008
54620
61496
95751
22830
81241
33562
92507
67378
91990
38632
12829
97186
61436
36735
41042
57906
45527
75806
92239
58692
92826
40961
20974
28810
73759
46967
10106
6873
21260
51203
14250
95212
64945
17964
43243
48946
45774
49409
79413
88629
93010
85837
98367
59752
48286
79794
81167
57772
49671
37158
31465
23487
49690
15175
60841
60097
64474
37179
47116
53828
97190
79624
25768
83472
7190
70477
93949
11313
93251
77243
67075
30430
95910
18900
63554
11366
77048
56990
66720
96120
85913
65220
76948
4943
92845
53866
18298
63832
27936
10570
61024
60898
28458
66480
28125
94305
50510
15790
53409
27135
97660
60829
33224
76224
10487
22993
90120
45360
77520
49431
35081
16395
92145
15533
48244
34280
51286
80702
45924
52131
95605
62234
21913
88102
45598
39662
24876
69683
70590
38180
57981
22129
2814
31642
25896
47056
97256
65591
83958
92442
50857
8240
2895
89560
90674
65910
13453
50303
29464
59641
45739
54933
19580
76125
40093
82948
27973
18903
10490
69241
88329
12964
39699
5657
36363
60998
17415
76738
2686
64348
7471
56857
18055
56797
75701
91637
3232
74737
30626
13702
55545
66124
17876
73315
74522
70952
80142
73648
84419
76669
88617
89128
49460
62272
50761
74445
31528
98678
66858
69641
83388
51795
74297
62175
15374
40403
81375
24787
12416
15283
9016
91923
93820
84877
3106
33505
25106
95567
75537
4510
60540
51991
41695
28020
34082
10573
93217
50208
29177
87037
61748
48346
32167
96943
39414
88162
36386
46949
89330
36361
23958
58640
11859
26841
92037
54095
26457
54498
46120
54054
91337
71682
38388
55255
82367
87408
56184
10687
97599
42086
75043
12559
99050
14728
45858
43845
15147
27957
71911
71239
86224
97833
71653
20092
75222
87468
58296
30567
18334
83675
4321
67744
50972
13649
81039
20273
5294
39185
62266
14826
2985
30419
60808
98305
30926
86441
58546
5162
82556
76588
29281
84910
82719
67240
10546
84939
4871
25600
23801
72264
85779
40352
31297
79507
45676
71261
49425
51097
71726
60203
52650
52610
53281
73435
93038
66502
31558
30478
67515
74576
46957
3323
47604
84589
15107
93273
18176
97745
87304
96362
588
25511
44895
51236
37963
96850
9918
67932
65950
67044
25285
83185
49071
55994
27660
691
58807
94867
79669
2958
42816
8684
70593
53463
30724
45657
76094
53809
98548
65633
13406
50876
57813
25847
21635
90044
69124
10000
26646
43009
84954
38694
93335
65560
3179
54696
21806
65901
17288
73883
96704
71515
11333
44082
2269
54098
54165
1413
56822
85156
81585
39473
98029
59244
13143
89004
28229
39835
87087
34339
49463
90848
73481
58578
68614
58292
20514
67583
97899
991
71686
25107
96938
43914
91759
20406
45765
80130
42603
13382
68975
13029
37884
29235
30424
5645
22585
50171
75271
16118
75217
7677
89223
81998
51727
68252
27416
74392
39866
51986
14342
78588
99828
20430
97015
26447
2178
69387
12637
93434
86730
68911
92587
41545
41784
9821
4261
48339
52700
75127
94032
57953
5133
46483
66600
10205
9201
87352
91536
24729
9844
63446
95300
12216
34293
62368
2827
43261
71393
58919
62856
73102
48887
47892
75024
25700
66090
81185
91062
82610
69509
36020
59841
12528
91144
26137
43551
54243
96913
64444
12307
22698
73686
22432
94441
79399
13775
99902
37579
81705
22864
6909
29836
86130
24436
38794
33633
85514
4981
692
783
21439
7896
26311
42048
7862
90086
49059
75472
47315
62580
80793
291
68768
49380
42434
98489
66110
87748
19803
67321
65894
42261
13664
33291
16474
71782
5572
46050
5550
1534
2474
78262
28172
43225
91300
6000
33448
4746
40645
5758
30464
61854
94181
40582
5775
52609
65041
10520
50480
41434
8108
63900
25481
70449
80422
41898
85499
20145
67414
78776
90564
14121
90903
74222
81391
23340
44989
57941
92665
36472
31187
13774
44385
96212
97267
4704
88683
65970
23681
69289
58800
21236
3428
67253
70630
63755
82881
74732
77960
76794
33141
32326
90178
91193
51887
84858
95547
6549
22665
9236
79486
37589
81953
7108
74407
24984
72600
31763
55911
96282
30694
17489
60788
51541
71351
52426
69744
28708
10758
87095
28564
93795
15733
95728
65210
50354
7462
15039
4612
25401
68857
97968
77899
12997
82787
67236
64711
7823
74759
38917
33368
67486
74835
73332
35247
99171
85146
44990
93149
5827
47881
44173
63125
70705
14088
97466
19264
80281
20912
11969
1502
87258
57251
49997
69267
74411
24684
4882
53014
99294
74548
53913
58289
14209
27646
32822
95125
45537
96736
90229
95998
80713
51006
77203
49343
80297
76805
69545
8457
52594
43296
18691
91453
71741
2587
77263
42284
90955
27538
68785
60006
28615
68692
22227
97415
12808
42010
91706
11899
26579
63038
39924
18090
44189
1881
13005
5956
66701
2365
4224
49097
83616
79692
3722
52117
44838
82483
1083
49223
94282
12039
15110
97389
80592
80506
21816
23342
96726
10522
16357
86771
9341
60679
91006
2771
92321
92622
36958
48569
97411
17574
58468
68916
9864
11302
72155
87483
53530
85858
29044
79259
61804
73920
30261
79710
76155
77019
37995
50618
5552
99699
34331
35667
70915
59855
74519
3822
46553
66097
92876
15859
54989
94292
3895
90845
13421
6468
5719
92290
89915
7737
38654
25242
56340
69650
30690
5741
5038
62602
93104
44478
42298
25754
53728
37390
34152
50091
49283
91310
13738
91509
34553
14213
68177
28057
35135
42105
40916
2008
98789
92030
50319
32302
51070
89560
58343
22703
16112
96495
43595
36220
3596
74862
40471
8097
24248
81112
51026
59726
9383
80008
11543
76752
16106
91811
44337
87724
63935
32316
27104
40759
25224
91555
62008
31509
24151
63339
72776
55756
65125
80758
22872
25188
40962
43072
24907
11581
74214
24197
60996
92717
98246
73136
55781
99604
81154
33025
97907
76030
49660
20441
59222
30389
84803
86693
8668
37473
23021
10117
95868
61693
86115
73752
12632
86326
23862
2758
53467
53890
54703
34889
82562
79291
36548
63257
27576
26647
90791
45779
90874
79429
33784
18053
62297
72870
62267
98936
56189
10310
57124
44891
3686
33237
10575
37896
28590
96199
26668
69909
28587
32484
61527
61689
43344
40140
22118
62968
67859
32779
52283
38413
38441
45205
12665
16019
10766
51710
49588
87601
73441
96088
78433
11968
53419
47754
90764
218
33600
43338
2857
61760
11710
82103
47970
85703
77938
64469
94606
45569
37243
26693
53859
24100
63206
31488
28771
80217
42808
4305
80849
5187
91722
16716
15335
11017
71886
61615
56128
70114
96625
76851
44944
41052
38393
88303
97139
1577
31597
89001
39459
79047
19571
26009
29155
10986
6964
15389
83832
36073
17340
1107
64952
13857
22718
66294
47546
38282
73108
8791
57709
81044
12964
6071
39141
38269
54527
46015
19663
32338
48035
19773
87462
37343
88960
5659
66110
72725
31287
26845
21406
74967
90077
79095
96331
90401
66080
51977
67647
75990
97697
76312
89560
14340
49567
58474
23852
13814
2292
41437
11002
85398
95769
56772
90077
59645
6053
61343
27290
19192
73842
58838
80408
80280
36032
82067
14447
97975
8211
61433
69176
62338
97656
292
45317
81543
35237
35806
61130
47228
25342
29883
81272
80841
11283
28658
72107
63060
59526
64473
94521
51367
57003
79420
18058
8000
36361
86041
55751
42549
28925
76699
3116
95201
41117
6128
4599
56144
21210
30377
77378
99043
45726
84143
50349
51680
853
44796
76500
39801
4105
81245
30624
90565
94946
22041
74403
95291
82430
7257
98032
48353
8962
26332
65481
80725
34673
52691
27379
75938
39551
33368
3454
54395
75275
77116
30861
4484
42902
53788
60575
29359
66846
28979
55034
22980
62300
73832
43572
59770
64567
34343
81501
79842
83522
36654
71340
76548
12569
13694
56260
15649
5811
47153
44322
58966
89316
55882
48614
71330
70354
60008
58716
35711
40146
12885
98854
53996
81247
50299
42120
63531
88342
77462
64399
26886
96624
67205
2334
64397
94109
16953
88247
32634
73273
64528
355
30614
76430
63291
45470
64532
10182
82907
71458
97819
811
73707
22830
81345
59678
62007
55506
92114
99728
39434
68442
16848
2336
98181
80532
60437
96305
95211
13440
44851
2470
96857
88084
37149
19613
39699
32105
8350
57062
92986
94661
98695
26911
60697
20646
23303
55213
97087
66023
41490
40185
7047
77362
78724
91428
80722
40706
47679
52648
30487
87188
94191
34285
6448
23082
95343
33957
53750
95675
66597
72581
6471
31162
83912
96704
73123
97538
58946
55105
47095
61691
61168
35301
16080
88075
8646
63826
59985
53052
15119
96568
31680
98213
47826
12163
44826
33688
74865
21946
17767
3912
12427
57815
56776
48789
88417
25507
71373
19926
27926
52621
11395
32097
41839
41191
16042
6618
95770
62238
10309
99445
91339
47220
29099
44329
64577
22651
20314
85428
37799
41072
88235
6661
96726
52337
92352
82954
48855
28636
26842
61782
47943
41606
45160
558
22100
94261
92793
1745
35908
64763
36882
24930
36404
55791
15164
24851
49886
23145
34868
30896
31668
76538
64262
84229
75144
36070
35860
85388
72142
11999
52431
85783
42681
9407
55081
81590
21474
51426
43713
88838
54600
55037
54909
11927
75409
39679
85686
7895
90286
75394
50221
1152
30620
44526
73019
9531
48199
57579
37031
11792
22249
74304
91952
39436
18256
82573
22346
89164
59806
50049
78054
34988
3466
4185
20809
60487
4771
42582
10974
94250
60117
97017
92456
6233
84836
33246
2224
24349
78261
97907
64829
10345
16077
38803
41089
84104
35664
1731
36847
17446
19307
40103
82411
12631
80462
8290
6330
42215
45841
82473
40217
25310
9623
86083
82121
28111
83504
7263
5127
13022
35960
60850
15322
14541
82813
92876
72550
55361
82686
65589
13373
8789
27566
5225
15157
90715
74360
92397
6453
78474
49245
60076
21224
22185
88824
65587
4660
86294
54947
35142
16069
55667
41714
15133
58851
2285
19805
59038
31138
9067
70716
40600
82551
77872
97674
5049
31400
23468
428
19085
59388
88485
32075
20627
16978
48734
38301
80862
40974
66945
53281
43877
5838
13422
67497
13959
31834
10272
93682
57439
63834
29592
85775
21503
12834
88489
74852
55500
36904
78591
74798
61686
16725
49132
84064
59794
55770
58608
50344
35126
85466
20869
63984
14897
16773
25925
82784
15524
4358
81912
19744
50721
1554
23773
62555
71998
11008
35540
21952
64950
39832
63046
32866
317
91076
6418
51871
99229
12739
64342
93246
12562
42460
45141
24913
41438
35792
24458
99098
15497
76040
52298
6730
60249
65229
11599
94405
69130
919
97927
11457
8331
78621
35447
84492
82549
53867
64045
98029
40872
55826
41377
91491
55875
28345
29831
20971
25600
63505
57331
38621
29514
96742
68617
77973
50236
16017
18977
86479
27799
13418
80276
9195
22527
2395
1573
80529
23250
61584
23630
1518
56295
25003
88742
36380
78559
48308
41196
26911
20426
53965
96339
83148
53050
66499
62058
90628
85116
84544
16295
75646
27096
41950
7343
9827
23365
91030
47428
99795
34473
66742
5836
49349
5741
23089
55482
68907
51770
47985
2683
89204
11666
86983
40991
16299
7789
56515
24353
63996
34702
76991
60949
93559
67713
3701
58190
525
29427
27762
86249
96439
30990
53538
19353
88023
90320
45514
74671
91190
7655
41588
94150
5100
62795
58245
52873
64317
96183
15051
17570
93345
54470
9266
32831
47420
98470
37461
36675
60076
38268
95090
61286
51394
29396
27414
10794
64103
19426
66936
46843
68383
33658
92930
69026
60875
65128
85641
53191
75400
42509
25182
70304
1749
29975
85308
10266
94867
6620
56098
98082
84293
93107
41467
62545
35158
90159
12952
80690
77497
44024
48576
81937
10092
17864
93054
34978
30806
49311
84344
52331
1391
44003
45568
78191
44735
45463
85251
53368
16414
26327
99262
26528
65083
1933
20337
31996
7384
89716
22028
80390
71027
21511
91718
72421
91327
34372
9004
7227
18960
38370
74454
75307
67062
41196
72277
3397
56705
85785
17833
11503
34851
80105
30031
6865
10291
32607
63480
66397
60493
97142
46644
75066
83638
46433
75437
57644
67422
12418
92721
88897
14558
78502
73734
84634
90817
29148
16322
31252
11807
9680
46195
89106
66788
69257
9752
43593
37328
91195
83315
92231
16439
