62845
65542
772
12296
41679
44388
43345
65624
13768
13556
66304
26995
20356
75663
20962
9648
48702
70274
1955
86351
29359
82566
71484
73610
65908
70142
62021
35899
30189
14508
56201
11556
47266
74641
42354
19359
14528
12928
8194
54690
26785
72669
23075
76526
77962
17431
1463
64021
88494
32670
84777
78629
97903
43203
27076
51253
66948
47948
95106
14219
84342
59312
5404
12232
75621
80789
20769
43121
34792
7075
12034
41499
83698
6020
14890
67345
66959
2459
68202
49285
82189
72831
97938
43697
46968
48306
58172
38761
94846
56514
12163
56703
10673
42907
77841
70097
33419
56646
24885
29619
12139
25571
19283
31925
79773
25182
24150
99538
47480
47313
82561
92788
44481
85238
19971
48294
70669
30247
91560
86296
99684
94932
64748
41385
99137
86464
37130
67412
25174
92921
79443
63481
96588
58322
97211
3974
48936
86654
35437
91746
66889
78155
96926
88663
40205
49241
89343
80409
99891
66710
43468
33879
24380
18935
25217
65949
7243
3637
75788
61699
5355
17697
63934
30390
16304
66149
9659
59713
96981
79897
17778
41016
45156
37759
18054
71968
65013
6524
13386
79902
24142
41043
24939
59451
65416
63135
74887
86065
39986
62348
6075
70132
62479
43923
79738
3839
53562
35504
55066
93914
90698
8226
88745
16902
84816
13951
97341
35877
84701
92369
168
97033
38849
72401
46058
76183
91214
55966
83296
28086
23387
40826
3387
64090
51012
8898
47596
21896
66127
6600
55995
33798
77417
622
27990
71937
61775
14976
11846
51961
7721
7823
18654
26381
78160
66310
44493
44766
80080
40235
89587
54435
48041
64979
74831
88681
87119
41922
69687
53669
14098
43807
11201
48311
58584
48
25438
70012
22469
15350
72231
80688
47165
96583
85583
19614
53056
82180
78296
87783
17684
4599
3905
52394
88033
58252
78461
77973
63285
58536
38399
21193
13928
75690
48273
95811
79289
49980
26084
12876
10935
17813
21442
19615
48637
79151
62399
42834
24021
90433
92078
33507
77629
55256
96464
57344
40806
7415
84039
60595
43129
64679
44296
65736
81556
30140
6095
23037
18994
75687
44044
4677
55049
241
11260
74488
93133
91707
60659
92635
33746
79279
16628
10855
45198
29378
41219
34009
58749
53416
51761
77397
71326
87444
77943
29272
4603
22795
17887
53433
18342
43588
73211
27194
15390
45950
67704
18993
31217
65886
10317
42285
19675
51107
56366
26600
77037
65096
76126
75784
1737
34645
3457
5841
53034
50338
18351
51435
34496
5962
58660
8523
37976
66311
1748
89600
89499
75312
19836
61053
73965
29644
67316
12030
39413
68529
77536
75480
83869
33374
23686
11138
97743
87953
77145
47386
59103
91494
62452
99893
25896
54476
56771
87815
37102
40549
52123
3371
771
77115
15530
28591
18981
83610
34985
36800
25028
90029
84238
30701
85633
40888
40637
62682
8050
69391
6783
72548
71875
59090
90251
26892
12406
95719
71776
12577
69579
72114
14293
66318
57211
77714
51591
98334
63997
94747
42994
59943
82923
71627
78843
22042
69535
9259
62538
62373
535
63525
70901
59779
54873
98781
23830
32162
29583
41965
38271
30030
28691
74048
16996
39070
9286
38859
41783
58523
20953
87523
54578
35049
40847
90847
77548
23283
40634
45419
28430
52087
43906
65285
31839
92011
95780
5752
54748
64587
6935
36083
4963
97761
31466
33702
59502
61487
81417
27896
62718
81979
21438
48615
31309
28632
5875
22237
24773
61837
73462
71979
98511
58564
44598
83109
25635
34449
58858
95833
96094
48476
90865
97677
10802
77614
64244
16373
83351
14356
49735
18542
41439
84019
86126
29114
28039
57960
85884
84248
13642
6874
21591
12255
19184
19135
86392
12727
62627
98951
41454
30548
6722
15881
71201
15280
36206
9801
18740
43587
84417
2786
95365
45793
35327
39765
85582
80401
76197
31630
40237
19430
74494
41296
99297
86236
50293
16413
12683
68720
9540
7907
41844
41084
87307
94342
20429
24526
76892
47430
91248
67683
3346
52173
36678
42341
37346
19031
1539
16447
17386
27166
26667
80569
16647
34210
82808
46741
35970
29169
62419
66596
98634
61048
29279
6213
32221
37158
52854
97787
60095
54905
70443
93994
34285
74920
67887
94542
57260
31532
43055
62617
88859
18540
91834
66503
19943
93475
36480
91934
4956
75824
32341
15463
87513
36346
29141
49252
38780
90846
98370
68845
12317
48503
21033
62859
81175
17032
98627
28944
44544
40617
46807
79953
91994
8011
29149
82114
1570
53354
7613
65196
18310
41422
90997
10285
44116
75614
88281
83308
52173
37826
45205
54551
58776
68114
41550
28283
50579
42753
96103
89439
54564
1792
17792
92318
83725
93424
9208
46111
28894
44104
97139
37010
24581
46270
4598
138
98720
71478
91951
97585
71539
27237
46322
93293
70613
93056
67038
205
55589
15430
93631
24847
38202
4358
1324
23602
98135
21583
13968
6642
40253
74674
15302
19493
49787
32662
14653
41585
4769
6360
62811
39144
55250
64636
62110
96802
92856
85268
78589
63285
9105
81836
5518
16179
27591
21488
97345
86849
89117
40603
92585
53743
13669
4893
94970
97528
92974
7719
40013
9816
17659
23638
40449
35717
54639
38874
17660
20651
58500
13058
57776
10248
8060
3654
73752
83521
92462
45169
38721
16159
72386
94953
84518
43402
94456
90491
91827
94432
56577
24456
85419
78545
66001
5542
28517
64922
99757
7860
79985
13501
61343
34943
98873
84441
43496
43370
86434
65291
27189
15133
11858
1441
23146
32044
4555
63735
34266
21410
74901
34096
66009
82475
25402
92274
55305
61211
38731
31838
58864
72446
29696
34090
459
62141
33277
73437
52539
46378
77072
93479
41150
65352
75894
16890
36633
16921
22141
65609
90929
16581
3972
41436
58649
50532
54431
38125
98725
41609
55319
23778
37373
60140
89102
65223
1677
1298
58880
8071
57849
10202
66693
57607
81678
95334
4083
50431
62548
62276
37216
2678
7007
8217
80965
70137
92869
77929
69022
44631
47530
48261
7021
75324
99574
58577
44767
11848
23272
55728
67174
47116
69093
33583
66694
81024
91145
11820
27531
43235
18717
46433
21431
81136
47273
88240
4570
85050
61057
91276
14202
98340
97691
81409
97906
61504
26049
48130
59190
28833
26082
92429
91668
18334
73795
3613
24502
87814
47570
29868
82884
15739
62299
15843
99271
59149
435
54911
64264
57428
57266
32930
43703
69128
47134
20371
11144
64736
66818
49682
9655
67430
9597
33020
21324
10580
86423
46392
97274
47437
57614
5980
95073
36442
40207
24607
31027
17631
70593
92667
6740
80217
46971
15614
80986
86039
59925
57774
69716
90066
26395
84118
16199
65899
45182
61394
66131
5919
86853
30195
19349
8105
12962
1679
65894
42612
13439
91208
4864
31643
2134
68503
7136
12544
91456
69653
55622
89125
35845
64102
6554
1322
93650
1698
47690
28003
26217
88001
7822
97397
20850
99459
30444
62606
2863
28185
79414
54718
60622
43219
26961
15029
92471
74151
29041
76955
92549
24634
46177
99110
15826
93551
22430
91099
56394
21258
17027
27428
97122
98143
33535
61290
4385
14107
79362
64495
4540
36014
45911
8171
39104
11924
88043
96482
5512
39519
89292
5982
91983
98147
45612
79405
43711
16413
20581
86137
26184
88353
70806
32768
52140
73246
54636
529
88087
15920
57628
62274
29740
56738
97228
47984
41626
14910
62577
70739
74861
90035
78835
70397
87329
18946
49549
99600
65778
61957
12721
55705
80558
96059
49864
11277
78412
94260
77655
57086
60118
18486
74045
69466
83746
362
55257
73440
94175
6822
712
13919
53034
91608
88396
42317
8223
59083
67048
5761
84685
36889
52743
4430
33730
88238
80765
67645
32326
89108
23910
46470
80260
42432
75530
81610
45955
94169
99010
41903
82131
16192
85588
39385
5122
74080
39257
40002
21742
65876
72480
95990
53077
68783
56268
15309
55528
43692
68984
77893
31230
58482
70427
97660
44869
54115
43462
65639
46547
57058
6699
61010
52186
32191
83383
54229
30234
73121
53440
40207
83601
53775
12634
82657
34189
14394
49762
48233
87970
26442
6686
58297
29367
29347
70364
58548
70459
18771
67126
61573
32021
64411
61815
38108
91609
83128
93336
52518
9142
3438
27107
74120
16620
59600
53017
61783
75067
36334
87279
54103
93750
82299
84082
14957
1623
55961
63915
61539
26412
40772
12798
56601
59535
70456
52460
83490
81395
75551
88601
45634
99834
32187
47144
87073
69603
28748
32226
69100
41121
48415
14997
26217
98567
19796
13497
77461
2688
12138
17774
38301
66171
32809
84385
73365
80099
80907
16429
72759
48780
45224
26270
43835
88201
51004
5298
1967
3483
46519
69976
8660
48836
78402
3386
99958
69146
51881
89718
44005
48503
83849
20487
9140
42156
41366
96068
94158
17878
86889
14142
77456
71625
1414
28109
25862
6760
48230
77508
11878
57879
31237
52384
19075
78056
32137
90688
77167
66865
42093
32238
47089
3935
67530
24604
37886
86468
31937
54730
17559
71051
83719
63684
74943
67692
81165
15975
10712
73915
61515
15268
92729
77627
76265
67133
95949
29584
9674
16045
95050
4370
91381
45540
28781
45566
68737
12016
97871
42598
16060
36151
1926
41480
65432
18145
73723
35804
66067
36210
64611
84902
67105
16629
96092
52428
984
36020
51942
96962
55480
9219
38011
77793
29397
10333
54796
45174
75682
36903
66938
42806
3516
89232
23086
71471
2288
59802
34357
98234
41706
18578
97596
39629
29371
63962
11107
20237
19845
62793
63841
34496
44295
88200
26709
51008
1152
45661
70852
48460
14881
10116
84499
7576
79988
99385
53474
7461
48739
16467
7715
45932
19622
42410
40567
71251
23501
88537
6532
94466
51206
27423
44692
37583
99179
66239
50060
15509
52491
65479
79591
87043
63443
12109
55855
88849
93529
47253
20888
36206
48837
76432
1529
99445
49116
20959
83015
80829
65611
83605
76496
60591
11532
81210
33745
53875
98040
93803
25397
20547
96457
91647
61674
87585
29003
94469
98433
17092
99199
92009
55970
2606
53866
80309
80618
25497
13568
43892
54754
70831
17897
97138
31805
25497
18574
51839
27821
6735
45059
15634
34275
11598
96720
77738
17441
65128
35357
62832
55422
77686
63449
2808
2965
28968
22951
25927
95434
92
45542
1518
70203
68365
84860
24020
27646
56355
76126
36690
48733
82248
28702
11767
2794
20859
95410
71020
52736
28029
26685
81106
16729
91145
24796
61991
68262
83201
17647
80936
44270
78211
44641
52688
49381
96314
48086
6815
38728
70353
69649
53270
84819
79458
11935
33534
6623
51597
94499
87144
32475
19940
42879
22479
40038
20771
67067
83738
17735
33981
97750
95901
31081
28273
65094
9023
66870
3388
63181
72471
70830
46664
78074
76015
17604
22273
61849
10955
40661
79944
12409
72067
82150
69601
97111
9035
46490
18727
96108
6355
42701
85664
11088
39563
38735
4011
53257
9983
46656
7477
26068
93952
50596
42090
59982
52226
57156
3785
75008
36866
44225
50545
28741
9376
73429
81463
75450
81802
104
17786
30945
30841
7372
85709
48049
18228
83413
64755
58621
65202
66712
96042
17791
4158
37279
41533
41505
67891
78919
6717
91272
4198
88982
56939
71550
51331
53916
32236
36826
59408
43589
74078
98414
84014
35991
9962
77517
33693
33487
85967
41911
89567
9458
8990
2338
2069
12723
66853
45895
8997
85600
25475
58054
40125
26185
32154
90838
40594
32078
24610
20589
94465
70724
75641
24009
11574
10404
87737
45657
59883
7663
81698
7626
20008
38306
94935
88498
25641
91410
49477
6579
21789
70533
60540
79276
56874
45709
7682
92834
75790
88097
97853
87110
33025
35001
85615
60771
95734
25542
39359
56103
23424
41387
50001
33676
57745
54684
98999
24609
53406
45234
14240
54585
55934
89737
18255
63824
66705
8854
64424
25910
16830
21639
28291
47737
6356
31321
63810
47123
86418
6288
67967
29357
52002
45079
68639
74510
61439
97492
24003
26533
19992
44551
92381
58639
86509
51807
48351
97061
15446
78489
37550
12805
99459
60150
37590
95099
94974
12055
61304
53675
55149
13080
82015
10878
30419
18054
75376
97831
82134
72094
57790
20273
62235
83140
13053
21383
18893
67452
84975
6175
61949
39305
46043
65316
42404
89600
89051
91934
86627
59816
73268
58976
98987
78064
72033
42030
20665
34156
65864
40073
79929
38094
88398
1465
79211
21341
7654
93686
41667
98613
78308
52370
8810
31770
25200
28934
94563
41978
60886
7448
93960
61887
83067
28710
79730
29997
83498
45137
24278
34014
45292
82889
17037
79479
54549
46001
70029
89191
23483
65199
74995
67228
27778
98642
29954
25249
67475
30080
58436
39832
5611
79483
80591
74064
80943
25712
579
80515
11262
56924
8720
58191
63038
62874
85397
13423
344
80909
7555
66229
21280
20167
56320
16422
40461
20756
67719
55762
17223
63974
4556
15790
2782
40573
48765
69808
23030
58035
83492
84678
8320
39585
59690
99540
33797
18642
72310
83336
28795
79330
67890
50236
78330
53138
48590
11207
7432
95691
6686
21152
22832
56172
29438
87248
83378
88049
33526
27858
50484
21346
14809
95594
63317
9430
48391
81984
41698
91266
97107
74232
79682
46563
81310
35342
42732
84515
38626
93491
3416
47754
35243
71711
10067
15685
68063
24274
12940
83436
58463
74347
63403
64914
11685
93315
94273
75854
20973
76743
14555
56417
20433
43153
71664
44675
89900
15554
78778
1423
27200
92958
73569
23111
69426
74563
78195
56101
70003
3495
11760
95904
50810
43246
5825
84631
71277
91461
78344
30589
73983
41214
99347
48225
37139
75688
3306
30200
75710
10218
61608
82058
3595
57659
27207
5622
44376
42689
19220
97602
28189
75333
35713
91363
97997
27791
54553
39621
91668
83524
61326
98231
33761
48120
5934
12951
27326
72017
98228
59317
44666
85978
62971
12647
66599
9664
31246
77449
86303
3117
8954
84142
5922
64382
26853
67495
81786
32003
71895
79535
42847
36083
39670
2449
3607
53674
66481
19798
9237
40800
12946
57071
15586
47846
18966
71547
95385
18528
99897
53685
35724
97050
70250
97886
98277
