10455
94376
75612
30860
39535
43843
15704
98927
69199
95931
96889
33386
55904
59646
32717
3540
68038
95290
5853
82958
12454
31640
52134
4116
14546
96994
70162
72687
29523
12069
19345
57767
31378
7346
29145
88470
8707
52351
20856
86936
95854
96683
79985
20318
15963
5598
52571
8002
11993
10894
20466
77877
11692
92094
83639
30324
41105
52449
76043
79897
42382
29532
97348
15054
22971
73418
62057
84380
21255
54809
61040
71970
97737
95153
99921
23776
67844
33653
12903
96435
98901
58626
1507
70235
61916
11220
3756
87928
83141
82632
81911
12788
72818
13500
75998
51417
38983
79891
90080
26819
53809
87413
97654
31120
22643
73554
41133
5268
10767
81863
74437
54058
91822
98457
69125
39076
19244
60543
82168
74595
32419
26620
1384
92162
53746
14985
91317
30989
35529
50961
52050
31887
13972
41622
56605
65897
7138
26866
29241
35102
16624
92664
66442
5387
9687
48504
51148
45300
14223
96865
48720
38970
21054
20544
28531
78536
994
9735
21117
60077
41782
71754
98963
79748
21252
92866
88954
26094
87560
45556
35753
60289
15996
9260
65129
48666
53925
66275
98700
34607
29241
57055
46791
61887
47852
84505
96141
33450
60854
85658
50441
29373
32386
15071
97079
94117
38101
66044
10656
81925
90041
22013
59633
94723
17222
62503
52343
26844
87596
40028
90553
65464
82495
27838
56817
75000
9279
83979
43400
28684
10658
95430
46061
18337
10720
79991
94450
41591
2332
61416
68900
59185
74058
4272
31332
82886
82113
86317
3271
46100
47231
91818
18982
95124
98707
14176
60707
95112
63691
72953
46137
47089
86906
55727
1982
10494
71878
13043
50552
21566
62475
33642
69305
26454
271
82258
75448
38670
18371
54434
16077
96326
38003
21455
44233
10791
55595
82667
12880
14164
65605
82631
42004
13086
68307
58809
16015
38199
62021
26778
12988
6814
45336
67686
11475
37785
70140
59686
10303
88545
28640
51338
27166
99031
12539
65935
16020
47764
96954
52577
99372
86687
20641
71738
63501
82071
86368
16265
884
72912
50164
68205
73652
27483
61078
55040
38247
65789
42660
74833
9935
73473
27210
93449
31885
30154
67661
46960
96349
7457
8916
27304
52620
5613
88499
40630
38904
10432
56309
96865
26402
59405
12677
64499
88306
87512
56857
34108
5864
59398
84508
19542
