96194
93609
74335
78124
50689
75877
46140
27177
95744
22410
20598
84031
47200
88446
40850
40998
27048
63953
53906
39494
94874
27633
83778
32984
689
27228
62139
27144
81818
93615
24945
5596
79979
69821
11136
24686
84388
68956
38766
30741
9313
84634
88188
3298
36281
12141
31150
53190
4342
38311
34357
34577
4529
27880
70550
5397
70665
96621
82041
43689
66400
32103
70895
5289
371
5479
40320
84507
31827
76821
33649
43469
28740
19487
97167
11833
27090
81966
954
41866
55659
80821
98769
34809
78398
9571
63990
61552
44653
75800
54077
92591
53489
4595
61590
40493
38475
14506
14165
70742
51074
32723
68922
80275
17726
27967
50914
840
21568
59015
81066
52758
252
91774
40571
4513
55636
86629
83990
23083
64050
40574
51740
8479
2721
72793
66747
41610
72809
57386
31313
66212
32869
5179
22878
90157
98979
35229
96842
52466
63799
72186
66384
3758
89052
16230
66406
61709
96712
75092
14122
17356
67979
70437
77322
80732
92804
36507
39600
73414
1696
52907
3080
46408
19408
13137
96592
85277
49957
24765
7291
4027
86923
43788
25377
85910
74367
49426
36103
74338
90191
58130
31174
33910
45100
12368
45051
19659
28718
46973
65387
12259
39429
27154
20464
37223
90871
10904
16708
45769
64123
96228
56648
17000
59792
73184
72402
97586
58842
37764
52242
76580
14523
73508
47775
35084
16170
39203
62178
74448
52275
27109
54910
7271
58827
52898
81915
39781
99885
80886
93294
82324
39638
47221
85574
13981
2234
47356
3190
4614
27137
37347
68826
74134
35041
34478
24392
55092
51448
37475
53620
79310
59495
58773
97343
22037
58502
95423
91005
2564
39144
1741
46914
96514
48044
47924
77801
16637
67356
7618
46017
62519
56870
68080
73460
35005
55957
91348
57940
36913
38987
73458
35492
98569
3101
31699
88929
76624
9227
44974
14860
31723
38714
36930
37941
76886
79440
72390
9572
39053
8812
79735
6855
82951
79583
76273
30132
36540
38379
6361
43545
10471
82102
5046
32200
71014
21963
55648
37272
2814
92301
75761
26938
79484
98393
82329
52505
94678
4119
55373
93420
27344
13212
74655
50332
96827
70016
74569
50221
81624
42519
36546
80203
55802
67854
39123
26065
33064
19171
85187
10713
87074
47841
38766
96123
19803
17047
87061
54212
86245
92468
38543
78229
9387
3042
85342
38196
76119
19996
90364
9652
87476
17676
15411
62172
74797
32005
81932
99574
75796
1658
42271
46934
88383
51546
99337
25573
22253
20521
29628
94377
84167
49436
76816
76338
72577
72016
56119
54532
86943
55111
44398
4956
59957
51008
89776
83457
31590
60402
56965
44745
15374
68453
49559
84645
96635
50445
24933
21514
43958
6659
3728
37084
2368
43746
50418
65176
31575
38107
15407
55775
17656
37878
84996
59259
91422
78533
57340
11663
52456
68582
44770
12287
93561
25878
47088
11096
31289
25229
84965
46398
36121
70649
73846
75473
68020
33434
4379
64987
46096
14551
93546
89241
5540
80988
85185
83523
9492
75057
59388
7641
59767
3352
90279
15307
30010
71522
50478
12549
31549
31694
66192
81878
86843
29247
7825
15676
92999
86137
91854
56494
43153
82168
91436
21990
87560
61517
81002
55016
83962
69846
23285
49107
98167
73529
68537
70914
33556
17725
10740
40575
70443
64997
199
14502
60287
96393
81095
48210
75773
46642
46768
27494
87454
59538
50616
87258
66057
12510
39969
81855
33685
8522
60104
12625
96684
66175
16059
78136
1771
18427
99272
15899
91239
23141
8336
60162
57673
35691
5050
5254
6362
80954
25700
41143
76378
96505
37684
73929
393
50114
34284
35708
58888
93535
79356
97927
4826
10237
18706
2913
77637
21071
10796
64427
87893
7746
73198
45853
89087
68056
10735
7275
38210
34916
62734
98580
62985
10817
66626
33576
78958
27150
46062
7059
22520
16138
9779
92361
99205
43912
36256
97520
94467
52687
73253
72581
22297
24049
45797
99372
34402
56230
76810
26359
95833
52996
95442
25138
72784
17277
84551
81481
82522
89525
44588
41207
91625
3423
84403
73900
96849
92947
47019
61657
96204
47374
26583
76699
69207
85477
61050
25250
15033
57031
90798
6174
98435
62575
52
34533
48531
67331
28038
31586
97139
57196
77385
96829
95038
73202
66270
45475
88099
70899
10902
5266
95009
44447
61285
71747
48915
35699
90832
76053
5733
56144
42049
65938
35652
152
34233
47456
19605
10085
26533
74470
83803
9862
84233
56344
70044
54902
74904
49378
78077
59514
58182
173
53289
91511
71157
52208
85713
22414
70763
89782
73581
83222
97029
10088
10208
19412
5412
40984
52250
20376
94598
74793
64952
48151
25008
38717
47366
63585
98727
51357
96804
21759
74718
35359
70310
1835
34985
41463
55989
4971
80912
91836
71475
60459
55391
56533
34588
59446
10234
66848
89799
26257
18382
42591
14892
23060
14115
78528
90528
45638
26445
4776
34236
628
14754
11995
29724
85837
79718
67818
62115
52093
2113
14009
27995
84324
39314
36012
7194
43890
37918
86061
73760
38114
98241
74973
21789
42768
50500
13141
20720
26648
82639
47991
93001
32365
44758
23862
11440
67698
37999
30910
10431
67768
73380
56034
42730
35093
78084
77345
44415
7517
40980
54163
71240
97344
5698
55317
33454
31360
88858
83311
81559
8941
96785
85567
53488
25342
29311
12132
37349
59726
19882
45576
557
41841
94109
69834
90531
74258
64311
80136
10415
19146
37152
71878
34180
37343
9142
90173
25634
64919
90054
23651
56667
78839
12951
15282
1907
59004
31680
69048
79520
72789
97145
45275
35153
65243
60078
51718
84075
18798
50672
7957
49999
50254
47846
88281
97623
35123
64802
69064
5055
57641
96398
84772
8896
76171
78212
77350
5303
95643
9277
37991
67653
859
52737
46635
73712
33451
26013
4458
63590
52383
34643
67100
88385
56252
29451
3969
93446
58895
43751
78346
82120
10859
49653
96231
23305
55261
91869
61998
18721
26701
87322
91365
9943
41619
71750
69772
23148
98228
87469
60138
90167
29784
38468
5810
99467
34281
63186
55665
35828
35209
91500
56215
49440
44784
4959
26560
88155
46529
33382
55614
86483
35688
92796
88517
13211
40243
84939
23506
90666
58538
21987
5593
53667
36460
89702
35562
73679
64743
35904
37310
89478
99476
72660
67172
42605
42221
18321
67746
63290
54859
49219
83626
42931
61024
39558
15260
83732
20174
53782
95410
20590
83394
64033
84972
33261
6769
64286
18103
88946
9229
26615
37180
42304
82403
48194
19523
92306
76885
62702
49507
35593
93167
3960
2631
7267
8200
17148
48702
9094
4375
22537
55806
80893
55631
10285
72182
37977
64633
64784
45615
97593
94060
71389
40415
79076
77932
86811
65866
75059
68156
70522
45300
61836
5569
21128
42087
63401
61876
83587
40158
71702
72643
44553
84844
97209
49510
87627
2220
67181
22841
93856
66502
99975
31995
32085
35002
41305
14369
61763
81196
4340
55031
985
75436
18728
21972
57464
13504
46471
30937
12798
21489
94248
42087
46649
27983
85608
43706
37021
6978
85642
86565
79249
89838
48543
13195
10756
30337
37153
57975
63549
76829
87609
47449
4880
34621
1984
53214
81388
81765
50851
28074
9553
80458
98591
18261
96671
25499
54860
86367
27401
9931
33015
35633
94025
51804
58759
3538
33293
99370
74048
36098
28847
4529
25638
27639
59490
49307
67193
19505
19496
40426
44831
62204
15520
10463
96608
53122
60061
72292
67211
46506
99890
8956
49781
23601
79242
42533
48545
75715
62388
45895
55803
58166
23707
81980
73951
96132
88403
92188
90775
17539
41839
65507
70305
87426
48240
60097
29038
20802
79736
33471
90663
64622
60285
67081
70315
8409
10936
13180
50003
98611
16221
13677
18774
90823
55558
73875
48456
55220
82248
97554
16125
71846
78758
22309
36556
75504
65796
42631
85358
71273
4724
71998
7878
75200
69164
75013
97818
83485
18617
10709
18848
75829
10797
73551
99828
47273
41363
79880
11429
80476
20675
11793
7280
22927
11089
34370
29859
65019
93344
78019
6244
98059
49652
34007
31050
77491
78373
21605
48265
3952
84528
91012
16107
44382
79079
81282
12538
65360
53640
59985
99802
33487
82699
79343
55059
36114
61108
21808
17196
52279
64649
11178
30579
85723
15582
97117
28121
45467
65132
19741
59866
15176
25248
59741
122
4289
46479
64346
16811
47023
40871
97537
99211
64546
52609
254
70602
12611
53075
69090
67658
87830
88994
95504
12479
87759
23444
23588
67542
18765
48995
40160
2353
78295
86766
27957
96464
57394
13961
99594
82284
4732
23893
72620
64124
18184
99787
3090
16923
84790
92753
45836
66081
83918
14863
38184
80973
49657
79899
12960
59908
16445
86320
82467
2739
96211
91069
57118
58033
62630
1274
83367
65280
36585
99382
34758
30898
48790
90572
7681
11495
86623
18419
6114
44372
27539
57364
8871
67808
15215
53911
90341
83561
15389
98518
25146
40068
51022
10675
57262
3073
98608
94021
57893
57516
24748
74029
69604
93263
4478
70248
68605
83221
2706
67069
40760
23305
4440
406
26496
81693
25187
67499
77832
74344
16931
61465
7096
36519
29341
80210
54392
45251
28196
87343
1207
1203
95255
67456
34136
23576
6583
9795
94074
65830
10658
64947
91843
37411
12369
15448
94984
14184
33770
64508
3483
82980
63651
63294
90066
35744
40820
99455
78352
99773
17591
80602
18642
92250
33855
13105
83960
20017
77266
26530
43661
31201
54949
98680
38389
53990
67026
20414
47923
10244
84728
30030
91508
29315
42512
54152
72731
44852
73607
9918
72746
83442
75613
88812
52554
98916
99704
64357
52759
50495
97350
49384
1418
6280
43021
45330
7780
91574
80913
8013
76724
21398
52513
33125
57318
24168
21822
15291
49193
29031
43018
28275
3322
70630
49384
68584
22546
70454
40374
94848
23849
8036
65092
10906
62437
99103
92976
81155
9347
83447
4063
43143
18689
3425
14105
40325
83813
71703
58178
38364
33582
2524
62673
18753
94069
81565
1871
60819
85823
42963
8493
56837
37538
10053
14114
98362
27505
41131
85312
34832
81062
22381
17554
66194
59371
49482
49364
66897
2501
23060
37231
54861
67454
76024
90608
24270
57998
6395
84163
35343
29924
51584
96049
33786
74230
92743
50515
15214
11203
22319
98930
50204
18177
68668
25373
98130
96745
84116
72102
17134
39515
10499
35385
44949
24110
29342
46906
20156
39288
77924
4090
62978
14519
25441
33846
96257
89690
51244
1964
68985
7151
73328
69434
62669
69673
23016
29877
521
86957
60003
7907
62400
99161
47272
46133
10901
61106
91443
40901
41103
2953
65660
5928
27920
16650
36089
63343
59582
40512
5754
14912
53152
35880
9650
64396
50501
33008
93557
72909
39261
66348
46397
51742
55371
45077
44487
12855
13586
22526
82234
86243
30701
32085
16647
81023
98363
55857
30604
51634
55543
32830
49875
65668
55430
46083
73816
64572
97929
31148
62311
95098
66738
22361
54884
55949
20403
71746
42756
26257
59089
20261
74296
27433
35256
9102
35850
20342
37449
57345
18175
817
91342
24743
55741
21483
74543
18611
3046
43838
38812
40720
47651
42574
27818
42601
91452
98018
92667
37140
42595
93690
79190
99644
1904
83148
81845
86345
46023
1694
23389
9486
23094
64034
57193
84687
10426
46313
99871
40205
80514
40613
71812
82320
47979
93760
66059
10896
62218
27826
17064
87615
35144
73091
96579
84086
89991
21150
67944
22427
52547
653
26268
95852
76788
4951
50122
74603
96560
5651
14043
27141
44749
9767
43587
98432
63172
64386
53720
81505
3569
61938
81438
9336
97047
97058
16638
55016
79456
33652
71765
78999
22338
16023
77672
86990
23422
67685
2997
83373
450
19804
92997
20495
66317
16951
54430
42549
50066
16232
71061
51281
33270
26548
91329
71953
2004
59658
36650
90694
23360
58722
4991
63153
2313
41007
95111
21193
35607
70048
40464
88843
98995
14360
61700
49566
48038
46120
77209
72257
86522
31526
94983
42676
95164
25485
29972
51648
80131
78896
1707
60452
28523
53084
37164
95645
99098
14345
19389
48784
5316
92764
76573
68215
25065
33564
47321
14087
94363
49487
53464
86234
6014
19985
51409
35645
4712
11569
41596
59000
12233
20039
23334
43221
35300
10965
60574
30415
83834
29722
86636
28921
30440
22829
88385
38919
77063
87356
88074
1885
37009
45248
51870
65203
87971
56925
78903
41217
73662
97491
67261
31757
86344
27300
13982
68782
42767
85283
95994
77915
72686
79861
47898
59093
45736
62023
14912
96910
23312
94027
6810
78165
27851
88560
83728
76928
18638
26972
88733
60436
84609
53705
5883
16083
40133
52858
67895
32354
72081
52985
38915
47030
52568
24302
25258
87963
94695
73213
15678
16257
1578
72893
56621
55523
91854
26769
84594
46805
93217
60484
34280
1321
11990
96774
58618
94462
81924
57757
6901
99206
42542
68266
61087
43635
46109
40922
95392
30077
14986
71685
52734
84530
31640
30694
29320
55706
10781
91416
3880
61670
53954
75561
13371
93781
25664
46493
65725
3970
32170
12034
72573
48014
49353
74411
19856
69509
89122
17484
62497
62032
99412
7089
68774
79350
68286
67195
56046
52111
83293
60024
22230
39207
18547
49246
10778
908
57283
40772
77737
99316
90713
15772
34258
6125
92455
54449
41051
43298
32841
96121
7696
20519
17610
57719
52216
80738
5728
74512
52515
83894
52306
54663
96991
14221
62746
74199
59178
26337
34789
86573
51810
8135
60982
52096
92536
7224
3275
91374
42371
91006
87608
5012
60529
83703
31503
46217
83928
75561
69602
21048
21803
5538
6847
41112
86408
55915
9625
81033
54734
50697
75911
52269
98732
12815
49030
97569
63956
20771
22554
16247
95726
5707
29682
93938
46921
36244
89736
69500
70924
48735
44040
29159
36363
22505
16584
1278
49077
69333
38454
27879
9386
80471
20880
10521
38762
24576
17611
60756
15913
91265
63511
14912
97374
62334
96666
91621
77467
17649
93849
99172
92502
80984
20918
4722
10278
60444
42738
38927
91306
78751
34835
86438
39523
95137
4001
40803
59073
36910
84299
29131
44443
80103
53127
24477
11608
1676
62422
48708
61259
54276
83685
28853
2556
84296
82288
60428
3584
89682
81665
5821
36906
9693
27734
921
76891
53881
48097
49760
10837
205
56392
62397
69454
17257
48077
21122
71296
83912
84232
18880
92733
76542
39825
28483
60671
78532
90522
23689
94814
50557
50232
64957
14074
22083
33186
56052
97656
84243
34289
83907
93450
77618
95400
26843
76647
8378
41358
46723
66426
31494
98646
11152
64054
99670
72544
92706
68454
3838
26104
72862
73026
64849
87515
72324
64702
40134
83002
68908
73693
1412
7224
25570
12996
74960
63597
25179
56745
64303
78157
77747
95177
86842
36739
62053
85112
26110
64278
77990
1940
57868
35022
23486
14419
82660
16528
28452
36186
67960
98532
38869
76623
50944
41176
83056
89478
80763
22173
34705
24120
38812
47951
16616
46386
81400
20755
77109
61770
9610
60248
88547
49228
70689
21920
75550
76530
99016
36728
34034
44722
67343
12931
39649
34897
89691
92533
29473
93013
82247
93211
40944
20153
37844
31128
90740
48313
32085
65705
81523
81709
91920
32714
98156
60563
18961
87442
14545
62565
54993
27513
29794
6633
55806
20251
20390
96455
88264
60340
54024
61493
75112
85834
12332
24910
36972
92906
57677
50690
50979
62347
16244
23943
68418
77039
86199
19981
26864
45928
51531
66831
43157
33431
91367
8484
32249
93167
12344
77141
69820
67801
92762
78026
32882
26448
55898
22750
21272
46252
19845
49169
66072
97820
30667
61467
57204
12204
29718
47645
61011
83526
69825
94068
46565
42133
24791
25095
41141
41989
79210
96448
54026
37383
73708
48087
51833
31120
61165
76234
96971
29376
43473
85193
86055
72128
88013
3917
15356
15012
56862
21865
8332
433
12583
25304
65752
11352
35237
78230
96964
93248
91312
66315
39239
66754
8720
21986
39122
67598
92345
68440
31162
52235
19813
82607
79940
23355
14509
96898
44172
75100
7299
99091
97009
75307
56879
4768
79264
21316
76228
45076
45340
9572
41535
1850
22567
207
46907
45965
96624
75821
21587
6410
90329
73968
97877
76039
64259
44945
63135
32381
86872
49048
54010
71840
53205
62873
95983
44399
24882
45371
59530
70919
53584
10901
19690
50514
23550
33618
11265
60509
58663
10771
55790
74759
94363
16627
28629
81685
39672
46310
37528
13890
2710
71770
99348
88116
33548
15584
26363
63882
65346
25924
76329
33489
5236
6167
94053
61462
96671
82190
60374
63765
12875
62051
8255
50416
69397
7961
95161
3260
35160
23742
97739
81813
47991
79593
14248
61586
42474
71170
26534
30035
42051
37761
28150
44215
36604
8078
34981
85930
80190
65384
20750
32859
74960
77569
12953
34827
28699
96966
1492
33185
52566
21821
56973
93499
84466
43431
86281
41375
92612
96964
87812
35504
44074
22102
56485
50204
97404
58366
31229
23442
19345
69091
24125
48689
28331
80305
81745
79995
41696
96605
85724
23528
65893
90663
13009
32663
78265
30008
61803
7199
99084
107
55146
73028
50698
40744
27435
25958
20712
19787
44578
78931
5738
77828
15382
93084
17646
58359
7994
15620
59993
32003
24516
99349
6491
82720
3307
22637
57025
4001
60482
91414
35096
94521
38091
85492
54681
37403
51546
96631
96885
62233
9991
14736
92990
98638
34607
65792
41839
62551
25704
53739
66105
83099
23551
78284
37579
61772
27504
81506
77694
12934
53089
73576
54138
86612
29979
9667
77257
31730
75014
67380
76918
31948
23137
941
95872
73254
51546
8416
84673
26357
16944
94451
62837
34666
88642
46992
94538
86063
9939
54041
34275
41930
11677
20152
22536
63006
46287
28437
96590
57009
85957
53441
43295
14857
22499
56814
65701
31023
74189
64545
24664
97173
9381
23616
1729
659
29986
9254
83722
1741
45929
81750
59909
36753
88427
82284
53206
15261
7675
69550
98781
44989
97706
81697
95812
15698
11681
8824
80033
30094
9754
95879
69960
86139
20219
15415
19441
57819
47057
45650
79745
95979
24549
49725
66999
45761
1469
18566
82454
70388
40338
76371
46090
72634
27048
7449
23129
65868
23472
88814
26855
73958
99798
18198
88933
31179
90247
8634
11320
55494
13956
57464
46690
9451
15035
24435
50863
13787
98440
26826
15293
52678
2792
10694
49480
72363
98549
39149
50930
96123
91395
66997
72268
63420
75029
11570
61956
62249
82525
18639
49387
63639
29039
22171
10625
90258
96992
64539
15070
96837
92416
53758
79200
71481
66449
92974
7437
69621
63939
94689
95940
72580
13966
74159
67940
11348
16939
64862
49016
10618
69296
26842
51965
33522
63110
69632
54162
92740
21511
24537
23835
41283
30297
7876
97330
89328
71682
25548
34634
85819
43816
80121
80193
12041
91846
75042
29474
72721
55500
45440
94868
56832
1780
3965
30435
12956
57436
33387
27721
34086
67045
98738
28920
36696
95207
39649
21126
16014
35791
2342
20406
17666
20886
69112
67519
11567
75935
14577
1723
21111
75564
54106
15438
22720
33597
94462
38577
6937
53031
40896
19322
28538
40653
90761
89002
67785
75934
4825
62259
33977
71050
1567
80835
14573
53634
19300
74737
26555
37419
82593
29603
93291
6495
19696
72697
47358
61664
18368
84570
9164
18810
11587
71898
12101
92244
56066
30852
36185
23218
94928
38666
80436
56554
83131
4166
83393
25184
56671
23307
8335
14177
436
50445
27441
71448
64456
79850
29087
37073
16072
41811
64505
96552
61143
10075
95788
90541
37313
70268
83245
18358
69193
83456
30019
83648
34463
40786
91233
30820
66029
18529
94065
31954
58768
20782
36780
72717
58116
29587
67845
7907
79704
56976
31269
24614
29953
14483
76657
44748
89099
71043
68201
99744
70026
618
34154
73410
70094
88412
28306
80578
62068
96232
88835
20
13753
37626
60448
49296
8169
85354
67893
35818
41910
75141
29140
63977
66853
38229
26458
6181
62819
53008
59920
48866
72597
71002
91756
67716
97900
85368
87096
27918
86646
19026
14538
14298
14289
23108
33459
5111
58971
28386
64756
91706
69478
11205
85033
4931
55271
40086
70761
97358
80909
34325
20518
52497
16078
34054
45871
8696
22749
953
97782
93339
50200
5461
20139
36857
22238
19969
17542
27700
39614
35054
8772
92456
97994
3780
79081
5033
94667
72424
31236
37400
69325
20967
656
73409
7387
87105
27958
75445
14918
66612
34704
99615
84894
39556
24105
15588
80035
70533
98240
10268
73461
44581
38283
2312
51240
66328
43255
27823
89780
87744
70990
29497
15880
36121
94002
46311
35486
64191
26245
41804
1450
22429
26251
85612
60140
17011
1895
96592
73189
70051
13954
62307
1862
71512
64139
20589
89027
55347
5400
94569
76935
1843
8714
11972
17633
9344
21615
53397
60092
28661
70912
9651
36749
51591
70379
78904
71493
18966
56555
58512
54630
38128
14771
9117
36819
92220
21834
5099
54240
50281
73327
36779
47464
73684
15774
53166
70493
56592
55371
19456
92697
78005
8747
26782
63412
15719
51667
32501
79343
40674
48824
59705
13004
15455
53236
96254
44193
10758
71434
47319
66561
36016
76897
79976
2522
23671
12909
9930
18942
69052
75083
55771
37529
49909
92746
51360
21473
27217
98599
4024
86380
64073
44945
89117
6587
42149
25036
30042
88563
15080
65137
65028
64460
95194
2994
59062
88675
88752
6490
62637
75018
27449
11827
74524
73888
71335
15905
29901
44123
22488
95212
15349
48512
83393
74940
44467
55605
81526
19613
95973
43215
28984
60737
15878
91973
35835
72132
17768
35941
48627
86027
1226
1188
10683
92262
1046
63825
6945
23477
58298
87363
57713
43654
36448
8209
11133
90332
50604
98304
58182
40811
56562
94487
3465
71904
75602
70222
32553
71486
86865
54597
34069
63107
83989
62481
24277
71049
72924
54033
87030
83880
38138
62495
50768
68536
84301
26689
86129
15989
70590
92831
88680
4763
28983
11248
5679
78833
89979
46445
33878
84258
81062
21863
46600
86054
61859
7924
43292
62367
20612
99300
2075
60095
83361
35250
33128
21255
29648
38549
76465
3306
40605
62743
63025
89553
45926
25085
45439
59351
56854
9509
30358
20756
92892
25454
40162
48855
99335
72177
60580
8589
51232
67597
22114
19582
22212
78688
80622
44342
86109
23473
86353
73729
30268
22922
51444
43888
74228
10212
68491
82296
30966
50234
61727
31353
52453
62432
12246
10396
4309
71884
78432
17238
64837
62962
53793
61033
98582
41805
84982
32010
21607
84025
92454
93
43151
34654
78310
34972
69558
88551
67209
19447
60719
90097
13763
72085
86038
15039
44440
35000
23714
24106
40165
18751
73864
99189
38570
65189
86892
39198
91667
70854
19460
20401
47682
45602
44587
35447
3131
67962
72510
85483
10892
36088
62230
50957
86934
50251
40611
12656
99612
81647
99010
41230
90631
37803
18555
74971
68499
27892
71769
23734
74714
42159
96358
47740
99995
2260
27779
87319
54215
64750
6177
63604
9832
69310
27199
96946
42157
24544
54336
87094
86742
65445
1960
64316
42073
23807
40307
96071
46927
49915
92210
94746
12447
37065
53667
61343
11364
43543
74507
30660
85757
12443
98771
19718
29809
32111
35356
31845
14556
32343
14977
32247
80507
63998
99432
25752
67024
44030
32740
20959
15826
43615
48650
7468
2101
51575
16429
89726
42673
72751
5080
21953
3954
69286
24072
59844
44123
23470
80612
35912
89879
8020
9625
57077
94046
14270
62006
46567
14784
50349
97857
33349
42513
61762
78293
68946
55185
92541
91225
50300
36918
51008
20989
46258
65593
45938
68819
92179
66874
29631
70952
9154
63377
10173
80542
57429
71890
5289
38087
15884
40476
10512
32768
70910
76766
45098
22280
33295
51878
49024
60795
91007
68328
24718
20463
28028
96615
54884
32394
59703
23779
16902
43934
33908
14175
72563
23266
34011
68781
43107
2639
86795
86617
45738
88788
68302
79919
6521
62998
34376
23338
89091
81159
99977
77209
47133
75905
2210
83152
4383
69792
8980
38825
64711
1209
98596
60212
49533
5307
27306
34178
13488
7905
54377
13738
16479
75568
18009
44471
68597
55123
66880
27630
72939
99153
4927
81407
66673
98696
98152
49831
78792
70664
84141
7520
53702
27822
6196
61382
83228
96283
15016
13478
98613
21329
35657
99877
14516
4906
81986
67434
21344
73972
74011
71817
58748
54221
53157
60909
7471
14935
2035
8673
94242
59639
69640
53276
32455
16080
89163
56071
30711
67703
62903
24107
56916
1939
62543
19932
68621
97812
21102
63260
82400
41229
79805
40237
73913
53454
15870
68119
85849
46786
81157
29842
57042
36482
61959
86737
37358
3124
82026
93067
83952
85956
67100
79143
95314
45692
76703
97667
58445
94787
73505
99681
61111
53520
31819
89071
46311
94410
91343
76689
2676
39358
70404
33933
17563
21179
71855
80947
5567
49549
65847
64167
13227
76820
86298
53101
98899
36576
4702
19343
74681
16779
36319
87597
90411
2835
51975
98050
937
97651
30525
41552
35172
7646
87860
20583
23074
67799
37315
407
77599
13487
99285
83087
85165
17788
14455
80785
54907
33970
71567
67156
87444
41920
27084
28469
17343
18026
16024
50075
14692
50591
96073
79270
6478
78070
78007
4148
84299
37994
87177
29615
91120
335
92584
32374
58905
63535
8789
29127
37935
31174
5302
69030
26339
18486
85003
30220
88406
45320
43039
39054
89371
95648
76538
75945
40212
86555
18675
49223
59161
92328
62627
37265
31671
40640
84533
20146
2196
53923
11129
36675
81873
66545
83608
49976
3337
79169
15457
35366
97334
70049
7874
38351
82803
98891
50322
33676
21723
3905
4619
661
62832
39365
23958
90864
90936
92695
60447
74004
22082
22443
22663
91481
53351
24038
71543
79679
98283
18613
76210
95639
76738
93738
20260
62865
54415
8276
55735
42690
29864
81242
62148
27890
66037
69876
31558
25248
49239
58823
7722
28435
99174
97882
21090
27582
75411
53657
66810
60014
18028
77926
90530
28019
19486
15926
23081
75369
40020
28847
92587
77570
93693
26525
73089
80081
66828
34347
44854
74101
65593
57188
45114
98433
81797
95750
33072
94468
36346
93887
19618
6906
3729
90567
16468
19150
9357
56890
6358
70122
55493
54832
15410
51837
34175
99227
13446
55623
1560
85469
97388
42788
73728
41891
22292
79315
89378
68321
49075
75969
65121
85099
11125
53879
44477
2510
95885
89149
65077
36041
95118
745
95079
65867
7282
9224
47155
52458
35991
17032
12990
49469
87946
9600
71217
96823
13243
83708
6529
58913
24336
33064
42890
50354
71861
51832
20853
51885
90449
60403
79161
56631
47317
52666
29661
14708
43373
64504
89563
62430
14713
52871
73921
46080
64181
50076
12689
8629
92531
21073
19080
98424
93291
47054
81115
65287
42377
39570
91293
73849
82916
96451
50013
11545
45775
8880
44940
13663
55240
40736
6909
17929
35086
17817
84325
2747
75120
75278
81666
62480
89057
81702
42680
9883
82695
19365
33878
80927
24818
61497
39192
1415
79850
33283
10725
48226
34753
25696
48760
45215
48359
92564
45756
17282
48093
3378
24016
84768
46977
91241
30026
88028
59144
63246
91480
542
38217
20770
96929
68301
58486
21473
95530
18537
97862
46119
34773
69159
61230
21918
67396
69482
89582
93224
42075
74362
64391
54053
46083
85092
93258
57922
16203
75342
51596
32542
57609
31157
88086
15482
69855
48677
4568
18429
93304
80244
34941
90369
87473
42427
1082
92477
78292
25042
45952
36528
94592
97511
85202
14151
9541
15579
2896
83787
58187
73721
92081
50090
45202
89172
30895
64
76051
14780
20252
34497
8166
19612
39763
81862
70685
15123
18890
68210
15405
8364
77091
42816
30349
79389
53217
18155
50840
90617
42551
54489
87148
11442
59484
78885
68052
88142
62363
51816
92995
99269
76615
19363
85591
67061
35276
29227
33405
51297
98176
67377
9107
81196
64473
25165
4328
41486
89272
31878
45536
77618
2339
29889
32212
98380
65232
86724
50870
89305
46364
24678
73010
21620
80348
30901
85071
60274
38379
27555
2645
7356
21635
62509
16937
5607
6855
24969
9524
7825
20124
49740
78018
7161
26807
26102
53029
33211
24593
36635
41338
31144
2904
52718
45411
65918
75743
70156
61780
64553
35766
84098
51273
1173
85300
635
39860
23343
72720
46154
4725
15063
20911
62961
46657
17316
34616
47660
92805
77140
81892
52541
47780
82990
25905
4917
87132
67863
64981
5307
65255
67436
37615
39836
71677
96642
84729
9903
27479
13784
51577
71331
67214
68150
99672
65640
48098
6661
27242
22935
73463
30314
9451
3871
32921
86496
87115
45645
11200
67281
8672
57271
57326
2001
3803
6725
46134
36663
82293
41340
68759
96216
44039
27528
30469
85218
65720
97158
60489
72434
51793
89675
13151
25714
93165
20117
84189
59507
66060
77260
72755
2562
28358
74292
1773
9834
66205
66225
61366
6023
44588
78775
6295
43394
85340
70350
15965
69774
87253
9886
5849
73725
83664
14621
87776
94911
44619
87858
27539
16729
694
10405
9273
56126
7499
19109
32968
14445
72571
1749
36162
26374
64738
87668
85148
55786
91292
93799
80794
19310
16466
18502
49750
96155
34380
83360
27456
12934
65259
10443
44863
71047
47758
45356
67510
21688
76177
59583
83681
19884
61079
6852
74942
64745
36572
44678
59817
98051
70381
82441
43040
15927
73075
43791
39877
74304
10090
38727
95362
2426
67919
21204
71398
86225
98424
15669
9934
24452
25118
73781
77407
87100
36342
47473
68975
90499
11805
58978
50243
96195
90993
87335
72019
67836
91580
38064
18378
33856
27947
24040
97706
84207
54174
53664
98604
24715
34456
61108
28005
97687
43669
74877
74180
66321
47163
79794
88951
29480
29226
56060
41485
29660
33037
7829
60055
30993
63410
37755
7688
7855
17750
40278
92476
14170
98105
67172
69620
97801
90609
26398
69535
26692
30491
83209
35636
58111
96556
56731
8859
99309
90405
36935
81484
451
76453
17255
22640
69035
24568
30341
35556
38081
65101
91750
84027
41422
16710
84243
83971
94494
92136
42086
50880
16448
46451
18157
7092
32346
8286
23104
76454
43892
69016
22500
15436
8701
76241
10946
24157
5459
17633
66241
34186
88886
13002
10765
14399
66856
59426
9308
31008
63937
80287
5228
10302
60353
88127
4391
23029
97053
6768
93032
58917
12154
46722
93336
27435
85496
73575
27569
26300
26213
56900
19972
3486
27571
84216
71509
91874
76035
29061
67812
40609
31168
8895
13831
32338
82153
16688
17778
15622
14822
60582
35769
97184
79836
22138
66188
89492
75931
89278
63425
78683
85012
16610
86000
18384
41576
44194
28599
71115
85212
96336
84350
55127
58793
20665
38741
64433
41839
32247
84057
61151
30218
56403
44341
651
92061
21748
21573
86171
62730
48745
56118
36367
30275
44590
54730
23638
60955
8190
47799
812
90870
9814
87279
45076
82591
11714
24026
28750
72152
44806
46847
80950
33132
29931
1058
48793
93921
13092
22343
59796
59593
35579
40532
90091
40311
30685
57909
97602
29006
66975
67769
82235
15509
9964
74778
27533
13703
49356
29306
57758
18727
4498
48649
32765
63089
19618
52994
75934
81900
93981
71317
97363
32731
11850
82528
92195
15763
34659
97078
51433
60390
7097
20801
428
79230
21989
15588
72886
81797
9485
953
49556
23265
27087
80186
83849
70237
65324
13435
9807
82019
97044
27060
14283
6790
93258
23100
44428
19771
75891
65616
2400
27879
63329
48532
29170
30579
33015
64336
44740
2717
83160
24668
79908
48585
37712
74134
96367
1684
73598
96496
20191
3432
51420
35975
11378
93196
37389
40237
52985
27155
19138
53384
30425
61717
41353
56340
577
96730
97331
47747
67624
53938
54624
81125
83235
60355
47018
94499
83297
47450
25994
6628
3107
51458
23306
89842
48826
82770
50409
37591
51102
4960
54788
16034
30761
14099
72647
26246
46574
76567
9648
45313
17177
21674
32188
52185
53829
19891
27280
50242
47732
26226
6854
14141
73198
38066
1074
17915
9720
13595
55888
98015
70640
36613
97196
43265
29764
34374
57838
35790
88652
18508
90048
8141
1642
55783
64989
28285
87100
46205
91991
88218
56187
83585
72229
49118
44500
27902
41000
67971
29633
3149
67608
84039
79331
91910
88207
38921
29501
25714
22130
53648
83152
24895
71544
92395
47599
81869
98168
48147
2686
41958
20723
14124
78956
79051
70971
85130
68458
71081
37439
40177
64839
53802
73556
19573
3497
58855
87937
36511
68298
30747
62983
37457
65773
8403
97451
43488
64443
2946
97570
78048
45951
72305
22040
36159
17306
1972
76156
55815
42083
51383
93867
44487
12095
89879
40248
49355
30905
55917
38037
41031
91870
96773
58913
12147
66071
58669
88654
11216
43908
23688
10957
19625
85810
54819
10873
91412
43000
92607
34077
77592
9844
88525
45410
25321
67069
69976
46488
48814
50020
69659
44928
24452
24044
88179
34069
66843
72131
42703
4341
37662
38332
35333
47823
73584
21771
87838
71115
94962
61148
42961
5328
7137
66512
8654
18710
44380
14197
78000
68265
93443
18464
91029
918
63867
13482
78442
38645
46734
34404
50111
72627
86735
41273
1147
17723
17499
74719
24488
67265
2523
19960
19182
25355
68518
21035
63262
43292
14371
42618
91364
11325
45868
53409
62560
43530
31407
49162
20142
15895
30798
81359
88449
47357
15654
12269
71726
81541
70316
19617
64996
57648
48627
72770
80058
8033
53451
61370
38337
14727
72643
75298
95193
94890
53391
14681
18559
20017
63300
49985
81987
17678
22752
29015
23383
34791
55368
56781
19108
79522
23785
49125
96567
5740
78239
90732
33433
32230
1908
63984
10044
62124
73024
73280
69904
99395
28623
79007
9174
37247
11520
23140
92780
41198
60553
16752
68999
32004
81976
97453
31519
74116
9652
13728
18852
45896
74019
93195
23310
5998
75973
87970
88754
32831
3101
87719
95888
16316
22351
88708
48265
53255
25508
80229
7119
81579
37227
18767
71956
47754
80731
51489
77892
51361
48243
61957
33327
43417
26082
61459
3934
66573
48642
95587
46087
46867
99582
3404
13308
92841
34229
26142
92317
35934
67447
56761
90606
20090
42156
3815
82275
55178
82804
50301
82071
86124
18345
4297
16380
29139
44576
55736
77261
37879
65743
26599
79360
70461
41928
97348
48055
64159
28259
78945
14229
96087
88411
38451
94093
79149
48270
97645
46902
10619
82056
79732
52316
2361
8473
44479
58192
42825
85826
79022
2943
72897
57392
62563
22559
26609
91231
3329
60134
80592
53407
12767
6261
22216
90900
5353
18514
65818
99575
30196
42739
33199
53498
80796
2262
93468
56745
34460
52622
34736
52108
95112
86167
91902
91753
30442
395
37314
60198
60696
41837
38706
87244
54959
10562
6018
99431
86574
61183
60052
46474
69137
16094
21594
86351
89223
59882
39529
84700
64083
34650
43292
4993
30012
21659
18146
7262
14417
25093
73925
93794
1821
38351
5368
82830
31010
80735
69628
21271
14582
25657
78863
48714
54519
25113
96977
4330
31755
53436
70196
41750
90776
68824
14560
3270
40061
33773
76705
39987
85003
68979
39150
30038
38276
34514
82262
7816
83022
18160
83560
11465
55508
45764
67007
58845
68826
43370
83144
47696
30426
48944
2450
58042
36640
68909
63249
3486
14398
70865
58063
47692
74733
81688
18800
24295
89441
31288
28768
33952
39047
75833
35451
95297
40925
67524
47224
73286
8142
46292
78227
60773
47242
35721
78710
38766
60158
70428
91875
68718
96980
46701
44865
23374
52906
50456
3584
49944
56999
2854
23402
69753
29856
479
40456
98818
41030
85501
47951
78376
74249
91451
65477
73932
84013
8717
77940
88885
77063
14282
71561
23609
4564
19779
87049
94811
95958
54103
96978
48078
76460
96255
36457
61815
74829
78661
53381
31152
6593
51506
54102
69705
47708
85476
48339
91050
26360
84446
10752
24595
23117
36089
93592
33988
86256
68761
38269
44408
58790
7258
89369
71820
47267
28009
22959
70110
17155
2927
36931
78640
19619
68552
22755
77100
34717
24690
22705
6018
57343
31969
20206
49804
84295
32015
17188
67346
75261
56753
93520
96809
88877
3940
73002
75895
88991
86790
45074
13810
73429
23714
66297
34406
94528
26339
20009
48437
94943
40617
60882
88248
82550
17337
17554
4868
50631
63023
55328
92360
33135
40751
69814
46931
94175
96666
35768
19058
63541
71451
94693
91095
69047
41408
24441
35989
88044
54694
55452
8296
73943
19214
28971
84657
22928
66860
40033
43871
19233
37502
7745
91978
4474
53593
37123
2936
35569
60446
48633
80962
17786
80396
81948
67601
55294
98639
97240
25826
28795
69495
54160
20713
51160
6723
66896
21457
6499
72764
27245
2401
41097
97726
79131
37562
78578
98353
77899
87870
24054
25014
97310
88107
79616
21821
74859
24388
59389
61779
77577
85200
86433
67352
28186
14204
10743
25743
36436
38779
40386
21454
1356
44814
15188
68341
30049
87295
79786
15260
78627
88935
58819
59237
74878
39760
72540
42609
1127
72660
69065
71854
54817
5508
27761
65614
69228
41701
76999
57779
64620
26996
67264
31462
465
32810
75382
41383
45768
31163
79256
10110
49949
14488
35467
40112
34987
41077
67362
59853
35650
29893
48213
33734
93108
20417
12385
40189
87964
2759
87132
37909
87819
93983
18483
24679
34032
59033
77506
90614
5092
94802
6479
71547
97071
84214
13379
21114
87770
56319
5222
12917
3026
28123
21654
23775
46005
87916
59011
39496
25501
37161
97803
15927
23910
68673
33357
80247
55006
51039
26412
6056
48872
37098
60226
51734
492
76068
53214
41735
76479
16434
17467
14349
96586
83642
89087
3035
45465
69736
69517
67317
13379
27948
63559
29600
97969
51901
95267
87128
72237
56641
5032
90528
99465
61348
55718
1300
63368
71813
78960
47067
27629
12145
57143
10648
77822
49799
11940
16256
74324
58778
85297
39878
71106
90325
94372
9809
10496
36248
81097
26511
79603
1505
8876
43683
98106
47238
22160
67673
87447
10271
61070
83163
81881
28832
9069
52572
45186
12964
7386
45457
64090
20261
39748
42655
84943
59304
5175
65104
91878
7766
43827
54784
76355
91652
98857
73459
89456
67444
65426
31337
31982
57396
91435
55273
65718
81381
7760
79067
48682
73494
86324
65650
59870
17358
43034
65190
42460
26729
46388
32
68568
14810
75765
34574
34992
57390
28757
62326
44191
41393
3137
38184
15680
31242
93916
74444
11161
72577
72310
59802
41131
35265
31238
8008
61556
63129
8263
33726
95519
73276
20781
10981
46313
87944
8707
29886
62257
74852
89123
62832
28763
71778
61105
4377
21760
94692
63188
19813
16278
55259
61681
33084
73336
80202
97893
70422
46610
58825
97375
89162
99147
73733
17817
97572
5102
57765
54481
67540
7639
45320
74856
95107
25783
36458
44054
99073
60516
88613
51719
72922
17248
46932
67094
6151
27812
35027
78917
39296
36394
76738
8438
95535
60596
77129
70793
71680
65883
42037
69843
30004
65015
68511
3831
24629
56296
79470
16771
34244
67679
29011
5194
14894
88653
979
22937
45181
96421
57601
36504
91434
13296
92937
29824
93809
13358
90954
74867
63773
45091
14395
63644
79938
87206
91886
77444
9225
18081
90129
75886
16006
13125
48369
80656
97509
20718
32217
20174
16995
61967
95353
98901
72569
93977
15490
72272
4435
86893
60365
49899
43231
68380
73179
73634
18017
93654
68375
88420
75395
73015
97592
17610
50218
8907
80867
89198
44452
6554
9741
91113
83997
41940
83421
11533
23280
6233
99056
49596
38746
48485
51478
11331
19627
57687
28314
3767
52342
11165
24736
23370
49416
54238
89990
59626
13365
29507
77325
79863
42798
59171
42481
62078
32558
50697
31251
64502
14260
5636
32952
19030
95595
9995
11402
36850
90692
20907
70076
51280
37605
36686
72907
79915
97627
71434
77952
11779
59467
31427
14963
60671
95495
18366
30153
10145
42076
58371
96061
92964
14503
42957
70301
41300
66823
72146
65067
42953
5838
71498
39556
23202
9490
67741
44574
58426
72448
50382
17290
31722
74032
34046
82168
9915
67859
23870
8826
55077
1929
21045
97601
55753
34255
73257
28772
45608
56917
84654
57983
51646
9070
14216
30071
93567
85056
56799
7099
21164
38652
39806
12551
14897
16872
83464
31042
26462
9527
76472
25383
22624
50874
2003
85185
1372
31695
50348
95920
50823
49848
9299
1192
90949
64743
58907
8504
2908
62133
15046
66184
42388
48754
17904
75963
85837
26422
93973
1172
53981
70422
49056
73909
57476
818
17073
64259
79502
30860
11977
97318
73349
39155
66133
11212
63505
9885
73365
300
94669
17395
56456
49896
58566
18790
33462
85483
87314
96575
58041
60242
93227
10420
3849
64744
44071
48439
72931
71466
39893
54248
46613
94441
91190
19691
66280
70413
34550
44084
91307
43446
12133
34271
42200
48606
93207
4156
46661
98235
92820
67847
30153
36000
70012
66550
39464
84387
24219
52939
43965
47609
93125
79241
56611
16414
63886
9892
9633
64145
38920
74865
10352
40699
50522
49660
14410
83472
30842
23001
86224
12110
13127
69042
99287
12226
62309
17662
15217
22667
91765
87187
58452
55350
93328
29331
19337
21512
53921
53953
72915
56538
19996
86167
48889
64446
33119
12240
81234
30817
51171
81568
42732
17353
26175
27971
17017
17949
28313
72051
52407
41699
47593
20403
39642
62084
31853
87272
88057
88748
7779
38184
24273
75758
9702
64202
23770
57924
95399
41341
74884
11540
43175
30741
74509
96303
35631
98079
96002
29715
11885
99702
10991
28464
843
8814
76293
4039
34637
93998
98343
12173
22119
83483
32017
54288
20313
24399
35942
7313
7656
15656
75444
67247
81274
73596
86150
62180
87373
1290
35174
65225
1780
74925
16173
21877
81423
83274
27976
93538
57958
53096
61416
3248
65827
39423
65287
62307
11913
15848
76914
42888
91156
48053
76855
50453
63214
85914
85036
62382
61803
25128
44249
28387
48130
61723
71076
23478
94953
44841
59831
11259
16812
2810
44752
46873
90953
36215
21573
45165
37067
12380
46929
61997
54560
2791
416
21642
11897
75122
10483
6350
91391
99581
13168
91013
98124
42244
4873
33561
41837
57328
97639
58005
97202
28201
92467
85611
81294
87337
97120
6769
95730
10060
90201
46501
72929
17091
17763
40274
20687
66664
89934
88779
55931
77292
99101
93236
61894
89868
90639
36319
44174
49699
10442
56884
35660
8120
96484
35562
89863
51927
16877
93298
34674
13214
74556
85684
90761
83342
55956
80881
62659
59617
69682
4678
17492
11738
5558
17042
8290
99832
31372
12335
22338
13541
48086
65948
62543
67755
11256
68795
13990
80550
92863
41078
71616
43221
91918
26333
96557
50121
24615
43114
77929
13504
5331
28966
2270
24267
97294
9348
58166
82731
66674
30891
42907
75803
39006
41233
49038
98695
66434
90946
59328
86138
36426
77600
33040
54069
17668
64773
74241
34811
63536
70531
73974
88009
8548
16845
18349
14403
74617
59950
11318
64618
29365
87863
1807
70377
42934
75671
48765
19151
23095
85378
43369
81943
39170
48340
63892
52450
88946
62287
91512
87719
43172
28735
54973
42816
22746
88831
40501
28198
48907
49141
34453
51863
24650
90744
44208
48467
29266
22994
79569
52647
46155
5344
437
64800
87643
98614
69218
22721
29260
53439
16008
69680
67349
10498
11315
10474
36808
1985
63594
88087
61176
33851
50119
66136
90021
20049
86931
22397
14118
13862
14365
28627
53041
28927
79031
43386
28458
17706
13198
62069
6501
79675
17444
46587
16281
49297
41899
96682
95044
22135
53856
77019
85493
14150
19361
46032
30554
57991
28556
15498
19270
7927
26646
17880
45854
98468
7941
80969
87297
34260
62699
31234
35378
95684
48511
95500
4387
25230
18361
68068
26944
548
72522
87862
91797
62168
27222
53412
83996
57054
76495
25311
57095
19881
50703
73529
99654
20882
3762
85041
3766
73944
39181
35565
679
39425
93519
47814
14887
99486
14802
51037
58704
66060
28158
57899
60875
94903
11035
93559
92064
10425
80016
98528
22908
97792
60029
41434
39900
19758
12593
91318
18236
37562
18889
3385
39415
52883
30374
74830
14618
21061
63081
1752
11849
88948
85006
68608
7789
7557
6019
58285
56249
96925
12931
64529
60472
93664
7603
76159
21302
48347
76791
63803
43719
90494
19378
29290
25559
35681
27609
12265
76430
98503
57267
89081
28895
94848
15
16055
57454
54536
21090
50154
79709
74957
96828
66198
4113
69934
6373
89869
64997
70686
72377
3685
22443
3400
70813
31109
66490
34957
3804
41624
3833
72840
67299
79492
40838
34067
50486
11989
79619
21794
46445
11411
59069
3789
72078
82034
92091
96300
2440
10567
29856
54554
18665
43480
65564
75324
40893
2604
18389
29723
54755
28770
75790
26605
34510
67614
78033
97169
39445
53662
26942
97785
24055
84970
67984
95618
25743
94602
56584
33439
53839
55026
40217
81620
73020
99064
32303
71582
40774
85509
60508
87984
26690
86634
44704
43096
76358
12522
70069
57024
40705
60821
45045
35760
33588
96470
52232
11312
54673
70402
70477
7051
20270
43760
53412
69424
70790
21416
51958
27698
55693
64340
8514
69263
59117
9587
38214
65262
73026
83212
90917
55233
7182
63200
73082
63722
92185
52024
16570
88826
14441
31357
85215
36085
93018
81639
41591
10545
28347
10029
91015
70012
21989
33371
68477
81661
4536
82914
97809
75891
30515
9801
25783
64091
82416
71521
48995
85741
36954
40694
77849
13413
87116
41505
92753
33055
99335
47834
88164
58203
42255
56843
28533
65857
25058
55584
78974
49726
68727
82171
37622
8236
9263
62148
1468
45743
79130
893
68803
51036
35786
18067
36922
87796
20396
16112
78583
93134
32552
49518
62079
10803
37077
35494
91092
43235
16665
55398
63036
6037
62493
45761
21802
43355
76426
66913
36555
66756
75458
90295
5295
76059
80893
61843
71537
44140
85598
13295
15205
6279
89361
68549
53886
26557
91075
39330
32505
40071
98462
39858
99017
75367
4800
37402
82175
92614
94743
19332
38742
95420
94555
12821
44281
36237
63495
59483
29778
72337
88758
33602
64911
54348
65526
41093
11635
4348
26892
44610
85654
86482
59460
53606
19546
791
71954
16392
1675
28527
31306
13298
5650
21755
85528
12825
80247
47192
29341
33262
9904
8325
65991
16556
21130
85987
44300
77394
34802
11029
47427
26251
48417
36742
81599
11368
78466
60489
16424
79536
5345
86300
37496
55470
56434
7430
5999
82888
64155
26303
64435
64688
77215
53199
19399
94227
42728
40014
74087
65422
86288
74955
69405
64161
36044
16040
62788
96924
29494
26499
62519
63702
757
64655
67060
10268
50507
76608
87730
2278
94299
82118
63484
89029
63541
3281
745
43641
94175
97523
89753
81983
27841
58659
36719
34824
2221
33277
77222
41476
91114
66982
55345
32605
26012
44526
63474
43361
2481
89550
69302
49814
57418
65873
93964
72850
72932
94639
86624
79875
45954
66132
39545
53096
59097
99648
31467
26179
14007
77831
83993
1222
19409
3032
55819
9770
98088
43515
18151
3583
67863
51476
99279
9054
31100
81668
10199
47194
53632
42222
17762
29748
95301
9303
41176
89134
27211
93863
60998
55991
22495
60364
25810
79717
87264
12765
36121
97601
32303
86332
67110
30396
8627
24309
35345
31520
69157
48067
79411
85409
39775
58834
64385
29842
49084
40511
72460
36532
41996
67387
48308
13512
25719
10542
76004
67686
55147
4409
21198
89798
82244
61940
40260
83420
64118
24629
83120
45089
48282
61746
8721
40396
79475
17790
19251
7007
59708
13423
94889
53309
61648
5281
12905
53690
58101
15027
4580
9387
93541
53038
50848
2589
32571
78438
81844
33985
99959
71673
63648
16645
64974
65397
82247
44733
32657
33783
4170
14016
6807
44237
11746
52112
16682
68668
18553
31025
72139
28733
14565
88314
86275
57251
84066
35785
12296
6552
9035
60529
62280
90725
87861
29071
26452
70512
50088
48219
84204
49056
85947
47705
48323
60828
6347
32462
88111
87185
82551
20560
48527
46482
44571
88503
49017
61370
23975
34416
62815
53549
5212
55055
77245
13724
57826
28868
91842
78759
61993
22055
32505
37789
69338
26030
17363
53248
65752
31485
89234
5091
17305
94876
29332
60501
41659
24228
10426
26519
72453
45587
88052
74825
87867
17088
74156
71747
93213
53512
40043
78367
67389
84103
89547
86868
21435
9250
88443
83740
21086
96544
54504
2743
31537
86329
32430
63849
85944
14503
79547
36415
66958
61465
65020
50511
60253
44231
84647
50109
2776
13087
57060
57338
78328
37950
74648
56486
36594
65562
5871
63510
69553
10940
62821
71729
32981
76363
52530
56052
49031
38531
23024
21206
67191
22885
1898
99749
68469
24680
65474
49807
26345
53549
80831
53309
98799
36816
19730
53626
16434
50042
32451
56305
29412
23283
35197
99956
5175
48053
78034
78297
22427
74332
77612
26719
56661
60026
69106
9038
46072
26343
66579
99004
25602
56021
98226
74956
82357
73857
33645
69009
23089
89670
76684
34289
15019
97227
83203
41220
38572
2205
47332
67196
30729
14551
58052
40126
24890
40893
83560
98254
29529
71561
37196
85321
96312
83132
19663
74508
39775
66486
96287
23154
33057
1793
72988
24250
71867
48520
972
14855
82920
36677
66203
36224
63844
16375
236
26424
1019
60626
62144
51689
92012
75729
60897
36281
58271
14214
53068
91807
25952
85330
77145
30622
29720
18672
56777
73392
19111
18764
20555
20670
37599
54674
82890
63147
92096
46880
14199
19441
748
38621
95662
70403
19110
71523
46920
75281
70475
25655
22748
67722
11437
71546
1906
85948
78216
27223
94438
90999
84803
20157
63669
82095
32421
21799
77128
35936
87794
9655
7002
92844
57376
67169
61191
36768
15450
46083
97586
54645
5776
27411
87603
25330
94841
88080
41596
55182
75462
14842
6279
56851
95780
33278
89502
61214
60846
97354
70342
86435
93197
36031
968
51086
31597
75459
51133
71396
6077
31094
1206
31496
50754
61021
4262
42457
38232
73754
716
52632
46055
32317
11680
56456
98621
8563
55257
61742
69070
87357
33465
86296
78597
6652
34390
67642
90918
59559
9862
14835
50498
5823
66470
75438
50613
37434
7783
71876
92479
80347
11574
55935
49789
28227
1798
35866
64195
88129
72763
56740
84953
84389
34166
10531
15983
70354
75832
41301
542
89393
68821
87185
2429
36706
33271
62444
8220
69038
84460
52856
76385
96152
11245
44679
65885
33137
97995
77645
57865
33163
28760
89795
49986
61861
96144
32520
88094
44326
6434
52578
235
21957
74750
39778
14915
44356
74077
86086
81005
76092
96776
21303
14962
19828
88262
20755
5178
33515
74309
83845
78820
67893
83012
78928
40159
26179
50682
52043
84135
78874
13927
36294
76287
5990
14486
64650
7495
94536
20779
75103
50234
36426
51407
11271
64199
38963
50292
90631
70090
60853
14695
14726
44935
65604
13746
15982
59042
1313
47434
54768
47229
99701
52764
37924
84879
72761
16527
50798
64286
96434
53174
91835
35321
9530
84789
87754
27668
71513
8716
60168
2304
3219
67013
28820
64998
98394
93750
15906
68832
42340
59348
88411
21109
71384
19732
20705
72431
73026
65535
78096
39387
59494
39953
51455
96860
3921
42670
5446
43275
64779
82306
91354
83888
84840
64499
84404
7414
65469
59078
45168
93614
28560
95882
86704
19618
98121
77445
70976
12755
14565
79129
8949
82514
57545
28754
60431
21176
18899
26286
13246
80099
8203
56170
24416
91533
49881
13157
73128
88970
50577
44884
67354
58686
1929
94018
44627
60856
16747
7776
5222
92143
62245
77488
84897
51832
67838
56010
90254
24417
80515
16170
70261
85229
18176
37783
90783
35052
77770
12048
31413
74550
23384
62932
49671
89541
39794
17550
55912
5900
43362
604
26295
27607
73256
68091
53657
28768
84681
85744
68513
54507
17351
13525
91217
42591
85707
55710
44250
85474
92031
53959
2240
84335
20952
80828
90393
43127
83633
17828
20052
31345
92115
19659
97686
31167
43920
55947
1119
58399
40687
37334
58059
98186
81441
57347
15925
34605
67186
53522
82998
18209
96891
79101
72811
59113
73140
73726
52500
84295
3976
2775
60633
20892
2305
3682
65095
27419
91681
16149
13784
37096
18962
74929
35281
67666
74422
44648
62885
44745
50584
91816
38870
31358
72803
74600
97211
65783
10001
63310
3805
59947
74171
81819
98716
74400
1168
46580
65231
64318
32321
64878
97097
93039
23865
36788
91062
92374
53417
40888
88708
46602
99329
16500
41151
95437
38107
8764
27637
48397
25682
61954
97848
51062
27504
39236
17410
72465
25924
61942
47314
11838
25042
36104
89620
68713
93637
24373
61663
57612
74848
95399
48024
37601
38930
29513
63956
25410
82183
29387
32507
13727
60795
53196
92104
58907
55849
32455
17965
3748
65154
41020
65459
37485
65626
58649
49471
23305
51484
31365
2416
97350
17981
63370
8260
71812
37614
29596
66362
20625
30155
98730
3027
66146
90352
79296
92498
83600
77227
33238
97890
66060
92141
15193
119
18752
92730
42708
22124
22628
84065
68923
22155
19482
48293
79987
83148
73895
95129
55489
63317
43406
1098
54158
48511
60682
30166
63220
16985
85895
61242
12071
55174
15742
1193
60962
99457
16075
78745
62957
78593
69069
76664
61673
44119
48730
73148
95864
37460
82940
11095
97292
58472
47308
94025
92874
49349
36201
32463
39577
52738
24981
21530
50957
16411
39853
19579
74827
53558
31779
33786
16537
384
29753
22949
38052
62166
52955
6469
95436
94112
44762
10573
10256
24151
45921
76
98673
25767
52310
16322
99878
48752
15982
35278
61052
3622
40173
20550
57992
1145
66010
8704
32330
73199
59451
9645
46111
5228
7249
94918
25699
26964
86898
63646
98625
57703
78495
11671
23610
20843
4482
70960
85101
69352
26983
44220
32488
26860
43795
83054
87308
85487
89477
15024
67702
5392
19815
41203
59887
15326
70352
47393
26162
8820
20058
16942
85557
70524
52604
6925
80854
95540
93859
91967
39747
66765
28466
17286
72678
1040
25522
97815
46987
64827
11287
40110
74768
89769
42418
57627
29480
15568
98860
97115
18187
94180
93350
31746
82014
4409
32682
96435
8826
72581
93517
94162
60380
12708
35107
11088
7624
68437
36735
54694
97499
15394
1958
30206
5068
75677
8239
92298
5341
59013
77529
32439
13796
22600
41353
68636
31056
60450
3710
79917
11931
25060
211
4557
62251
67280
49040
75712
39012
63649
31597
45598
1454
43655
91397
86947
98238
49839
99890
37411
88035
18466
85483
25659
98320
42340
34039
62371
63681
57148
908
83455
88907
62932
66249
48309
69349
90518
9932
58328
33485
35158
85265
44899
88568
89263
87463
31746
10970
76549
72176
34954
54094
6186
9334
99721
67106
1788
36773
59640
46403
86603
10792
19181
74272
18968
18723
83948
4285
73017
99370
50238
31223
40186
89309
74586
65039
2653
7874
63519
11732
30242
64573
40708
54513
83586
12333
74694
70673
97652
38566
81665
78762
28850
23782
11098
47245
8694
89686
78777
23624
43806
1120
68212
54006
48976
22792
97861
21733
17110
94312
71710
84961
56618
44619
15667
44065
86381
83142
33910
10126
56336
41358
80481
9612
33462
