49382
3854
73211
88118
49189
51185
47318
62917
6038
60944
79411
80890
54656
65225
26780
73387
37792
37511
96204
59987
53068
91032
55876
76318
21812
41869
5307
96396
55429
51438
43954
31174
97832
2584
45349
86907
92039
13013
25917
84372
60048
8117
90530
9596
66898
10158
15054
35206
17507
15438
74749
30970
18148
86296
36416
19072
26172
32227
72593
85384
90337
69675
21761
55827
48054
18289
82669
33
51310
24118
88015
35704
15983
39856
73041
99437
69201
76486
57180
57651
90533
78446
74574
83165
23923
74272
94634
40977
56347
17975
82154
76140
42685
38500
45551
31116
63797
39438
18425
55613
75134
68330
78354
58692
56663
87090
15428
80481
66914
88742
4875
59717
90057
38524
85669
14640
63516
61604
8294
88293
60981
72637
29225
22732
57629
5934
88384
15300
87591
88514
95116
80419
74265
85059
12744
44875
76748
3601
99168
20044
89225
19968
91583
16432
37939
31147
22629
18022
51619
57848
92376
6734
95534
2762
1202
97342
67235
60317
20856
38767
86001
99906
29994
89191
7142
15959
47766
70019
5298
58561
26247
62561
15081
29832
52188
83176
4231
94160
13939
27988
7213
98416
63203
60194
69610
44561
79369
49588
73622
96869
44858
46849
29944
7873
79928
31100
66791
94008
93024
58015
29677
1973
46911
18357
32647
2324
22629
99681
90921
58462
25042
9390
78238
75200
65101
33459
15597
86119
28115
85666
54776
72986
39788
18382
97182
84531
78265
599
42240
31323
4010
65108
95329
20929
92972
12315
94246
77687
53695
35023
6876
12458
60806
807
91545
24251
83160
89687
22331
91583
11571
96541
20429
8559
81264
18187
89768
40749
34577
70828
45302
80212
64695
40724
23250
19706
98768
97800
88491
293
942
8519
97830
47495
32595
49684
93859
4791
31112
15649
71832
96205
46797
20409
54138
42330
5003
78122
79323
28002
40997
42350
64685
58359
36268
61461
86980
63635
56625
48720
40601
26161
83510
39036
71338
9769
22974
51944
19903
33382
45443
85253
8360
87014
88166
86922
72707
35149
10496
93825
79833
97478
94263
83634
1832
34680
95597
74377
58235
4672
29139
49542
15445
99249
66234
17377
56652
47685
15018
17784
15058
76734
38251
59895
77840
25405
30049
66755
57355
94686
26197
99075
30056
84046
69645
99435
83147
75531
88894
95206
26523
9110
79608
94271
79586
1847
27008
10860
28753
85806
50075
72760
70720
1553
36229
61804
48658
51591
38818
13625
16694
96095
96268
41380
76395
60046
47051
25518
53947
20771
42402
83167
54696
85225
6470
3503
16997
22808
16618
68945
65403
76024
86613
21532
81483
13844
31221
13143
88371
96375
21389
48128
56042
58725
48970
16952
27013
63000
72659
87759
65148
52886
37343
72584
28615
40107
83296
15849
52833
69065
34653
81186
2959
24376
85629
95959
96794
6203
543
15403
18007
13153
90375
52267
11240
69733
33779
57844
90076
64227
68971
65570
10865
75830
60119
95574
88026
76691
82666
46498
59
94972
32476
54485
8849
64258
31734
13022
27119
78202
36998
63742
56867
46170
98483
52975
37878
43601
5546
76586
52402
72992
69686
23482
54975
94489
33135
10587
2502
81586
23849
22030
12247
38470
48621
20636
67269
34216
13508
71812
13774
48421
32304
99715
15993
2645
18581
49023
50552
15998
83060
32176
73069
68997
30041
97996
12361
96305
35338
9453
81423
22302
88000
80480
24632
44251
87602
34253
34383
56865
88588
72926
18684
72272
55743
80719
25534
64935
94898
14352
66577
4351
16278
37209
68368
33926
49399
30571
49940
53651
5262
61087
92538
86218
38931
47661
54178
44686
82096
987
88499
38718
26257
62464
75901
49582
66104
75252
63607
2787
70700
24662
65158
19114
60657
15289
29951
29557
36596
77900
24131
62963
35677
31813
105
41515
78694
98857
36954
58581
63947
43290
98806
32789
34775
65726
66836
92693
55326
54759
88230
41982
56298
60421
36539
78226
82188
87012
30557
9545
32820
33731
43771
17189
63324
27891
93378
43636
45214
25703
89924
98627
53126
47422
74618
76826
97027
41739
4421
80535
7190
62237
66992
85898
73517
2320
61074
84842
47498
89871
34000
24915
64667
75139
98399
69725
68495
83837
18311
29114
6366
88444
77347
96683
20935
84476
33188
77951
27383
49499
91925
24170
4069
95657
77082
77118
20379
17611
12882
10152
30190
90252
72603
14185
71086
24129
28340
11535
38873
67287
1502
5872
47051
11740
19835
39651
5744
57926
27897
1883
36889
14916
39752
67360
66957
48031
4934
6283
16023
6188
44349
90398
53213
14897
47138
5439
25904
31793
62046
23407
39455
82486
57225
45354
40135
45722
6130
19389
52038
78034
82427
30559
32237
74872
75137
84142
90738
66067
98010
84903
47589
86597
26039
45346
61915
90801
45161
19367
34246
45095
11584
45169
15910
43149
72238
22077
73912
34123
47529
62414
85644
62771
83440
87873
26837
93068
77125
11432
154
63578
67128
94342
31945
78283
2053
74470
18667
88224
94420
96856
75475
77974
2686
30728
2127
21936
40975
56892
12481
53315
2343
24587
79560
63709
95578
99221
36631
83795
33367
91202
80871
69830
40934
66043
42888
3633
86315
96607
75347
53906
91271
84131
69083
16018
10109
91146
63105
22131
27570
22140
47239
91125
61229
61798
70428
20324
53215
6574
566
72898
60572
69712
82206
83597
34439
7130
56965
53548
86892
96257
87509
65627
74854
55038
54402
61937
64033
88937
58367
60522
27321
34160
32236
90902
15138
36724
69389
39261
56289
13600
54998
84909
28535
69830
62243
11201
59006
18872
79236
58352
89484
80640
4534
60624
78165
56285
60556
92581
43533
20410
55180
3305
5930
42284
10646
91961
71560
16041
36159
83770
59238
6431
83708
51015
62285
53112
88250
44856
91697
82536
4010
85744
38128
98128
66873
16163
94072
44531
88350
58658
24741
81937
82445
96837
72776
19653
88617
66100
2435
85464
83957
22705
82256
705
18059
10501
16994
91450
61254
74054
53347
85279
91994
96929
71292
8933
32100
56810
30803
91732
49691
65182
67022
91555
81542
36945
62775
36047
20359
32248
71192
75383
45781
22389
82949
82487
18439
12891
98296
10239
95916
20893
15192
97072
44056
11543
40723
24722
73465
30200
51562
86100
88136
25419
84652
12738
65146
47552
86874
81596
89686
52732
76970
35129
55169
48986
46535
28311
83829
66396
51606
22877
61040
73874
77747
87663
46121
47109
52986
31309
72669
40321
3617
81193
69543
95581
25698
95138
7599
14216
25719
72514
51833
56722
45278
36081
90206
46452
23868
80724
28184
21661
67902
4070
71606
98458
96474
61873
57839
36480
73620
94728
19732
18489
96924
93444
6686
50314
52757
90457
59591
63453
6417
24053
73620
96239
1240
21524
79184
74039
86119
23075
86836
81682
22036
74607
43330
27847
46992
67625
56048
48732
74118
86873
25314
84533
90464
29595
70321
22563
45352
32442
76167
76849
89772
72776
81068
94758
5627
3575
20442
53976
76332
91575
67693
48910
78461
53868
15095
45007
2489
22315
40240
8172
25171
76274
36362
62023
26223
78913
32322
607
40672
39193
52690
34617
91564
49711
90884
77421
8075
74156
14817
62346
46830
88484
40008
82182
47709
74737
82970
48677
50681
62860
41873
67749
28960
5736
49745
83717
5486
71787
31767
73104
10432
85257
10606
97706
46997
926
49408
13973
28493
42920
95913
46496
26195
47039
11336
56237
41111
84498
54927
8734
57556
28544
61113
93147
66896
84175
47451
34690
96418
48396
36595
96715
59725
8608
36445
97335
25547
28171
71781
25077
22949
43935
52854
16464
35614
81148
60305
65657
78160
91779
97017
72844
3374
87673
9291
3169
71944
83547
93292
85682
16653
79289
46458
95396
63883
54704
7108
66868
5329
91399
86678
48511
45046
65541
89228
33997
38579
88717
44999
15035
22923
46648
34846
27877
30859
60558
11500
89996
78027
48096
85767
13193
79892
81572
42097
35086
23549
40974
68391
46517
83406
33256
17751
88872
57189
67214
21678
6412
72662
54216
61487
84394
60524
17701
81088
79899
239
53584
14911
42896
97790
26930
74322
11675
68444
50532
6715
26302
94247
54606
30602
46734
60067
14497
85100
59875
4629
54190
80098
10751
29099
23105
30796
82712
82553
38781
16420
7172
74718
40565
6280
864
42853
84324
27983
6941
20711
19562
79420
69415
34158
58180
53904
2675
75413
36775
94394
10149
23051
18968
297
41020
50934
24555
3331
11290
79827
65270
49326
46195
25372
38833
69771
61553
72419
67948
36578
63554
8155
90253
46073
31615
59093
92132
97918
99929
5448
12845
46020
23394
57994
93410
42
67477
42491
98746
89846
46052
13281
85538
90945
50748
70253
65302
21260
68183
51676
54813
98929
42493
63674
19710
29492
60888
95554
19650
13880
64275
8576
87656
13646
52973
85111
51358
98504
88192
99294
41635
11755
64265
21124
58327
47171
36819
98325
1755
30128
85445
20309
2314
56191
52804
48522
61683
68019
51814
81238
35698
48226
51637
15265
25098
46588
65467
76853
69026
838
90768
49315
68761
25157
55614
56963
87047
91190
47693
9368
94801
70362
53392
72690
48072
99599
86218
19693
34111
73306
15678
41623
67528
57919
51123
19055
12938
19571
416
17161
21440
77129
88089
14670
80177
51625
30518
98784
56487
33151
53980
75194
10350
75503
81259
29942
78380
70534
14948
86793
22231
12939
82260
97641
55671
35317
42977
59790
64218
61014
89967
97174
71245
24693
35312
82755
60766
46234
27270
36063
53611
59586
28534
96704
59238
70066
1035
76518
80040
36871
86916
85728
40814
90540
77020
87791
10069
28422
98547
59139
89678
26826
76477
28129
22493
20974
33447
50662
83572
88700
49122
95045
85351
31586
68878
86028
93708
92231
46500
33925
9873
78008
82272
92824
50201
28672
26185
30158
48564
39863
53406
13744
48410
69073
8254
96910
21508
63575
48788
60795
97576
99187
85726
9429
96847
70980
78168
40739
5876
56530
73770
19096
82203
93339
5706
86580
13227
85708
55471
4521
57705
15595
57076
73370
20467
33809
51493
77152
69910
82645
88106
42470
98349
71556
78989
63828
86679
23500
11912
61386
82579
42391
40016
39906
57658
57781
70872
2680
40536
61043
34948
41669
86857
52584
10379
64102
39469
2829
74695
46523
1063
89452
51325
30252
7064
35057
91523
13446
89842
24414
15923
30275
96796
57275
9227
73448
62529
80618
18717
34759
9493
79545
62810
43493
15558
25136
30326
41814
14458
84714
54936
43204
56107
15552
11041
2735
75772
17121
19510
43822
6774
8446
30027
95219
2627
5537
14254
83341
49702
11390
29806
30311
71477
17186
68262
83246
35957
79272
53577
76240
97296
62378
5675
79487
34101
20853
34922
32660
70221
14453
40856
92337
117
73103
99366
34655
15901
35662
13198
85206
17180
34644
37853
14107
83725
73202
82235
83747
94026
67764
49209
65302
70115
24499
73589
61871
29179
92270
16717
55584
13536
85363
89534
6002
72133
18998
51447
11369
87645
40388
85727
2118
71958
75250
69952
88519
60368
81550
27214
75753
43961
31191
37336
61805
27366
88041
58826
33689
41807
11280
35676
20949
21896
99454
68987
64789
91608
59927
64434
5719
57528
37097
7381
49986
33258
45402
37065
32431
17202
85241
95027
34275
26773
37911
84348
50522
14413
70062
71581
22336
24231
28415
6349
23352
68378
90298
22532
39360
68707
26294
68491
53803
83809
50145
78275
31150
30154
18545
69454
7863
86600
19160
72669
13302
436
71926
85751
50208
9773
17928
61155
47400
1909
57599
91379
18094
89737
67372
91885
79732
97562
5590
36470
34315
73389
73454
98973
41549
25995
75802
84130
63299
55077
88462
92577
89286
39497
10489
94815
2498
62009
88794
97680
62327
63726
10131
70082
18809
37705
30966
69161
7544
26673
10813
93192
9402
86478
86006
33465
84227
31553
32154
80889
64854
23838
18975
14579
21270
69895
547
53287
16550
72166
85609
77271
42510
9958
13920
4622
59263
87695
28127
67821
55597
49884
397
95828
28667
39483
29340
35657
30997
16032
534
23207
89558
61158
56015
44870
38026
58787
75866
67907
69742
28967
46168
12557
88692
83473
8842
27372
24642
63086
62504
87085
76410
74223
9739
32877
23668
18981
88900
79330
90439
4924
68367
9345
28231
72081
53442
74095
52520
23218
38400
56296
45888
93328
52203
97573
95019
29763
74517
76814
25000
45851
28887
29884
63456
59262
52474
63433
96359
59331
21043
663
24060
59369
64876
32090
86955
63732
23709
19746
94577
57318
80346
56872
11263
15510
75174
56149
48759
72912
1509
87338
60211
88297
85295
65231
12486
47804
31456
3963
99930
96774
236
15293
1496
75067
37040
61413
10727
95235
47331
82002
67115
12948
5036
6265
66510
17933
27629
31951
43741
65676
45885
11219
41545
62092
47860
40346
8110
86335
21375
91864
46288
89060
60979
25928
87521
48229
34558
97528
93119
86768
59705
60500
51386
2640
70265
46158
81651
79815
65733
14855
25440
26570
92610
12733
2861
88281
74218
90032
85052
4089
59196
47474
54989
27920
78156
22731
2680
40957
38075
32390
89879
31473
30049
13468
39553
99374
14119
17755
41553
85594
97361
88850
51685
18368
71480
23388
88546
41059
55222
46758
16565
96352
73531
92735
79765
49759
58460
94395
46564
66485
94507
12420
33011
84730
19585
46973
32645
62434
5112
32852
41804
27994
59606
81668
50416
77120
27171
40356
61902
99839
42331
62448
73725
70150
7359
86545
27435
4612
84710
93612
45638
73859
64817
46148
68919
54398
11709
95596
80297
29279
89297
50765
27752
36506
83606
92561
7524
49887
29254
35082
92148
71296
99678
80033
64727
72160
92269
18654
1589
43444
58671
47825
83845
99641
40531
43900
78792
17489
74231
31325
55058
11483
94390
64571
18537
97006
47031
65196
90117
52178
19975
3200
92696
77947
28289
20494
61415
50082
17930
83769
7830
94530
9337
95455
84802
71884
45651
35102
39400
6984
93621
34947
99299
91273
18282
25904
56050
65962
62941
56937
61496
32203
14568
42876
23581
36835
62154
34123
22162
61632
5911
16087
67442
74530
68906
61738
96900
13840
87190
5056
33436
8726
23066
24595
8577
9564
19858
13666
22537
70116
54410
89726
84385
36607
10414
74449
28809
17324
20092
32683
83740
82414
91323
87690
56141
90537
14213
94629
82829
16281
72864
54613
16617
57391
53482
32321
87599
34473
96082
57636
34065
20877
20260
26269
50467
35842
12252
88499
85023
21707
31356
54979
86024
30592
8793
49127
55019
74922
23023
44101
22689
74971
99412
48497
34321
13608
47402
21472
24402
86725
95982
22346
68046
48795
99118
47963
8867
67368
68120
33334
54275
15987
15149
95078
80155
53962
90036
84803
6448
78458
50506
79485
58021
16874
18775
70185
11353
72853
97693
68453
55374
14722
19018
45865
1220
81665
8236
56235
61188
20260
37700
67375
48121
63352
1171
31242
53176
86655
96593
10545
69600
14476
82204
53987
67644
20442
27726
96239
42182
2664
14567
16099
30246
77461
84937
87891
98040
46484
17123
91970
69963
88588
87749
49072
61221
24175
20434
66560
52484
66357
29556
69637
26207
75764
10953
56297
64299
77470
4538
80985
21594
99063
70125
95216
4414
56978
69776
34654
40332
64103
59446
47540
13531
31603
1695
8079
32619
78827
4399
88543
61346
39390
10944
3731
22417
86151
6643
58435
75926
83628
63458
24154
88411
2102
5777
83133
27451
64173
31587
13116
62085
431
12457
44084
9049
39180
20085
88543
45711
96897
54381
56761
90583
8080
56538
54927
11835
43064
38880
50694
62208
83126
43624
99814
47979
12376
80857
44897
42593
74169
85958
76451
72679
77630
53057
52343
12744
51244
26028
22708
70357
80164
84688
23907
19430
33277
53063
11918
79935
9244
32723
74694
33998
43954
32146
51921
5840
37745
31273
66190
37139
71404
53021
17062
66998
23627
92064
29681
90189
15144
75945
92994
92737
2921
54268
54097
5396
46458
46953
18114
40738
80966
71665
76247
91651
72786
52450
67503
10989
55478
89475
63225
14518
56953
37899
18169
95062
85384
70668
82422
43691
17138
48269
93565
23831
75107
88438
74582
90468
49691
33700
56545
47560
70826
2876
3500
97059
74923
90556
83764
48677
68122
47181
88149
70093
32883
49941
80113
63820
93065
87913
46265
62535
99007
48159
60250
61051
2790
54529
39174
80091
57876
93374
84158
41429
16093
40634
61370
1076
19313
50150
72821
39038
80466
75626
11415
72285
32496
55391
72640
51290
71618
19289
6478
97637
16067
32033
67244
10257
38759
62209
43319
63773
30745
12249
39117
46286
54450
68239
78548
35447
17784
12866
74821
85243
1041
45183
79539
80137
43938
19788
9084
71109
57960
2850
54411
6216
80306
90009
95942
28222
30457
17723
1819
44941
61598
95898
32098
3733
72478
41885
10671
62035
93012
45621
77880
62079
95531
96847
71837
33494
79710
96386
62872
43762
92623
63591
67426
6420
95872
95337
48542
94660
90737
19154
76327
96079
6742
39461
59634
54575
7060
58442
41599
51945
24217
94915
46402
39600
52149
47678
28776
43143
37656
9955
58760
89283
20777
58189
39623
34670
94145
29973
53896
936
98658
38314
65486
70280
89911
22077
19695
74369
33993
25177
71800
89248
83482
11824
61623
25169
97026
944
28361
59233
29860
82836
86272
61245
67725
7063
5168
96602
81288
44451
34486
21166
8640
78248
46725
58204
94547
38376
16623
8589
76815
9742
68365
20953
18989
31263
10539
60710
21575
70089
37907
68583
62774
23673
73396
98437
38220
28553
94158
18843
48907
8341
63773
49051
71424
82766
78816
48622
49312
74248
80869
25337
55677
24814
5907
47931
23204
14646
70707
5650
92567
25646
28315
37566
39970
76629
98840
17821
24860
80551
64760
30870
13532
13264
2898
66161
96085
56194
74322
52611
17808
86978
49157
4135
36292
78524
99901
80328
35413
46807
78017
73179
8774
23266
63733
85769
16124
80462
48193
12619
58544
33174
2464
45806
90288
50136
95048
10550
93044
84200
47281
80382
65176
25882
8515
24029
18939
57660
47264
64740
47442
12678
21163
19492
7625
36458
53716
19693
86199
8198
39458
38833
15165
1720
93723
20360
57020
20721
37299
76812
5296
64834
99950
4
28908
75539
64243
20477
96723
25715
61264
45076
54416
30121
55556
2705
65587
54089
64429
15470
64233
63842
12623
88661
31670
45268
50365
50183
38130
8959
93767
32824
71581
24310
33856
30520
82880
26962
93770
43437
52002
92068
13664
76924
96131
76962
40160
80294
34105
17187
43284
94319
93540
94277
21308
56122
82128
87179
26617
7888
46183
84709
71768
33343
79664
93927
81657
33311
38312
31099
2427
15056
73019
55763
18373
75615
61695
90550
97556
37831
1966
36860
732
47028
83006
74549
68317
36739
39262
90563
68676
67430
41327
83624
37402
52163
31420
69849
48845
56092
39832
67698
1593
57737
57747
7844
91507
52385
81016
65289
27730
29208
11462
49624
21850
226
21961
24692
14342
21334
36245
19167
56882
22094
17662
88620
59554
11146
34518
17681
92626
75156
45636
31099
56058
70878
5245
75580
3902
98695
30498
84319
28752
44381
64502
55740
22498
68157
4794
34535
12332
38326
44775
67683
15030
21547
5544
1940
13443
93207
71313
45426
76026
88362
6527
60313
33617
10674
61518
56062
22617
78773
11121
85660
22113
37658
17105
45899
96903
75176
54277
36402
96770
8390
16939
66804
44997
18850
33536
69766
59760
35821
92450
35712
42841
90019
8927
22514
27667
51304
57
9934
15960
66542
55192
95203
68600
19988
33036
23498
95358
232
83550
16601
84155
98572
49010
35668
61202
36534
8188
46468
50655
24850
58747
62752
86053
83939
67702
8103
12850
85670
11602
26256
61969
76311
38189
26873
3308
77197
89338
86331
11579
92064
91417
11295
93805
68619
72562
78250
50386
93580
37102
78707
29540
54409
4019
54101
2480
38124
1210
59071
40996
54671
92110
67625
36758
37843
39395
18818
46702
17642
24656
69284
80049
20853
81834
73865
47148
71495
32927
76183
16761
520
33356
63766
37617
50581
97115
35267
6318
99653
21565
12701
21051
99687
21696
15356
40923
63303
87501
98401
67539
64047
24992
44553
35861
51530
31173
8411
54634
75044
15084
60129
65051
31789
66984
91251
36251
63068
75849
19118
98101
16592
56180
43972
88365
27250
61916
47757
54870
11414
5952
3356
3600
7456
66721
17452
82651
39076
79677
92985
44668
56070
20429
92043
39979
84447
28631
46444
63095
87969
61905
47323
41590
85522
19123
86841
57965
31508
44023
85761
83129
74309
61488
84565
21687
5378
13380
81651
92214
8998
37992
18022
83927
84752
92855
27865
34462
12259
23917
93254
75128
22024
33158
89165
61512
24334
48334
27168
18128
94289
39077
571
93016
30775
26897
24753
46142
9335
89856
33505
59387
10741
68824
32743
88750
61352
79357
74767
70599
80733
98207
37061
9106
2708
91452
28872
51101
1448
88889
52509
22408
41069
37273
10687
9576
85713
65207
93524
99576
51076
39270
80410
55902
41812
14499
53920
26037
43249
3475
59634
18555
48464
57502
18093
90553
41419
38728
43024
49546
94085
13192
40851
74794
29260
60071
39057
72157
77879
58902
34657
73754
45614
93740
10147
25042
6472
52475
51797
74400
60751
77038
12229
33518
49313
52449
66465
33121
46288
32253
15530
12899
50121
50735
26343
95083
88626
65187
6774
96331
92075
98946
4221
98230
81847
93253
83167
89740
1749
78517
98378
21987
4998
90145
55821
3507
2771
42107
22342
50014
3495
64560
60921
36635
97239
38433
18429
26430
61315
15202
57969
13797
19508
80463
61068
24673
15557
166
73298
50527
15998
66885
23682
61042
84507
72161
48972
44191
61643
40960
15872
37541
97268
55187
48738
8167
70132
82420
96089
59607
28611
22680
3014
3168
40820
9168
88018
3280
68218
32898
47745
704
56679
27359
3554
68194
10416
63649
67496
20902
492
89091
48723
90857
90267
85373
90951
25466
70531
5818
41023
46602
86358
29976
23738
45904
24592
1883
32723
45942
40764
7822
75374
94883
8917
21047
88142
44998
79306
44854
68388
21436
6811
11258
15267
40894
24416
59008
93998
11050
61641
7976
29586
47275
56160
59894
33424
7720
48523
41186
15698
65159
85997
51293
78079
18396
3148
89377
10986
15282
1069
24179
14053
52276
18619
29943
27251
54296
82119
8432
55610
79496
60809
58739
47319
34543
98085
53862
15180
63389
68777
46171
70613
63223
63251
38115
43128
44670
99087
92817
57018
31802
9885
81324
60270
36546
61009
34607
45416
23723
86164
93793
48272
63851
84840
73357
25746
14376
89961
64605
80498
59586
61071
79096
53629
66330
82512
14613
91163
42526
97026
46426
43873
3218
36606
90550
20803
20924
94528
21271
29062
72107
25419
76168
25459
28261
58954
20555
70951
87980
91825
34447
6183
75853
28161
82606
35953
25317
32682
82726
45454
38735
45323
12306
92932
50510
46005
45764
95752
98740
66285
20993
78096
59853
19216
73561
34631
92331
12978
60289
49017
77838
95199
97295
42414
54415
46370
7569
12596
92138
15652
19659
2068
95910
42507
59947
19335
32771
2724
65738
27490
7454
3708
35170
25740
26115
23880
70534
51120
23472
55652
67491
10414
97826
21048
97073
15531
93535
9335
33109
98121
50399
97217
5719
17650
31191
23017
30650
22414
35139
53040
4925
53044
46096
94672
5006
21820
323
96181
92486
51475
90025
88997
18212
22184
52604
24577
64426
1955
13487
61731
79150
18485
52439
47463
24190
50955
64726
31878
2548
98876
93412
51678
22385
67714
65180
77581
40632
35909
44000
64348
39210
78770
51562
98905
57978
22731
97425
92092
93517
29529
65940
15755
96688
8092
94118
97977
67509
36451
76246
19497
96171
5462
29849
37136
9144
50544
91062
66872
51702
51051
32014
88705
61096
58068
57127
85795
54552
2653
78163
15790
77102
84593
50561
4754
65038
86594
12512
6778
48175
13566
42379
58099
76852
58816
60246
52075
42857
19267
26548
23061
68443
91793
98722
99049
94611
23962
66195
73383
96433
20736
48120
27900
7106
11887
25964
86909
48574
73610
88601
52656
85152
18816
31115
61931
83203
74142
12207
63156
60629
14398
67688
90919
49722
77405
87054
17878
13376
81930
93922
88330
75771
66138
81395
41672
764
87480
9638
71599
80562
50489
23814
24638
9469
19118
60648
96403
36075
82580
12793
40397
32114
9029
62246
14899
48873
27633
80744
80493
63683
28935
26282
68944
2536
55724
63032
6456
26865
879
88582
8397
55552
58099
68730
73576
63546
57035
99031
54511
89954
11269
56551
39772
99828
86141
69891
89980
11802
89874
57730
57299
86670
78901
14205
79356
33933
92061
26683
65838
72020
77464
71742
18875
63322
10844
94824
22386
17834
53564
77259
25988
79291
5654
24684
8835
32301
54185
78515
24359
54882
55363
39282
69194
43191
60025
68432
50867
53310
91152
34448
82704
76218
10104
51267
23740
565
30360
18374
93120
15777
57444
43161
99126
60105
47179
33662
79240
82836
15725
24170
17431
56886
64074
98667
76248
86962
67893
31478
79704
95119
38120
55180
16416
22870
29201
52744
78196
22245
40714
65512
21622
3380
33767
30613
53448
30178
66056
22384
16878
8250
57997
83483
69745
96104
11209
61762
92159
44177
8688
70436
51952
57748
78058
50370
83268
98140
34761
50850
69928
39871
88951
56736
41848
68854
1001
34962
5182
8024
45648
30422
7960
44181
10990
51451
57304
36109
46181
50857
35525
41419
47243
79598
24894
74977
2106
60389
1759
6657
81348
51973
76252
6612
57955
50819
90474
50523
54478
69189
58045
25057
58408
84005
20972
89433
62035
93598
35953
71160
54946
40534
43372
21777
45196
67431
35527
91658
68700
12779
55732
5560
26948
58596
82003
67579
37362
24518
13872
40344
7483
44514
88585
62063
42484
91311
781
97816
88864
32567
97535
91327
53060
34715
3258
58329
3990
40804
30894
83554
20051
71
25993
62229
49199
22676
74834
64231
5031
75196
62670
19200
69747
31740
24261
31575
42584
58090
76990
46345
14586
9083
34119
36181
92910
10510
33169
75959
47021
4377
45720
65055
33796
61422
70593
10221
43752
42409
68540
67468
31976
63033
37736
38760
5179
47048
70550
17133
91512
65417
17029
9021
32068
60989
41420
37390
48965
81346
43511
52286
57589
91833
63497
20915
86227
99186
77376
83603
73652
15286
83669
19581
48791
57905
58338
36995
81717
67578
96191
62213
39607
51424
79013
74282
32002
43954
79347
31645
19085
8651
97839
25058
25171
61337
95940
29652
17988
35785
61417
14908
15318
3728
59939
17456
953
42200
65377
63781
67719
87813
69348
1587
43098
36931
9346
86276
84024
84718
20800
97079
52906
69310
41212
80536
9130
22829
27661
43668
27706
36325
71202
42299
24722
71467
24039
39223
209
3842
77607
27587
14805
42238
971
69386
31173
73286
3616
11550
25291
94245
41238
27313
45343
2477
90820
48339
28991
15080
77321
57256
33499
22460
54158
65893
49228
83450
23848
64999
64837
30532
52121
81169
92897
65017
40950
4320
31964
64926
1538
62284
12798
15306
14745
25213
57170
46766
30698
9991
75924
59871
11420
20644
15241
86593
79985
13293
92329
41906
16135
19060
88695
16209
14171
46593
77137
83241
61353
47943
13730
83325
39534
30467
3285
26194
81678
72656
35301
73139
32242
48521
30671
55237
70793
3548
55529
9897
12655
37927
7692
55111
38923
9875
31852
32253
22066
32105
50504
67331
77993
19957
64829
39321
39239
60374
80533
29808
90105
67166
76508
75474
80704
26220
68084
7472
35285
41252
28702
35398
16300
57416
64345
73132
86390
40630
58247
94556
72480
893
78442
43930
93657
57628
90767
26693
22833
15641
24704
68057
61661
18203
58141
71295
27479
5349
20933
71378
99235
28304
90446
42989
95308
61219
4692
23574
35724
68561
43982
97218
20714
66288
15548
548
26846
30353
82748
27893
93232
17345
49213
70689
43775
59387
8490
29356
97437
46055
46696
12927
87031
45683
11675
28563
4787
72781
10146
16185
11122
32890
32643
89283
41365
40758
49665
5522
80411
105
52362
89150
10280
78561
8557
25659
55490
73202
82537
7406
56629
79943
86304
27340
63127
35587
82186
19659
58757
15545
90406
60040
28652
82500
12203
69044
89475
9444
43453
99611
61109
42550
6939
41362
50045
8046
42870
22301
85067
46099
91804
80314
16803
64632
91281
34285
29284
58739
93183
60649
25062
33467
65892
87960
16637
55875
53418
74215
34810
73837
789
2897
75536
65005
40117
57670
89044
61339
95322
97784
99421
85140
21351
65794
2187
24654
12032
6486
85477
17558
36733
70913
3546
80808
6529
24316
15017
26186
22628
18610
11068
38246
77803
62505
56847
13985
26586
38575
75343
10045
27872
54499
3453
36103
71952
4028
83889
44414
68976
46522
59771
27265
67754
17831
40005
1011
10848
7242
48341
35119
70524
26568
7407
48161
67813
15639
51511
67016
3118
51968
57299
76775
48233
66256
45806
73826
89
20411
13049
80187
35781
27854
54701
3785
19400
15600
56108
7569
79813
92595
81509
20772
62615
99421
7605
6005
71
22350
73323
46741
2839
33421
29988
53677
82363
4467
41813
97783
37863
7604
36071
38650
23683
67685
42493
97696
77212
73454
82385
21269
27188
45038
78076
70782
20249
8645
4244
22420
77811
35651
13679
50108
39287
25034
75750
2980
74521
87746
39094
50843
27070
23417
57663
27277
74127
65940
11375
46875
90313
49591
88953
58483
51922
72493
12383
2225
1446
24821
11471
59410
13775
88521
88296
3632
47507
7244
38782
10303
85671
47695
89651
55842
62114
77183
57030
53035
5324
39599
28040
26126
12437
40030
23080
43136
32610
86085
15057
48497
59586
87743
34537
59971
86782
18261
5594
64550
40335
20133
24654
16210
50282
23790
9907
79104
36406
46427
13502
25638
18078
75978
67531
79021
57986
40471
75299
37008
47496
19818
37750
9458
9200
14233
72520
38748
99557
76923
4232
97107
3471
43115
84827
2418
80517
70677
14520
93545
77471
98368
3564
10994
35402
63128
59293
64971
89813
6614
66828
91829
2089
39247
55028
88424
2325
94262
45103
6353
37479
57070
81495
14857
42230
64113
95274
25427
32604
59958
25574
68721
18241
43618
60148
89219
35987
55534
33346
23102
56626
42192
69320
54309
64071
30025
49004
77959
11957
61258
68897
3764
61288
76580
72586
61629
30601
43595
1853
66439
18707
32773
31650
60460
26240
43765
99547
59054
57949
86111
49917
33113
43869
81687
78620
11188
40425
22603
33029
65219
93364
32489
37700
57820
55436
42286
53478
60387
30220
80685
23321
97893
28143
75800
11568
43789
50720
34797
45187
85223
76301
77024
45555
25647
8825
49825
86250
83445
96432
15050
72577
86095
1557
56328
90651
59354
4727
21731
27375
33455
11651
92363
75811
19102
32467
98977
24371
47338
62276
86175
53617
23009
16101
47749
80935
91541
10955
88705
53976
13372
78530
32026
14372
15265
21213
64185
49738
64324
97678
95637
22151
72405
45586
27449
87645
2856
96132
38548
9264
45493
73937
93981
35466
34832
94059
91137
68669
40576
61047
37803
6216
33502
52002
32814
78131
55979
67216
78386
76021
3118
39924
249
341
66729
96348
62860
31853
14903
56548
8999
6506
35684
58507
44317
96848
69576
26627
92009
71995
73570
98305
1747
89056
12046
71444
51739
89233
14818
50482
10246
29792
7179
25166
3234
98331
43806
83430
49111
85493
60733
7833
49483
20966
75305
96438
90642
41160
33918
31951
68465
32514
22224
37196
21901
30754
45600
51612
7765
92259
59835
96167
10313
51343
63951
54527
32965
45405
4138
49108
70798
57627
3377
72198
919
86503
83641
34421
86896
74967
73574
65621
2892
19769
35006
91294
99246
88980
62953
36447
81072
54509
96360
92562
10703
27430
41966
26027
25014
77408
35167
73962
7269
91266
28612
75024
28509
60434
39912
60046
85515
41567
32083
35800
28399
91617
83616
66873
41193
77528
76156
68480
36799
83090
44446
96152
5132
43753
5885
23414
91208
97544
51187
84011
42864
33965
10124
89337
23986
67882
13610
19875
38392
9606
86809
1212
92366
60097
26186
66210
6865
99892
40814
9251
70486
66582
33969
79933
17269
75964
68976
44292
36720
66392
95480
54812
59107
69826
74909
34919
69642
90676
52595
71832
64617
1934
44237
28390
20700
69978
80368
29820
10908
95019
83762
54445
98795
13919
13940
56133
75964
46563
6618
40186
17954
53525
37731
56225
9171
16356
19561
97758
18552
8019
41847
9939
72116
83293
79778
70137
44750
64563
16677
70157
60349
73569
3485
72993
22864
15950
85149
44083
44215
75042
85231
97787
46577
1986
99080
96030
43475
80854
90343
36832
32817
98060
85386
94422
76876
6486
53228
50425
63512
29582
45375
26007
29865
15417
21570
53475
86009
55177
77823
59661
38649
39197
72356
1324
36242
56259
52315
53271
48374
5566
16008
42067
5288
42178
7903
3239
10661
77116
3328
70507
81069
44463
9136
10239
6578
41305
59733
58136
4060
21812
85325
33525
53686
47928
27564
14095
62745
52158
89968
77743
3282
32095
37122
17978
24851
88282
63212
3431
26323
33429
65137
23346
50402
91579
47246
61897
56910
62084
15051
53378
57323
61650
59229
36463
41634
10743
7227
63146
46745
68308
94587
60971
36411
40125
90025
47417
6947
84120
95107
96733
58890
93764
37588
11026
41483
7446
5835
91640
59183
87646
60759
11400
4251
62984
29601
15297
81106
65918
68358
39329
2759
8748
46096
75215
62467
7292
50800
82901
16719
53247
74233
50412
16959
15340
35484
35887
62907
93795
32220
78705
94763
76971
79853
41131
42271
75321
68430
68589
85016
72658
19008
35094
27062
63463
33218
49375
2623
6879
19435
1681
10217
75603
18179
51415
78916
89843
79102
47470
60647
34118
47989
81336
72245
15150
91554
21136
21132
16202
43673
51161
29610
96501
16798
99567
84572
98156
47271
12926
6564
46796
31279
70161
15398
57914
71219
64003
37711
52220
33644
79538
3043
88324
91722
47793
40994
51661
41386
96412
70709
62654
85620
167
57659
40492
97651
27567
52875
58429
2033
11346
85733
75302
88559
57594
98489
10581
85534
10676
83155
73451
66173
6431
59266
60161
56815
22592
88676
10891
86008
44434
64976
45210
91060
91867
19039
20540
21844
18746
77815
32126
64918
71325
1494
99089
88383
57231
22967
65354
92888
71053
32772
82884
92642
93274
80377
24512
97048
38856
62736
65804
76256
70519
51375
91970
76237
34427
49002
70183
62836
19733
40949
80820
16104
39364
29899
33521
39988
56756
71892
79357
63317
24180
32886
43723
87698
12677
41147
62054
80088
87663
73979
51156
96566
7022
81766
79001
33010
76937
5840
54963
98951
87331
20313
92962
37212
84618
32312
61450
89153
1709
17572
16369
54280
72299
10142
72547
33630
8134
35422
70134
6853
8087
75032
90791
75567
39963
92426
61603
48281
36234
93414
99842
66082
32840
28471
57133
75110
58773
51697
13504
2939
22655
36346
14475
77639
26295
40430
97522
35868
38369
95764
13717
44210
19652
37275
44362
65631
74082
34671
44613
46741
88994
8478
28121
9464
5673
27522
75193
18906
89351
31115
20472
61589
71693
3402
45422
93573
5308
21084
91451
41151
50136
3121
70790
10962
75484
20888
53663
60889
59912
23721
35459
27705
36341
7470
60573
98365
90792
23279
24457
21260
44517
43417
19860
23332
75547
10
27647
20437
32605
42235
94466
40476
4945
53482
65006
73402
59745
74179
26635
2449
6447
69003
52608
43515
60774
67273
44304
92678
61803
18161
98145
47344
13074
6671
69145
34715
28813
33484
67489
55212
94688
94143
78859
92966
93967
61715
45616
12383
36600
9681
84498
87483
41374
73642
31232
4717
59386
27075
9144
66759
66102
8670
25670
68121
94324
47265
29547
95598
52840
4165
15705
77183
94759
59228
87195
28850
8759
28064
70993
99955
96293
46004
97496
65517
73238
49978
88040
43172
36693
27985
84568
72594
47435
12647
87548
99517
48397
46851
40142
84146
82191
17832
21355
27616
40503
21831
61620
62675
54892
36164
21204
63883
48972
39042
85666
87640
15645
67790
46844
69236
37275
33733
64275
92926
16880
19107
12038
366
23746
86025
11559
87418
80263
77834
2873
58212
38803
79026
95515
34685
13842
15604
14174
94427
68465
48110
22674
79410
822
71387
55999
19569
23568
45365
78479
15452
63112
20676
13577
85442
48887
24680
95544
12090
15186
55359
63690
35423
93953
36467
45524
91365
37101
5187
69139
57238
18391
24140
55629
97486
67781
45748
88598
99023
60759
35379
64783
15234
9208
35903
82120
44427
62928
77202
3046
13351
17718
59546
57728
33669
10915
7165
96739
99806
68418
44262
24630
64882
73507
14576
44311
42657
92686
84238
45220
31394
77653
6677
14070
25475
92387
95943
46984
45150
46832
7997
20181
36629
30230
49264
35935
17130
53022
56932
73804
81117
32851
48401
49035
85282
27161
77743
21
74846
59222
3485
57678
2366
69230
85422
64042
96372
59469
88401
7948
91823
42525
21852
19882
32214
55927
61077
59053
57602
73910
91132
54228
94005
23143
47735
60407
96218
10332
42843
27497
19097
3872
47253
15447
44023
60710
9779
67758
46120
14202
98257
6265
16595
56376
7331
53191
62593
99163
80764
53035
93760
14574
37145
60317
41178
12639
76941
36958
72973
45842
64970
80921
69767
54033
1001
54724
15328
9536
85270
95366
32692
33134
7835
32114
78939
99592
27846
7314
99015
20456
14682
3679
10138
45740
64368
86028
71201
89441
58695
36803
91216
46845
42095
43111
54875
69963
13678
72057
69455
87105
13996
23414
97643
51598
8322
4668
59998
98512
94682
88589
61726
68130
84546
59309
55618
9938
38291
89862
23293
15216
22425
42987
46680
52386
59774
67865
82314
83348
11959
20728
86262
301
47082
26529
36353
63517
70330
86715
3119
5331
56881
75998
67674
42891
93130
50648
14349
37829
10232
67949
32995
34160
87606
81273
18999
88996
16075
41713
11623
88752
23609
9704
9866
56296
74499
58573
85579
27808
46137
6482
82050
64278
58625
81351
36333
33385
11492
42661
36304
49768
4658
76839
11590
95942
76690
99698
41666
36649
88682
63541
58567
46145
75048
19915
63936
18102
21771
32381
72029
39546
76241
81317
76970
45501
40509
61774
19374
90335
51588
83447
85661
82561
31477
74838
59354
43252
43523
53593
79661
20755
67760
92679
7037
40109
48983
10533
8554
88922
51350
23573
63785
22191
29495
48569
34781
97932
64921
91701
73966
86130
64191
50515
77769
17810
41205
7392
30548
27809
53403
36019
29548
75815
96400
12973
22941
97271
83547
71515
7517
18073
85336
23897
78981
931
33086
80082
749
89990
32489
52578
90755
78405
20297
30588
90536
49920
23334
45607
64935
60142
71086
93539
94547
521
9533
83562
40828
11363
11368
66129
2605
35703
3942
69581
17445
33562
83259
71187
67119
83729
4386
98424
69249
46492
34198
27607
11566
57583
98525
38001
93064
87841
22450
42126
33013
33565
82317
87393
66957
59222
62161
56234
174
94616
43282
64501
15003
35065
78594
15200
44024
15055
68534
22746
9498
58907
4633
71559
23247
82210
1165
97152
53354
7581
94905
66519
47304
8326
42387
35640
9828
91699
17835
32011
46483
39007
39986
67669
18878
79843
21446
99583
47354
21860
60731
17678
4037
52070
63015
6449
80190
7967
26826
64986
68481
85478
78775
85123
46047
24489
24292
51602
39734
50110
82058
91735
66290
29361
56889
55410
5855
95773
38172
22193
59882
31062
95076
85399
64339
23714
72435
95449
2609
50632
31720
47553
15330
16896
65666
83893
97741
16778
73330
43219
26711
21115
36929
91411
90174
81683
53659
80558
68724
68617
83863
63804
72860
40711
83909
58137
27418
82802
70227
54241
12986
29826
17179
79387
5185
7152
84012
13874
23175
6029
22387
22366
76697
53615
95877
46338
10538
75462
7692
93774
80081
42029
20589
95172
71939
46556
18002
52216
66126
17915
92120
1552
41519
17361
727
6411
92080
42617
62697
75966
64706
98326
3705
31001
58674
61245
94602
18889
11883
75985
63585
88918
91689
22253
41776
91308
50741
96377
16127
32567
10402
89439
56313
72456
38370
52600
82865
12885
5861
960
95375
34748
57872
68360
31770
28551
50134
23370
10947
39979
27862
12790
47340
50794
9328
65835
21044
96665
17797
37826
73249
27644
59658
3748
80072
65230
71048
66652
38811
21628
64340
82599
16495
86833
65414
36136
88425
86156
71640
18840
73765
67693
5309
52346
43747
21295
37787
72045
76367
66702
326
77691
23370
3850
18683
45774
39898
83685
99669
40865
73259
50854
42864
15892
30880
74624
97272
66266
80987
27692
23372
76493
82468
81490
98837
59585
38489
4391
52285
89110
56786
22000
57742
20199
19248
24965
59272
79103
80578
29393
82622
74155
96308
62518
24877
67179
51220
38253
7450
40482
82466
41163
94407
74764
84755
93439
68626
22831
88834
5879
19914
43402
9876
49827
57391
63915
79590
3793
7269
67997
84149
40343
27412
66398
80650
1872
91648
59150
23712
80221
95104
3683
30323
73357
41276
7098
28551
13271
92424
67592
11890
42788
85879
82446
42823
10
43678
94027
98400
87858
18855
85163
4103
46779
59342
63485
9121
24760
42044
55715
98104
66324
733
17794
74627
27574
37376
65657
57652
65055
17227
97263
99550
74960
22328
24517
58592
60969
53071
20650
7346
22860
86017
74157
10444
36992
96991
32909
65134
54482
53365
28141
80207
57525
35527
70915
15557
24490
9894
37999
81581
39451
37742
59177
32760
37121
25631
71123
5843
15589
55190
57806
69457
64643
76552
15784
83639
95019
63771
1010
899
71682
6816
272
48954
94469
9584
61578
75853
37165
31234
5696
54567
97582
16423
2970
91670
25817
80035
26077
38515
73474
8967
50297
3823
36219
23375
79935
82940
77215
8181
22640
32182
70284
15665
9617
6860
12935
9646
38299
62607
70947
96073
8750
12374
61436
32168
47942
16042
5086
47733
12037
34453
3171
57462
43152
12706
2489
15659
83318
85617
62625
74595
94251
39770
62804
5466
82099
93147
60992
90163
14233
62111
66576
54798
59135
85549
4938
66823
42736
90474
83346
12747
75409
94764
57132
74231
78839
5053
35295
35503
32626
13128
93172
983
64806
68547
66174
64274
2554
95672
32627
15764
69833
42290
50072
65286
36470
5121
15196
89526
83069
83658
41723
32984
74245
16685
43810
30110
22577
20532
49010
83855
4405
77270
36701
32582
93894
31397
22478
8426
86314
78362
33893
66118
32495
37242
36640
82820
85656
13637
56309
62506
7313
12444
84539
46097
34371
81772
28969
46142
15427
37403
28342
15488
65093
18926
88896
11557
54831
61652
49256
20216
26408
74739
83770
26779
24079
24909
99594
72124
94759
90670
32282
8248
30000
90773
6648
16233
41361
99357
49540
99629
86289
26183
88303
81461
5734
77477
65344
53670
1317
68485
75664
50191
78327
58584
63893
91496
40140
50366
27899
53763
7561
79888
72622
85522
24253
70698
1173
20117
51666
16275
73048
98077
46399
90922
81122
64290
87930
5647
50721
46238
48267
42731
73610
93220
34875
19068
68410
15904
42315
76833
63192
39949
83650
97887
694
24909
38366
21102
82197
4840
1227
16451
53224
93700
55313
70746
82481
69660
18951
98655
19880
16737
96070
82009
58394
10954
87641
27476
90126
51865
18896
554
25411
75788
11412
81070
90165
38588
12245
96628
82462
52278
38911
33920
31193
43796
20330
12650
75649
78135
36177
66922
32409
10114
72794
48037
84325
93462
65972
42996
66517
98598
58559
24206
36161
11446
83045
75922
18672
58805
13543
24179
16947
84404
4594
24895
83790
15458
2000
22798
33175
35173
77306
24964
82743
279
66987
47010
28077
87387
42448
75504
2290
1754
21212
79711
63383
54591
73400
71102
47946
65067
4471
19868
84984
87797
32072
67732
31916
87106
18469
3546
25397
37629
68712
72896
74694
75699
13021
87461
81495
10445
32210
85531
64393
107
62250
24051
63751
17274
80849
38343
97384
74609
95595
85188
42032
64590
47558
91122
81558
39624
72269
87202
48545
73008
3326
10483
84235
95657
32435
79424
32136
99745
44316
97834
20863
23947
82862
19069
44503
57563
21045
47873
95021
5245
79365
17280
24449
37202
42062
28302
22961
80808
45134
88218
43165
4276
22208
45680
46698
18735
80658
63913
89730
48330
43316
95536
4952
6512
33740
2513
26761
3031
51879
94528
21950
50529
87114
34882
25678
59381
6663
66780
31649
10357
62410
17527
97551
9309
30931
82893
64934
52887
29598
47219
62026
4477
11902
27874
17431
43340
79432
22947
42755
65217
98507
61911
34142
60019
23902
65568
63803
84812
74354
24080
74760
99941
25510
35436
79865
16829
88826
40316
92836
94102
41147
32818
31269
64877
72828
22420
27137
88564
32454
51431
32647
39725
60518
84666
79602
50085
41284
65005
78508
56490
26677
35357
53837
30155
34086
13837
16897
76875
33049
99825
88871
84769
92908
25402
10869
59502
97460
19705
87673
42524
48041
57074
29979
77168
53755
45023
21854
87116
73474
83037
23173
86372
37747
17975
71154
58906
37870
36974
52457
13272
42804
12994
97812
48042
76598
81567
2720
64949
89929
14214
39780
96440
72310
92055
75649
41629
48750
52984
29829
64796
80602
94501
33546
57677
66704
46068
12380
99527
32961
46115
56183
61594
52848
61664
96814
38150
1501
50869
20232
27702
72383
37903
11621
1116
16465
7817
22399
39977
29347
93498
37612
6601
84305
24023
93439
33817
73104
87590
5614
61127
51301
88192
73614
19941
9040
7362
91706
52232
85061
12593
57299
46691
98683
13607
2849
58107
2653
62494
2424
36807
46047
40920
7062
95079
94059
41225
60648
39037
95192
84065
29452
47724
45532
42938
95857
3436
89528
26074
93979
72582
83122
68293
79587
51314
67296
50979
19419
87755
68576
28681
65359
60364
40485
56807
7463
24458
29611
11533
20713
78381
69355
58235
46491
56107
50698
4931
54182
62499
17037
66461
42326
6899
70823
48295
56094
36855
29938
46903
8536
32255
9148
6911
32234
41259
99225
69467
98052
165
97686
17401
21030
49499
10574
48038
36799
63288
41333
89425
99600
51998
55025
28031
61487
73411
36105
8554
98567
97253
50358
44790
9756
23018
97046
74066
36140
74872
42207
93447
14993
59790
32080
57152
29027
71773
84995
54038
40475
14567
49023
47799
58323
66066
76715
60851
14697
361
50908
88642
8481
13392
89679
31061
38922
81185
69234
53848
95225
87624
58748
23232
71921
55415
55325
57623
7173
12935
45392
44001
98292
99308
6190
74089
72211
74739
1628
3470
71432
55898
91460
27396
13650
73325
76481
41448
57446
80537
45203
54883
5109
88558
63731
36058
85065
61174
85505
68208
44750
45580
38617
21849
86957
94618
37763
15484
47795
73428
6890
7779
90769
4907
36260
57922
65213
64367
39920
86242
72533
81924
27551
81833
12675
43039
32168
56360
46524
42173
50175
3297
4579
52128
45120
37426
68811
64039
26245
12258
6649
54345
69560
34791
20040
85550
27618
76626
69542
97130
5569
70904
90043
24439
66968
46845
64009
51886
19360
56383
18351
77569
27196
27740
12040
61560
72235
9697
50609
91430
8311
74385
62568
3335
69258
24782
5328
25336
98304
22407
84304
85075
23479
84669
14651
91878
93219
4947
60746
96015
12254
38547
94918
81494
43612
10839
8098
65415
14109
58042
25924
17034
28444
2044
81860
6081
89124
32683
86445
42301
23395
82709
16737
88701
77206
15335
69946
68645
43235
4256
10698
92183
50054
70327
33251
96368
1443
57957
93683
83809
49050
30641
26632
94280
75065
28343
5041
94187
40587
90676
3748
22193
41006
26096
65948
64317
88579
54056
31227
85416
40734
96598
56077
79641
55900
33600
37197
98531
25045
57818
7264
8827
1639
73657
21535
50645
22738
71350
691
49690
55650
21562
40377
80776
47271
43436
2021
97574
5312
71604
80130
23426
69174
93771
4791
32361
57925
44737
25894
58019
24693
58379
75534
69000
93191
48455
27856
63587
73226
41037
13422
69569
2990
24628
56207
51190
25616
17501
58336
5101
68019
19232
86421
8521
49072
51506
14188
36764
86788
19984
37842
30787
94312
9322
79039
81853
7934
55023
2557
95271
2631
75664
64134
68565
4273
65108
42763
3598
52174
31992
91505
69957
9120
86528
97141
61935
59600
82719
57744
45958
77053
78879
53878
3193
74482
80301
27417
47661
12945
19780
42762
26005
58315
45652
38719
25641
74289
87087
71728
60966
17253
61808
19932
67202
14793
47400
18345
75434
60761
49414
9608
66778
99765
62146
55734
85272
2422
519
47678
49517
77442
75131
55324
26337
78267
37836
51070
88882
10353
93528
11587
47120
73880
68153
17413
17625
67892
13995
69586
59532
45393
98331
81270
35916
78735
18446
54453
9107
10906
53932
82100
39888
29495
68807
13463
46110
92955
9099
58053
36611
74710
2564
37863
92578
2412
91239
48880
33469
55780
80638
34775
16074
60922
42547
57855
65329
38031
89239
50615
53983
94016
61200
33757
88202
79380
14013
2686
93122
558
53096
83385
31536
40675
69031
29729
11022
67621
80526
44833
26914
75486
22868
82010
34840
38937
23296
21127
29564
35065
78865
19138
14993
74669
4679
87071
11152
94811
87601
35542
12384
22810
18100
93470
302
31772
67796
43861
66249
10087
75394
36156
8669
18245
55682
14367
12619
30993
95736
35634
98465
6642
24623
23991
80187
71685
5573
75997
33205
61074
1751
55650
2155
70689
37956
63896
67696
26501
89504
5478
5991
13718
70520
9381
18498
4189
12284
24267
47252
3176
98702
27237
66517
84253
1126
55612
49298
84971
23999
10874
46190
43964
5442
77863
99769
21543
66989
34380
87338
37859
16351
94872
40924
71093
31682
5984
93027
59946
96502
60545
88746
51360
13814
70050
96747
73278
22761
67413
81130
31205
82280
20220
80846
52094
79559
17704
36924
22418
9761
34236
92433
58489
61220
2064
5020
12362
81814
42130
32791
1105
28675
15462
79808
26174
43172
98478
37368
50490
33262
34981
78743
61141
9268
67526
79337
20251
43545
40586
48425
41285
69270
98189
59353
64235
68612
26002
10139
30071
51943
57981
8431
2868
41304
93598
88042
95014
7213
66030
91343
58164
7846
12497
7084
65792
56951
64763
28788
92119
2861
63824
83092
24355
26463
52708
23989
34269
95283
90945
83853
49312
38857
16390
47905
26522
39240
47852
94875
15644
46691
92740
42340
18384
11656
46428
95583
95049
41861
81025
28482
22166
95415
16799
17169
1297
87248
59971
10937
44084
70916
25633
34213
30283
5649
83985
95553
54212
9640
64629
23305
92131
44828
73846
31724
9362
34278
86443
89539
12342
85810
76795
52680
78781
60554
1082
22740
67603
9885
12240
35577
44243
54860
41399
14105
30618
92753
96227
37697
75768
25388
34364
26150
48032
17099
97190
24634
61951
66101
69954
90251
65513
70739
53485
98041
17518
56091
8710
4049
43788
18107
54925
13322
10110
54655
74951
12539
34738
41055
68382
98232
67481
54887
3941
60295
29079
26852
89178
28995
50874
34408
87524
23821
11975
7355
44955
22889
35472
67070
73126
35996
95393
92732
9120
29184
44634
42512
46452
45537
41079
85229
76008
727
24811
61550
12566
90625
72172
46555
98388
87258
58983
12116
54613
31387
3476
48701
4169
40269
15876
9734
31103
57961
15351
99958
51755
63565
3050
66292
62147
41245
1869
30225
79459
86068
3411
24117
27760
27110
5762
14052
11514
84596
16107
88141
98778
75466
30803
23183
70203
21080
68304
27241
80853
2507
48911
32732
35476
60136
85106
91134
37943
57348
69847
99870
70740
76483
28531
85039
83065
75243
65599
34452
6958
33604
29160
77702
34967
96654
44458
39557
10261
65471
26391
51640
85707
59288
15536
54210
27773
53698
18390
35588
63765
92714
81179
46601
95200
47927
49234
34161
12085
39748
76453
58781
71574
6270
37796
94260
56271
39259
47835
82449
43931
66069
8445
68298
92229
77602
87805
68764
40780
18129
23643
23928
88864
14979
10715
53444
62857
97924
24497
34927
88008
21509
80024
28405
73300
77047
8483
6667
65606
60005
4747
96200
56913
26894
51942
50353
90120
53214
69177
33439
16804
61737
73060
80142
33437
82371
81692
31716
69173
38110
56022
6012
6644
18721
98014
41487
96942
45890
6951
65503
86369
87424
99325
55455
15227
55871
43607
11969
6680
86528
45129
60477
82504
26333
12341
21755
35663
14174
80481
56254
68967
65883
71172
10893
9536
37614
6777
5343
19495
88755
9078
76259
30372
82560
10263
27849
36189
9243
90675
62448
59416
74076
33137
74764
78942
46305
59379
48147
59643
22728
58479
67429
98146
28044
65183
68246
17870
58334
47151
27194
14019
89951
37300
92651
48530
84952
57563
23450
41627
49847
87743
82896
6733
91494
55092
67999
11209
15177
19521
24938
55109
61364
91883
76109
93868
28967
79051
88522
71874
59463
96802
21618
27653
16410
20995
24077
18704
23454
27150
1702
86105
2566
22909
50933
44186
38738
43160
20362
21101
61226
88163
32051
78032
31992
6583
17162
13448
79807
87629
64062
97377
32283
75862
60189
71827
57462
66057
79547
99937
30564
67988
95937
65499
72701
34227
55252
29636
78676
767
35265
13966
46936
75581
7843
79360
26854
82967
7792
55481
46953
72456
52678
30671
19088
84273
1325
33776
73834
30185
93065
42090
39840
18001
1055
51526
32590
18021
92801
37614
41696
13390
61720
8591
26566
33556
36781
54650
46291
89361
54420
90405
86808
4801
63829
50415
23000
70517
96920
20384
46727
9255
16301
94574
32100
69800
42293
73916
34672
52917
70288
60829
16138
32712
9668
8566
29448
69643
22502
80066
67028
13607
29801
31631
47104
62490
38272
35141
31144
48423
79185
72391
66947
43880
14713
3186
4965
14270
37974
12194
43732
97769
6548
88052
43109
57747
87511
62086
34099
83366
33346
40091
70107
55998
98690
63291
40086
7897
81243
47926
69076
81835
40620
25385
75057
38927
23425
73337
52823
23959
65365
65916
11953
1508
6530
14680
64422
42161
67207
26883
33466
2634
65973
76201
35709
69402
64693
59500
13038
17954
21817
75590
21392
62629
12446
44938
92518
52288
46811
70440
51886
47031
84040
52751
38552
19594
83310
96972
5730
31271
18727
25489
76529
94905
36178
94546
97614
46271
16597
27528
10810
38839
9455
29656
18191
76728
99673
4750
52917
12959
48632
72226
79582
26561
11395
54205
59647
78880
39147
2485
29131
72409
41259
85492
48205
43994
65773
59991
48194
50960
26711
56946
80976
78238
53072
52785
53127
79818
16531
24473
56883
26609
65775
5388
98779
61211
8504
50828
67993
96233
23502
57015
22870
42379
63783
22960
45729
68910
33148
16478
3052
33522
83277
12814
91108
71322
13650
21556
83659
42813
80415
1487
28979
59513
52786
52394
61881
93127
16252
57886
48475
47465
86570
87733
27799
97344
89552
59913
73218
8347
19889
61035
99842
19625
42189
31072
5033
67951
6663
34598
30190
41621
2417
14932
47337
8091
44342
44511
32587
53578
18148
85113
78072
88133
26133
10003
31746
86973
46424
1315
85539
12611
2849
9505
54839
69369
27241
10796
85683
60898
74403
48010
90118
82072
38269
78412
40682
83292
83119
19343
54567
99335
6243
95039
21445
26527
44384
63222
84299
60198
30165
97058
15769
54029
9567
15941
22878
26693
20759
90422
60695
17046
86363
16261
34405
71016
19511
79419
43625
29631
18416
53887
45343
63396
86317
18102
27477
64893
83618
90338
48678
35231
2650
61579
66423
57370
2784
69243
31404
19443
97098
55426
43528
84207
22083
9306
70016
22602
77780
83781
84763
24488
66414
25619
64137
56195
71702
84576
86844
7299
71885
64506
88487
93899
33979
64000
73585
68880
46552
90629
97750
35557
17591
95380
70171
17265
36783
53422
50283
6946
67558
43183
82099
63003
75772
67342
25047
84937
50962
62339
57839
72211
96566
43075
75201
56592
15852
59558
29148
45330
46714
59306
58894
49920
82832
76112
75011
47233
56626
82852
34778
88692
45571
36891
7750
39581
56752
31829
542
74362
58678
13345
51329
53491
53328
37888
14186
16112
2498
20481
75947
10596
27707
57196
98921
60039
13706
95834
13108
84098
73121
13281
29825
22435
83230
63726
7142
49585
46491
50219
1106
50905
20084
19456
53158
18790
43121
76437
24148
66608
39215
46518
83026
21579
32783
72687
3419
54144
24346
70839
74467
15417
70927
60713
80404
70741
88555
35532
3850
69403
5108
85749
65319
83020
17058
45219
54739
58257
91722
30280
4308
60595
18473
7623
22726
32458
75017
41688
15352
91885
20051
23401
59171
4104
16433
98527
8103
15500
91966
6426
44451
89408
82541
79350
7857
33941
77011
39181
2844
85111
51922
36186
67583
59167
39970
78873
44251
15461
29982
31339
99636
48275
90921
15605
46409
14677
81627
25351
49518
86221
56012
83418
45383
10818
97979
74227
77924
1433
66779
66500
26772
37468
60955
48082
97959
44886
32848
78609
34596
83745
46498
42795
23651
1046
14096
52671
22472
89635
97920
7590
58940
87323
20039
58354
94282
79112
40977
65007
41011
6459
93070
34795
33775
17572
80570
50898
72001
44221
79975
47857
41365
70784
48104
74908
17528
21497
31580
13964
53588
3351
76085
12640
78791
91420
99621
4868
38847
93907
17861
44111
56628
83297
38721
16710
14561
61204
59650
37918
90081
78072
22617
47455
17538
9992
68965
88739
97545
19458
87618
53502
85026
84339
37902
84056
54209
25938
88217
78421
62906
26473
54408
5398
12057
2221
60230
98425
17055
13678
79464
48155
53499
23722
83547
49277
9888
3549
15085
51204
51048
59027
61780
64634
66789
80445
17695
11187
19167
578
64535
48650
15408
28173
58289
61385
84792
79172
66387
59464
81181
54265
70528
54636
49442
86649
19586
43281
52995
44289
58067
79554
39210
32209
41480
26789
58418
8761
73691
35092
92150
57039
82003
2085
46740
97475
39666
34092
44643
65162
27355
9270
74606
90710
95741
41654
87500
85639
27169
22301
25149
8570
39724
79458
24836
99551
90193
1921
22012
99401
52918
85408
92408
24991
35009
77196
43258
37903
75200
75810
84527
89954
15794
40617
40454
20427
39732
34813
54699
45881
10060
903
40677
67595
74635
85799
99752
72323
56995
63988
67319
74963
64038
20794
49434
53140
54422
51554
56567
21718
77390
99983
7280
20082
58316
7076
44090
78139
78937
54628
23989
56306
87
42801
55084
6201
79910
15318
8331
98175
47218
23392
79384
36410
40189
65735
18544
46547
14468
12266
61823
50203
27441
87288
92090
71132
71805
48139
15517
1130
43423
21039
68668
16664
72726
40577
43112
39974
70191
67250
50465
84568
34419
92011
85682
6659
58831
99978
2253
77152
68897
80426
10788
81315
44285
38305
98721
97893
42778
23938
43683
30012
92155
32419
39062
68973
1245
3962
83949
92664
47162
23232
47966
11218
68056
70231
20282
60464
66066
29864
97895
84191
96608
98693
50396
55824
19013
17741
20537
93488
91605
63021
29921
41558
27169
44548
1749
33174
69217
33119
72174
86387
52412
11555
43254
29361
20599
25514
11139
95655
10776
94052
34673
82419
96693
25726
48635
90824
50878
10656
22486
46243
12484
52433
11530
90011
26852
58677
39150
57975
74420
51446
55999
94009
16681
34208
39452
33688
64931
13094
99009
59851
81365
18435
14942
92929
5525
91867
71476
71726
65052
21184
46123
40128
49210
77328
42611
23856
63417
42267
93429
14259
72876
21474
10036
37040
37877
62043
43846
88396
23888
51729
26665
63809
37855
72744
85188
81773
99730
12607
83483
95271
50194
99598
32302
96588
12107
66415
14223
63895
23124
58809
56286
18160
97916
89479
75619
92859
6419
90839
18150
91313
84690
92526
14446
55916
93736
7160
42037
70235
88514
63310
15813
60086
43189
46480
61841
25355
81707
70578
64498
91382
14472
63028
17533
94800
19384
94952
17405
20414
59352
81848
48498
26731
16317
8224
453
44944
76836
