26863
24326
37134
48770
8466
71598
20191
45203
66342
92742
9113
71925
67941
39143
40496
9600
62913
1918
75672
28092
85784
75808
23563
49528
90294
60283
11225
61235
37416
22088
40173
97789
68408
13085
33816
95832
11498
40895
99485
72536
93874
78388
7224
52521
43023
23798
9676
22960
56776
16964
5159
68010
7074
97619
1268
66704
67835
63233
8892
89692
66758
71370
22042
38853
56323
46291
40858
81318
16282
88484
92813
61854
41908
48947
76236
95856
11959
72027
69638
61802
71964
43372
34281
44290
33262
29755
74537
14364
72512
50906
22991
6857
96139
10019
68704
99370
69444
11533
46216
59666
20887
30977
58372
29673
92578
67655
84586
48749
54543
61945
75253
58866
44591
4249
40816
42794
61808
97438
33982
27328
12987
97322
15492
44638
48908
33559
51860
42991
975
10415
22359
11679
66771
59099
17814
96990
64974
95187
92772
84003
14157
93237
1419
13933
51670
74640
77266
76965
42652
47968
25544
92959
9150
77524
22001
89280
51645
23082
47338
71225
48055
81789
93561
22257
66501
38197
6422
48001
84461
58429
44080
74136
49157
61297
5501
6751
31525
19158
22242
24759
64583
80003
13051
7198
40670
81053
13640
46801
30960
29409
117
54859
71122
23835
85156
13868
27934
69043
3320
64181
5971
18951
40321
11023
1418
6995
57759
20779
4656
99372
59572
79652
10885
69453
84171
91329
58799
70889
41919
19606
18491
25791
30154
3722
22738
22220
53163
99604
49428
63322
75986
44734
58900
33973
18635
80588
82352
20350
81604
5110
89707
92793
35741
73904
71368
80961
43467
67915
88805
49180
28521
10932
62514
79785
69884
58106
11629
78997
68834
12109
60571
44813
66422
6178
47876
685
95074
95987
16332
34295
81985
83683
90954
97952
61391
15903
38151
76004
3568
99360
59188
82905
38074
75053
9384
89889
75233
47454
87125
27450
12509
66555
99334
48912
30009
80866
56887
94929
29370
85832
28625
23297
65354
82550
77120
98244
78592
14229
8755
73881
63438
18341
5168
54566
44903
11686
28081
61485
82763
41786
60703
16862
22384
85026
85705
47847
30478
27364
43873
40423
20007
10094
74387
43008
96818
22677
33603
15658
66499
1334
40258
76612
15576
53565
33549
38213
68290
38852
20930
14832
25870
68499
62399
17831
70831
67526
66329
90583
52970
10828
71382
55985
87774
96459
83239
21944
18062
14433
89670
55958
81964
92998
94408
42953
58563
14701
94558
36987
81601
9929
59182
79535
82655
72844
99721
10071
95631
44523
86441
19363
42401
75101
45929
69779
26098
37058
39233
97966
33265
17633
31644
7275
58671
80105
48247
13740
71235
72633
82361
7627
10039
11067
90314
22957
93522
41899
22513
27251
75107
59765
34701
943
43558
17532
89648
75091
1495
5655
14771
21253
39440
1367
31322
32046
51904
92675
64902
37298
10443
64292
57008
66619
34968
33596
1001
81454
48827
25041
19243
33375
72638
98152
15322
65279
79086
26573
73469
36755
57281
20750
3444
67489
44895
54919
5653
97892
11028
57849
62566
73214
1264
94707
31545
83309
66744
26802
55583
23670
78957
32388
55722
7134
28854
64009
7556
62680
49325
67378
17189
41016
18340
9004
23157
54022
93746
65782
7999
99951
99485
50253
90829
85493
69029
79977
27718
20070
62475
11232
84545
71370
27037
46088
76068
55925
21311
51578
5309
59229
4631
32082
98237
26854
11732
67411
5612
64345
64092
28615
3501
36627
56977
3620
27215
63129
63807
36522
98732
43082
59461
56009
37794
81261
80670
78752
47979
5128
20907
35104
60476
17970
68479
21711
61911
62625
92134
42152
34060
91901
74130
23199
39539
96918
25507
27362
93631
93584
75762
11260
4255
14748
69915
45619
84182
17059
64293
59217
86613
86235
34032
14655
86258
85660
85881
92781
89384
87820
32172
69711
87530
59510
74503
76162
71365
50202
35847
6412
93041
158
12146
25344
83283
20257
42304
14465
26770
20912
92454
16382
37236
29170
74144
68956
18933
79742
57179
84593
1764
47308
50300
89388
66041
76361
86960
36979
77174
13028
41521
85892
69818
81317
77746
91548
64796
95902
67624
38198
31626
71289
50996
39436
56605
73584
70033
27481
86776
84668
26071
94847
5566
27173
3561
48899
20398
50489
7233
39638
83068
69304
25782
71759
1005
13931
69799
47092
41678
40596
68647
56344
54129
40225
53637
70750
2181
66107
34326
49563
21072
95611
7745
70554
6956
48443
1543
46777
99452
57066
41645
96816
91914
85721
45416
85458
574
91155
76356
90924
51612
27274
99505
53578
47995
37036
46570
24217
50878
27509
54211
91943
25232
4221
85710
29030
65505
78770
68874
4336
55
31360
73354
10533
71155
93165
27421
67247
1762
7874
21822
87398
84764
66659
97434
6896
69916
87871
35642
87200
11196
71234
93356
30495
51405
968
97778
45128
85904
85645
45255
5261
18132
46432
76777
17208
99244
83478
18856
66252
66860
31738
32297
74409
98432
36322
59319
87662
50569
65245
28839
13336
64885
26440
44966
39593
37082
52224
59937
66660
49199
7569
34033
15701
67846
19277
83681
47309
47114
72217
56861
44587
97105
54465
64441
88855
94974
62124
86747
33319
26646
51530
68646
66244
1980
12393
1699
72807
96363
75687
26542
67133
63728
34050
21019
88330
87426
16171
40836
72234
40287
7578
10096
4690
66244
45082
56033
61972
88456
97637
75993
39393
59382
9034
96074
88681
18085
48202
56601
54079
7701
74211
41230
4664
41128
85316
76443
97874
80379
35519
74054
12944
39680
14492
38453
61539
54201
32490
89109
15653
49043
8784
72743
51967
44925
78370
88200
86123
37731
1327
2651
19283
70763
37143
54965
54680
20971
2746
76196
93295
21349
44620
92861
86790
48321
66660
56897
5380
71717
59156
5611
12270
72595
52691
39032
69765
27551
83413
41844
55917
85516
51292
52637
99081
92482
47240
20342
32450
26126
37130
57162
46855
37621
88278
66939
50669
7830
28342
70406
60279
19676
13180
39381
54546
77052
47280
21409
6455
22961
19271
34529
45331
30482
61364
84691
23236
62349
6040
51142
36569
13922
82230
73602
21724
84191
20513
26869
80492
53523
22198
27514
31298
72112
45958
680
24469
5794
35084
60244
66329
26183
8477
13348
22467
31114
47197
60978
64327
55008
48461
9081
86050
72510
40770
38558
52820
29077
77298
87582
30629
39148
85128
28592
49384
92024
4695
22327
35772
59673
35914
2151
65743
29556
93018
8273
43358
2633
18841
6636
82808
85616
24907
72162
74592
2325
48308
916
95249
15853
66732
96107
47900
74964
52047
85436
53932
72741
99570
45783
61931
36021
97520
88141
27677
29100
10946
11739
13706
15713
74444
41751
762
14512
41780
64822
38584
53435
16942
38295
53273
69115
71315
83792
81910
17217
38353
72083
73076
95757
32923
3452
75845
61738
14976
61242
62312
18948
39641
78903
15979
21287
28956
10054
75120
84533
65742
84136
24046
66243
51381
20187
44174
60818
364
44704
13430
18117
39631
72199
25283
28579
85110
69849
81391
84299
80767
29730
67890
8751
27428
77817
43716
88527
12747
26061
44864
25874
4604
38765
81765
20899
35789
70580
89814
52262
36282
67568
82913
47350
60880
5134
35037
42812
58600
61827
58540
5902
58321
4537
99360
49281
73606
96756
23226
17964
23487
18944
50637
42652
4803
18553
48801
20877
76634
51766
97812
66124
32865
26579
2459
90438
79319
79354
53478
1195
60500
40366
31169
26469
47866
90387
77430
11823
62243
81341
55056
2388
80633
27539
26459
67014
21733
42272
72647
52567
98080
27510
33932
63063
54629
76703
67911
33098
54951
75489
25826
17701
48990
61421
1265
97093
12221
98277
61624
41164
62623
12455
10155
62874
64000
26683
27374
29540
90312
68725
89051
60787
27970
32935
65857
35803
71947
26086
87113
7990
5541
7702
82004
19293
14411
95637
3937
29506
60319
68290
34827
13325
83455
15848
31342
81649
91415
4682
83914
78954
37583
36941
40608
2198
69061
92956
69241
73197
95318
41884
91942
9214
82165
78189
4866
29799
89662
95226
61524
19760
39716
57149
48049
19717
75494
28882
20286
93743
80449
37526
39667
85422
10015
37019
18202
32884
95437
76363
19607
88928
96266
53335
50146
36502
90939
13787
90799
91928
64443
98895
44047
58755
56016
5292
60335
1321
6169
13433
64382
77350
78179
81522
15661
60449
10139
91828
59567
86401
32285
16679
44639
42217
73035
71880
11904
9042
31674
77458
36991
5731
12455
49353
94166
73327
99398
54211
75370
96716
82618
11474
30899
82859
31617
79026
43388
9433
31527
54892
36096
87889
62747
