68124
93434
42837
11594
73958
59148
34185
84627
19761
36782
46997
30600
71975
26242
7519
94862
84765
65164
79225
50570
17372
51857
86288
45797
11645
54060
80546
93048
51916
93159
71725
82394
4623
3004
898
42947
45824
73959
74200
48188
66422
4391
10172
65254
8578
84050
43942
99811
33333
77106
99432
95492
4767
57312
91519
21264
74450
62491
1868
94574
32741
30149
10332
76592
68788
17531
78947
85404
76453
72046
10344
93688
42822
20259
35930
36561
50865
85731
66112
67719
7089
22751
60781
86009
30687
35717
5682
55304
65797
84760
61006
54827
50691
8622
59009
83823
61968
92299
58206
33256
92280
68053
98078
73753
80932
53109
75153
30876
10136
65481
69264
40526
17717
52232
63854
76314
61407
10931
21997
12416
95320
97652
81196
6338
95467
53078
638
6955
65061
73441
28822
28348
77598
60048
20446
88725
52374
87793
12583
76156
89562
77592
54203
11853
49125
33568
23598
95070
63267
86112
18995
37453
23889
74629
73579
66184
7104
61457
37688
25305
86169
38576
65136
10028
66746
81011
3244
1983
77374
86444
46272
22853
17595
12548
54789
1878
23845
22364
74738
65239
784
1438
76490
1505
54643
19391
13582
19121
89319
46931
19987
30539
52270
91085
62094
82155
16305
36306
99948
28266
82402
67961
98238
70090
31424
92737
36050
96959
6393
76174
56413
30137
52970
28610
13972
77234
58081
66676
3065
47728
62052
95632
15922
83767
72298
4555
21814
73582
64518
36257
2689
38701
95461
45772
12615
80832
64877
87715
55685
85114
94213
88077
3411
94810
67668
2432
76917
83570
56673
16027
54385
91642
73017
36860
67003
21168
9648
55454
66699
37705
3422
32947
73937
57049
71819
29210
46623
42331
19077
96509
98084
39901
41805
95722
67576
6316
19635
54572
82003
59863
76214
65477
27513
37442
28333
61930
34896
78922
93379
53147
22834
58063
21853
48350
38813
3491
91991
54231
18216
97326
55789
14885
37137
67451
8918
60539
13105
98403
57578
49818
91984
9396
93188
27272
70837
19389
84034
84432
31830
52217
6153
78262
60750
76661
26566
75860
28940
82464
22863
59509
62920
89710
22568
461
69680
34601
74626
22420
23777
29812
53053
42750
49490
21405
61454
45400
31369
50815
5724
38432
61713
40849
76261
81921
6467
99407
38013
56810
39745
83427
67414
22698
30978
79055
82363
61163
63271
92889
42774
57256
35020
81299
40210
20556
89530
13415
20474
11496
21466
51900
89120
81616
42724
25127
46394
76978
60853
368
42215
28500
21055
91103
12176
31370
42746
36900
9513
54097
92824
69185
60470
28203
94263
99124
22795
82615
96463
52068
1099
47980
2123
89863
16018
85426
89684
83085
97454
75645
72905
8813
37416
81798
97515
10539
61409
8456
84405
46498
92087
75060
20521
50291
64423
86962
29765
31850
72012
37045
5076
10634
74533
5913
57376
80949
87509
1211
48965
68825
16388
51829
70402
27770
71427
90260
24169
67032
38189
74264
47446
47837
64136
76712
17404
83237
5739
21616
31386
26186
58938
54136
46124
5003
37228
15618
67038
92249
8974
24063
5755
81214
66240
64334
9892
15242
68093
32466
51741
22779
86680
97583
72001
22600
29825
75489
95541
6026
2567
36249
21594
87208
61432
36757
52348
99069
20708
84731
57960
50600
19616
69138
11162
62896
20358
23005
71476
722
1049
16692
30858
82857
8614
65120
35834
6168
15590
56371
63642
75830
38496
28066
73002
28439
87371
60225
25288
90483
19089
47129
98914
53206
90127
82152
48965
36835
29626
1269
85492
46118
52827
69870
40437
17908
68251
7328
47174
23201
32410
97202
93229
74814
3256
28991
67085
86316
23318
67502
50003
14850
94359
93871
8592
19926
30305
38453
24098
76940
53856
69610
22250
74681
4905
25107
89602
94418
13307
91618
64968
33910
49761
74514
91923
2708
32020
77474
97543
59098
34110
13745
79395
77468
62874
89618
43703
79997
33975
81932
70642
96093
46331
46513
80954
95296
80388
8089
92821
21686
842
73850
92164
20268
10496
7142
21872
92302
3353
5730
98492
91927
85991
766
73978
9175
77854
69173
78170
14879
66584
1571
48860
51916
64145
70334
90726
29358
1299
72978
16690
71796
35340
66269
61823
31958
77531
63108
90696
95327
50217
91760
51889
55509
53364
95433
7485
62309
94983
35853
68093
4720
20901
78636
65507
90060
68165
35811
27188
12888
14839
35316
5596
32641
97285
63710
94364
41450
84981
89822
52990
44091
96938
73986
85193
85416
52874
50566
76976
47132
13882
76461
20388
81891
17285
7997
44810
83217
97852
53399
75720
86770
50615
56305
57016
19471
16633
722
84127
5977
6642
20138
69879
81622
45695
97963
48264
80421
57324
99080
84438
44847
53625
41609
47188
716
41242
20904
59222
95087
53944
89579
93924
96816
63189
5854
93930
17620
4077
54380
38828
40538
94327
5498
97367
32964
1547
62176
66035
48864
53278
28613
64405
40946
56969
8054
27696
99809
3528
67426
8939
23707
70462
30005
654
80069
89237
78895
70518
83746
43555
27072
99272
81439
17192
92227
76130
46873
81588
24852
66637
61228
16869
82223
23311
38938
24846
62983
68380
49780
74036
65759
46733
98663
27282
23624
18953
42694
91932
37624
25919
96495
24320
3907
26422
40733
5512
35609
90364
45962
97212
62684
54490
50751
43973
4988
55688
90617
14157
62768
23453
57081
23745
76595
16959
61449
72152
49625
92729
11526
16141
76205
69387
96494
70728
79401
86970
22279
42620
81008
42536
12650
53225
39627
9790
87530
18721
51262
21158
57669
424
17446
60854
2278
67508
80850
21638
99700
81396
81723
73699
42618
50989
27746
64444
12244
58752
55012
8153
77747
46823
46300
44363
81677
36414
43957
96478
35268
1790
54186
34732
26289
36452
16957
41355
38221
71505
13264
20838
46332
95467
93507
298
32374
52288
42794
95382
73459
32106
91498
10934
4114
68782
69457
62057
55847
19071
37295
98493
28671
40671
37620
46845
82065
41254
62983
75873
69826
41403
50305
40003
99861
11423
57348
30514
25933
19497
42811
28991
75713
86860
13871
96085
68539
93332
77570
6726
26444
6703
68108
31808
68080
34313
92208
22238
7065
84976
13627
59418
44699
73302
53944
48065
42323
50261
55442
64799
57076
3629
30695
15225
85360
6600
20230
61466
23776
91358
51845
64581
47696
80564
68257
17449
3946
83264
42930
77746
53533
7880
64490
72572
41706
58344
2443
56963
63914
62929
82530
39254
85375
51439
8996
26506
10230
49731
63331
21258
81782
8815
32268
5003
70632
33425
44833
28414
162
47014
64430
31519
5202
64240
58954
53931
21347
44434
27948
24654
81455
31320
26151
96314
17698
95027
85988
39731
96134
36386
66843
3560
98000
56748
50957
63004
61799
3946
20448
1346
41964
19554
87832
45735
51690
83950
34863
41961
4891
86234
57457
99654
67349
36876
24118
20047
74128
14207
9564
5979
36308
5703
81633
2776
11939
38457
5178
14012
63136
515
39891
1978
37147
95766
55332
82639
79451
79172
2283
40668
19078
70500
9644
48943
37776
9715
48578
3674
5533
91444
54400
28325
8565
52600
9449
10366
98435
59417
24456
6703
5897
60160
70509
40872
10916
3206
66277
1243
28632
48568
74037
83591
408
11443
29650
61996
49492
47247
16351
12510
57439
59705
85988
31124
59963
22328
82984
49439
42500
76240
97483
40984
16662
44101
21795
24690
79579
28503
20081
69231
33781
44812
74462
39855
14052
72396
63383
5474
25045
9542
11394
95487
49064
22735
94300
15405
97180
49930
49809
53118
41209
10147
40279
34844
6329
86614
75048
75995
34227
25485
36154
48239
44934
56038
19196
20438
68831
57490
591
3093
35655
18778
64351
44929
51500
2845
24444
93140
64651
22900
76217
50528
45526
50422
22272
85407
38631
15127
63056
53992
17729
14155
52437
61630
83487
50569
26019
40962
61277
95050
77582
66153
12511
88273
46120
84777
30113
30308
73176
56685
91931
88729
20339
60071
63761
6028
6586
71685
63381
19852
63632
60156
13593
65174
82710
17409
62101
51928
92933
68343
15761
58296
95880
32898
32080
51821
34867
8954
84185
87307
33347
8859
76003
3900
79892
39385
3068
63562
26233
33297
78294
98425
92220
81275
95438
24241
7218
82812
39387
28089
7321
74903
21008
46943
18768
93123
13485
57204
95156
64536
54568
1044
55155
97379
71156
27779
72719
97305
39883
58771
74513
39944
42974
31842
71878
62665
2805
71040
59
93906
4037
43695
26096
25416
97261
35043
83772
36081
89900
10952
17950
36008
41156
69379
88026
40745
93699
39697
41016
40492
13940
5355
35093
73326
64865
68107
55172
71627
46754
19977
93669
37001
62919
91934
99520
38893
39709
65257
23839
99984
42945
19983
50725
5132
75775
4829
6606
44017
87077
938
8484
69493
14729
39224
24411
12391
75731
4473
58026
91076
5320
2637
45478
30467
73077
58569
605
16011
45396
60308
42828
32228
58270
33548
59517
81098
1133
76486
82785
87806
98029
41809
41030
23928
91550
99899
20917
83863
80104
11982
92651
36120
52540
77587
23409
60133
61347
47382
83706
92228
38
46281
28632
96497
80632
291
13788
88038
74372
53953
25480
7158
49646
59020
78643
9817
10729
12923
77720
83393
90485
40367
96091
812
40850
5532
13690
84274
38821
5064
12235
72894
95494
60396
36951
25178
22852
25623
83091
73762
42070
146
1047
96475
58175
21790
89054
12509
96156
25754
36536
58218
38285
14304
8783
11491
51645
82639
11028
90288
1040
56579
82853
8508
59977
85088
51070
38788
5077
24078
93048
43172
7159
31518
37794
98674
44817
53675
37851
55270
71723
44668
8682
64214
69635
62854
83322
10305
50162
75694
49333
39201
26807
7275
87963
72099
67970
37642
90271
72339
68063
61291
11358
43696
67292
61737
25597
93342
78713
25015
69695
94427
38028
74214
57376
82569
67885
38371
57712
10730
55685
46237
47503
76330
58958
22756
21857
76758
11942
82349
79791
3306
47574
19890
71098
93640
10521
43606
68796
81701
9260
4742
18557
27453
61649
8603
79790
78151
42719
68604
7878
52451
19849
11137
63063
66255
105
40914
25164
40569
72009
98221
36705
6671
57390
38663
29727
97170
18914
14570
50547
5161
84316
2684
29065
21266
4366
92960
75946
84787
31499
16502
19375
26351
67443
92125
9921
57460
28700
12665
93071
30064
96446
56656
15467
58724
17084
93870
77954
16657
42058
54920
32213
60687
23167
25949
27000
84285
97656
67321
97223
46706
48998
53075
0
47922
79894
67190
34913
38588
24412
58493
67135
49184
12859
32631
71264
49710
2866
2891
18902
66249
64038
533
82456
98811
24424
71085
29822
78818
36995
84265
34553
39720
16645
41753
29836
20912
23015
63760
74827
28140
32059
866
76399
55820
52081
62345
99379
81713
63334
71906
49967
79167
74889
66420
41358
22224
61387
1392
26478
91686
41571
72820
86227
79385
40155
19434
21384
80206
2970
33614
55859
66472
71343
67180
98580
43992
35447
18023
90490
91728
38155
11191
58370
28918
82697
77642
28717
10420
81533
7179
95356
77867
82859
59647
45258
59848
48444
83372
13351
41295
50147
4180
55309
45012
97707
32096
30305
47945
89247
92696
31143
23504
27189
32814
26946
58834
48407
76442
7495
34217
9808
51168
7869
66168
76720
5678
4723
97914
1052
80417
43709
12631
43829
13447
40301
70483
10883
46752
32138
66593
75389
56862
69232
11990
78904
14059
66211
14583
61290
18505
22257
43508
35930
49684
6660
99534
64486
79908
29824
5907
4015
2095
21823
16459
35845
86667
70630
82699
14571
41969
900
42598
14663
21341
22759
47363
10984
92306
38426
19594
37108
65562
76415
44888
25613
84267
98373
90227
88384
34182
62406
86103
10602
27320
79840
37934
29478
43843
91214
58302
56503
18327
78402
76252
93487
72026
41025
51678
54010
11175
79003
84270
73290
79698
19045
21691
64863
3786
22933
93290
72307
15127
81497
88553
83327
91074
8693
29892
42893
20084
25143
15249
86940
77527
56664
95877
45033
14584
72626
4265
21665
94350
57080
76360
43167
34133
84983
56479
95491
71443
55623
94871
82450
93435
57933
23183
4356
2608
69585
51569
24046
65793
21750
23367
97548
20499
5083
44807
66667
36348
2222
8682
42384
25387
17096
27002
14505
91110
80969
81481
81806
84043
34736
82367
42354
12056
48662
69867
16364
34886
42920
75546
35645
23247
37984
13766
95069
41520
23007
94053
75271
81930
79657
79491
15645
86019
43164
94154
23449
94377
88590
66077
3122
23575
52835
33188
9575
37264
88904
57250
9899
14503
52719
95938
60781
35841
94919
28912
88066
19891
18038
53316
17137
9541
66902
68696
11451
33144
4458
47227
91014
83491
31516
97631
28389
77273
10068
69004
24997
12295
52919
23191
24853
88505
75641
72110
56595
1020
45568
86026
59407
40318
56919
89447
66687
62930
42763
93775
81887
85263
74342
60050
7554
17048
26821
97490
31097
40950
31096
73883
7423
93730
81814
80432
51263
16831
96571
57280
48738
21283
70655
99384
2777
45462
11315
79730
10563
42260
27290
58186
28443
47597
77666
88561
47202
54219
31423
50459
4548
92691
91234
65331
53513
94212
63611
43759
22203
63677
77736
95358
57519
80635
22168
66877
92082
84480
57952
3433
6097
35887
47609
6190
48709
13940
81013
93310
15705
63457
9084
51198
17401
80626
75399
29242
99353
6034
11160
78745
93439
79895
10868
68075
46606
4648
38270
46303
84080
75486
39058
53712
25151
38504
3322
84607
91664
88969
45680
44797
28220
85725
90641
45855
2284
50265
62618
56788
87361
65647
10562
48466
15166
33361
31956
97772
19762
62317
9767
81440
2949
29430
82811
2252
3135
62883
93459
91713
23151
21873
85257
24560
2271
43140
54802
43457
1042
65770
76048
59683
45782
80800
69326
47197
21324
64975
17147
62115
92976
18830
52518
83269
74439
77195
25618
35201
26245
36099
75702
31192
16313
76782
40660
25469
82549
85785
36755
71594
77629
7275
91260
7533
73515
98601
14894
46560
96541
58037
12318
84598
27196
28240
62222
44625
76553
17856
40
92785
40230
23949
3512
53223
21375
14534
92452
13159
31827
85825
88168
32668
53059
94847
95570
76245
51989
5389
27511
81469
58757
35143
5424
86024
56585
60695
42452
60938
54272
88411
26451
61986
11830
90789
44589
37107
7574
76635
37805
74099
877
15071
68773
59164
42582
53897
20103
287
80616
63760
92637
97593
5016
99273
85349
9886
26444
87814
98701
98866
52702
93023
46439
40183
46345
52973
60873
39008
19027
49747
57571
2787
31798
73624
52862
82061
96684
74543
6542
19664
75767
85176
49331
20376
89291
71583
10834
28859
8409
35329
72971
40206
81560
64431
81943
51860
59762
84076
71775
85009
53672
65072
46108
44765
58595
18319
51014
32853
78905
63348
48507
81675
69431
37830
12911
22045
43345
87853
96714
90595
43555
42926
26147
22754
28899
86769
3447
54525
37830
64644
93413
80236
21579
41784
84041
13349
92104
56713
64979
27894
63823
5371
82083
4692
44348
88224
8036
91949
702
93527
95778
75450
79135
25934
11849
87249
73458
50536
3771
10263
82392
32793
79310
41267
42671
69134
70016
76637
31096
93705
90487
13397
88227
65770
1914
11184
50585
49066
8773
2988
45414
95521
46989
62693
84161
25991
65361
59649
15449
38168
15512
17573
32094
97584
51565
50283
91112
32597
80916
3787
26920
41812
69576
67606
89738
89124
75506
57345
89411
57095
58280
50558
63933
81807
35680
26887
73084
65437
49455
35700
53132
5284
85026
39660
15625
69580
35384
81559
62763
7635
25658
45074
43500
430
39896
74300
47671
87373
35938
15629
31438
91836
42623
87591
19896
44933
71053
55332
42917
39731
98934
68143
96063
90642
90060
43951
99472
34066
35009
78621
56586
86795
72741
7702
67095
634
19068
20780
78653
72649
19931
19288
18413
26156
46111
81162
68489
7912
92011
13921
2096
46318
73020
7157
22247
29317
62986
38065
99013
96166
60189
42111
9947
87009
60681
47164
95070
51676
84136
3658
34482
98844
49747
78052
64693
13980
77117
46956
26438
55930
22987
35937
29136
69745
55508
76140
8439
87041
74033
66073
18717
34027
44992
82786
49745
6584
78427
54343
27253
186
4304
73594
89322
13482
98813
39479
93306
78991
89867
76369
61442
83008
90819
41032
39386
1345
62769
17078
35170
83306
71060
35784
39339
38374
2686
36170
81088
17110
95951
41819
67119
29429
66888
36896
74423
87
13742
68596
20751
73194
47806
86749
59249
80959
28103
93498
32513
706
83176
22200
13982
88452
79335
88100
50564
29306
3787
7739
24508
99390
64823
9565
9217
34803
7492
81599
58799
16391
71033
7808
10985
71057
62794
33460
6407
43289
68394
74364
62555
55223
24366
51574
76798
89395
25151
50224
97948
57580
6523
63416
39769
50772
19913
77135
54654
88440
18936
9469
73636
55742
73811
7934
94492
31623
75874
63321
50648
9523
60608
92785
25178
68868
75573
2388
34679
63931
50255
10800
71527
85023
46946
1542
16459
69212
83769
58775
43643
32871
9687
41532
64428
55296
99599
3026
5595
12560
66716
40561
97081
59058
77150
29501
49266
96206
43218
82421
47771
90976
68364
64457
14392
47543
77684
19209
51175
57786
4826
57849
1644
78277
77527
47776
41562
23633
6369
72672
52155
88657
17195
38048
10940
61784
55703
99460
36536
38329
36153
18846
99232
67494
81673
78270
71043
31866
51876
27365
22304
58770
32896
71479
51621
47029
67306
99439
71202
86229
2206
17260
70799
18478
7426
97257
92631
45547
22176
99339
11136
53224
7806
85683
82232
30545
50139
42099
51934
85802
73992
76638
71529
4392
10240
28983
56249
54524
56517
80043
66520
99408
95257
35195
30893
33706
64055
35282
41085
2125
92588
57877
62558
77119
29748
84824
38105
67782
10069
60973
59803
22123
6514
48279
31993
82688
85453
7805
93533
35421
61437
82553
35569
45670
70823
47664
54855
62185
8284
75293
89410
11940
57999
34630
82181
92963
73105
80304
74870
33063
76299
45807
12079
8802
83767
23125
10337
3678
57404
17835
29668
9949
54724
52701
62208
1275
30491
9008
25585
69872
37926
36623
14395
39987
66622
58019
64202
58936
5032
33313
87843
17817
91794
27933
10605
52850
77835
48380
51894
95110
9280
77703
23427
93728
67119
32891
61912
1556
96778
11805
6464
87427
78377
66540
30874
48605
85196
28143
27232
4225
9388
57741
42389
92928
31901
26683
21898
19584
38915
49711
59757
2300
7277
44980
95086
62121
37074
50391
85103
58355
25094
81341
32104
8549
49369
15287
63733
1608
63213
73358
87708
64707
55187
62009
44286
59200
68608
37006
55674
29136
38705
41172
11448
30116
71160
20118
79705
94588
9889
28116
13592
78973
50406
46548
95325
52827
650
50934
70174
83351
87094
89860
37618
4129
56527
60488
88596
31870
40400
70136
23088
37444
51753
45837
15021
7299
60404
38898
55639
57214
1135
68631
55496
2647
22971
33028
74066
2216
98032
21259
88683
74573
6395
35030
21206
75200
63957
34720
92362
988
2241
16192
71233
80035
45505
83455
60863
94811
81270
87659
30365
28755
44178
93444
45841
20291
97019
32563
50748
67441
41887
51675
72847
77776
35503
87431
66939
47939
47321
18947
60532
27744
42790
25223
35713
82031
69932
65038
63874
47345
76753
23397
32350
66750
49149
42942
360
31910
41210
29284
38862
29913
41675
57481
84574
52195
7238
93276
87637
81711
75439
49910
17478
98412
67283
28435
49347
63661
6814
41885
19594
35209
55705
34884
40111
68099
17091
62443
40386
67141
51083
2332
22141
11685
82663
44987
4877
9002
69236
79543
66682
26151
70923
57309
4436
97893
65884
25031
38140
13888
71434
76018
46924
39496
33763
6765
57572
67815
29082
81581
34450
78050
1538
15997
46237
88217
54345
74131
73230
3528
1422
86270
45084
85904
98305
34875
42547
89936
11222
78407
6079
57644
86502
97743
48571
87504
51810
10211
71888
66830
39572
47113
47468
29667
34004
55533
43105
63768
1859
42678
75319
38659
74376
84
96528
81550
88933
37654
29109
18831
26933
43384
5314
76727
28612
37465
72554
45095
20715
27370
90280
79739
48486
67298
41220
77226
32692
50447
40607
53126
20874
68392
75707
77822
43253
57854
86921
70563
84714
7056
66736
17800
52683
2781
97047
38754
45049
89907
58735
18479
74417
36967
63104
64435
8356
7806
62287
26685
86486
25224
68328
29736
64787
74540
84430
89277
20969
47806
20028
33654
87814
24014
89239
18718
60079
36922
97810
47092
10425
74595
86397
76461
54952
84637
33099
86137
59266
82847
81279
63710
41807
72123
70643
10977
53232
55144
33924
98116
83160
890
67613
55721
25419
57203
91486
55956
68818
16947
16456
82478
53656
43211
6856
18598
67461
79824
87230
79666
68020
14186
90602
31347
86386
67756
44914
60790
470
12734
73521
4151
19704
95957
22143
86657
38703
35589
54105
4272
79146
96461
90989
83863
22890
79440
93477
43676
52667
26468
87533
80705
44174
70915
82434
14527
76852
44447
5178
29451
92249
41267
6986
56570
52602
86004
95639
29473
19556
87110
2972
57972
19019
81707
19893
816
75491
69590
94950
597
45695
16734
19020
55307
25700
7918
36189
51237
50056
56313
89214
92451
47949
14250
14913
12721
98548
23770
63097
61101
40703
50747
50972
29670
94984
96305
56819
87040
51255
10977
53153
21332
52356
22049
65646
47443
43401
1454
20783
52427
72547
49181
54611
63011
33093
3561
20172
84480
34329
42987
31928
78634
29812
1896
72652
57609
4949
8164
50716
83689
88922
23796
26153
68988
11774
98129
72519
75742
20371
3560
55434
15860
42968
76175
20109
69102
73495
17938
70910
36044
52190
35211
72329
94588
22519
20304
42911
14337
54662
69191
259
40015
93215
37236
43090
86195
60130
56499
85228
80976
33844
73440
19875
65060
69083
84435
12287
329
36117
55818
1195
5783
21814
543
42848
59494
59452
54969
79659
58545
87024
82590
19134
43959
77884
77189
78672
74940
29795
44329
8113
39084
63042
11322
37551
82207
41121
78318
8478
8631
76981
63381
74631
8454
9557
30410
42288
47981
11223
13349
12132
2719
49703
66605
82910
6405
42915
11851
28727
25786
33238
96441
39658
75894
97519
22138
91873
98824
85405
21027
66782
93309
59561
19511
21959
14301
82288
9520
89518
39476
49308
14841
6012
44078
88158
45849
70426
35260
27754
15273
36188
94899
558
77383
61418
63731
98800
12483
84652
47717
63364
49206
68658
87038
34567
29747
63517
73920
41434
84470
80558
47936
24766
3161
30568
25794
97097
90021
68516
34272
31395
56101
20018
66922
65312
26485
85830
87015
24409
99162
92998
5401
63401
56780
1455
62687
28577
79854
42047
87316
72456
71647
89923
42420
96627
53800
15293
59615
48285
27381
56785
38838
59427
4257
3628
78243
75039
45833
75794
20565
3294
89379
99203
30376
60160
6216
84329
24771
10412
29196
36576
35067
55341
77071
14658
18581
66221
91339
50446
33481
89357
76685
4788
43842
87006
95521
80832
60705
79007
72967
88545
46082
90003
68738
22869
24598
97470
63758
66803
3471
27996
32913
75956
70042
94302
73770
99102
79239
77538
87366
89679
11364
55469
66450
47362
54023
99720
30411
95745
98538
7957
31089
40360
81329
37548
60890
24146
72551
87734
92899
23554
98694
77669
3904
62415
89462
41198
43925
49517
31276
90820
82717
83988
99860
50066
23623
76143
71658
66741
49185
62116
1953
85780
80365
99323
29254
99965
13232
74604
56351
20541
37225
3593
46829
11291
18079
29349
47377
19921
7475
96736
71499
89480
39380
34097
8893
74959
86065
56399
28782
73625
6569
45659
28554
27536
12126
78797
90759
86265
19656
3001
13858
36774
97990
41086
2952
4721
44944
43723
69521
93564
1032
48686
61766
25666
18606
70395
62819
9401
13362
10997
69304
7527
73541
53116
88713
87646
62408
9907
97397
25846
54886
88556
70932
77349
64574
6099
76538
84221
37816
6228
70200
87266
10552
25513
72961
50086
23280
55076
5642
38467
74288
29685
26603
32885
20601
17017
98754
79953
50160
47424
75031
70822
25742
96409
53177
99343
59795
16988
19111
81521
63834
34419
89804
82775
3368
49990
16353
62248
11774
44546
71094
34210
30703
10917
36556
84917
62699
70824
34457
78782
53017
56553
41870
75230
19523
78836
53589
83095
34347
56238
30804
92099
48316
37950
52591
85040
46683
53241
82154
30492
30780
39432
48715
82345
16337
81815
11454
6429
85629
87068
30482
42808
91399
82178
55713
62099
52970
67698
96045
39410
10665
84413
35205
84133
36896
13256
26855
82529
43669
37621
61695
99733
1390
29450
65742
29004
62972
65152
80166
53375
99508
54921
51185
3572
80991
80767
30162
67383
83751
14406
89283
56787
79698
8509
42301
8780
90251
81286
72662
22972
21435
3983
93157
63337
89559
7644
12161
25856
50419
89875
42023
21712
42900
69828
3578
9509
79075
3923
98149
2591
57118
6659
42140
34286
6856
60993
57697
59245
67681
91850
41026
19320
36592
1498
60095
46603
