31569
46965
86133
14967
14821
57179
69009
14408
23980
17682
50122
70996
70769
51725
84841
30330
49012
70686
11973
15319
6021
69506
37801
48877
93592
12948
36260
83616
64517
60897
12813
5306
5984
26235
99921
56269
6160
19271
63515
88664
87918
97170
67326
44355
11899
28992
70082
32453
61822
91780
233
58789
40953
3340
25052
31389
44999
76564
68567
23066
78260
21755
17133
72224
66712
72211
92537
70635
65426
59953
52867
28816
35550
93124
65675
99777
14770
18306
83286
92336
87995
52926
68818
85835
71886
50742
48327
84037
94733
90121
65435
40726
34297
34790
3842
81368
31662
63839
45121
54098
41056
74460
79677
4818
83824
71980
52645
27155
55051
34711
18073
50143
93503
48751
92789
96525
65114
69348
9822
73931
42529
11158
7239
34007
10473
36581
86304
6471
41430
17509
54044
46985
47310
91726
13470
99684
30937
80303
80576
73693
45688
40034
16927
43446
58110
38075
5350
81136
41167
4154
90133
85778
27220
67680
96749
56482
42680
4606
60027
74351
18083
18536
82751
77937
70736
98793
95609
68904
9292
63248
86767
42754
97998
29704
65692
74169
25005
65446
48664
80952
29187
96539
58496
59773
26492
84393
32450
62234
91674
58963
36328
69878
1161
86444
76254
80721
37146
96946
70113
24964
94846
34035
55270
35526
14881
17549
14757
1484
85984
5620
41888
27336
72840
2828
14035
21714
20397
50999
1498
29348
29283
80168
61017
66718
8381
48566
23500
54538
28096
91116
52876
48507
67490
74621
25851
57199
3908
38389
52396
82355
11306
70922
4466
27941
40307
8241
78467
63508
42233
5166
29128
49635
48103
35779
1444
80429
93682
34857
20766
29827
81781
41821
52173
75537
62413
89265
20864
27582
89837
85091
84679
68850
29567
92491
12993
12946
18520
68622
36163
36038
91319
24848
65953
97500
43418
92262
33020
96390
11740
46441
62792
14046
23311
19559
27577
11273
37906
69171
55785
25433
10511
96125
87657
73229
19540
64412
27810
15859
13355
11079
58374
88654
16760
86243
44280
66930
63887
1111
30581
71020
79824
29019
34941
57407
61152
85263
67458
18153
36037
95560
85900
37220
83261
75685
66118
20616
19324
78079
71401
8686
99488
17119
93058
55599
79474
29194
41507
85738
3644
35607
90051
26085
95169
52706
4178
96715
67678
93337
55838
16020
90587
70162
12731
4994
50925
68095
64498
71335
80171
70394
62057
59076
8907
9979
2379
74605
85209
71881
61587
63336
65043
87373
89530
63444
644
96738
87163
22918
71163
35208
72287
89166
44199
51448
17835
46008
83889
42769
88130
63534
4918
60305
60983
74556
87328
26335
85939
99596
97696
53093
25471
54127
75401
13564
97039
23836
24172
7903
6475
92179
52012
21825
66715
72859
83869
27
3503
6025
29054
71805
25704
23586
45552
17414
62086
50487
89266
43151
82511
78255
86331
85409
61369
99715
27219
91015
34036
66115
29966
29246
38423
42422
30309
26792
48965
10238
81874
97088
91644
66138
78345
99913
47482
549
21870
67999
44268
56060
55479
21614
10324
60188
39519
37857
85750
70378
88739
90227
36543
8748
61756
38978
65331
71636
61370
79137
86002
59773
4090
6604
84293
81390
2372
70487
88363
80988
31971
67679
64507
58605
81889
38914
14773
69942
63487
15018
4297
5477
19758
7236
53795
22587
65133
88591
86706
87057
53439
55088
50388
20251
27528
8674
27584
45866
72836
66027
57647
64332
47364
93258
33575
16750
68998
69805
9414
72257
92047
29119
1703
49370
76008
11549
46388
87796
1874
36714
83945
52592
60680
19480
7168
57276
88784
27591
24767
83922
13597
35531
954
34935
36388
35813
96069
46500
62776
92500
4251
40545
3844
54116
16836
55437
35141
4804
3718
51099
90562
67701
29451
52406
65608
95103
52043
30948
59942
31038
99862
84233
56834
67033
19648
90915
23191
29299
11305
90738
26988
56922
45544
50298
32305
70877
77812
83713
62232
46427
28206
28947
75662
18550
63758
5574
2229
85447
38888
23159
55391
7659
10362
31059
80713
67258
9718
75346
71250
62168
54887
59773
57942
13765
77505
57488
13899
45295
33130
84891
76759
69895
89758
322
57484
41489
33412
47845
3202
41748
7627
86202
15151
97522
30687
9141
33893
70066
94638
44105
4328
44633
86546
75305
94186
54967
44443
50952
65573
15741
62842
26974
62869
51532
94188
54251
44943
11368
33345
27990
53122
65196
68744
19919
2761
53784
80921
22163
6953
15525
57566
68781
53869
55160
75135
3673
86876
96757
20457
77188
65908
44267
4026
24655
30181
37197
41995
98034
23916
83201
22586
7742
67722
71665
39091
57595
63329
88063
9947
17552
92555
43318
83865
80000
90998
79099
88001
41585
1568
43298
8511
35369
98155
60797
36156
29585
83292
86928
82863
54779
64758
92607
80931
74432
93647
73384
32449
45794
47083
79726
25754
10384
76157
40426
90387
91112
52247
73702
84686
40182
24073
74660
36241
12059
15230
56600
15381
56073
41807
10167
42284
66923
59874
8295
88016
73569
52387
8661
85028
80104
56605
39942
12842
62680
29940
33957
10369
15112
834
27163
97015
50764
3405
49981
2899
71678
15650
34271
68696
65787
21904
88135
80375
60132
18691
29340
25108
23300
70203
19356
4914
38610
46984
68589
13150
61804
55524
25675
34261
12867
98030
11360
44339
56022
47838
82130
57625
50199
23178
27127
38906
89769
31956
33955
4578
11307
59981
48962
35780
95982
70443
27361
1726
71266
96834
82278
10443
68719
29889
84256
22533
14463
10060
24824
33268
24825
86994
47687
94264
57416
64842
54978
53007
44058
13327
74513
79971
60612
8757
44861
89171
48931
84550
44359
11292
15933
15870
57237
94564
85478
16447
81127
90755
8319
90514
35080
96335
1560
10939
1120
95746
80566
81591
51206
25002
78832
48053
39251
95341
43955
43342
88882
54966
24166
74530
93171
49600
8679
8881
70366
31038
92564
95666
34981
17605
1542
83827
7443
11383
53624
85998
4160
27725
96517
6501
77158
85920
41295
40634
14094
26868
85852
47021
66883
79073
95451
90450
82505
8927
18853
88846
42566
8653
18046
44494
14334
39614
82650
2372
31293
96353
67932
65823
14093
28940
70842
42918
55015
44485
4797
54130
75270
39340
47332
73381
81463
89255
67975
59530
91404
70667
76537
1161
78352
43333
80359
18983
50646
38019
71870
75576
22122
1153
7465
15651
1704
23795
96279
90033
8107
25932
7899
18480
20958
35913
50573
36362
34063
50525
41678
6493
7106
56570
61257
93239
91393
76345
28308
85712
91248
10470
71926
7236
17278
3851
33186
26155
93560
26006
85378
72151
15928
74186
16303
74890
28124
96352
91292
14001
89937
48599
61811
89152
58125
447
81175
29803
93627
61502
21993
5471
81073
85788
93830
66491
61950
76914
18700
62510
80416
31754
69821
97166
13074
17714
23645
63506
12834
45571
93270
73101
4256
77833
49499
69032
64274
38158
48137
39098
19364
64935
60008
49382
65949
58170
12081
94545
94509
21290
97579
66559
29827
74977
70286
67786
68283
80506
7848
76093
28341
10664
3453
44083
49312
20742
1289
58855
51092
36315
41313
33719
82144
35625
47576
18234
93880
60659
31357
55739
51024
19593
19778
94194
50438
17457
23927
7485
56473
73076
95541
53888
68536
10114
45559
84054
68278
13762
86946
57906
62969
73850
17637
66135
28209
23096
45531
94256
50470
78203
97069
38957
71018
42657
73429
42330
60461
84685
13214
20990
63695
12244
14727
17741
43761
62309
45062
4522
48292
24723
32585
13309
57027
25824
45431
40589
10173
14919
42005
77850
12458
32678
19301
23513
71455
56967
50313
40013
40540
40297
37925
18526
48610
4591
39171
41561
74562
28133
79984
54628
34577
49259
18403
71068
15831
69280
33885
59693
24583
5035
39563
56781
51753
56552
73321
57013
21971
20046
93058
81949
90806
86169
21202
62035
4181
93273
68204
59928
12528
40150
55895
36311
98462
82462
79987
83843
2489
7693
186
11052
33203
14584
65025
47741
55687
38518
11581
83221
57514
91179
18723
42527
21377
84722
42408
69489
45068
64742
34727
51710
42591
11149
4833
75000
15633
64194
53150
92133
54701
17469
52625
4925
82790
29089
25562
97406
83304
92354
72421
139
53865
33874
7760
81320
16223
92422
36746
12234
42411
89897
32279
90559
79698
69533
39248
87642
25325
95849
44359
47736
70262
43843
95016
35572
59523
18971
91259
59651
68687
63170
31077
33518
78931
13526
69359
63658
44948
95371
5342
52213
18902
5015
33825
71406
30607
3002
68234
8145
72694
14439
42803
25071
96921
89908
25058
60934
23694
60058
89351
50498
62209
24169
98338
55023
5037
70476
72161
70810
15238
76212
59367
37603
40306
12643
82441
38433
84632
94488
81361
91922
12016
25554
56165
58429
1114
34914
76035
20455
80939
90257
55747
40846
86115
10795
59614
52324
78745
73799
67724
94412
7799
48533
21801
9418
18210
22275
39121
72682
34930
88395
80331
12433
27648
71612
22626
1687
51741
80291
36110
40425
99135
27861
18354
98010
9782
27164
16382
76545
37213
15901
64884
34963
99148
4354
85256
26270
27467
58152
2496
44671
92257
61671
27291
18592
48521
11833
81166
79346
86598
75881
37993
10178
94541
48026
52153
46811
88385
77297
29670
57977
31133
4192
93084
19173
68777
47343
72711
89394
80143
10633
3896
44882
53160
74241
24613
51477
64048
70207
50796
92736
44792
21066
50103
60262
81850
17107
667
12166
24998
13916
506
97280
77851
58980
34857
54069
28754
6417
54316
314
85236
69144
70558
99384
38636
28043
44044
74724
84503
78815
15265
54038
61688
15289
52572
64296
42536
52469
85533
81229
92330
13939
21599
77771
53789
95871
49150
67254
68523
84122
89114
67819
46654
65994
2549
8613
36273
3547
21910
91264
66340
5520
22352
55336
66314
34411
43676
42812
40765
92980
47874
83525
61553
73417
80439
69549
678
26946
61920
16638
89431
18112
82581
408
46959
50834
81345
38574
51227
21220
36390
30365
53051
76996
99325
83722
55762
85394
20411
88887
41244
7555
63311
3202
78175
25394
82695
1882
72986
64708
47571
19007
21755
61046
89217
76981
69389
61509
90247
4388
56910
13178
99904
880
60830
20720
3117
4144
55699
57891
22205
61164
89098
67223
54183
25624
90296
97346
12564
47559
95390
95735
94010
84558
82395
91824
65538
41367
5627
7319
39403
38974
89101
54385
51816
47500
98035
65832
21252
39245
43410
68627
43110
20688
62761
20644
57167
38107
91199
73294
80704
40904
79669
4272
27737
31903
29530
10658
15292
87665
1853
63132
97008
68527
5181
5918
15298
42405
13085
99423
18181
33303
55059
53621
96442
47702
1471
33149
75531
10270
18105
60904
54417
56815
55427
69315
35125
47398
41598
47233
19667
71320
90552
81575
25115
56779
21378
28467
5458
94384
74272
63466
56277
78560
37242
36861
80605
51314
73072
63831
33950
28535
77834
83398
64713
90771
19981
91491
47506
72119
46057
40127
94315
78303
95183
61356
10927
27141
98784
48166
32444
46177
28961
41756
42103
94846
53835
59391
58995
46553
52894
87910
32428
95768
44982
56314
91854
67141
56789
62629
71507
14918
85056
58258
78537
34491
16838
84609
95153
47955
40091
21578
75940
50922
31171
36555
45456
35107
98761
92399
64992
20510
55535
8093
75738
85079
9024
74618
95074
48475
56705
97820
63068
31495
16423
62765
53167
42335
48482
61304
66916
81159
51446
20307
36398
42498
42890
17000
63811
13412
67833
5058
82664
470
95942
60273
79948
73222
88269
66426
55371
3912
3989
24637
36018
9422
53441
27268
57922
72191
85637
26342
39373
63254
98678
309
23070
64826
56602
93706
24949
58870
52863
16362
68912
29364
21640
10101
38117
62746
94625
8012
44235
49633
19859
54972
43257
51886
1587
98571
35558
82832
13717
25470
20816
44021
44991
70692
53368
62376
9784
30531
18634
22827
91071
21853
6042
57676
39671
74718
34154
51048
32512
72741
23688
11961
99745
12141
43444
1981
88769
32087
93727
78373
42742
70229
6736
79542
50325
67349
7264
64223
67783
15240
64581
64824
42428
35150
92011
93619
12793
37248
10174
20866
97645
23034
3077
95205
77250
56963
7592
301
90639
82170
42706
61682
36938
85503
61713
48398
3131
56891
56538
76468
51499
83692
11370
89936
283
53425
42856
2461
35922
70095
85798
26749
11854
3550
47301
8632
16411
3699
11160
13908
14817
56490
67169
91500
71607
22319
22264
85681
10038
63657
16362
22938
29673
72100
38942
15817
84640
41466
71155
98716
83716
14526
63653
72140
88581
44708
72622
12646
75951
16720
49705
16836
16666
86938
75729
85095
21345
95962
27881
27602
89002
76085
91861
4934
8804
19044
6501
7478
64943
19550
56561
20198
67349
72834
84928
29605
85367
51075
10243
40452
23842
82575
54494
41970
72096
13630
98983
8277
8234
76756
85607
21095
18459
92498
43229
31275
22272
64736
5890
76362
108
20847
59655
43983
13352
22190
56666
69915
3367
47244
61256
40805
71032
77252
17212
33522
80021
7466
16261
94605
28568
36976
79158
96835
22669
48149
29479
14557
62370
18283
9433
94331
9946
87235
11511
2474
6369
73783
78168
1569
10331
61428
30048
10718
20886
92482
98278
54520
41981
2002
49137
84640
26958
48547
13467
87129
13059
12496
38040
70417
82604
16538
72303
90171
27358
65453
12007
90443
81029
19057
6429
82701
4949
33840
3793
67490
41566
42782
26017
45848
20478
45642
96205
78052
30736
7936
20122
9119
51298
53273
78514
3130
24676
23904
82184
46560
51100
27201
40313
88519
30551
92304
2446
14481
75738
42642
59454
27045
68599
78700
46737
72997
39866
1511
38399
56717
97155
75357
98230
11079
66478
52547
76762
90445
32078
87250
77927
8476
77432
89587
37651
95889
66363
65639
18446
54083
66702
58480
14987
37948
12130
82688
49304
73429
82326
31164
1929
18765
88170
41164
30644
80262
59435
24162
63957
89341
21068
97188
15505
95844
99638
57623
85879
10269
39734
45866
47746
25493
19284
80093
44540
54426
14501
85645
22397
93531
79222
40445
38929
34587
59913
92097
39383
99377
64956
64938
87973
75614
7460
8233
53897
74796
55609
52610
43883
53568
85483
71023
17422
2716
24882
16749
34069
50612
43331
86215
22722
40650
11998
82142
18553
64712
94212
19186
30884
66490
97350
58191
34224
20741
72537
45206
37332
85992
88582
60679
94257
75629
44062
39624
25365
87052
49866
86357
53786
88253
85856
88868
74028
93911
24817
15123
19431
97770
61152
76432
29502
76150
23085
80197
15992
33382
82895
54047
32053
46028
8769
18169
82383
3673
67347
8778
1916
25945
22113
56615
87375
25641
11488
59190
75198
28215
97685
71216
45150
52213
9216
13874
70026
33112
65845
2369
94339
23699
2251
87927
92145
22251
2733
84462
14856
22647
8463
25000
21542
9559
24635
56569
59800
98253
70216
18097
59260
13372
31308
15050
12161
63516
51880
96010
92907
10934
4066
69333
2099
15970
57168
70483
61643
17147
56240
33401
50303
30204
95317
54711
49783
39738
83419
94717
56473
40605
24635
69611
26891
95611
76090
91507
77078
35155
14493
10957
16742
41283
53719
21783
8142
51303
60162
12583
58536
73295
79564
50415
35098
77307
66153
32971
42132
29525
95078
96585
8310
10635
17822
98358
12591
1384
87333
51681
16256
75054
79489
46735
46175
33651
41689
7802
24087
51221
1190
4326
60460
53306
26150
13634
44028
46984
76239
11895
63713
40478
66944
36272
49907
40845
93075
2534
43595
58135
95631
80903
81251
81346
39067
25571
6105
72953
80748
77330
69521
58784
69471
29765
70394
95057
48322
64360
4233
84120
68460
25424
8065
32295
44141
50983
27253
26551
63968
96593
82404
21020
97822
74457
55619
77123
31724
74526
29560
18602
86068
44980
88482
73277
21681
87672
87830
38121
13635
96115
69381
85406
9379
6602
20377
54022
18289
49536
96798
18876
54505
98441
60157
234
66899
64428
87587
94500
53562
1299
88225
10395
93332
54226
31981
44191
29536
69618
58053
25492
56399
98457
95347
52911
9336
1080
72652
43789
23183
5745
88531
78768
22288
71906
9979
41463
17077
75986
91369
62393
616
22711
42040
26814
67442
9954
57206
60666
46705
11400
74059
12999
8072
1133
69913
40510
26256
20559
39551
55665
93868
27532
60408
30088
35451
82641
93057
94358
33095
53057
55160
70647
38778
254
49696
19336
14704
61431
5344
31043
84039
81645
62251
99286
81075
76771
20058
49471
66062
55971
44406
27750
79980
43623
87858
42903
32589
64010
41044
48602
7500
64364
21556
7057
2868
44667
30909
13613
16435
55525
50801
27053
2246
375
33354
85493
93107
9328
62586
49607
70582
46951
7795
77376
89779
86101
55331
32209
85514
78177
72952
90712
44073
60615
21825
74523
23291
27588
22292
86657
84286
87520
8908
34477
307
54488
84395
17144
15950
17286
14109
84169
98284
47536
78877
37555
4805
86762
1168
52267
79607
1641
62959
79365
81794
61126
17187
24490
51026
93034
52297
45496
36983
24060
565
82902
70384
12388
84146
75858
64774
64635
75175
12889
63573
29905
40342
53235
41573
69339
19230
75544
80631
9751
31776
8755
70490
44413
61246
90641
41022
79748
77055
96294
15136
90989
42672
67485
46595
39312
7749
85977
75456
41058
61180
26188
81492
31520
76002
37043
248
42938
73583
32685
82670
49183
74445
74135
17975
66336
49302
8069
50273
25124
67995
84126
1118
98728
91713
17109
89456
55184
22085
1823
24288
28015
38240
97526
23821
78671
30246
50249
94946
71229
57385
67901
97249
60340
9818
70661
19675
14916
76239
92441
12545
78111
9408
23222
75125
14304
556
18066
11353
64248
38585
13658
70281
5110
38552
3146
29637
33298
13766
10504
52774
75543
64814
93757
54386
89611
64588
1969
45291
45532
97646
61250
44129
97480
98739
94080
96424
92937
75573
86025
23236
92635
47586
65084
37985
3979
98950
92
25375
99870
66565
90211
12746
82908
38020
90304
42951
98711
999
46
73355
16315
63029
80467
26246
73524
75063
18482
18908
83319
32512
11757
73268
81358
3783
23738
71946
38947
13551
20673
54079
8359
36423
43567
58832
57056
14541
21850
66724
31181
8046
89426
50110
22168
86857
49504
34835
16887
46513
85022
13589
12574
85393
2322
35630
87236
97002
28840
86409
36144
38519
25196
75785
18913
43570
5985
3837
7063
11375
50912
37867
10561
20006
13616
12650
45316
11822
80766
28748
7300
82373
30521
78231
28562
48620
14253
78709
88306
17455
75675
30049
84680
14690
71153
78978
40991
48231
56779
40117
46261
13293
13189
35170
63015
67634
20315
52721
71796
71560
3040
89109
7568
4118
61271
52038
52680
92245
14898
83437
15404
79291
78820
67960
8286
42325
89733
65069
37718
53452
19650
90171
45135
30506
95390
68876
51506
71159
29001
79383
57181
14780
6650
64243
55695
4648
44620
68421
93778
24912
19411
20890
19046
18481
86778
60432
57126
4530
13371
7470
95641
92549
61018
60565
1784
42348
90430
24750
70903
49592
88108
55042
39985
28844
61505
33065
20372
53888
89452
80122
34214
29954
6855
16513
17203
49014
75344
6158
83604
77406
10632
52874
30654
70069
91559
75589
71780
28534
35353
82027
70985
6426
30937
12085
91750
57469
80681
23099
83668
63394
31595
36871
31735
80109
26399
89956
89064
78958
77914
71542
60349
7102
4831
95236
73782
20097
83836
16144
50183
35499
28516
94247
3901
13408
72100
44787
94671
52468
53125
16141
9091
70033
22589
2704
75257
56342
17233
79658
37112
66588
58059
27820
62067
88052
32692
59264
95032
34412
91247
38361
45653
81265
15026
43974
5191
37999
20929
14529
55904
34067
91081
90308
31188
31505
45397
78651
38241
41505
85873
95860
11544
85445
88217
45363
40524
24486
72284
42146
7094
26235
66707
95558
74018
11723
47672
93101
60890
52554
98948
48515
34957
87168
12041
31491
81468
22695
9577
44938
4193
38227
13521
54600
66524
31340
70646
44848
28795
29590
9098
93711
21573
61938
2779
25465
9347
77213
67049
41630
10091
19894
8897
31676
56811
98877
2714
34030
39631
92919
79051
92226
89775
45294
18952
60265
791
87349
11671
71015
75124
71466
87763
7658
37912
28340
82237
91735
5419
78763
77305
63808
878
95190
75116
77617
3532
48336
33872
19850
33696
91300
93809
76135
72733
38136
71559
1819
40798
81702
74673
57884
53227
40388
20138
85815
84836
37157
88427
19652
25645
52857
70013
20020
63478
2351
86425
78279
26214
5115
89917
30458
16388
3987
89613
71485
84737
11571
56164
63011
46565
52704
19062
32914
18548
15690
79044
44283
23421
28554
73242
89891
90559
89387
27304
80640
55033
61317
41179
59679
19052
79908
67576
17282
8654
59495
48116
88199
41742
73828
40819
62595
90879
88329
99771
79919
61092
33822
62836
58008
24694
30087
19486
42842
19285
55429
27855
40103
37928
22555
11176
72992
62802
32845
38354
10534
84852
44005
59450
1387
90201
21072
12711
26786
93921
76613
70964
88085
16781
90630
31150
52916
39684
31103
11787
88139
55873
37739
26469
77517
11514
54357
78802
22509
30380
34108
12833
49931
74120
35728
15219
26731
88916
79545
31540
75361
49471
77880
15669
14472
44581
12100
27847
14451
27643
30774
14485
79483
20440
38241
38398
23862
95617
33560
5614
76105
96431
51348
3321
26644
56254
51117
81267
26412
8628
95525
20174
38118
90188
93316
97873
28846
27551
92030
89586
27319
93071
81457
96432
7245
30703
57419
66447
93959
2033
9192
57808
50969
74445
52920
37389
21701
37291
8255
84494
60337
50894
7351
21835
68628
93533
35248
56894
55625
74255
49111
96323
2726
31859
74868
77232
23655
64665
28813
12683
4899
86752
85896
81356
96289
74204
88878
53425
6563
72419
203
61208
37087
15509
50802
10908
90223
41222
95646
71374
67359
9514
81747
85423
49380
51643
90882
53096
38603
24522
8715
67527
12079
28512
43805
50390
82020
88655
6009
81657
87313
99418
89301
72356
88155
72765
30204
70295
37403
24986
69170
52983
22482
16450
46069
76874
31987
84925
87264
27790
27902
96438
84265
34390
31693
51621
81962
97954
4744
15578
55101
87066
29267
3075
11424
11112
80263
84250
53688
73327
29469
67502
3377
58795
23782
84237
11555
96710
75417
29227
52017
57780
46756
56817
2155
97101
11651
42404
47252
20004
83247
26929
99550
1544
78029
61203
46480
93686
32743
26592
52425
97625
8760
56918
21695
13248
68321
72541
90784
9658
39993
90713
14906
16944
22977
59983
33974
6526
92725
60849
17694
61776
34718
89320
67135
66998
71652
46781
53578
44387
54753
49284
31317
61768
56401
33029
57215
36200
19941
18152
99632
49975
56919
76861
37950
44660
22712
74245
43916
93632
30693
94944
24077
44698
91608
97588
19494
82168
69371
35606
70546
31204
73079
84505
19999
24720
78314
50576
26549
13272
24183
70881
36887
45171
69432
74345
63202
62517
43086
60998
27730
18084
45209
26564
25956
75669
51939
77735
97462
29571
73334
51826
29067
42795
45198
40082
53419
77254
14025
61483
30854
19460
9307
91772
47129
72513
17727
25041
41385
37927
62887
56933
68492
43297
62356
58290
40456
29590
33793
86615
467
71562
14074
80613
15929
83309
30218
62693
5564
28830
17618
76105
60438
21504
98901
29646
37626
73814
62320
70891
1464
56606
87463
81048
34687
14312
82042
830
27324
63314
46903
95447
92737
77473
10729
26274
33538
10494
10479
84197
50872
51882
79719
90591
64904
49887
10600
7113
7422
52069
51183
15112
50130
1710
15185
77459
24045
94831
24624
52187
43141
22971
53961
4667
27204
68925
33386
66429
59367
7986
40224
36327
46082
39808
17870
27840
8641
29463
64506
90595
1513
28259
92609
66751
77628
78315
52843
66664
67932
23433
67769
10398
17191
11654
63483
28151
61632
79857
36382
51628
17262
99004
92098
66749
72478
87764
78986
11874
55364
18075
63245
15087
58975
47299
4553
85218
11738
79145
97879
32620
81486
96235
48089
5050
31077
86951
12400
86752
10681
51090
77387
35617
16859
45170
32601
58077
16816
5401
22783
23095
58134
50974
30789
9281
67940
40377
86059
28294
96335
91867
55098
1908
25257
68744
81941
31557
38243
35186
49389
9576
37363
74195
9331
83761
86609
70375
44425
93529
78044
50531
70130
50483
11130
58646
4680
30157
60
56570
50700
43519
32575
18711
54807
26003
61647
501
54767
22448
32518
55387
87798
60933
33266
18953
39869
95759
76821
20718
61397
98503
45414
62023
97766
10219
23253
77845
23480
61447
35467
83545
61967
52352
42767
66575
52596
70109
4614
2565
45965
17650
11282
60214
93903
36650
21819
8231
80042
73808
89003
63964
1251
90426
4274
15512
97951
63123
35242
64976
65754
68740
14389
86603
32568
43134
67939
36889
16083
57926
84304
60492
4051
91901
18474
79063
81243
91723
81136
47521
11424
3176
56981
25062
25461
22759
27716
25515
2721
43807
27806
55515
33330
7766
64799
4099
60267
36684
86206
84071
75065
53794
86707
43807
24643
79270
49523
65553
1920
19100
40854
32716
42466
29162
56218
32254
47856
57408
48736
37651
3889
43362
73268
58474
55268
36499
56715
44854
58445
15424
30245
4558
44170
35366
22705
9201
78755
56704
70704
58138
13152
41554
65841
59707
50612
48363
64892
93593
23127
40090
49066
85508
88594
99985
58097
29617
1523
94894
65246
7350
41441
72299
43803
98
39721
87300
92272
53750
78486
88193
63941
41316
40800
38335
13894
17890
28091
8895
83999
2283
13040
11658
44871
37619
88841
28671
52729
96068
66373
8571
60284
51866
20971
72292
86373
535
20060
50898
76179
63747
23841
80794
71576
96452
85443
86809
63959
32662
97114
79641
62056
8904
16189
36835
9241
72595
44696
26145
84975
28855
28828
25550
21290
28979
73680
37501
11494
77217
21957
47587
6493
48140
39783
33986
84810
53199
39887
87922
32809
89931
99829
8334
46107
18692
97475
16089
87781
80857
81477
62027
75191
30366
1053
60572
96970
40887
36114
26571
74979
54260
49417
36331
99188
31108
57932
98987
79298
10391
34758
72064
64129
97044
68369
15954
49915
57587
75462
18688
69231
10872
35187
14416
93270
4332
35531
3287
71810
46522
72728
33921
67711
37475
29643
66910
78107
14783
57684
84234
43458
77681
28237
6999
40641
38309
38832
98200
1292
96040
44041
13356
32828
40100
40999
8069
28336
75319
1996
37813
93844
95695
69411
21685
78367
77636
86801
48881
50358
68401
35620
19890
92302
4881
21992
51593
15823
19762
12664
61397
41203
74297
19282
87410
67054
59634
55523
78750
94728
37905
94178
42505
11173
76234
81817
20504
13414
69641
48349
30870
18345
18415
81502
50264
2923
91787
92314
29867
35949
24880
61965
61
49172
70968
38819
63492
97834
30709
52813
7471
19875
75503
18898
30023
51482
57440
98525
61153
81625
98600
69172
32035
28760
99629
84457
19856
51836
42322
92745
67186
99969
92243
31249
41603
55058
54842
897
21144
55413
24098
61705
33739
31972
88742
49567
22339
10293
59108
86035
58658
50332
74643
57466
81963
90918
58238
80326
5549
45062
64572
90135
77585
26061
53197
99498
99996
77138
12692
39599
17857
68913
15020
5817
83974
82384
46312
63919
47793
67772
71594
50495
61840
2674
65599
49234
96386
32057
32246
76379
22308
78989
78651
57737
66076
70487
91477
40539
78331
97495
43960
72435
78483
28516
89863
84899
48118
84202
27146
9668
89446
26834
99559
83142
55358
46463
30976
898
61340
38324
81898
19083
60553
12212
23301
32546
49383
22305
33884
74537
65878
27238
635
53295
67778
79088
46792
44362
5997
49047
85056
72643
39124
99930
71215
4235
92577
76872
24874
34284
53133
67323
99373
39226
97039
19103
53964
46024
20582
99441
57272
19702
33087
80098
6577
30472
69667
65083
57218
16979
49055
78394
22941
72848
68177
33498
42324
90707
64589
72497
98321
77717
68650
28114
68499
87276
88363
68819
54054
71901
54189
53322
44829
51464
86506
15728
58510
38978
25736
37703
68330
89248
53730
49368
52983
64879
24048
11893
12876
85952
34645
45245
17705
30560
4037
83709
69137
19046
66897
71572
72293
10886
2321
93103
95134
45507
7180
25971
55526
87233
18823
31578
68371
36151
82888
55060
53825
27907
39781
35470
87563
42392
74158
25488
90182
38323
96564
4673
49818
31339
41364
66693
40542
10695
80356
83878
74863
59081
14361
25424
75660
59816
13939
1814
43921
15163
38917
75795
93614
14737
36645
43563
52708
64414
96812
97264
30331
40272
49450
76032
26819
736
97961
92427
50405
90275
45564
13522
97220
99968
78117
81195
66518
10812
27936
34337
32633
48785
44879
35736
35572
23133
43458
93359
25931
35031
30722
39806
37566
82332
99739
93663
2431
41543
53284
66697
92078
30176
16172
70007
5651
48171
61027
18023
81078
60641
40162
63774
49726
11612
95544
23144
74821
38795
36082
69214
75093
20902
33989
49952
49377
29531
87387
75618
76962
79462
46168
82308
88461
87232
79624
1816
1517
14318
88648
77064
29442
67131
46317
62736
95477
24160
49076
81511
6806
89919
64679
64219
93621
17679
19369
87226
36154
31153
1983
13869
94401
79009
28506
62175
89621
89864
77765
70587
97192
87278
16359
33683
90220
63597
58966
95261
50929
2177
76025
62456
30748
36924
3031
57612
75936
86294
69505
50736
39131
50849
96089
77477
67344
21242
93086
79935
27932
90395
32149
90627
72855
32942
26869
34316
56105
22108
60047
17736
40135
45412
98009
18687
48201
39175
78069
15380
67497
64159
95874
78756
857
16752
25279
54284
84641
35255
4183
56935
20980
99871
24270
42420
80719
47634
20326
45174
88141
1997
73006
96821
13322
81868
32776
54946
29362
42404
45365
70359
65892
34607
39232
63773
4200
52898
23972
91207
81962
27131
14234
75548
64083
28950
5219
54770
2019
66463
57102
34485
22413
23553
52326
94984
61998
84221
45307
88194
60011
75831
75660
58233
78310
69354
59054
55613
38460
12411
22428
44122
11423
50090
97723
16033
5163
11301
7432
28225
16839
89816
71168
66575
83546
25087
37963
32772
56872
43612
39878
67685
23495
69987
36396
82078
46402
47442
55681
63688
74025
12126
99547
75402
90483
51977
40333
29851
11121
16720
69521
79973
44944
64801
39921
64069
17931
61513
18385
57071
48523
95467
74525
98607
8636
67885
86187
1994
13069
63565
57549
16515
11299
97905
46005
8217
858
82171
43429
34638
65626
95803
79538
93538
13906
72254
6356
98301
1043
90085
52845
69740
60075
57424
32819
80323
58333
22297
27804
85985
71098
63806
77605
32913
41950
66102
94015
97677
99401
26788
2038
29277
40152
16233
31327
6300
32831
28436
23102
45947
13542
10229
2257
74815
26269
48207
18045
64550
42205
71915
28819
82151
21021
17929
69406
68727
33485
62898
73771
58728
46291
66825
14517
46988
31040
12383
68493
70999
95277
81606
36227
93986
26071
92413
90387
22572
20757
55082
4686
58939
66162
67143
29700
6848
45419
4627
32267
60761
24262
37896
73007
43600
43308
68364
14774
95808
53446
59233
86735
4119
67632
5048
36182
74423
18236
77475
35270
55799
49925
96743
95964
68839
46254
27600
72387
70513
90551
16958
68930
44346
76411
64894
19454
59655
42249
61139
36173
53437
1309
45139
43928
40961
41275
99438
17708
14622
6279
48617
80126
51044
34947
2057
55032
35405
97446
81963
98085
48380
15382
29809
92276
17183
90146
27606
35596
34899
77886
29026
32589
16774
13275
50681
28574
10295
55746
77197
39577
70233
39533
73876
96399
45719
74819
86133
25881
93650
70318
88572
49180
10886
64283
87533
48088
44107
25037
41749
49038
27670
22014
94555
14795
54879
71923
77302
34101
33950
16506
72536
44240
86319
38275
19368
96974
78420
99512
22126
60593
59546
90106
56615
91326
46131
90778
53624
6976
77314
64433
43967
24214
47510
62045
62532
91162
98382
41656
63791
9775
45978
49110
33492
26374
10242
98459
69481
78125
47808
36822
14136
87253
22600
56254
11599
5054
7432
72264
31509
56001
30090
23330
11447
666
87510
33391
39424
92879
54324
41791
21736
82882
2160
51755
88707
61327
47222
8938
99610
18818
82813
34738
45719
49624
51136
44302
81529
48496
24007
24824
12776
88399
35172
97492
72290
3596
69721
27337
48340
19838
35447
40061
38692
92096
92738
587
30795
15166
38736
48132
21248
72256
16944
50335
47728
5712
31975
55710
43721
71400
49333
74431
96533
64061
91223
72379
24549
75458
81925
34463
1539
87387
33147
63076
53161
92127
80085
15021
23503
16520
28852
93180
16095
22331
6621
75954
9061
63502
61185
15298
6787
20379
39927
81072
70785
49888
39204
42507
80609
47119
47581
16387
68529
42809
39460
30985
15513
67666
37710
30531
25460
42721
55301
79624
22395
8423
69961
46366
6749
75593
83697
2157
20555
40731
24623
84671
64943
30891
14290
68599
22141
99239
1605
60236
67106
909
61780
7200
80473
20493
65135
82401
55965
82204
12135
35195
44888
51576
20534
21591
93401
72883
33051
79125
39396
89630
16866
52993
78820
50227
94978
1781
62140
24863
50272
12363
37403
32970
35666
70429
93101
65892
22366
25883
91822
64046
2527
33320
69817
49026
70633
79634
89535
37025
40132
86540
62547
29527
53973
53226
84642
72812
56667
9079
82945
4233
69652
78454
67806
38341
15904
5556
86200
67628
36445
36486
40811
80107
83281
37093
65187
70106
94919
68514
16914
48422
87312
52807
44188
61850
28458
40012
21903
25033
9855
29491
50545
78939
39108
19233
54834
38578
47426
63993
71232
33175
64082
63030
62552
88774
61120
62948
89850
53203
16402
39292
67574
22039
68066
52891
96867
62939
95399
69053
32527
90751
24562
4315
37552
34504
96980
63486
35000
39748
30845
42879
24295
63867
10015
28126
49658
29556
82577
67514
2306
87745
52815
16371
15760
51464
91999
99962
15628
58382
73742
92561
54276
38114
72089
17924
20577
55268
27560
31172
28630
95280
18772
86588
49266
48939
97674
65074
88980
53865
95783
37820
63870
97240
97891
67035
32834
24428
60746
83097
62778
63112
70821
31227
87188
80646
38520
10914
39113
67587
8612
43012
92143
73450
74060
86946
19652
63547
66645
65702
34091
97464
18439
90204
6963
40044
50448
61097
26867
79288
5640
25548
4178
65563
20943
28047
71074
38334
19090
58409
26925
88025
39244
89236
16871
43653
40585
7655
28419
28927
69606
84751
23266
3702
43092
66927
12229
29425
43804
42352
68836
53088
65436
17990
8056
73821
77999
60418
50514
67582
53483
16973
88591
78107
24548
82920
32578
45302
75950
7421
71249
9228
14304
36961
75997
21110
5203
14440
5496
36764
22985
92037
27163
48567
72971
41533
62639
38529
89451
35975
34569
3740
74696
54914
48563
20411
77072
25299
93989
99409
98624
36345
66707
84948
21350
85295
53248
53677
31911
57469
10736
64992
38621
73275
72507
78290
32824
49348
87133
41563
91622
79410
11274
59914
98829
83900
12671
52175
9652
55689
70131
97129
27810
81967
95373
50477
41534
70925
8815
16303
39125
33
71920
68688
21339
94567
58184
80549
75208
52526
14340
74048
35428
52088
5913
87421
10205
41263
2133
16458
41300
44191
51281
98291
90584
21267
24930
51754
43659
48815
59151
61168
11201
97128
61
50082
25670
76283
18022
75907
84511
33745
64745
65666
51656
64525
94075
74280
72957
73614
30842
41888
79989
52648
58721
59715
68936
5977
70584
98975
56241
3435
58755
25635
76110
47685
3611
14282
17988
36206
41722
28225
18528
95967
8592
54263
10200
87075
27666
88992
5232
36559
26226
5381
20377
74872
70217
38924
32307
53845
45201
37664
50803
66290
92144
32829
48736
90893
78638
65818
33944
74289
85895
64563
87887
91789
72252
70257
38967
86193
11940
47897
59739
64900
7840
88846
96421
59588
84781
9411
77344
73211
71826
23713
11735
97242
91512
1169
33180
78517
49658
86439
67365
12954
44370
85100
58865
69584
12467
46886
69449
77128
97365
58630
85153
22466
5770
18861
19997
61695
99375
85884
51248
9886
6047
95159
60320
18582
20033
51860
31558
97743
84706
15846
6641
34717
68637
93569
32746
98394
36759
12553
5490
51262
40743
21756
46695
57021
95250
85880
8998
10846
28693
12010
65994
94644
22619
62388
54642
47483
62607
10874
40737
35440
79307
15562
88095
77229
51342
70533
48573
97056
91725
7118
6134
70823
77408
8494
23792
87626
79901
44514
12130
8340
34978
56258
32624
78415
59115
95086
23537
61084
49540
27127
6514
11180
65625
21287
16979
58366
25321
52718
46094
89237
46552
47594
57081
69045
15491
78386
50561
26011
44015
9695
77910
41334
99034
4823
48038
69989
72883
93016
43713
78189
38630
97726
18556
18967
70383
89073
81553
24133
74736
65870
3043
13647
95358
85071
87039
70559
57621
93178
69854
64996
6283
19459
20359
58071
56002
62655
22001
94120
75159
6374
32678
93731
46520
13188
57123
37733
18099
19292
24093
93909
78121
36633
12477
9217
71105
43763
76460
17206
44696
83226
9993
70107
20567
24418
59703
78667
84893
33324
40276
99309
92955
54444
4964
56882
54814
42428
20813
14058
99431
23485
54042
79459
16343
37828
89187
73695
27398
2217
25636
44912
41554
95656
44265
18099
14581
78449
28971
81383
97487
8882
64212
24360
24450
61119
25919
89356
81821
1243
84059
17433
99312
81574
97966
1281
43294
96387
96022
78972
17393
22053
31531
67873
97543
13269
36608
58816
59273
88771
19112
8094
48285
22214
21173
78125
40401
6961
75963
47367
29048
15285
53908
84104
57490
96685
95420
76838
86915
1994
33885
27118
38693
2523
9509
62843
16281
84152
73842
52885
76121
52779
10128
14436
60169
23836
78586
94384
28108
27064
50780
38231
11571
46397
91129
13321
58032
71141
80680
40708
84009
94732
35289
48679
59016
98943
54614
11701
29262
42147
49509
52872
22279
34143
73449
69966
20185
39432
92487
34501
65047
80167
35495
33455
44915
48040
28721
39602
98415
80066
75798
3919
25268
4382
86993
36028
58780
36134
49634
95040
15113
70731
14106
94859
82841
11186
23830
70288
41969
33597
74274
48863
49526
96274
31134
3
81210
426
23934
4565
71220
51704
71403
61563
17736
66835
74439
91937
85286
81954
94477
23922
57295
41412
66263
11475
59185
80889
62618
66492
49235
58096
62764
84212
99372
8109
56966
80872
89295
42038
3908
73959
10944
76155
65993
4989
59370
59456
87967
9418
78537
17737
33276
91839
61922
77281
90176
10068
77011
35174
3259
4680
89445
18900
67307
51638
36574
99436
3235
75601
80307
64513
64968
85084
602
4480
13109
33225
78205
82745
99902
1387
70283
70702
70097
32121
79432
58391
32088
70434
8709
25519
53563
19272
72298
95038
32547
56827
56304
68036
61658
19155
11819
127
47277
90344
61669
78105
92403
52625
85510
73522
54343
94296
56590
21253
80497
10039
57445
70521
61412
74993
51881
16198
47520
83567
20167
45410
54103
56373
52966
21896
6317
64513
37468
12899
63160
82143
3812
79420
35751
8460
11783
33598
62431
22533
80119
45218
46273
5866
42747
26588
67111
91221
51140
29633
50221
32337
74175
65524
70636
27289
26851
24651
32193
27151
86058
92994
35373
79317
7036
14556
48341
22955
52966
73618
73834
3141
45674
27194
4291
30760
50960
628
38726
53826
59706
7411
30566
90723
83286
48551
70341
29884
47820
23299
80571
14994
51575
89328
19855
45854
65489
1005
66562
12452
50438
70497
39243
9422
2058
25183
14748
901
34375
16181
86436
64588
98991
50833
56142
26104
14448
12655
41127
176
52421
43396
40317
7677
61737
14656
74914
36557
10854
50948
8976
61963
17708
74624
16391
28627
88029
26471
45393
95380
66532
63602
40102
77478
19622
44429
86699
55333
58322
69122
20758
82858
45202
30048
81324
37636
77571
3335
45708
93240
33888
63187
82340
15314
15354
47011
81537
98407
42661
69
9764
88713
10508
39072
74767
66854
27749
89821
93568
74941
61726
20274
86900
15805
17110
92876
301
65788
67753
25209
11502
16913
32708
76208
82595
51632
3478
80797
19069
96543
67239
60525
37755
65209
67458
47122
15140
62686
65614
89843
94033
15892
37435
98196
16328
67711
53623
29469
66018
30105
83168
52169
35662
6862
61107
44301
79823
95638
97124
67171
83872
40239
31431
28307
31000
93495
61706
39325
97353
72643
39173
61253
75170
66591
64202
84187
16724
94563
41719
50918
7729
56078
71627
64492
23696
59361
19988
78592
18318
32538
46374
29289
23566
73292
14632
16011
52481
82903
6089
149
60641
83786
49040
95814
18167
40561
67921
70908
27644
188
31995
87739
53981
1711
92814
93494
85911
35167
46922
41948
16962
71184
86722
86146
24458
48360
60783
94794
68249
47182
83714
5453
14544
3941
1169
84554
79412
79679
91123
17835
45029
32000
1510
97872
32841
70064
24333
53018
8136
82876
19896
8790
15536
13706
14107
66211
1017
9687
66465
39458
56067
4784
81049
6138
68731
64457
59246
39461
4765
65596
10900
18587
29331
99041
6366
69529
36987
3494
51629
7245
27046
67532
37187
13376
92413
87903
79286
83712
41759
72815
31519
937
98885
66351
84594
71856
36454
48170
3848
45644
82358
19549
94232
79809
55433
86868
47589
13546
84790
43557
96177
96514
64502
36867
98831
95696
6156
37024
92405
15629
98654
55683
12144
73778
77921
24193
28882
92578
35220
25915
18854
94578
14115
8468
54564
89905
29835
33102
12288
95864
46269
61920
13085
44751
64604
60085
44095
52184
79584
25155
79614
90396
253
23079
34614
78449
87069
83674
95484
38341
12042
18258
21099
45930
91208
55832
42011
55934
98687
67105
30003
79637
46806
83979
45206
79621
57050
71574
61625
51342
89503
77980
13396
30148
41022
80590
62423
49339
77724
60109
55796
46029
65899
53186
62554
74250
55529
46234
2114
91997
23078
37378
2434
40183
72196
85371
10174
97819
23223
17977
68159
86885
80651
42910
15068
17239
59813
142
22165
24994
73986
66638
5086
78797
41947
45246
28600
5861
32394
12688
71995
44962
63430
92389
46480
53073
14987
68611
94908
44963
90453
46676
78166
63089
5450
957
65593
67146
49271
45977
2964
60412
87475
20434
71135
30778
92128
19708
74217
28048
96431
54126
24940
88032
78307
98173
47138
60727
56750
72375
33969
73330
76184
63033
76641
50375
67839
63374
33839
42001
65048
79396
29114
6971
51570
72588
12250
69832
58459
61934
39920
4797
12477
17383
1433
82476
17856
56544
56412
57438
58931
99276
95395
12315
11269
94461
29990
89433
62094
20036
15042
1311
18795
419
55305
98069
87973
19857
10003
11114
53555
93545
56563
61058
40470
43983
41444
12858
15330
96545
67490
38424
71389
58037
64853
4148
15040
41493
85607
34781
13850
7187
39543
97097
72852
99019
20614
86045
59983
43860
49455
92213
31113
71906
46228
44625
31711
65051
86835
1117
4045
97331
69527
32731
18704
24167
57387
64910
45740
52019
9545
10374
67049
77872
89841
71619
63992
94222
23189
52103
58100
48489
26801
30045
4580
36523
93752
71008
41949
75486
97577
79690
85251
69836
43104
34746
84048
98677
91017
14592
22862
66188
45584
21000
24030
53358
51444
30336
67227
68320
55578
32936
5048
4645
95453
99445
72134
75001
97987
96866
50290
25452
41866
45364
70507
84318
70882
52264
23649
50707
73460
61372
90249
33524
26848
30455
62365
99266
59461
53941
35840
83287
9816
53042
60415
80603
74135
55154
38899
5088
46520
25483
27651
54650
83707
70289
73063
93182
88926
36828
95175
60086
99759
7767
161
33407
30844
8071
41322
48095
78982
34678
63244
81606
24916
93883
95661
45120
40580
44680
31024
43571
84604
40816
29269
65916
7903
75474
26587
79552
84059
79655
31174
76498
77503
12900
7292
20608
15977
40140
32233
44570
12029
84438
59426
67425
40594
64950
32262
37927
72775
31850
70497
54792
72947
91811
53098
52292
77114
65230
18316
68409
35643
40798
46562
43993
35910
21912
47259
55949
68779
66299
22142
39270
72878
34442
78151
35643
24214
29911
86702
63908
57573
42061
94665
6130
74305
3418
71336
16264
28209
5847
49534
50906
52452
11190
71039
93057
22250
20679
59653
76473
67206
42439
61485
37783
89947
88453
93342
36041
54916
18322
78601
21964
32384
38341
18252
33924
14474
72456
97009
60700
82438
12386
43188
31002
33848
22370
17441
99902
2254
8612
97435
54519
3710
61283
97626
79906
43370
38652
77164
16160
15551
41467
92860
41202
8702
33573
72783
83668
19249
71937
19915
84531
27615
67139
29778
58220
46171
74645
75020
25891
47863
78532
62660
78076
75318
70565
19721
45434
94526
13027
9044
66514
54380
12007
39529
17227
28706
31650
75926
46164
58492
9433
12216
4865
81408
78893
14973
62596
90739
94693
55013
60676
10728
81915
43010
34493
66195
12385
74974
35284
51260
87310
4635
59028
76591
82216
20533
39402
40176
26799
88932
96889
86285
92004
74462
29115
77579
37397
54425
92117
17858
13478
12078
45462
52229
33916
11129
70188
46265
60169
94333
46499
94247
30320
57476
26170
69100
71572
90340
18211
17069
9825
24126
2391
84424
77878
27359
73684
49702
12398
48681
56117
16109
20778
81548
