27021
13020
27016
21153
29843
56502
51074
62862
95971
46451
53644
74987
34683
97528
93585
89754
87597
25527
2565
32585
10058
66101
1366
89856
24294
36998
62826
76410
19368
64084
26395
87376
73745
76671
49772
43985
73798
70878
95814
34542
57275
93539
58995
72689
93918
92989
41430
36398
97822
33047
28581
22802
48278
2622
49189
46968
23833
31840
61152
22234
11515
74159
76773
1445
24218
97508
605
20901
65032
55745
45381
8607
24598
32559
12429
56702
51774
68198
15820
55172
78861
99403
59197
87874
44139
25843
8730
29668
35369
7814
78419
45539
40709
11679
23371
36254
31613
61904
48464
3715
35150
12546
67829
50086
10343
18937
34381
22388
43727
75190
64070
28130
49936
77783
70720
55262
83166
86361
16329
26599
96616
75773
13078
49561
62906
99881
6975
79520
18252
35525
20760
6478
1579
75685
81384
20839
61218
7431
1224
89753
50181
93426
96666
41002
32377
30591
73826
96073
54819
48211
29733
21479
75212
45834
47197
70334
93165
78768
71095
71663
58109
63784
69098
56266
37972
86608
45651
99334
41339
43131
91569
18481
27059
37854
50298
89825
32222
19719
12120
22344
60077
68870
5412
62726
35207
29392
12349
74200
20243
80536
32453
16495
56899
1854
8761
7004
16381
49764
36906
88422
8454
30075
49021
21470
63437
17021
12283
29258
9554
60819
34293
16382
78065
46518
83705
75657
63823
58834
10153
69994
19136
54887
20254
15203
20658
30537
86361
36134
59257
8520
53089
49165
88632
55754
86846
80326
62761
46579
84657
80522
7241
3526
20078
97519
82595
27334
39991
38931
4055
19606
45654
30585
41767
89822
42390
1936
3678
50767
55839
51503
94045
66461
70188
4413
40292
11467
41803
71916
83801
10949
60592
46438
48183
8390
48982
6463
93846
94522
74515
18026
47539
63486
44279
45448
72925
65988
49345
6458
48700
63954
35454
33912
33949
46890
11967
88571
36829
70468
53525
67956
88850
82263
89548
87967
57361
17047
4577
39634
32799
82776
19170
62960
96792
83280
36352
82587
78805
6491
61523
81925
86334
30968
69355
6247
12236
81360
36494
12394
54937
27351
76723
76483
20839
67340
23929
56924
3338
68155
56164
37581
63634
76353
84822
97642
91480
54255
59782
48790
71749
94855
76032
25141
44986
51555
37433
52735
44607
36406
36012
77744
95979
9706
84342
74588
49325
32072
50699
57472
99157
41175
57747
57971
67810
65307
5476
6172
85833
35102
22749
59229
51231
37517
36892
98413
52707
4153
57180
33956
59562
34718
39151
23727
98600
5728
87188
15747
120
21137
39093
78254
71752
29551
57088
97001
8004
68970
43104
61705
6430
4835
8471
21749
95639
76208
37530
27538
49549
6141
77225
68346
38592
65452
8233
19020
68034
25725
80992
77468
35547
84040
9773
40747
72502
56199
76801
84689
23724
50289
52830
50391
12075
6369
21738
14145
61122
65013
97392
97608
61036
69074
1235
7558
28150
56293
87984
23947
60175
99717
87919
18124
32811
32980
99941
14459
7252
52995
83498
75761
67725
32021
27026
72456
66756
44284
24682
41542
14868
77184
43792
10483
60116
56126
36207
96555
43200
49101
278
62255
2465
8923
29300
6806
33116
74326
82611
66593
11252
33511
79918
98061
4924
34585
68943
38369
80093
5624
83498
4998
77345
45812
15055
25622
61306
3684
83696
27566
91601
6503
75824
80893
2254
49573
41860
80607
3361
20981
1961
29507
70604
46104
21601
96551
37645
1314
88651
74854
30059
18521
4414
33863
48028
99669
67010
91511
36016
8680
12043
11473
41022
22071
93522
1242
39145
68966
74226
54793
86831
76466
77308
66147
41454
67416
3704
18501
44307
12659
85113
60570
53184
66562
80602
43821
40089
49256
55483
13272
76428
98317
49523
10362
72091
57666
44176
92935
48583
30082
63410
13242
64570
1780
55872
40710
84880
47308
39654
77898
89731
18609
48684
86114
29618
73689
75508
76922
80334
86257
51087
78174
95009
16473
44028
52908
26907
55436
52830
55499
87546
17629
85913
51765
56693
72221
36041
83504
95749
25017
9951
59162
3601
78303
62329
96514
90388
64961
37245
50964
87277
31315
99186
80844
9059
6959
92731
96460
41907
58744
19792
55273
40535
70747
94458
34399
1685
80497
21195
81156
47265
45793
2808
52922
79600
34210
96213
72510
84922
59486
49419
23550
14475
13459
61208
59208
42662
15347
40163
37373
57846
24107
42298
55684
60499
24448
60170
67994
24685
48053
78618
75495
49625
85257
75877
61901
40821
9854
15474
61626
85241
59348
43825
14556
35515
30548
33844
62836
80959
36713
44392
82499
83322
25704
20271
66337
64513
95952
49436
24364
51059
82668
78026
20478
22463
21398
58872
40759
27731
43990
77605
31673
35939
70696
516
28819
63442
74075
51484
81077
25472
49237
44319
23650
19056
49012
40837
20036
97109
92335
75396
15321
58009
60635
86126
33322
46825
48874
75399
22397
17824
95502
14082
90400
91790
84348
77047
2630
79140
18635
31939
38191
65279
42779
98843
53087
66543
48082
32462
3216
17539
85089
14935
78787
89715
71558
55260
1810
14570
57323
44038
9025
2413
68395
1597
43923
13708
75989
76031
32217
59556
93993
21756
13669
87599
607
72433
49277
48393
88167
30560
63370
36447
53163
2184
21584
92278
55024
37254
54968
26486
51963
27560
69833
44177
27633
64713
39542
23411
96695
72686
29809
63943
19928
68476
64156
452
92453
45396
87328
14931
86582
78125
18935
43774
23727
36588
53155
95830
1790
7714
69794
69601
21856
28705
68825
91838
47651
53660
45453
30902
33990
66235
8848
21825
23677
10712
19609
80274
71665
86905
19692
60609
71620
56074
64409
16882
36146
18422
26913
34695
57523
48226
59602
6719
66813
35974
15603
42889
69958
51657
14843
37001
12294
22104
29500
95334
71099
42338
81053
97005
39
85427
83430
26662
23348
48619
59700
7345
52728
46042
41708
96476
64019
37115
16652
69060
88309
97738
79037
28869
77053
93859
5125
94241
47548
58105
93433
8681
80439
29103
43535
62250
74859
58262
72081
29942
17995
87396
83886
73358
88901
60717
14442
74602
84740
18241
34518
37221
57294
30018
74810
1511
26381
95712
97903
6320
26762
52242
11465
19294
82517
50291
37009
60572
1857
4023
39761
30823
83149
46985
20361
37981
61246
36834
63743
86276
47687
94696
84722
78069
93163
36225
50447
37667
80473
78450
39484
71468
37973
78136
40626
90683
79864
9154
41481
49142
88622
81385
53515
7147
93021
53774
57354
45842
36709
97678
32077
42943
43683
45828
7717
6440
88815
44219
40447
30637
49958
53070
82130
64360
94306
80319
24887
56018
37828
33808
52793
56878
14740
81729
72226
18199
74527
29862
70773
78370
14143
33188
35290
623
23737
42121
72595
46162
63232
53445
89966
83928
50999
34152
31379
94648
57491
73369
23549
14263
38142
30545
10085
55704
22392
78994
44858
9310
18840
48423
71469
2079
78097
39513
15977
48296
84528
30570
3968
54247
58241
35858
95776
56825
4529
32276
8580
85808
6445
19293
92359
55392
99050
62200
70131
43878
1918
6128
35256
71893
87404
58691
2136
71615
15741
76895
60766
8861
69321
32381
26639
44411
15638
10455
32121
63331
68151
3334
19497
34372
38005
59548
35929
98014
27083
11643
92389
21581
97835
92400
64382
95056
23422
55120
80376
69621
4169
2189
68606
29091
7947
31284
8262
37283
45666
6183
13982
88331
62670
338
7301
3944
45421
74380
47479
39752
64326
3020
74720
9378
91585
41765
13714
5346
92403
83456
11538
34069
97303
17812
15660
12973
90456
25125
23559
28177
94091
16694
90514
26309
45753
43756
75166
30417
96315
13152
32454
70960
36510
75424
97928
93528
88390
43172
97016
30785
42638
25576
93002
2291
50477
60747
74988
45936
59700
95106
30998
32507
35220
57945
12378
804
94685
10695
27830
83986
55681
23053
92424
50251
80248
97964
37313
30531
66364
34496
22194
20318
12980
1116
41059
99075
57197
77155
12707
48000
4900
27616
71033
97812
43393
1283
12889
91965
7326
64633
1010
22239
57413
94086
38148
45261
20151
19010
83055
11223
76904
33005
59910
89456
76904
49744
94786
84858
9117
53394
89876
44848
45196
21011
95026
77072
75958
93033
93875
93892
8383
81972
6005
44
20874
53376
79259
98729
25088
75095
94901
2344
58287
37696
18615
1193
33871
48472
36843
811
37376
30763
8163
73493
24879
37423
13862
84996
52951
67806
59948
47372
10372
70094
65925
5101
66931
77646
97843
29012
81622
17631
98392
45770
35123
96268
71625
58653
2380
91368
95042
75913
89721
43939
61236
54915
67793
81672
60889
31938
28136
11830
92072
18762
94354
67769
16164
99350
28102
53125
9327
72258
62942
48334
66332
4402
29146
27622
12641
65730
13156
86068
11787
76202
7246
28685
11692
99406
28951
37778
60079
24448
74989
72838
67660
86962
45357
2474
94615
36988
41798
4567
78323
40774
64027
21528
90852
45587
6791
92641
43170
99434
18490
81871
74153
70721
71490
67710
59246
78889
34245
47041
88396
61681
14986
1729
54555
60183
42168
95477
98018
53746
70390
88059
87204
24949
17842
73392
24374
56736
5405
36850
22992
33897
50771
81935
64674
37763
98328
54857
16222
17480
4798
33032
28915
12904
42596
40796
602
2702
1816
9358
28041
67371
22620
69282
57732
78658
43174
18092
94804
49423
45314
83243
70768
76085
17299
99622
70871
69570
89654
17570
41600
65377
231
95197
1801
7228
43517
61962
80747
38571
27472
8713
68911
98429
50875
162
12858
77154
71612
87198
71395
26484
36857
76867
91205
53152
75100
86378
1039
2868
28063
21214
49657
87206
30211
20435
35090
73598
76922
82400
90676
16257
92805
30586
22073
36892
82519
30031
36839
13161
26296
68700
8614
23137
73285
48747
86963
9630
58389
36461
89581
64203
80279
49904
7980
55723
35863
28701
62385
74787
65407
99344
12441
17541
35418
49845
39691
43514
94388
45980
12017
30859
94269
89304
2307
25579
71468
64281
31710
60037
69664
26724
43188
57469
78178
1900
30205
90790
72166
67408
78604
8000
67184
51345
46748
43691
30132
56173
47881
98892
72278
37053
86619
96187
52495
30919
43996
65479
27377
90977
27915
98470
59938
20675
11177
98941
57604
61511
72593
18153
11157
27264
73573
15815
23282
96820
13475
13190
24182
9656
36086
87303
44416
83847
51913
25166
67347
6781
54774
75592
88568
1590
5661
63640
1534
54750
60176
94496
42081
36501
92619
44584
76935
55969
70849
49294
68743
39184
53425
18507
37797
55144
66999
9982
52760
86413
17695
44759
16941
53519
78965
19394
8740
92844
42680
62765
17304
74409
9453
82584
49725
37417
44111
83640
54305
89575
95332
90472
2484
86
18442
61710
39268
51699
23696
51429
47329
4995
29826
97291
56128
33806
13981
81833
50107
45208
60000
81722
55253
66904
68707
84794
95996
6071
68993
30477
61927
52774
31633
74186
39390
22876
22515
32770
38232
75275
57189
7856
16479
71774
53397
93758
47729
89553
79825
35985
20672
94477
2330
6899
68633
11167
87447
22171
19650
85939
90982
5531
46267
93202
25709
56710
35527
9717
37839
52252
35205
87429
87546
3251
76694
29905
14301
10691
74787
54731
39254
38126
73783
44416
77705
15051
88615
9905
72237
90062
20883
43602
56833
96309
62084
97247
59004
81841
30197
34198
31746
51023
23918
11861
60146
63810
45483
29105
90076
52271
19067
16848
79600
27637
77188
76739
114
56631
71620
2340
17417
13191
73619
11976
44950
53584
35332
78240
4226
26496
12042
60562
32241
52720
15319
91439
31602
114
75680
62993
75512
6934
67740
90899
25123
26393
77067
83917
58679
43594
6515
77386
69103
44794
48102
19176
23434
30976
81792
93323
66211
45638
81868
32766
68990
25939
16261
2119
67422
49558
5562
32166
46580
83692
88203
25610
43731
57454
98864
15664
53342
12442
94585
32888
86306
29627
58576
75654
8192
66360
24475
99986
4418
11191
59645
22989
24687
2700
44316
2065
49210
53570
70365
81731
68309
44836
47435
18375
53411
14184
92151
15552
93578
91736
23961
55427
68039
58207
23157
75894
34012
23021
15801
57643
9701
52167
4579
49971
96456
37710
64575
50241
93610
82506
13261
28092
31806
85650
50433
31679
88440
15963
63236
38609
61728
61211
33176
42397
44834
5048
12313
9325
98658
3442
27743
19816
60813
54186
61120
89509
33035
46478
97170
94794
99025
46274
6798
98566
69811
24972
86704
20103
14358
77851
68155
8088
39363
15349
1882
28315
87191
5308
44129
54975
14263
59325
75665
20414
86145
43861
50746
54774
18494
86111
95835
63618
69492
34398
73797
23764
68696
44644
99613
55025
4608
86973
42464
53225
151
55035
63394
38929
60201
33662
35471
67103
49982
37759
32146
83329
86948
83514
9812
1499
42404
33206
13531
75643
17271
23571
71540
10106
38866
21582
12844
29106
15004
25555
76952
37110
31168
27072
31828
65907
27806
37938
32648
75393
34779
60111
19783
46245
84025
16175
20337
4871
38562
35239
71833
70666
40702
83827
88000
14157
87268
59680
26880
7518
68908
66099
60965
47318
86115
64729
96341
148
39704
24044
32561
81786
80403
67871
63155
53054
76869
53607
3223
26702
93819
26342
37494
27204
17260
84916
3246
82625
60882
97964
92733
8008
25781
45904
40844
94874
17922
6970
64553
20266
82363
15777
30508
49853
969
52164
87067
62368
6124
34742
73577
37957
19795
16582
48057
96987
2694
1289
97472
59592
8672
85894
21096
64198
74907
66558
93137
25048
63396
84119
24019
59816
27149
92963
60382
9054
34497
1169
21122
77470
81330
39728
89290
62367
49422
12923
97475
62084
78064
82694
22331
75769
16403
31140
68741
81227
14369
5490
47513
20131
66986
85987
36535
73089
48208
77448
96108
88018
11999
45660
36109
70350
95642
92617
96320
81072
47312
97339
54427
43251
39342
25279
2532
55909
43566
1912
9399
58282
53325
81406
60934
81328
78618
90770
83194
1675
82762
77283
43576
40684
77576
91638
54015
65538
53001
70614
67214
19981
73886
2008
87811
94427
83972
73705
17085
55426
33173
1782
51075
56313
50465
88408
52221
17107
56055
49370
56736
21336
79388
29704
26536
56193
74303
65558
20669
81552
67811
51018
36344
42
48859
25319
95999
68594
36213
23767
63660
37188
19885
95283
17708
28842
77666
12914
24355
63486
90373
59405
92076
55069
88717
2315
81214
57860
79240
81230
70251
32138
28012
32024
93794
86586
37676
44955
39508
16939
73222
57916
98803
6429
31129
26115
46455
16210
65107
37506
16346
59847
86921
78304
42243
68366
74816
25760
28544
38730
4232
86611
3372
21605
10536
38390
45136
1585
66228
6377
61062
93977
8155
61166
12216
36804
55741
86138
263
72102
26298
60283
88136
71138
2085
46214
6952
12415
54520
2844
36880
2566
82305
79448
4196
12533
47578
90264
9734
2276
60407
57445
94616
30578
19288
6368
78782
38186
32637
56843
8641
15128
62681
33842
53295
53025
2848
60564
77664
67748
20986
79954
64212
4940
48793
6578
56664
24047
57831
272
5064
22694
32185
40194
10830
43752
38048
17990
10056
66565
94430
89035
43848
16477
13557
7193
81237
76027
14843
29630
98798
17585
13418
98709
54383
38129
44532
79253
50700
580
65011
21203
18618
12395
88638
81589
67853
98001
52248
7157
32572
73801
47427
36750
57985
78024
22066
30694
25212
61761
76860
8567
45431
5274
21964
55195
32932
12328
95540
23060
67395
27563
48642
21942
29344
41864
52907
23186
13017
7199
80804
99647
189
50408
88336
78439
71855
13807
42708
34987
90890
29129
67494
1876
2686
6962
53251
59543
89657
47973
49375
11172
90658
54071
9175
26572
22334
86864
95523
49772
79157
15079
83784
86106
84206
93753
42890
26987
57431
38309
1406
40254
45185
30599
70941
60905
8776
68239
83924
68510
24305
98973
20664
81241
46892
25916
91160
71049
14680
77592
57547
7864
91590
21917
58408
65209
44693
30893
39284
92397
39388
39870
62517
52050
32967
89614
14949
16969
52569
74243
71043
69346
50064
19747
24132
19270
69253
58413
31431
35617
60114
30547
35013
4938
24431
20629
54023
59984
14165
54266
87186
18850
57539
30093
13789
25819
17663
71506
82499
74921
49268
85636
86964
85721
7353
12236
38822
59840
10067
7008
65353
62088
15761
74133
22487
16757
32980
44483
23978
76147
48018
77428
42504
21598
13744
11079
94746
30574
27852
41064
10106
58685
5213
36964
78378
67637
86354
51307
23330
38843
75927
73799
78209
14162
51191
44403
83333
57198
49915
60698
12821
98998
83536
3630
10427
34709
47014
417
6543
32189
31540
6435
61743
37368
93497
55608
78763
37996
59838
57429
60348
93386
43672
79223
78165
6260
39721
39937
80977
74409
12262
73776
96748
85166
85778
65404
17870
22170
93097
92237
16194
28702
12634
11319
89380
30383
35052
73940
48761
6801
22849
62205
55993
97858
49975
22468
98023
91745
57419
94033
51361
76761
30169
91063
59378
40077
16510
75091
73253
18082
55902
76032
11445
17795
26050
49977
50911
98805
41497
94764
86329
23769
64703
21175
82908
32695
61819
52323
38684
68717
62466
77113
54616
97715
90233
98053
69837
75817
6359
46374
62981
97504
96105
73294
11660
69122
40560
63228
98340
30208
30757
35508
97518
65878
7580
23256
45449
36476
53286
46886
70327
12492
2352
63597
16986
94250
617
81452
48991
54709
51905
79593
53488
41801
47949
17451
429
26927
58375
24565
25237
42434
67955
40160
18782
81565
48508
60019
72292
92614
14172
3713
75294
60242
32250
12640
53868
35156
99662
76449
52460
93157
65056
99825
42573
34641
55119
17035
79578
19388
20589
39959
49880
15439
15559
88195
36395
84323
84291
26205
96530
99369
81282
53290
70707
53139
10277
64294
30257
35458
11947
10809
23546
89582
14648
89553
54653
54379
49266
94850
10329
47326
44069
35895
90352
42076
92455
22195
88218
86587
86997
31017
14134
21624
66940
68468
67131
67140
74995
82228
69613
66251
98661
9638
84939
25186
34797
61534
48838
27917
31259
44963
77740
45034
40435
81224
42625
88701
71188
1379
97167
33977
17110
22411
80852
64360
28429
11699
76154
32087
46986
30109
36613
77953
20832
46045
27397
25302
11012
24363
3626
15528
47917
65700
56759
73298
17435
62654
66960
42022
22517
77606
19725
63473
99818
91352
69233
56812
69241
31066
19412
4866
76172
39830
80891
98969
82399
32337
24618
24383
49407
86349
83600
40819
16749
43159
70752
15372
96993
59470
11872
34954
79883
31889
26170
10999
38965
50691
29488
76570
42885
8575
88428
52888
2527
2705
23861
45895
67911
11832
77790
91568
7331
6807
15449
17056
15358
43442
33385
39723
30121
22827
28181
54942
32957
45945
30424
92000
65212
1569
32501
51651
43221
73588
54951
36909
93349
16037
4631
60062
61947
56613
35399
14621
5204
98237
60459
87811
38981
89991
82999
14788
46743
21578
20627
65877
92045
36144
33388
49662
67137
50533
60068
51582
64652
37710
46569
55125
41092
85348
54531
41171
77631
29420
91751
85946
67062
75924
49161
76562
31494
16939
83982
8745
18735
74429
58751
48964
32511
57099
15897
94375
23849
17955
81058
40093
75887
41985
94838
37541
27071
67522
96159
36185
17816
6208
97251
38172
46094
62191
77847
38015
90211
71090
55218
6703
8822
66875
37916
84223
26424
14814
96101
56110
91608
48112
9394
469
54753
94721
59378
67023
40057
51379
20078
96389
29002
26358
12799
61685
22270
34306
16314
32862
95107
26384
45414
29259
79854
87158
36078
72954
35963
53245
3762
15463
35347
88544
25944
38874
81862
36098
44608
36169
46296
79148
38869
36875
20632
3555
72159
88091
23339
94338
46645
71557
73448
47001
39279
86704
75484
63362
53402
17192
28653
13947
82501
96678
85276
94981
4249
93023
11684
60696
92453
45318
32639
39969
98711
15134
11719
17145
12358
22913
83322
51843
76748
97862
76278
59169
92337
49074
44868
19539
96675
85406
21650
1838
96386
70144
38392
50837
81911
20729
55292
85047
65797
3674
48273
53348
4792
12084
40954
60397
55449
27867
89773
8375
37763
25077
55730
9980
29296
88325
38763
83902
13869
73551
96909
78761
78925
22535
99532
79556
84889
57307
22293
20275
9796
55225
21460
41004
51420
32190
6038
22067
11132
3325
70441
89429
21631
12040
35936
82077
89296
48925
80467
48759
40797
1424
61763
92095
35465
63473
50970
38821
13792
40282
74417
93535
85701
40472
91211
55946
51495
6035
64607
90271
65331
67515
66803
14670
18883
40849
72195
95354
81876
10703
