29346
85853
98333
85606
72124
34234
7444
19224
24599
16508
38148
59293
47407
37763
9799
1718
94879
89290
42609
98706
60088
6130
84394
14884
10669
1192
31894
48128
395
88850
50902
51282
69894
63931
13160
13468
79
42456
58473
98346
47042
84534
73626
14194
93371
34018
73568
10413
11496
12821
34725
99245
97498
24026
70941
86939
77781
43678
56803
80302
10695
71538
36641
41257
90965
88063
67854
80913
58161
61256
8018
25897
94888
49781
30214
32973
79448
38273
14582
33992
30654
23585
44136
22258
24909
59310
75574
68457
69947
10802
14902
93834
5205
82668
26780
2156
81331
26815
76021
41050
41670
36157
13236
32491
2542
7851
43306
49280
2216
22290
66382
20089
72293
21826
21500
19316
54774
5826
51258
73283
85922
38968
52661
24488
83354
34001
138
8016
48164
38830
83712
41354
88819
10124
2611
86051
12248
94702
48236
82687
33554
35401
34475
1621
21248
53612
36775
15783
87095
38473
19116
76253
19472
26853
61219
79453
70169
3416
30319
73577
89515
73344
46899
21398
28379
44585
64146
65700
96842
56433
9582
25598
8599
19803
16274
83824
27381
1619
56491
74944
46263
23224
37937
61483
78439
73099
61283
30237
60214
84115
95568
35180
73901
6506
25778
37009
93986
97607
66229
74308
76007
66761
82646
86707
91933
36380
52678
83710
65478
44267
88654
94066
20855
89795
46444
27393
31756
14368
62171
14778
28885
39190
11313
24170
48686
55326
15713
56463
92205
99163
3937
53525
27604
61032
52679
45391
38631
56096
77036
76339
43927
97993
38962
90578
64605
70429
30850
34322
57026
52727
31150
88715
7611
99575
76277
32506
70034
56370
31492
12037
69951
16249
10714
1004
25205
87107
57220
60776
825
94618
95751
46339
75054
80704
3837
67347
31148
52283
67062
74292
17935
1636
6111
69505
28299
69224
94112
89103
28956
40313
46464
90886
2972
628
62787
73757
72590
87247
2547
93617
96440
79807
33564
9761
59629
5539
43953
69961
2632
79569
41005
97818
42229
86683
67604
78770
31689
8286
57656
77437
82578
91367
81207
34119
32744
91841
50849
62876
13507
45919
97815
13663
41670
78786
26831
8483
82105
81352
7156
72169
35765
52946
54282
64759
13177
81265
17712
77489
94009
54316
39518
11063
81494
80560
83566
4123
24424
86484
26231
1565
3799
6983
79540
38085
23626
39641
14179
9532
40150
76195
31881
2375
1720
95027
62674
3168
94302
47960
7607
48467
82944
7015
65432
5107
85996
2120
39977
80215
56863
46400
28810
46420
42447
67483
24845
6327
9669
96469
9756
26015
48424
85638
87379
18421
94420
43944
99977
73930
83946
31206
66284
8139
1089
32771
92042
52835
76506
3843
94508
55245
19217
22202
76829
73780
52399
77295
36808
49546
76797
17997
6559
26625
60307
33286
7032
3305
32686
35044
14546
76103
72287
72014
30805
29166
58720
67315
18391
16444
22050
65846
1083
25940
52195
82998
71157
34867
96411
48088
82088
65649
45013
56019
78704
99447
65754
8824
93051
27415
96168
55932
27665
43596
57122
41284
28661
43311
64866
87244
67268
70098
26602
58836
48827
35133
14135
61447
90389
24100
64694
2729
40913
39873
63441
86460
46482
71635
54274
87311
16160
64402
87848
91524
86379
64301
82231
60572
41520
56994
14986
79650
51189
26362
11444
69008
69646
40447
60915
72322
38754
38906
97574
97525
69095
34477
35029
99323
93193
83402
74159
36959
82890
89934
99505
26095
72740
57854
50850
76042
73930
59708
84380
15208
75533
49478
82948
31392
4473
69451
14203
11802
50271
5546
76173
21394
41582
25866
61286
48549
24635
17872
36708
57212
17983
19616
20104
17106
72927
41267
43494
87171
87047
65232
12540
1139
57136
64618
65312
84536
66209
50327
10833
62981
43825
10889
68240
84211
44522
94474
21831
36302
65897
85240
2247
23546
96162
93307
94320
11553
2785
55071
29129
92154
68139
62067
11471
21270
163
39516
51402
97162
95912
61718
75131
85876
69083
83849
7410
94669
43199
43844
61405
53386
49881
28216
11130
95278
5367
67795
25869
15855
27821
60984
95149
59139
99706
62072
85080
90567
50953
96655
55047
34411
99348
59965
54109
9886
37922
66431
43961
67570
2257
90697
77098
21388
43119
83651
94658
44554
61250
4925
49219
8273
72328
79952
74486
26737
82616
91027
17819
45815
12039
46903
95899
96048
9479
72703
10201
27093
28458
34431
47239
82264
14500
84208
96692
45672
65198
65452
83811
17540
295
33485
76919
72154
22965
38205
71402
15899
89673
13881
10877
48893
2433
68167
18442
25068
62023
6321
93237
91790
23638
91389
10401
70513
81980
28970
37086
29844
74427
34505
61408
51375
42442
75733
98956
39007
19577
53681
84395
5650
91442
49085
20321
97259
24250
41973
12759
26643
47894
36134
2644
68029
91627
61260
57770
24691
71070
35277
59501
72130
85466
77292
97631
3199
66927
45804
75974
83220
27895
28577
31582
49131
77909
33972
57259
77846
93847
84115
51207
35449
46010
72050
96186
83381
33452
5282
7336
35409
70764
76876
51940
23239
67661
49515
45314
34952
72090
47331
17225
46733
79348
513
2119
24571
54295
32049
26431
75346
97531
31350
43198
29810
14741
98154
72588
30731
86909
2962
48445
62047
8619
41436
22887
56950
89819
50424
2254
64958
32047
24720
50490
46173
60052
48870
28330
75605
81756
22152
59522
29554
9898
9586
73184
10579
47373
82113
82445
29106
99619
42799
25582
87442
37215
35664
76986
4068
33094
25672
47750
87862
39219
64582
62268
9945
52442
27041
53067
50061
23049
96814
50423
26987
69450
87035
5809
24942
69861
42155
63969
61471
9282
75247
55583
70876
76365
86909
98178
31813
64786
68175
31696
43106
74536
85402
97235
16020
73258
66217
63053
31863
55104
44374
72642
57904
86012
43461
10740
91449
20832
22237
59852
40742
91197
91748
18228
50643
42199
64822
16706
21164
47556
98433
37902
41080
98099
24543
91492
8739
64169
72369
70293
55047
99142
69237
15016
76790
36262
60868
83598
33479
4708
68171
69651
71002
96633
51555
92848
77610
86722
64911
32638
20462
7648
57330
65381
15787
18456
15370
34258
99962
15227
43821
77703
23473
50400
66942
44844
91761
41996
42860
55747
83116
10708
64776
54361
14928
58457
32
72088
34837
339
30397
23258
98847
7721
14869
18457
37071
80443
29006
30657
81932
55427
31088
38086
81834
96464
19142
27698
42965
22034
22737
65591
7932
90516
59528
92866
29372
73154
16495
38032
53608
46860
85011
41563
26898
27747
71264
96589
83961
15297
4319
72822
91791
25157
21072
19352
26949
98747
8799
74654
77205
4858
20390
55213
93707
48999
27103
88691
19730
29976
39076
46300
28087
77842
87750
47684
69692
50515
10438
11270
41083
94860
77138
32211
20500
33990
27039
8351
52117
44326
75424
91477
75078
36907
16865
41098
64526
95475
71362
97807
13413
67422
86419
25344
33942
42922
16809
80473
78128
38845
60346
86281
92683
62529
46746
42014
24370
362
68371
73792
97168
81043
84858
9946
27163
49703
79604
28434
77048
91675
70117
19322
53993
13336
52624
81823
23578
32310
71696
63903
9028
99172
56657
32184
37819
50053
92556
51707
30043
25652
10814
2366
35338
22984
61124
70193
79081
20754
23604
50441
35805
7427
55451
29240
10676
81259
86447
6718
25334
13404
57360
2681
5130
22381
80544
89719
37761
9434
79003
53452
60323
33801
25429
88287
45717
68135
49167
32351
40068
80721
19478
16691
29841
9519
85880
24270
61272
68634
92803
34689
4830
68735
53788
12683
60470
76411
97945
49324
912
10566
90492
47959
640
79916
9932
36293
71590
41142
17649
42982
13247
59624
24844
21043
45096
41923
23249
55871
74154
80458
65698
4172
46630
75202
98441
73305
9181
76115
23889
68473
14397
19371
91041
84063
71876
6178
96023
46997
4594
13656
31005
28940
71183
99450
9803
56686
59766
84483
1465
47311
61821
67359
63582
9090
30754
35595
39690
16520
14131
39480
22876
34339
33306
78159
30337
1288
27491
83086
874
15699
28972
31536
28840
78709
20424
87563
7623
92680
51887
74035
79844
13539
68038
74652
97900
78344
78566
20573
68499
52315
17356
35567
16078
91566
65661
15540
88941
31671
6067
32597
64600
17315
80968
37892
19877
85763
27677
74752
90323
23013
73544
5879
92071
29470
75641
73126
64064
16099
79047
91867
21113
81782
37499
20699
75546
13469
94904
7616
6395
4559
89894
71194
17431
17352
17370
52023
54313
79420
387
28541
55013
28104
84468
6483
61525
39460
82505
98912
36558
4436
15256
37835
43631
64830
59861
99073
6998
72950
20129
68726
62943
41492
55472
80130
63673
52647
46358
78796
41543
34051
65422
87493
2416
92470
37799
26795
44931
76825
47243
76974
39178
32226
56716
75760
62186
55414
79118
20677
54197
24123
48299
28057
60492
57835
79111
50321
13620
25572
22225
22985
97235
31197
274
72797
56967
98355
8885
39491
60612
10082
19411
84502
77512
51759
35641
80974
13117
27874
98169
89162
26506
98129
18666
68527
93686
1655
65245
87114
64954
45987
14973
50385
86722
69229
9538
9640
13696
62947
58002
69408
77772
50178
41332
1689
83036
14432
18003
64488
44156
68902
10475
5140
78859
60604
81075
67867
81842
66652
84582
69585
64801
6792
11088
21192
77607
40375
10514
60587
10317
16970
70706
82628
39440
47965
65251
49598
3098
99609
31404
64868
81276
78855
60535
86728
82186
68863
8344
85632
78419
44222
96600
40779
90459
39926
74717
86514
27062
38943
58424
70633
42467
41323
97514
21332
30083
91032
27635
97158
64150
53342
16729
52133
93584
36808
35026
41866
64508
54271
9711
17828
41357
62146
67397
32348
39709
87730
56376
24435
58212
73386
98981
34951
20503
16171
89453
33780
46074
85109
53274
60920
86531
58643
87535
29551
93069
9549
13840
85181
75189
38912
78347
1226
44469
17131
57441
22023
27227
23936
58293
55567
20261
3899
78832
82088
71323
55118
65647
66409
39752
87674
18410
35574
19670
28187
15105
49350
34278
91611
55556
55685
99721
77446
58175
14230
18878
57501
84545
60080
90569
20836
34696
47210
92428
87638
30507
30801
10692
8440
42180
98229
86466
28011
27319
868
96132
79515
17475
57134
77776
20052
6340
80904
54284
16917
44770
94732
84573
27036
7673
90269
31194
67969
65094
47944
557
16767
2667
60453
82598
47629
11232
6526
41563
75690
44150
46727
22431
67255
28841
86699
8253
24062
26913
72647
76114
49040
38245
25583
62949
26253
4221
29039
68836
69692
93314
94477
77532
94939
26500
71401
48980
2640
81495
42150
16583
30109
27515
36386
72348
14194
69159
96129
63588
61885
63090
20168
59055
43964
95645
15045
44875
51187
82592
70060
81850
77913
74127
97981
91086
41197
63881
9889
30148
31398
68862
34226
85659
60328
32922
24218
84303
13842
61425
90772
85846
94452
96009
16847
74231
96637
37215
46737
74338
16915
73783
77848
57135
85468
3875
37276
26103
15961
42639
82928
97449
91059
95559
20807
70858
31373
32422
60627
75692
17369
34684
20200
15946
15526
88763
15071
13885
70999
1214
59159
69374
56687
72725
94103
95225
89257
24082
13262
70794
7140
53450
37690
31094
59771
10632
61767
45160
95314
76948
67984
97767
42988
72827
94753
44849
96538
63675
14653
87639
87598
38157
76475
9524
24045
25936
65867
8586
32259
7182
93847
59259
54673
86669
47236
48481
7361
628
41176
63434
5274
17367
38229
70996
16879
81826
59715
92065
58993
55838
97677
45687
78213
98882
52513
78807
37840
38106
66267
22263
78831
84428
38363
12254
53444
63501
60754
30364
20298
52447
70140
76452
94217
72005
15976
97447
20197
88293
5427
38797
26993
33784
47825
16050
82017
33105
621
71451
77405
37575
73545
71508
38065
6849
61534
72712
92737
88861
60135
66588
71802
59229
62777
25736
7492
87471
21514
819
87763
21880
69619
72042
89085
29116
45072
21596
94278
47212
51204
89621
24407
29932
60921
99861
34893
28256
25989
88525
92301
67762
64712
85205
15413
94755
61714
34029
18382
42188
26625
10798
76349
78063
90152
17931
42105
98687
15916
29354
38360
3369
64296
87545
69314
94141
71792
3278
63846
39549
90674
20896
73067
76096
58680
15611
23710
14531
4010
31300
81067
46990
2993
60586
50055
83007
35510
20613
28010
13973
8041
57582
90266
99866
16990
20218
13602
64909
78705
76595
76097
26956
91594
52789
26367
42107
66684
69666
97659
5267
2023
72611
48351
19242
54237
26876
6357
38810
34754
39307
34451
64753
67692
20796
10129
21717
96842
93228
22108
92178
9441
4152
94434
45089
58322
39297
85102
2390
35735
7774
92174
99398
17516
9758
79631
88627
24330
64761
66410
36246
17934
43729
71992
57288
61593
63370
42593
21549
57552
98915
52882
86845
71332
38289
30701
15824
60940
5271
22330
68582
32590
35523
24892
68816
14237
54759
77150
76446
22331
5203
55084
15174
39616
62284
82365
45038
50643
12843
58734
25462
24021
68116
39083
59973
60925
87409
49414
58350
82077
72299
73834
48446
61924
7301
53992
98117
38333
46197
30736
71999
54325
96511
81725
27038
31098
59439
39719
51990
24510
92883
32284
67300
28859
95667
11880
15516
88240
8270
81008
12334
31946
96466
2559
14131
34558
23991
20984
42714
44530
60217
58122
17066
89915
88241
6881
8563
1153
16815
33849
77589
37055
84885
73742
11404
51111
77715
95535
1943
4611
24186
15856
90371
21173
53695
17855
24825
7423
21295
78894
44449
66495
69673
35503
87474
37810
64765
13534
10359
47226
10751
60888
63455
86298
16519
17033
7552
33598
73736
74307
84681
75927
65706
15210
41795
13124
35879
58605
27396
73580
68479
21903
17616
65672
35353
90979
99115
52190
66550
95094
36736
679
58995
97862
41703
64402
86331
13105
16150
51522
16838
49768
12039
77714
37203
68322
62114
97529
92701
11021
64263
71145
43293
45663
92474
7953
94395
55530
60107
33698
30290
15214
22176
33454
47520
84713
75874
66668
44230
57834
193
79832
94050
2659
16421
1016
36743
50140
46514
96442
37078
4803
41014
95097
15419
29185
12819
35166
95270
93225
65636
95810
16740
68010
86317
94994
11993
71940
1699
19595
24380
63351
85589
91717
27728
43254
92662
98348
20123
92475
58184
55017
61700
33268
1255
95296
71502
29179
7407
98995
50059
38019
38954
38403
20927
75502
58298
79766
79251
43004
44128
35252
88689
12733
55558
74091
59651
37352
48143
40467
3715
39396
69625
84748
68254
64419
28492
89955
17898
30543
46242
38772
80480
44380
62227
25065
8440
5597
81499
94240
98017
71539
83242
4842
35289
72576
47977
76112
52591
634
42596
60368
24050
46907
71608
22342
58678
8692
87962
36390
8643
91074
76385
70757
48505
60857
40945
47479
97604
39869
36709
46898
15159
33199
31032
96562
66664
90820
68560
19959
61865
35954
34280
95528
89054
70627
22425
41050
39104
14124
30084
48044
65613
60568
71550
90474
49897
50173
39960
77201
437
45520
76490
96210
21066
52308
6108
45488
28434
68813
74289
15715
57060
6291
17744
64543
67770
44930
97488
46830
69488
32654
31967
70682
72955
59540
42991
33703
4932
99564
83902
22749
62336
68218
0
66915
26093
39620
68331
82342
18475
53214
39967
36634
64692
16033
98768
42008
89977
17370
93681
90469
58619
97502
51487
35667
2083
48699
20775
36064
13919
77642
49333
39484
24057
90753
634
73321
22485
63013
20569
66875
52230
16604
60430
47550
10094
97120
11835
20631
17009
58224
19601
50083
4820
55329
54007
90651
39864
27217
57978
33017
79085
97852
70353
44820
67956
14439
88716
49287
42773
25626
68473
31185
16601
25227
35890
97461
29285
50677
42086
51457
69620
92616
75138
11339
82032
93113
66140
58296
31021
36218
70684
93046
36546
61157
68648
4457
35589
91890
7146
79555
56481
25991
31040
74828
94486
79087
78463
94178
65614
95395
89797
22265
67319
40453
80474
52643
55234
1580
18498
19563
92919
40122
71970
7612
23827
58153
13324
54750
96863
60515
83720
41536
59534
29393
76481
4465
28851
73771
32650
10440
3676
20463
4747
99620
17199
60717
12652
95342
8543
86174
86556
77883
75371
49684
7102
63341
24755
62989
72497
14360
57848
49409
45595
13858
87503
17435
74289
74340
6498
49093
645
8589
33283
77947
79469
56262
34350
89090
7916
55120
68058
61745
98495
80585
60123
37357
29894
54638
98967
88595
45613
15675
32706
68719
37717
77133
23449
65193
58148
56840
34200
59455
67142
78452
72728
83501
65215
96738
30025
30889
89870
96781
4679
29387
26687
35676
23612
27049
33101
64067
72434
2913
18321
23625
76307
86864
1516
85253
91231
18592
35854
10114
30761
67518
76128
75553
69263
83560
28564
84733
11252
10853
94214
21033
29787
53327
80751
38710
53858
96332
19975
63025
45305
35355
34580
61705
46365
92137
43091
76078
47190
10051
93730
28597
62377
23109
25415
56184
75226
52881
45217
3226
50082
61884
53897
69128
92905
54562
15076
60411
65217
81978
44328
49370
93471
62499
5768
85117
55189
76734
59774
18060
24592
41654
84532
41541
30412
49082
13168
81981
70575
40331
54553
98110
31593
74416
97194
81518
99270
69959
23442
44400
99981
83478
77284
3460
23928
69567
69730
68681
7568
35986
56194
67331
56324
28605
6074
90680
82342
79711
67565
35828
75522
43130
65841
36396
36924
97318
8092
3295
65861
93506
97164
65656
95129
88133
58896
83025
38329
21939
23318
38098
73536
90027
36945
24247
86819
20893
81574
92367
9706
40633
30356
58209
25926
14882
43453
37193
21422
68610
12181
45535
31930
35863
3047
99096
35931
73995
58206
52807
32085
96097
84727
79484
65530
40779
21472
396
60356
70777
47085
11569
18286
63083
72599
60296
57039
69352
76433
60664
46069
44871
28617
91538
69626
47819
92150
83476
23749
36267
52772
51144
3552
55215
98522
50762
17714
80311
51908
68710
82232
13077
24290
85727
19876
88731
97004
8429
946
65199
8832
38942
85763
13307
80298
95452
89368
45696
62958
58927
81645
58859
67573
93210
655
82272
68562
80128
507
87347
4880
74985
58197
54805
51322
11424
47234
94347
7046
19924
53986
21051
88991
50558
92781
69792
17293
56610
39657
66076
2531
3598
6885
42093
31493
43903
90166
27000
35508
19203
92011
24194
56
32506
53934
65022
62473
15510
3194
39776
44441
93793
63540
97072
81473
16701
51559
92155
85895
20838
70816
42595
34889
58388
79490
8278
93193
94685
33607
57532
47636
17847
46261
38186
27120
76187
51032
37555
46050
19845
87681
35742
27994
5624
50203
3091
12412
59230
23237
15919
90795
90189
93169
24632
29139
16197
97561
79786
40083
75478
69464
27759
41638
68127
36620
98125
67597
85361
23014
21241
16538
25106
73355
49417
79035
2781
29195
26055
42913
80518
81531
21634
39373
41403
64561
52671
47542
70343
56060
36876
7513
88752
125
341
4157
20896
32486
66063
87937
64192
56909
73970
81253
55488
8204
33604
26226
31060
87289
33104
12359
88697
3773
24662
42625
91157
41491
28380
22501
7355
66848
97090
25645
25838
36073
14354
72238
38813
63701
42454
11106
8973
96768
16964
54006
4244
68664
8149
86258
27073
58968
59379
58816
26490
6111
25616
91
80733
4876
86643
71606
40712
71224
90734
74789
92851
79408
46955
67340
21979
34638
55429
41187
33050
47187
12850
14210
42002
56035
14014
71087
60329
72573
7923
56513
14637
64693
46900
41423
11256
6031
66089
7002
27311
13850
6997
90996
16965
30023
1443
82732
17181
48005
14655
31896
60396
49723
43969
31229
7677
25185
23363
36477
73742
13915
65140
17853
97015
97362
97190
68306
47403
97969
30625
86600
72055
21753
5338
81999
93095
96513
20158
89986
54472
72654
38249
77301
60456
70251
47187
97690
29465
91141
67594
44496
22901
43526
93755
45193
83996
33228
54729
34775
37080
39749
71232
23122
96930
30248
79267
13544
31069
15283
27553
31553
79935
90301
27910
13742
53520
73688
1774
95342
28428
18917
6901
28957
15650
29491
96042
59737
97503
59093
29506
48017
68773
53439
9704
2285
84
97597
18098
51348
59563
90736
45263
14206
84967
2598
69948
23831
73738
62485
19062
55405
52151
72979
19689
78582
48538
19445
83495
67616
14309
19170
9653
54742
92020
1300
895
9772
97650
82922
55692
24392
28629
43660
39244
74093
13508
66173
46157
4485
31576
33302
5293
67818
91008
66309
13386
55825
45471
77217
67702
70387
96561
75304
54022
48026
28395
35703
18665
32740
2719
10981
17173
29367
19934
60572
87964
57122
49433
24501
25310
86091
90528
48400
77209
13914
40843
20045
73340
47873
7703
24042
26841
41638
49479
71417
68984
12559
60076
67388
38440
72009
70720
3968
34384
70933
90188
24211
48068
7440
34730
96676
29907
64765
39492
25206
28797
53648
15547
73664
51362
6138
51556
29956
56918
51788
51821
74826
80465
70250
76221
71864
25506
59599
185
29104
28515
26774
85794
57574
44871
83819
62172
48540
81648
38575
12106
91549
23742
18018
6069
87506
55874
48752
55596
93412
49552
75355
49988
5423
43027
98816
64225
99678
81530
5193
32621
49737
92272
33998
27172
14504
72905
87913
69843
55315
40409
87669
70933
24472
2559
19554
71068
79479
99934
37079
46481
99997
5451
77220
35603
72539
7714
1668
7835
75779
64116
64299
7776
75871
57468
63858
47958
71246
6831
2172
26514
44699
89233
74723
53064
20123
31780
4484
59541
3171
1819
31588
45209
75044
39852
34206
74140
19812
94244
50794
97457
15322
68373
53579
32471
14438
78506
85108
49148
79018
38748
70456
49693
15113
78237
74830
33417
18299
67825
73917
30500
29322
92540
19850
33798
78860
41878
17403
33379
75837
40187
11750
14598
65048
10432
443
59542
73714
50336
68522
46491
82963
74932
10323
67353
50769
30881
7465
94715
86987
48458
26561
20971
85055
8614
91197
82366
12201
7629
77103
44685
63769
36269
94476
42973
61104
42169
59951
92928
14646
11488
27207
98229
22234
44507
31519
45034
46471
43744
97895
69890
96160
80692
56004
63889
9048
59070
52689
96644
66256
94486
21199
47741
82126
40540
18929
39292
77846
33284
33277
86522
72680
77807
81727
7855
25397
47414
67920
36499
96543
15968
75262
72929
2509
38034
85881
32280
2824
61350
38906
62363
31924
32788
14415
2712
95470
91244
88295
30694
76735
51878
16983
40231
44730
14097
61031
41805
90744
85384
1212
89081
6061
52067
81858
16606
23430
74313
25013
88068
12450
35106
13996
55369
86314
56843
18179
69506
12654
20579
78916
35391
13502
79682
4817
65900
30306
3754
46417
38515
94614
28437
99893
1503
69989
65486
2725
22428
87360
77659
47851
38938
55419
46648
67548
83185
22181
97087
20510
34334
58595
30659
21435
48331
94471
74845
5857
39756
35890
19837
16722
99718
97219
48034
78959
87338
25562
51748
24700
80991
73358
57422
21936
99806
47112
62218
19068
79734
56474
38741
22901
90800
17247
19441
78528
78990
42095
34777
80569
22828
767
12367
36543
38504
372
5873
76799
9181
1506
15179
97532
90091
12581
40422
15384
62355
54203
19229
67234
42206
28988
57968
15324
99101
98935
56273
33991
39723
42346
75740
74989
33295
53405
31652
78379
60574
29756
72872
54649
98333
93327
14277
57144
24996
9816
98245
84087
67294
80361
55381
96801
57548
47423
75476
28358
17993
49951
69031
12996
69896
84971
63433
23763
72346
56576
544
89706
18605
54639
52843
11377
99918
2743
91479
52868
37422
77852
83889
20704
39394
62534
39382
13933
38404
24440
22214
86024
47575
15434
68310
40748
25032
52902
38309
53181
49137
97500
37190
75728
34391
34018
56476
2586
67027
84940
43589
69524
19373
42852
66733
50664
21475
85061
94147
71898
46794
42874
20616
21270
59308
48302
14020
72562
70927
35343
62962
51199
79383
68613
79548
27058
73985
96425
12737
95177
96656
59971
72819
86172
79333
77028
42269
6306
87527
51548
34177
43421
45474
62009
94304
43107
75211
34974
53619
74921
40898
42843
31542
2862
97520
26062
9444
81314
10736
66294
75838
75282
32906
17520
76612
29712
34266
71505
9350
33571
73007
92798
50132
32456
18800
72138
62514
48164
46873
18093
35463
12551
48931
78750
81109
12830
42497
71533
11107
44118
24966
38463
42581
38824
44676
65671
40093
16101
28432
34590
87595
7647
35234
81566
40288
81681
23160
70049
10144
67532
16345
88881
44742
53760
33271
78059
66897
7779
57134
30037
96540
62241
20489
82872
96108
39232
54275
74940
65410
2766
2603
13887
16784
81161
29057
67026
69064
21291
21374
99152
77136
23440
47920
38108
96274
96262
4962
20886
90480
42256
12058
32793
81717
72502
32475
82932
74470
32237
89579
35491
48983
94047
57391
78409
65594
59574
45331
66988
41618
95274
81254
97965
74405
24996
38017
13187
17200
31406
8584
78739
89941
19002
94153
47022
47856
51884
66626
67623
53031
45124
72639
36655
52255
92428
50625
73583
73259
9114
50202
12546
89152
12642
60020
60396
868
53628
46897
1178
55716
25101
8077
19063
17541
94485
48512
27177
82450
45268
64288
44550
98868
43065
11716
48950
2112
37385
36003
52614
31401
22728
3546
15878
53943
94375
81804
86144
70672
71243
92132
16021
57682
6326
33814
93526
12098
788
6915
45788
94687
76163
13339
63204
71696
3552
15293
42859
30076
37194
4986
29793
82424
71413
27288
8717
32250
59790
21138
79389
92461
36326
47548
95336
23997
5053
18277
33635
75218
69068
49685
31292
6842
35054
35958
24470
84223
36972
27759
91873
30488
88356
19018
97589
76314
62613
50967
20331
69775
59562
95882
86648
7903
8160
69344
52391
1259
81398
29471
79154
44121
67472
5019
32637
52777
34376
91348
24111
21605
98929
83293
65133
55575
59049
30520
78261
93077
33051
45564
42516
47704
48174
13305
81028
98603
77230
62258
53990
34942
69589
76584
50328
99129
75221
99928
90867
88878
75717
51579
56963
20327
83301
66956
69731
76671
38191
6790
55605
39917
34172
14443
52348
3066
70320
80321
89430
54163
30916
40214
35289
25051
80462
11493
16424
2360
38447
61233
8561
26573
49049
10606
6055
93608
5146
93983
15320
86098
1353
11865
12298
97700
15532
54311
50870
43449
68484
62369
23102
47253
57842
93363
58757
20662
69816
75382
38361
45841
6537
87885
77292
93240
1009
76078
28812
82597
30875
28382
30613
25931
25878
8999
93120
53630
11669
97912
57656
55420
76303
37689
75853
58583
87399
99466
29154
33888
91463
64375
51360
33233
81477
68378
69934
6838
42024
77197
98680
74009
63619
23402
1868
70345
34943
72833
1892
11399
21848
28245
73565
42413
80030
16083
50630
74075
52123
22736
16532
9791
97076
97822
68114
93504
39785
651
64438
20136
62582
87799
30095
48683
11484
23695
23834
89912
80570
25739
77652
8539
27188
11040
13802
30540
95222
77666
95020
39448
86738
72602
19296
51401
78565
85376
1010
17333
49495
1590
17737
50208
72001
49344
84789
78255
6185
37251
50085
80266
24873
54905
13781
6157
79694
27150
60260
6764
65148
10363
74083
73792
1551
89116
16585
71826
9052
26416
87716
84546
78454
63693
35115
66292
40268
60285
81230
45304
10959
16825
39791
41109
93554
24960
12681
20498
55530
38740
54798
6817
73557
48529
21360
58055
95735
64555
13237
18668
3391
22883
41901
6428
38664
45925
35583
7319
75035
47361
44799
23579
25138
25988
92637
85740
52919
81299
87991
16382
70347
25796
72302
30079
15971
54200
27445
2531
72301
96601
63622
62316
81744
28364
58736
34998
24401
466
20907
91549
57266
88801
50091
24492
30517
3898
31634
54563
30078
62471
8832
46084
20918
16883
97222
37594
35148
8581
18649
64102
47542
11162
99841
10055
79957
86591
66065
21349
80246
15560
60529
11067
42773
98544
91510
98879
70396
5197
8372
54254
99882
18159
75114
2521
98670
84885
39771
3974
73202
49931
22269
28037
86069
92868
51370
67696
32177
22545
61172
93789
73563
26971
41782
69315
69576
27778
44101
5031
35820
85810
8997
70082
31390
89055
2168
15984
94936
20638
22897
50552
71547
32383
9383
4947
77487
7210
52709
43387
18503
4725
11454
48561
35267
80127
76253
87147
33039
27500
72795
31992
88265
65758
15338
38481
37568
57740
38318
50718
39736
57089
23371
68898
54793
85876
20474
90405
2183
12128
78965
84476
83005
78271
89746
96854
54099
58984
33068
68261
83182
62977
60828
21832
20342
5155
97575
90897
64371
94153
89905
10455
23473
34868
1903
3578
11522
95135
68570
61743
9826
75705
14719
36423
31222
68
8148
55200
53646
32873
11973
31271
89769
87350
6700
14472
3896
38998
65823
6933
34011
90315
11939
76495
13799
36618
71007
63635
9961
63410
29003
15492
1444
38027
54599
3953
52758
15768
51912
59458
57464
39256
96173
88581
27685
52670
23952
9743
59762
41483
84088
91601
62203
55045
8107
72985
71743
62742
960
58721
26881
95268
51954
92953
42448
57128
86193
50604
70528
67725
46419
56785
87895
29735
59432
88113
33860
61838
38411
48207
62089
34645
26772
76345
44057
30635
78154
97450
1372
43214
63510
11129
11408
80486
65394
82881
61002
53829
2785
49582
47802
30393
5976
53889
34732
72108
69274
20096
64363
41625
59329
78397
2688
24650
15800
27809
50424
6002
92870
27573
74819
5252
30020
96237
43801
64303
31632
26770
42743
4182
67610
23946
7431
92976
83003
25029
59486
64729
62694
70343
57630
89299
47991
44717
2524
82397
98407
98622
21820
64365
81858
78767
29208
62605
60207
73331
16576
51472
77902
99358
14619
81744
7937
3508
90635
18597
17281
10898
67599
90563
50673
36696
99746
9521
56431
39730
50528
86369
72839
33090
27529
12945
81602
68812
89886
44349
25179
79422
6824
80319
33394
79161
6841
31109
24186
56608
46218
3564
16397
62780
32611
83550
11551
63049
24793
39302
67407
31841
24145
42508
71066
18691
53091
81777
49162
33280
76250
57864
88364
46146
3575
14255
1952
57752
34773
23977
98057
53058
6504
9370
54499
6518
8415
16414
78612
79917
4680
61350
18939
39118
4498
66320
74949
5044
34734
770
83327
68158
23183
96994
88038
45075
81072
19637
79578
6351
79061
48370
84881
85615
95593
13026
67655
37301
38726
19031
3955
68248
39444
11142
97397
27564
36808
23778
85644
21513
9614
33303
78692
21371
99553
15199
46924
41637
56023
26500
71142
50354
51098
60243
64727
57210
58929
15673
3998
36141
74781
52829
96450
44255
2431
34009
17059
41072
54615
38230
95635
44054
92871
35236
54494
7722
7734
91059
94084
26508
9008
12113
2823
13748
22154
37440
83391
10358
39652
82098
15755
80689
22952
95620
34083
180
20558
70548
97129
70285
16546
52321
14013
46224
39677
88702
83663
78400
16655
64434
35887
71965
57151
30927
66465
89706
90665
63340
68493
69497
27206
91361
58898
12342
82346
67999
39707
51629
44038
26634
47241
4089
86765
41461
27087
46601
64916
26712
94749
28369
21171
10255
88340
299
21768
18290
45209
82952
76698
27308
98981
27383
18139
34683
1976
14031
63271
4772
11053
87997
31049
88112
12073
52709
99037
31366
28589
74967
15152
99846
8651
7376
56963
68512
54710
40714
51055
91503
85490
27361
56482
5781
18922
62658
1991
57139
40672
62546
30276
31461
28607
47704
7421
34553
77260
22632
60694
32554
68859
36781
34709
19293
80926
19794
21638
28215
86520
53006
68568
8281
15728
6154
56805
27449
21057
81359
90191
46622
23438
89649
24165
4088
5171
63826
92197
50521
52662
42996
9403
17268
91868
74399
12968
36304
13497
28075
35006
16617
37023
35947
76743
2436
49751
150
40421
84493
40046
58771
70037
99311
30022
85024
75885
4975
11406
16287
12676
35909
62220
11102
42545
40407
20150
66849
60363
87316
20992
12334
40143
95242
47087
69749
20800
31685
47596
54970
16745
29797
66421
88865
87230
85242
30253
40724
66689
16287
26708
21748
87232
10000
82225
93177
64795
72073
49579
38920
2083
39004
48247
64368
76350
90095
9100
28769
89447
82544
32114
9002
10835
67381
72121
97613
67950
53908
30310
55681
29220
86076
82408
15587
95707
2031
66057
38587
42909
43292
6528
41510
45748
99005
46211
57925
92878
65162
28697
91809
94209
21943
44717
73017
90375
48945
18367
84011
4074
23601
77237
81723
94875
35578
95727
16866
19483
68181
37464
69429
46013
48646
12984
26833
35971
95754
62535
576
83620
46447
99099
91851
34608
24177
5986
21501
18250
27149
13483
90383
76052
79971
72959
42229
83977
26317
67117
38212
34531
25878
84771
18174
7548
33145
99577
43932
17490
3863
74215
80086
64452
22004
71382
12434
9273
57135
17300
2919
81344
16892
18465
65805
75409
89152
28295
65252
56691
70345
46342
80573
90487
67367
39981
85960
90977
15882
26565
45403
97766
56857
4103
76027
36945
76140
53710
39818
78304
47655
65447
43470
73868
29684
82373
95290
79366
3740
24593
85499
55804
98401
98430
36417
11898
55995
77050
52712
44430
83469
85441
32674
89220
72739
59340
80354
62032
15979
28519
61800
89802
38861
19200
37060
44338
97767
47482
1961
8725
1578
17249
9839
48617
89451
71064
45092
65362
34471
60463
75217
24519
20246
8497
59653
49038
83274
71897
68768
18148
81252
40164
5950
74009
24723
79809
96062
46136
58763
47781
65933
54244
15518
14140
88148
38685
88953
10906
40283
50722
34078
12975
49592
25457
39097
91704
44120
80394
8801
79282
30089
89457
99277
73482
42754
32434
78512
39824
53711
767
8050
9930
18076
53557
46925
77701
13085
60317
57697
50534
67865
9102
61268
19198
98193
44623
69162
43804
37488
67706
20412
54524
30064
69373
37624
35517
24390
65658
7509
92049
45516
32013
64497
397
15882
87534
21098
50976
39680
64940
42069
7841
43025
85818
87102
28224
71855
4390
42268
81407
65824
71428
64016
61850
16842
94153
18330
24385
57600
94227
85272
68838
75017
78182
22172
22225
43273
58001
40905
27442
37614
68207
23946
23342
79673
44714
42991
93978
56455
59450
85317
99366
16668
89578
39056
92464
26283
26395
15335
56025
97731
81763
61101
96949
56665
11725
11623
76220
59822
86788
49631
59261
61438
56266
59316
30066
42757
39266
74012
65551
96685
9454
96919
38100
11576
97042
90065
29794
79878
66711
60627
7018
87556
22220
26919
62593
95889
487
67270
55408
8494
79785
61215
74727
67938
89248
63815
6642
36391
14982
31224
46083
42388
99046
46344
58895
8104
18911
83686
42005
49808
51777
68210
53656
55637
78420
99738
63118
62629
10903
2477
18386
87260
10438
95934
70612
73454
9205
52407
48496
69620
3162
68727
87163
91985
4967
87530
18041
3872
61460
98531
69388
14716
44091
35960
88711
24875
50141
41402
16065
16520
52834
56144
48773
48428
2846
85359
60870
19992
67279
93272
40496
88801
80546
97966
17178
11288
61493
48242
79767
37365
30007
87933
77387
68160
59052
94233
3643
13307
42541
28508
5789
60143
31756
18051
75311
59954
34292
17351
34851
99506
51535
66782
92984
53025
3970
65008
23428
98460
56595
50644
28013
74457
55339
35399
66135
15885
1974
66953
83095
45080
84262
41364
22054
62158
30008
38297
94418
43522
37390
48441
73742
88881
34043
36796
84906
78056
74430
32242
99005
73426
64550
37828
86174
57090
86899
15670
14803
76730
5949
15931
77408
37334
76686
88661
32417
55672
22442
82792
87987
62033
72591
5305
87212
73896
87799
94344
50219
90602
78042
84935
28970
15310
18449
51894
84752
4963
80085
83069
31523
39641
83430
61189
42138
48201
76520
83891
17649
8386
59495
74722
92694
96433
96539
39164
15840
18476
4646
15508
55039
81915
58298
25859
39406
89731
84569
16094
67781
63024
33940
83696
72715
89727
42164
857
2761
31526
76823
22883
39066
67968
66418
80188
97246
39256
55510
87509
82670
71985
48461
71574
69001
89967
28739
41947
54957
24134
42049
33936
67298
85630
39316
60324
82448
6783
49452
92621
70033
21887
35841
31320
1600
26373
58992
14410
60336
13977
21860
83097
10554
23690
62159
73504
76431
31899
51511
30083
84652
89323
49966
96127
14699
48255
59193
44652
3093
34735
44402
147
80533
59050
58985
78790
16072
48710
77285
8448
70993
7304
90152
24987
23209
42444
91729
66791
83603
95858
7291
91149
63373
98213
36067
84353
20131
14121
37703
31581
56958
56256
98505
17408
38810
75417
41203
64706
73557
48087
66708
94610
45986
94585
16296
45903
61118
83659
29494
42399
45690
35944
96500
50511
94582
90665
38309
66536
23375
61071
75906
69770
28144
85481
73270
92584
52004
4674
78850
50624
86251
77835
13602
88852
87882
98272
63527
90698
83037
45018
78179
52796
9928
57361
31876
83229
75723
70123
84407
58121
78163
96069
16142
17864
70093
4252
26172
11615
78646
75448
78428
51858
91375
20663
91634
24570
12844
17490
29769
25727
80458
24078
79484
40306
60224
71969
46000
94634
61359
77278
77022
5657
7987
82783
11375
53482
95132
79982
99200
15929
41014
87792
16580
89966
17795
25998
64617
63256
39083
78082
61714
6498
77674
59194
32644
86901
77991
29580
41117
91178
43589
31895
15070
70986
46291
69361
55945
27748
71454
76114
2885
12522
710
91036
29662
37224
35821
13446
83786
27617
61420
53763
66630
14600
61152
52212
79391
29145
4418
50471
19309
57586
31828
60713
84186
86801
80854
96591
30240
7179
54937
13373
84815
85509
63211
99186
54574
56563
87953
89840
23258
93323
70131
69387
63722
14533
14640
29198
75122
9041
18962
66340
54982
71445
90109
93513
90870
80098
82561
28270
41368
44754
75567
72675
91748
49088
45641
36612
17400
49859
95249
81475
44540
84968
72259
15566
96736
49004
28863
79164
61057
90035
53886
66265
98634
11528
84454
47147
92823
1585
38360
88993
46933
38349
60583
14231
69030
18317
75395
6824
55072
36269
70451
98161
64629
99854
8162
57982
20717
21425
2480
98131
24495
94449
39464
47321
88351
32478
89650
75843
40257
2866
52255
91452
21979
67409
44930
74798
84441
90498
50110
40593
68490
2436
51994
96111
38696
50447
52274
25360
19189
64041
35879
80359
74528
53249
19830
37496
27175
35115
42565
9476
49879
39704
50490
58579
9038
35217
34790
77340
40290
75185
44831
67156
10554
84637
42891
70768
93530
20192
94648
75769
57116
29735
96104
78444
89498
11829
66794
27050
84552
4996
16516
92707
37021
72121
20172
49658
64179
87522
43958
4372
77220
18447
647
99363
34580
41035
92521
66698
61102
3413
70231
6988
84422
67583
92856
61525
30846
66370
29704
31908
12708
42812
94994
12083
65977
88679
37626
12101
16972
54999
28566
67371
64388
26704
5821
56371
48701
86690
79512
50126
46537
40322
21749
65341
75288
5734
11162
93303
45074
68796
99638
5752
38049
66823
66451
71177
89292
13144
11944
24617
59166
4773
82091
70677
66886
1160
11204
2169
79703
18679
21180
14899
59727
72603
93972
78464
32468
52623
18642
8165
32090
49719
11510
96732
34786
21594
83851
41113
39869
18974
85562
64152
16462
15775
95992
75237
97645
88171
87199
5288
73671
73149
18650
85675
66883
59508
6873
53833
80223
52687
29445
72532
67065
75399
9581
36515
88043
24169
47167
89943
46605
24302
15443
78696
30750
14105
25921
20368
15773
56557
33267
61524
42545
70600
93940
36299
91273
79936
424
52172
4030
80537
79253
60664
23284
55392
83583
26785
73791
3975
65106
71062
50019
94748
96824
89516
92755
28456
94634
79946
72891
92738
10723
7025
29241
58509
97329
56358
30118
96917
19908
26622
11603
4097
4137
52165
99438
16917
84592
87018
30148
43688
74376
41419
94240
12252
269
77240
50546
94847
65880
76614
24139
2685
9845
61683
84100
62304
39378
16561
20670
73477
72883
36786
40708
18908
65058
23822
46028
48156
97059
87123
92669
46528
89126
53225
68043
49858
82102
82912
53981
44947
20398
30425
5424
51828
27691
10063
30964
80852
25949
64064
93524
83622
48663
59355
8403
71517
90694
46792
79858
91911
72350
4878
53710
40996
22383
79237
87654
47106
60982
76537
89498
7223
4785
65495
4270
60825
27403
98167
6222
57597
68821
18502
53101
94826
1909
44687
52358
82969
36984
14598
48579
39020
67491
4721
56859
42856
37671
24115
95893
73136
67859
87765
85419
48287
64227
16499
86219
70114
8214
16801
89367
47152
99294
63384
81836
74566
69809
17122
99135
46915
61212
89053
83331
8605
30966
88495
44360
5503
9106
54886
37693
90400
11119
77034
7606
72352
99050
78722
76456
31393
58835
51712
24753
22944
22813
89130
71541
37550
22542
70310
75492
29712
45526
97121
15895
91599
59133
83900
25144
27581
93429
68435
68289
9861
96879
44939
91037
11821
5129
74296
47948
80459
52357
85736
49346
65857
94804
80528
60238
630
56145
42768
93815
41363
40651
60165
87714
50294
32378
43276
12209
14390
90387
74318
19558
41141
68246
2188
96326
26939
21765
9160
84920
89812
77359
51373
13548
22856
37546
39485
47096
41938
26206
70197
33406
26688
18782
6846
70602
13863
7442
39827
78710
65727
53424
52970
99024
37922
95946
79681
36756
61981
10592
82695
81779
720
23126
37252
71541
17672
92704
35845
45562
38774
20185
67080
95900
29228
99508
5824
28368
95315
36649
61606
70828
31980
3185
41820
99842
38305
57101
11743
93770
12391
29376
20776
2910
69651
39422
8543
19423
64182
84092
93502
118
91478
5158
85053
52756
71594
5039
76446
77562
22673
12483
53879
51925
80304
7673
15032
8865
96646
81732
45016
70286
79278
69545
94209
94272
94161
13898
99508
48144
79013
32449
53626
4752
5926
30536
20680
37964
45038
64565
73966
52652
40628
20836
4540
72662
47295
99820
42097
38256
32358
1875
36866
68931
20389
33885
93284
23163
67613
73120
87286
80714
49673
94899
7789
52365
84025
55269
61629
14567
99117
20873
67201
70313
93712
3247
99912
54163
99854
76174
87228
11796
1011
88542
81328
87980
70209
50946
22309
51539
17133
55938
54169
56915
50967
41974
8205
6000
3653
31903
2385
51816
36795
67856
7086
16406
79960
95113
38063
64432
33488
34884
58669
21904
80513
54824
53494
27759
7477
93115
33913
21165
33908
37525
96529
398
33282
92015
13260
29950
4700
96890
47414
45333
46122
2860
54951
64758
35138
38294
76037
58769
78809
29393
27735
37576
81478
32374
1576
45551
59125
96812
65076
8781
21317
96828
56818
53407
75519
34081
77470
77275
2931
68700
226
78705
37361
50180
52640
16750
87456
22521
23903
62490
10878
90361
32367
74242
58197
63084
41050
73808
82454
41082
80234
38390
19061
67389
69521
90121
11777
39057
44024
22730
36990
84871
39880
79040
82081
61017
85071
9185
12039
46488
19887
66704
35922
50721
19593
90623
40034
80494
43649
52278
52908
88040
99758
98156
94169
80634
93696
50450
4445
61153
47150
99279
48881
46880
50684
81254
8656
19184
99077
75668
19403
95157
83147
981
46314
4363
3320
84006
47072
90047
81263
5189
79145
38330
86452
18196
8003
92536
46901
1501
23750
62199
18964
98255
61120
71243
55698
53607
81489
90574
51193
7082
94625
18517
454
70030
83737
66078
93745
47097
79013
73668
62810
3425
7363
95605
48242
65554
68392
2747
7459
52206
91952
38903
87901
54862
20063
15724
68830
11847
22169
11063
60765
83816
72411
10204
8756
81728
41684
3483
27623
86812
37379
56706
9653
49742
18318
93180
68058
16425
39516
8039
48926
11977
66704
76675
47038
66511
23330
8006
87221
65674
30715
18189
8358
25329
75437
71213
91529
90093
74254
29960
86512
57492
51791
86618
25876
85456
15485
53619
64385
65694
36914
80927
46682
22641
21753
22785
68715
29207
7741
71486
65738
33684
95916
72214
4904
9578
10605
55245
21945
80570
26043
7943
63038
86852
41437
53907
37931
87467
38628
2942
80890
11828
98496
82600
82124
30636
52351
33236
83383
53929
59715
33400
31760
59817
58591
70005
75318
58839
57486
17376
54425
84716
70224
13215
86213
18257
98849
43023
12783
66627
17560
5186
6714
93552
38777
1030
84390
97885
57879
8160
92183
86602
49706
81016
2205
96397
31240
97358
45573
31867
32932
60714
44763
90021
67712
5777
58298
29375
88751
9172
30962
43868
18604
84290
73013
56597
62768
39741
20638
58600
67412
68234
9150
42653
40036
16514
4356
39620
17788
43334
75049
13274
15170
70031
20533
26315
67231
65507
50705
81617
22043
50499
85290
42138
47604
15394
286
68456
81339
15409
74791
78289
78987
99477
84321
77863
18663
43577
66234
82578
75246
2079
28821
60185
42174
57842
61818
49184
59170
65208
64286
80556
61209
8067
3690
21505
47525
5350
54667
14156
51628
57061
22005
22204
19791
42853
13076
86379
84325
36322
27121
16955
73587
51136
76990
78812
5994
68537
48574
67274
88573
93972
44884
69011
48029
41079
79430
17493
67059
24403
69453
74630
35289
28574
62684
64365
89237
66718
86123
40686
97875
72641
68575
41572
50366
70058
84887
58310
84891
7526
20214
79180
3682
50652
99752
60042
66490
84610
58162
84219
72880
92492
10203
569
65428
54656
64785
22377
90256
51365
13145
7796
30277
17178
16535
13935
94372
931
79381
3740
73317
28445
99924
43529
81864
67507
45
73686
9766
29769
34275
11829
53042
20502
23303
70762
31378
70126
262
94450
27124
23709
68851
69023
44079
66832
43789
61473
7671
16494
55116
55233
15100
49156
82158
87591
7424
93277
86072
44411
31443
19056
53099
63208
29421
36947
26213
45917
41351
54446
24401
60589
38678
2186
79980
5302
24389
66025
80021
86718
31278
62863
76976
26394
34484
72957
68502
32713
57632
53598
42269
32316
68118
15099
57024
50393
92116
51369
13899
5077
13607
40482
31045
35038
99945
77329
34713
67835
88603
15303
54915
28395
14618
93514
69652
77962
6849
22253
15778
11122
93468
50715
22095
90590
64484
2829
17333
50378
12091
57883
59755
95766
34822
75823
68950
97353
12002
84309
65742
77810
16708
66062
30603
20234
50513
26916
68845
92470
39863
59192
83461
97672
9510
13495
28196
67524
35183
12203
62781
75104
92119
4366
63545
50373
61431
91033
13912
27571
87284
29402
6687
82528
91158
94148
52706
38401
33831
13664
30638
36993
94314
6178
91443
31054
1141
66614
93421
99379
59980
59897
61199
29888
46907
3684
77483
30726
2640
53155
74975
34462
10547
22885
3935
4105
91907
90379
72474
10162
22127
43619
49676
8656
86445
84174
29953
70088
27354
82749
47937
86863
70415
60603
63228
11564
17756
26916
13906
42684
17476
44403
83455
38831
29876
67736
71010
62832
66433
31849
22121
98595
52669
27951
923
84582
26198
99937
61569
88537
7243
55823
21778
97050
67884
22709
97209
78730
3821
22255
47461
58795
6086
24203
34285
17195
70506
71129
29182
93114
5858
19200
75714
81238
43206
39434
26703
70952
36951
85632
59049
3111
77500
89968
789
48923
80374
50058
29979
6972
60610
32266
13334
27321
51563
51024
97596
98612
11402
77132
41541
15818
79707
78324
16090
33713
1949
25752
78139
42042
45765
71020
652
25525
18175
91300
50717
22452
5347
26207
44213
56456
62256
36826
36474
93095
70472
54853
60608
23791
37479
24083
84268
88741
58528
95339
36387
29302
84822
33883
3763
92831
6069
8044
35870
29511
72171
11888
76447
36841
38438
70168
28859
53424
202
27106
5925
86524
97551
272
57997
57345
70933
4948
44070
78894
47973
63143
94770
25259
96518
54681
90637
65243
5305
9730
43251
76481
32977
10999
85871
17727
4658
76537
22593
49466
29317
7143
10954
20633
13717
69363
85399
93132
92681
3282
34568
45610
39678
99629
25788
14130
40704
29461
87227
89843
72326
76083
89439
88839
26151
84893
3360
84474
10012
10757
54011
361
99476
59148
93374
94629
40942
51571
81266
32886
26550
13938
73446
31004
28319
22753
50196
94513
77561
44083
13394
64683
20688
68899
63959
81949
9985
48487
55175
24541
62905
86881
32957
33376
32683
32629
25173
70913
96782
51508
59155
72385
82769
43158
47731
8425
8988
99143
43310
92363
32356
35992
64709
18790
57098
20726
68045
43751
68018
18264
4472
57133
97723
18705
22236
37925
5791
70214
18690
5780
64840
38298
61197
77267
13261
22340
85124
40148
58984
16866
36414
50787
27702
84967
24009
45512
44010
27343
42743
40329
55342
98004
74598
65677
33623
53401
60458
26427
95107
20803
47642
24640
77714
47464
56339
35567
6110
35775
82637
11298
16281
97143
40216
19455
83202
53316
67282
53207
25475
59924
67400
50888
4042
80223
72934
35937
90209
92989
83517
67589
90124
36593
33392
14441
46687
6115
49083
30712
62905
14892
59521
67351
24161
64810
70545
14370
22428
77075
58547
69428
92680
89639
1204
63270
64185
35966
33836
32143
50989
51136
62600
77321
3725
30387
7481
44276
3906
43375
14745
74900
98898
42702
80085
822
25366
55839
79739
24432
47289
21113
90017
29765
59919
84781
74991
49832
54895
53012
491
7672
67375
30503
55295
76394
87994
94766
90345
70469
60497
26000
90495
30214
87675
42985
20924
5059
53226
85497
37452
24845
3372
85241
76656
36526
98474
87625
60686
34674
67329
95141
52920
41187
95994
33526
95255
93164
26376
50724
46292
88095
40670
93705
482
92017
65130
79681
40748
93571
74194
37214
53623
2716
27146
8824
14259
83826
50126
12865
7363
59464
61378
77110
29607
56369
7364
62929
7522
82099
31435
90875
87373
30502
33662
23456
31063
89019
14419
75611
76375
55642
9122
10192
48976
71267
4262
93688
91935
21718
43856
7543
71300
24271
14279
77033
93387
81577
29760
70139
62422
52771
4501
52119
55401
49855
54373
22391
91057
82087
20905
4922
92273
6411
40526
53140
51339
32709
58772
23647
808
52126
26754
50800
63588
59689
79299
31781
7321
62284
64449
95322
56998
16544
31740
82874
16379
47566
56423
84306
9540
63385
44576
74050
74512
78906
31306
29709
90428
9606
617
36912
78881
14765
1913
49711
75383
6683
12683
18827
89412
62497
34236
88016
33126
25486
78580
39786
85912
65622
68376
43959
29348
1429
13389
43704
41765
39469
78506
13441
16568
77738
89560
93232
88607
68391
93097
73050
18833
95018
94321
21121
10018
18954
54310
84801
59658
96273
51376
29930
99732
47932
82380
58440
58245
22943
48547
86526
37223
28773
47714
32658
70706
149
75638
14049
28726
65809
16389
30195
80230
14936
51276
13001
804
84299
87345
2163
31110
93613
90148
13310
62370
77027
2455
55563
32156
89691
10710
87674
84712
97320
24261
32293
25533
77163
70518
31849
46105
40558
15107
40799
5195
49067
56781
61834
57345
55753
88210
53672
46734
80422
14085
87339
13911
29840
26957
56482
36059
10221
14619
13776
27613
9914
10473
45406
45199
34064
11724
10636
30909
50883
48854
82306
63379
1349
64811
99749
53259
78280
45501
80486
44503
45760
98118
95124
67335
96262
54209
50865
69656
32121
77222
43042
99290
99326
41600
54592
1659
22857
92365
46668
11765
20916
80433
91744
28849
4428
89303
78400
29751
64075
102
8047
26164
32223
379
3165
35014
63946
93385
29950
87046
69187
36105
10934
72530
54361
31456
26609
40438
12632
76
3855
87094
90084
49610
32796
19867
34754
17063
28414
82232
37494
93280
48807
57336
41095
71673
48139
11335
13055
63959
2955
99417
7215
3323
69807
62522
57103
85787
85939
3026
59426
37822
80344
36308
8792
12019
15259
92709
44525
14382
16323
71396
29006
89921
29268
58682
69660
99476
22272
20574
50218
82176
24221
49861
62945
85741
78578
5061
87266
10758
49003
581
31979
21206
9772
34467
56787
64929
79777
25697
50383
54753
24436
47724
63767
476
99512
51979
60867
66654
29699
61153
15950
70680
52760
53086
37981
42677
24610
71944
59385
91061
26236
60610
51575
90344
59117
65046
95225
19912
51314
39044
4366
18291
60884
455
62740
25220
32472
35648
1502
62957
59381
62306
62096
38804
53344
72665
9511
77351
24675
96183
45334
46780
37644
39421
53195
30953
97697
68866
21295
31548
8850
92323
56205
83321
76263
54567
89386
15471
3800
45998
81778
42037
83739
2549
57460
2374
17432
79529
32355
81973
7193
34406
76861
92591
27037
42154
9801
79180
26284
72890
58425
22097
23812
13969
79631
4134
26801
55745
27132
42639
97948
13319
19779
65833
57498
77040
26973
23234
58341
82593
59573
98421
60969
71784
51699
6530
58932
26813
79830
66470
28304
91668
49050
76667
63789
8417
91930
13614
60471
90792
527
45881
27559
21953
67446
45437
87510
57541
86351
22878
55179
73335
27234
18075
10485
13201
3324
55816
97781
97642
50519
80874
48467
37569
48375
54478
81329
49993
70193
48518
67868
45073
94470
7713
75294
32495
77645
34726
22929
84936
61231
48493
42094
58846
6796
29946
75940
2487
74299
44823
66084
82502
69838
72172
26168
42040
55284
36030
37204
99709
9879
44897
54148
24336
17126
42811
3685
89733
1838
4119
50961
56239
34497
47715
46290
25195
19768
89734
43479
93292
85972
56577
88612
48643
43456
20609
90915
32811
26003
68126
55929
57871
31026
78196
75732
35577
77266
76411
20128
60023
5435
83461
41881
91308
10792
42963
69466
58448
72810
55412
38420
97093
93517
30876
64570
55319
85714
65789
59705
52943
94107
46692
83045
28917
59461
86066
83599
81343
23535
90613
6131
21690
22554
35971
70701
79603
92873
16371
67083
43171
69575
43735
55838
52021
8391
52282
7626
42901
33734
66482
32893
92439
87726
30146
60188
33
90260
3151
13113
27542
79905
76637
56417
33920
15885
34021
53522
23001
93383
96181
58473
67639
77585
36932
61433
15985
86024
27568
15768
7890
84738
55190
90131
39672
20400
90573
65442
66601
75267
47776
13142
35636
41163
51206
29455
25983
43258
15040
7691
40402
72934
66318
47352
93951
88206
8430
51658
66157
29972
20210
25383
99968
96489
72669
1152
63622
46438
95450
57019
6016
58262
84120
5355
51979
86609
48070
7841
97642
43779
92071
79484
86642
80908
79314
7771
274
64352
17002
65875
39100
32366
76212
76925
70356
92702
62618
56743
32277
38964
27163
63978
63738
87025
21836
84699
12496
50008
75535
88347
7189
81614
7983
30185
33196
73498
45237
33304
16897
83181
19946
74139
91731
59771
70506
33980
9507
82535
64577
76204
12792
32477
33093
47572
89612
71160
23855
15466
69910
56804
79959
98176
19732
9341
95275
69559
28597
67191
34667
46001
23745
46391
20101
84291
55750
60862
66696
95689
34208
17734
66983
36883
56867
6341
13484
95165
15336
33167
66102
15709
69010
70424
91600
22645
44988
72598
97775
33257
22529
18533
12392
39658
56167
89284
84716
59281
61960
19516
42658
78919
511
65761
74783
321
35180
98193
39876
64649
87876
90810
92819
42903
11768
3960
60079
26366
84383
50652
12400
89379
35043
41224
85152
15561
35685
22838
78037
84616
7118
62425
47723
77436
64180
67739
2621
5753
73381
56389
94976
61435
23890
12605
72861
96892
72379
42825
41384
87743
82131
87315
27393
58154
87568
14917
9031
85232
82001
21715
340
13324
41612
28471
76665
25418
16019
30616
35414
27519
69858
60740
8502
53369
87400
24732
13221
91376
83920
47247
37999
25084
5739
43326
15223
58880
17403
47679
32912
98373
27934
83646
91612
30241
50613
43581
89726
19734
50256
55099
94366
36311
601
43923
32697
30789
4825
5531
13793
62808
89387
33037
25176
52376
28603
88131
67237
19052
82937
64763
32401
37801
33856
30970
41697
40972
52286
73677
34992
30212
89568
28618
23207
38790
85692
99413
64764
6403
37850
66015
59237
25815
831
50440
13975
93976
42039
43941
88639
47215
86942
83741
28860
25123
56012
34509
79544
63824
27835
99467
449
70551
61398
55944
12584
86447
12095
26575
54260
25721
10013
34314
1124
18865
90177
23011
82208
63552
71283
56616
66042
47887
25182
32296
33511
91510
14324
97818
21748
81010
99423
69340
31910
2516
78086
38489
26418
15670
52664
72964
95766
2825
71000
73313
80978
14699
68004
49987
62278
16404
84452
33296
77098
53039
16620
36032
27588
91909
79502
43652
65609
25524
54399
57732
98867
90079
88420
89377
68315
38816
70361
68505
71924
97529
71261
58824
88868
84519
44958
5163
25855
84279
23708
23201
92833
28339
46365
81642
65672
18965
8685
80945
55948
27292
72111
68902
29980
15772
31108
99076
15351
82832
87894
56881
28931
85163
86914
17988
15725
45196
84897
99264
94621
99919
63985
83423
18293
59487
71972
68330
66023
11306
87813
6692
2096
44046
27842
60647
56245
48879
41434
2214
26488
13482
11749
47729
73463
36931
69434
46455
59457
43867
53249
16806
98806
53150
75670
69646
96954
84376
38710
3
73141
8711
86058
19169
62986
20652
64749
66250
94866
43131
30907
78603
148
88882
34200
4412
32868
89127
16697
38630
2773
90970
57107
89408
25308
4009
31199
95506
98723
70753
14791
49370
76518
3538
33328
86188
17005
63996
77507
50836
75399
98822
49017
90039
24639
16877
24323
99767
2206
92089
17876
9270
66813
16203
98763
41714
50084
62003
50208
51471
24548
54175
31786
79154
48782
89965
44427
71849
36430
29953
49498
16904
935
78322
87178
14830
10444
90782
47931
42022
23736
29790
50493
64617
18251
52789
39229
37281
41890
36866
4942
6825
45554
41588
77717
67920
23680
23965
66288
52924
93792
11455
14275
44266
91816
29411
13825
89172
13487
28969
41908
17740
53256
21050
87818
46661
99381
64793
87772
35441
82986
73688
96923
24004
71360
87782
13561
29495
13586
81094
4562
28329
72823
2171
56117
79168
42364
80255
18994
42477
27677
92819
19362
21293
56992
89489
56526
77868
66383
17213
54269
28005
63088
8602
77533
3204
24002
24888
75149
16876
93878
94187
24228
98100
11336
30456
53090
41452
45688
62312
55474
57789
31946
59455
10936
37838
46294
49702
21053
60804
79500
7364
43923
54241
55688
92491
39847
57581
55501
62863
33059
3378
99810
37938
94973
6529
50566
17978
88127
95378
98801
17476
7667
42504
90216
5553
2347
23507
75580
94878
36459
29167
88832
71730
47508
46634
67621
69841
21677
18723
54677
41134
85071
50158
21064
89597
26926
67380
81861
90373
90047
42263
6617
51380
89739
75123
73165
11341
28207
63007
79975
84285
60684
55603
68256
68588
73969
3972
54653
89134
61635
5419
30316
22297
26759
83683
23261
9521
87660
55153
65242
16350
91640
40286
53701
54591
20525
27712
205
77560
76535
18775
8908
48551
84372
7155
14143
23509
94913
78866
10307
72167
35582
6343
18184
500
69085
75926
19989
10417
73068
63964
98137
62344
83099
31660
3817
19016
45964
97108
52314
95317
65912
92126
62909
27520
21976
26674
24914
97809
35222
59897
20714
13024
60560
26044
31677
932
66853
16267
39076
30083
59488
94105
35861
75624
98879
44133
52761
73138
54655
15603
70507
45256
67909
12441
97455
78731
18539
29174
43500
70820
84357
33596
92711
17725
28175
12142
48894
81420
46997
71653
53854
94729
44318
26349
98754
19424
36374
19980
59944
12482
22679
32002
28913
566
83923
50923
44469
14701
34113
71298
68065
28755
77697
8352
80655
10017
92877
60290
81727
70416
27583
73064
74071
32968
35161
23930
96468
14518
87893
50149
80428
97948
53449
24995
73378
73762
36470
64281
17221
80010
63982
37625
72806
81857
80319
85448
37428
75954
36864
4122
79477
94516
56791
19161
23811
65924
76517
71333
71616
22125
39055
86837
12184
33027
95882
3259
1970
52848
12993
79334
51122
6246
16390
83745
95118
24626
20691
8377
64171
58258
55292
95548
96243
73181
73427
59068
24341
82592
6774
40754
27866
29482
66009
44864
58271
27133
24876
5167
61940
97604
22250
58487
93327
39460
9725
63453
87566
57035
46928
57398
33256
40421
70931
39210
27438
19342
54693
43284
47619
52962
5569
79014
44693
25807
93415
79593
55191
1324
32837
50625
72252
57955
25218
87887
28242
14665
29096
25297
34329
28687
268
7908
77278
11409
1850
33642
28313
60043
36449
68198
43903
97452
53209
5795
41989
70242
24204
41076
32498
16629
32552
57943
27967
52464
91168
13747
35469
50009
473
47969
28675
82338
23672
52295
18595
56568
56646
15646
65128
42841
18845
23317
5439
45059
47761
97742
14974
75335
9982
82727
87653
26524
58537
83891
62896
52559
93654
52295
50966
22584
26118
94097
87873
232
40491
63585
62986
43615
17290
96908
1168
82363
79018
81157
53301
42154
15967
18476
37205
88160
60494
49987
28612
52004
90429
92315
30595
43237
37337
13294
42399
96618
68386
50053
92646
84390
86487
44601
52102
85770
18714
16406
13508
5205
87423
57148
27606
72007
18294
50815
81054
36051
93747
23535
11523
48114
78614
44050
90797
73140
86364
13548
89597
51538
96705
53345
62183
23359
8144
82417
63693
99965
93994
88834
44633
71467
11086
46780
68182
23068
94986
42221
91820
35363
8831
89644
80758
58474
26506
70107
30530
32066
7220
22214
44612
44181
82936
6025
73815
74679
83532
39277
36017
91259
20046
68818
53986
45570
22380
79945
82249
686
22608
34200
95667
64853
83046
50625
54993
46800
87628
80636
43508
65011
565
96096
80520
87223
25305
42977
83658
35699
58493
16115
90984
66922
12570
91020
67891
56285
29325
70760
33379
5825
15354
4934
77544
20331
6206
97008
30088
63592
4880
71608
42329
99177
25522
10269
68893
14588
89914
15149
73685
46454
89047
1572
79588
93068
1379
46163
47649
24288
91268
19164
70296
71672
65790
65049
74686
99339
75705
32381
97198
42645
99210
87410
61637
58474
384
82465
98838
92007
9742
66033
19883
95364
82768
44582
13498
80965
9691
98347
88703
15408
76230
6122
93307
20089
15887
48375
27529
67096
10539
80109
26745
98140
63982
30224
61387
5434
10227
25490
71881
34685
5001
39441
83073
77121
95418
26909
47870
14011
10040
3703
72578
92208
69030
56949
40450
23110
67489
37603
91486
3415
9738
91747
82075
33313
12528
39765
39327
70619
90942
7857
38409
2819
11935
93105
22698
67858
61161
12076
84900
24496
18733
74109
47997
5732
53786
16482
576
35236
23080
70464
58960
45355
11496
37348
70058
2536
78565
23589
74390
27699
40310
77061
79145
69626
94596
63701
571
17914
59795
94264
65088
41865
34222
87520
66660
5712
47187
76021
40488
83607
31384
97172
9524
14616
98617
13812
1240
50389
18848
37635
13891
56005
48879
25647
75359
52777
1548
21345
56647
32957
52138
36164
57221
25354
79440
45252
46316
56345
40744
59281
