65407
26610
16258
28068
25146
65563
45922
48335
90892
44912
55084
64
80039
34058
6003
18353
62881
45116
8130
55785
5888
56382
61690
93266
73874
47061
23926
46968
91866
67264
72080
19872
37156
78754
48316
33218
10170
55399
75186
46757
30479
47316
11465
13814
69400
40944
42687
56548
48347
89065
94709
7836
73439
17380
67063
44572
1891
32293
58905
15221
73579
20855
76829
83266
30132
92152
10610
74751
71241
17956
438
45512
95630
6141
28507
31568
13082
6580
91176
50715
90753
94742
2838
88184
92495
41302
13563
46942
15281
98515
51876
86849
68686
79814
79546
92849
20531
2250
87623
46928
13227
82855
21459
4718
83757
37693
49863
8899
92559
43370
44850
76776
96089
46105
64521
78994
55380
17767
99017
53100
80706
73139
45465
41711
9511
51201
93579
42625
70052
88778
11169
81864
31556
83716
14156
2409
59792
19690
16079
58050
47677
81128
29602
35647
32933
59109
41075
83453
82003
15884
51142
71961
8280
55161
42653
65652
2074
63485
51763
79782
41324
87374
93539
54747
97465
97519
98022
4910
21882
57687
49592
62465
45607
47872
19388
22294
8234
81710
37846
81037
10639
65433
27254
49883
13591
84089
81941
83587
54796
21518
13783
71380
5967
89833
8304
82782
22477
77595
89092
16113
93296
62712
71879
42197
51922
19654
3555
65440
88396
67880
37495
82007
22508
80578
35804
26885
89413
72744
33827
38289
25504
44839
96218
57886
43089
18224
80718
12516
78532
14525
58219
87111
94934
161
31070
50385
72640
62992
47771
74097
16302
47335
46490
2831
76558
89946
70621
80746
49060
29401
95020
98192
14107
71390
99809
71866
48661
49269
58464
95234
82883
88776
25790
37441
93104
82598
81859
24393
67575
42544
41321
85564
75542
83744
78404
75432
96282
21814
65084
31615
61210
82176
54901
25367
42751
99268
10352
92570
86272
69198
73770
3563
89581
73265
29058
71286
26018
82876
72088
80594
65467
5050
19761
40375
68806
48773
46647
26422
66739
62953
26301
50841
23656
76401
39584
43575
81650
73776
98698
276
79574
58733
71408
3443
9254
38348
91322
87033
72847
9397
67171
47456
50414
64996
59478
24116
88771
99084
28600
20973
14430
92712
7461
63018
95829
37760
82963
30022
60503
77908
57907
99226
31643
24904
60758
30831
53714
75916
98315
83678
5276
68999
81190
44166
21174
79103
45725
67016
57872
20104
8364
82339
33853
86983
7352
17671
52004
43009
55217
74488
60179
55557
57744
73025
35091
30290
66464
43890
10742
93222
41849
75064
92301
22789
76647
62968
97846
6210
45257
79591
75027
5453
38069
21289
80566
15641
9945
56036
76920
23753
18301
45792
40937
18038
69028
43229
76385
20031
54098
61681
90869
74862
21607
37437
58598
96899
91016
98922
23443
61631
72575
47941
31246
3151
77817
59445
88908
42579
18445
82069
67638
61450
9981
58354
65373
68860
7221
42146
96330
46276
52528
78335
4339
49079
81497
93759
10602
71733
30063
63249
12847
65707
40642
59446
83142
99363
72410
29818
45539
70153
92920
24782
75906
29946
14579
31619
59795
77227
93028
41668
62994
2963
4126
80080
30197
85750
18612
18771
83454
7887
71615
45985
41936
74266
72503
26478
44383
48795
23070
85709
36704
86222
2524
6690
54880
98412
645
29446
3024
2486
83191
8887
98909
14658
26144
5049
44478
2463
61340
11630
41190
99622
36091
64109
57050
5151
99265
73217
84093
44525
45000
74241
47526
37367
46720
54535
68371
47220
78038
77904
19031
87442
54770
21519
73550
15587
99930
73230
9714
84037
71028
91170
75782
66893
201
38857
69903
75599
17093
355
79683
69068
54523
96234
71513
71992
40134
32464
82432
27878
3690
46675
66188
13299
86648
8224
97259
97196
24144
73665
41781
42845
45505
56868
14146
40343
79276
27690
23797
53917
46919
65735
42038
17580
56541
1789
72094
78788
51954
99248
21355
35895
74084
90630
61171
80076
83854
65085
80438
82384
24742
7336
65100
76219
44262
23368
40349
1210
99944
50851
65391
7551
5994
61123
7706
82177
30736
21261
87064
74960
88841
71612
7896
76761
33706
73243
85009
93938
62615
47932
97972
86500
49088
19991
52730
31954
84680
88001
89308
99722
10624
21640
65762
79910
62034
17481
43699
63103
18106
79119
85067
73456
36143
64425
82378
46754
35615
48294
56489
14585
29176
40815
15144
50298
82243
23361
34691
70903
43562
2693
8515
26521
82362
58702
16208
63593
1092
75567
48228
39131
86110
46966
14043
36439
57095
49577
22375
55909
36231
76251
34880
62388
35700
331
51480
77896
63729
57274
56588
70366
9585
17223
74902
11644
27353
98248
58879
36954
78020
85031
80403
97511
65216
61207
36301
71290
33973
11857
92209
47574
42246
95151
44728
96280
46288
57860
77158
83168
93775
21911
8343
91866
77536
53914
59608
62056
78881
86411
4723
27886
46069
1542
55042
41401
78531
12580
55556
47436
18174
37973
78573
96617
71616
13590
93495
57049
31023
66830
59927
21016
72737
36491
19594
4192
93468
41108
51663
10384
54358
11786
39086
28376
21915
28768
15509
54948
24589
340
14244
88419
36710
86217
33950
18675
5049
5378
45856
12202
86486
89661
79182
61667
31884
66218
25193
58243
56104
94407
94973
82088
26940
79737
63702
99789
26043
42025
20722
96796
7937
27481
64561
52081
76816
23873
77226
74406
82389
42666
39896
66240
17000
46085
25137
82549
77234
93897
30070
64313
54697
38472
49638
77604
16727
92301
91726
61633
76793
42325
26523
51253
867
56839
93424
69642
59681
10672
34803
37624
54904
34495
59969
7087
25994
52090
79618
86851
10297
41563
11511
21172
44899
11179
1168
38328
6891
24570
50234
91176
45304
21016
85014
58820
56727
77426
23044
38307
74044
33644
37022
3708
35302
49111
20641
65098
2688
71184
67494
57887
47395
4085
37136
98536
12025
8324
61309
42041
12092
19250
79167
37365
43997
7653
48933
86139
36129
15279
30834
7344
33510
4359
7919
262
50819
43590
3516
12006
15117
36154
36897
3679
10229
34666
54883
20394
55983
92455
65843
53241
4526
14187
59744
78300
77835
12114
65068
91664
33797
1713
10332
66757
11970
9463
39209
68874
14163
46398
7028
70550
20501
86926
13847
6518
2452
87599
45878
87246
61706
44136
29396
99150
8613
18873
4737
45843
12775
15345
56369
16278
38439
38925
53352
80373
31669
87118
63282
30876
10106
8918
83727
78512
29117
77022
32843
62744
8418
67639
34828
95432
93134
77339
82756
35211
89798
74863
92679
89996
21460
38008
5654
18689
38539
55702
56793
86933
67746
25921
22988
27984
52764
30015
37680
85446
99977
96128
25506
58329
41477
85686
63305
31851
56350
79028
50857
19908
91859
48833
16756
14203
82583
75993
99104
50245
48597
9537
81492
80184
1646
38789
24092
94107
42174
51471
27612
81804
44732
95846
52480
20205
81728
51905
36914
65772
84383
80166
76773
79085
86577
25892
8462
32182
55604
93705
67571
94647
46697
62497
21276
56979
92892
92012
53701
69328
71426
69850
81109
46295
75963
78725
60681
70696
81558
27979
84394
30494
74804
85511
39229
79578
20964
2827
79705
77423
74542
69756
75091
28841
96043
5386
73109
42490
67025
94827
12173
96003
20525
24883
96321
78459
32873
10609
49217
23103
9709
31273
25205
69398
85473
16585
32469
6816
11441
12427
1303
87067
20905
35014
52387
30577
99840
19185
35683
68961
85425
91317
61942
6088
98915
37006
22020
76524
35019
78014
44299
78501
63112
14
98103
57384
61068
13442
21393
6449
51930
86103
20078
1965
44618
28475
26632
27266
54602
3017
56267
80635
35071
14720
6181
6931
91081
19520
74208
87901
42372
1536
66476
34766
51850
43086
65493
33864
21526
84196
77300
26179
50660
41923
12321
28538
51509
10895
16326
22320
83982
23047
7887
43165
14655
93119
18974
25592
18113
56252
65691
6851
25
28875
55912
76686
64473
83550
13362
13033
32230
62404
72547
54313
50068
63780
90325
13046
69613
12598
53249
62799
74800
44254
98422
10010
40630
68485
36133
35276
86000
23030
6776
90065
18157
65650
10115
29241
44792
70417
39570
38399
81373
46806
53922
45943
73516
56909
30829
95892
47446
77411
20477
19123
75349
34082
91777
95207
84200
67112
50365
40290
47995
7363
15163
4956
52997
4075
74048
42915
14443
84156
25146
96352
61090
79726
74933
58434
6066
92659
54637
94697
69461
18764
99229
71504
14143
96136
46518
5016
77304
14202
65195
8526
73828
19094
98857
30456
59524
89416
46468
7585
70454
61394
59341
61406
84695
58784
43296
43708
18408
96904
97337
18344
97806
88259
68262
43035
44467
28579
97400
88512
49547
3633
20531
13412
29233
35748
33797
21336
92335
15135
22291
14789
65052
62407
47695
29422
76864
7391
74502
98907
73908
27715
62006
58855
51396
62078
59260
72199
94902
61640
72587
32596
34116
9983
60633
90680
47844
87904
94387
77874
63786
26882
49297
66821
93187
6864
39268
84387
67234
40193
11532
22897
47992
47606
13958
63288
60348
50543
15715
48392
61994
19818
53780
59592
71944
53849
71840
19070
64355
62910
47928
26199
64760
51398
55458
1492
29582
86944
71473
20466
20449
21881
16054
340
61466
48565
57488
52655
57721
78347
24158
3218
92565
79549
4725
85615
17562
64147
82830
19627
68977
30387
49111
54942
10013
50623
88713
8998
87969
66956
35961
30319
89760
41082
44008
55127
9820
42740
5589
35329
95680
55238
16179
33977
75449
35222
42645
46942
10495
6273
49093
7857
28817
4307
18548
64441
48030
71778
63851
53776
97152
23847
7392
81389
21539
6554
92677
67855
75652
4009
29787
52994
17204
64532
77380
95505
51804
60648
79925
5385
97402
74551
65354
17318
77737
26864
35827
19420
93567
2528
87244
84676
35727
57861
29739
9409
66991
60331
97554
44430
33301
6021
37541
17318
35866
11273
72405
60687
24160
78888
4955
5315
36112
36072
31392
59709
3932
5281
249
99773
41059
20240
52208
84728
96210
64219
32765
32575
12072
64130
2579
30473
73074
14910
97047
99296
1973
37273
82572
82022
33099
62121
2410
91457
3236
53290
62157
36266
78957
19447
40681
36558
51662
35621
66938
76511
26062
3868
71450
82938
65553
84467
27340
13333
32161
27527
36790
60261
78666
97687
6731
38217
59711
68799
30918
61975
63547
41648
49395
40385
95170
17096
72967
29764
4806
92083
67536
30637
65413
55389
44646
60359
61519
51026
60481
51653
96069
78805
63556
13544
20733
49753
23799
30894
3234
16511
36403
65976
28472
56909
18519
58711
30142
63463
12119
53170
39724
59501
47252
51862
10748
64081
54918
99898
74725
81043
15477
41613
92290
80187
84136
82527
30673
74130
4052
84553
82583
6589
75638
21849
74464
50230
6172
79806
72325
25641
42750
4493
26918
5705
3530
29934
93527
21261
31261
81894
64856
95178
78029
96257
48827
94477
47363
89339
82890
92053
31142
13004
9281
47947
89938
25294
36023
52928
78312
86828
730
66145
64415
60873
15128
38457
33976
37257
31930
44515
74767
37248
48107
62922
19597
75957
83318
88928
59035
36179
8781
93079
23825
54476
55366
38335
41900
14666
91296
96285
21821
21300
31523
83748
46142
97881
39045
63538
70240
58588
83081
746
67169
28092
19683
6793
82425
33854
40662
93927
11507
4697
84542
31597
31928
58718
74441
57389
33094
27906
36799
42818
94880
67370
387
98117
68448
44690
55378
95080
24360
47418
84745
15699
71509
92845
65251
72538
63412
45135
39231
21687
24527
78818
77984
48393
52160
57237
66766
51688
52102
27466
91193
87171
12501
72578
9918
16312
61960
70056
37763
31056
73010
85462
13852
26293
59217
97480
57904
38000
73252
98459
87605
41475
82515
3873
98071
24512
34509
52837
32088
31620
21743
38837
53586
35764
12832
21808
14680
73906
97050
55406
16379
33852
88802
99654
34503
33889
14841
18464
96909
38944
8875
60536
75292
49440
64836
67275
7241
14886
72002
26882
66509
43894
7462
89784
72653
37833
24036
15049
54933
94438
6554
64153
61950
88576
42206
82238
30095
4141
16239
82859
28191
831
82926
48121
48440
23904
58053
33748
98071
45070
35781
98560
96144
88561
43150
26695
90415
46165
73575
63744
26137
87017
73965
99996
10673
70226
17800
68368
73974
98604
57849
5498
75785
20255
3024
56819
28717
46330
26587
69392
34631
38702
22456
65396
5765
44393
18123
821
76699
29230
5611
45673
31720
47790
20118
75917
4599
3045
17509
2353
49634
18323
20475
66980
36784
19637
57111
50136
49887
7743
99944
67474
60061
89817
32320
52368
53296
75251
14241
31639
56502
94758
69748
70871
38918
99561
26425
72157
54709
28749
43577
8566
80501
50261
78487
74267
70904
84277
95749
1566
35666
42470
49170
83182
32348
482
78081
36618
13877
57379
4181
72800
78979
1203
1544
28097
66935
15151
20123
41379
15663
19773
21352
34642
89141
3687
22739
7380
22724
39955
24287
695
31754
3936
32700
33626
95529
48831
86078
98997
58840
89579
67146
87909
10151
11463
8937
25976
27232
51859
61471
49969
39848
30315
98037
84889
98756
53180
57362
52483
185
94658
8328
75865
77260
96707
64139
8680
60840
65794
66397
18501
80605
75266
65732
47130
36421
85431
64924
27281
14371
47658
13097
99228
55685
45225
85029
56799
49640
71592
55672
71995
73178
6392
68934
99095
46650
1538
96610
63437
74235
17089
8160
93550
87080
52793
72935
66323
73570
96567
77221
65313
83589
28487
25757
35544
23337
99404
74332
53304
6979
16800
95626
6385
44747
31464
11259
42149
65689
58546
101
88796
93865
71886
39948
89796
7389
97670
27608
32419
70210
7420
58504
84219
91498
82942
57184
87608
71288
78696
96670
28953
67259
93943
52491
84056
40497
13317
41036
11096
30605
23270
2552
45418
35668
93086
35524
78300
1697
73052
38170
89567
34952
49047
61065
28723
76343
91460
89109
45457
21016
74929
75695
48308
72371
4161
1887
93733
54256
70085
83677
52130
50299
979
74880
92171
98112
52645
17390
38600
64118
86704
67601
44218
21560
10335
93803
92381
68686
59372
46560
13718
27114
69627
1874
74495
5966
3411
85706
83180
97483
57274
54738
1305
93669
17388
45152
14418
69522
62839
38348
99326
47969
27061
50338
65577
39703
84039
19987
13357
56116
4459
80742
73980
74708
26586
20716
90093
95634
78593
82737
53120
3047
59993
33006
38224
76336
71397
91292
61268
65486
69064
62787
9105
33158
9536
52080
52160
41929
33411
39237
46967
63918
81076
68650
41495
55834
9346
26209
13586
17442
51998
94999
26550
65447
62198
39670
52827
83297
87763
81176
48069
83447
91275
38551
97845
32265
30852
83519
11954
99761
21222
48388
34800
87870
42428
47344
25339
37696
74823
83061
29922
55362
70366
22432
98786
53648
94533
30798
96014
67450
68137
87481
53400
34545
8726
88651
17375
57007
2805
6036
10581
41555
8422
19286
32363
75721
72117
44828
53979
95432
44668
86859
53105
91989
20373
35057
93720
93062
75546
65082
10653
49472
78524
35458
81314
10881
97116
9924
70561
5146
95944
71185
12922
10292
27765
24637
71675
99156
55734
63827
2412
65689
98071
71272
82772
94401
30616
49837
2699
71084
82441
70430
17500
9912
65919
41815
48886
48267
72560
24231
39921
75087
40656
39580
12888
54200
14505
29854
60374
1473
85232
62168
17409
33877
29706
20464
45630
43881
16379
8792
78671
58950
82502
65693
92192
98980
62310
37469
59146
20626
37031
69302
68225
66323
76546
66265
52865
33538
95700
31068
17648
37654
56186
67823
13519
44128
27242
26663
96291
58897
41713
74390
12954
60921
8517
32188
66332
7754
99622
63159
97424
66363
34390
93077
22247
11336
90033
45354
489
43863
83755
28317
32219
93909
46885
25149
65290
4575
13996
3889
86615
18557
28078
26188
1854
26952
62169
23999
54244
36941
32146
67177
78492
13673
55055
4042
79574
22292
83890
24949
66054
73690
79522
10307
69740
61252
39367
94020
86597
37334
62082
95889
59854
22705
94759
78525
94032
43640
46968
13610
1932
78000
66143
23127
53603
99457
69511
8695
74659
20121
53239
81309
73450
94992
63277
41651
87768
74086
40531
43690
89845
70984
68833
42124
98844
21681
13135
12045
78659
72301
59956
5248
96296
44665
82464
69926
31833
60134
24914
54081
6304
82173
24311
75878
59177
20796
97152
94385
85682
2814
77886
50483
34158
75865
40189
3366
48053
51905
58138
95457
21612
48970
47554
69094
61964
13035
99049
37241
30514
28637
88772
8396
71683
66594
66947
9941
39353
77379
78958
98305
91118
11474
44443
92097
84259
47534
17225
78051
71438
19109
42749
21116
56927
29652
18294
79681
52973
13961
42799
74932
72673
54249
41264
13947
23422
59054
55409
9293
72076
14632
58413
70182
83232
69381
36479
78458
41993
78315
95195
47430
20634
23873
31435
94370
46415
15726
39812
51250
97470
50361
95909
37116
28027
30511
8972
41716
7943
12548
1045
90194
85910
27248
39343
94501
70716
44154
89501
75393
74068
60659
2054
7700
86125
3993
51097
24151
25361
26492
90848
17568
71858
83166
49696
68340
70164
42195
69259
72985
75921
40359
82306
6281
7501
65023
93354
99426
4759
48759
39785
86875
26904
31435
34909
83761
26043
80785
70266
65440
65433
62564
28318
72205
44319
60444
67475
95328
93631
40472
94176
62447
55760
5885
99468
74869
86115
21272
75824
641
14051
2623
20600
44555
70408
27894
41494
13601
63480
40462
2850
95680
60154
40295
64114
69630
80473
45974
54930
20836
47217
18914
46785
61082
50137
29129
73864
53402
50028
92127
53367
75014
7446
99606
29277
21269
48984
37401
6723
61480
8600
39570
16614
12251
9353
95052
71440
88663
18418
41938
23186
72133
25245
1334
2528
24285
28254
8302
6409
93404
45374
66777
35505
85780
33251
69920
81804
53725
41342
7895
20761
54569
32912
90786
33497
9174
42521
41044
98988
36604
73215
29299
57478
2534
44248
14104
23026
10589
94005
90802
31587
79168
21291
19402
48627
17424
71582
83489
5562
54568
78475
17525
50285
81097
86579
23714
49136
64179
22912
67302
34777
54097
78037
413
13123
98507
43062
52075
53035
65630
62417
42936
28843
42057
99431
15701
65105
65854
34299
98205
84987
51865
55990
90550
23953
26412
35189
13463
27870
50296
45264
4676
8652
24185
52871
76628
35324
36057
17354
98163
37119
13060
13893
52676
31316
61435
6119
39358
58335
21922
30702
31384
78082
16084
17169
3231
22970
7030
52138
45859
53432
92393
10493
81810
95386
96569
77193
18108
4390
97394
30410
18294
28674
98003
24040
80218
22803
57562
19679
47563
29296
71871
40812
27062
53155
81789
83217
5171
67612
24363
17894
85036
84049
68360
10364
32021
74677
54421
92079
2297
86547
51356
56455
42709
31240
72046
3979
8861
84891
87467
547
31997
59034
29498
5352
97435
98290
24121
5194
96055
43434
78
23933
30484
65117
31355
74657
92912
37042
94512
37101
60015
13946
75867
32952
8182
52293
79834
32611
27347
81377
65489
69254
90650
99952
52535
5077
90955
14564
62699
42991
17839
88858
96548
98020
56352
31825
16934
10080
20424
84965
80720
67607
98434
52012
64274
29071
84701
87437
50715
99365
45215
23672
37745
47069
56038
25733
1434
91401
52810
237
54903
51541
51390
24319
20817
54285
91157
81920
2059
87212
81153
45346
80023
74082
32630
45056
20900
57729
79405
49779
97653
57124
55973
44564
13965
82875
32357
52783
37095
22712
46652
69632
31042
28656
81416
6316
97305
62766
14325
74910
63472
15418
40862
24381
71882
63649
81999
81927
91416
54753
61483
66189
84716
49171
51529
138
36907
22582
41881
87584
28289
35636
48581
77457
18895
33619
96658
75863
54847
92794
42214
48576
75352
18621
14915
61162
40109
45544
99153
43703
49711
46884
93243
98605
99939
50088
66191
80045
27374
32064
13001
63821
12493
87410
22505
12404
81218
85651
42016
15474
33416
26789
30954
65690
69863
82699
84086
3581
19875
62379
92609
51299
52303
7038
51327
17768
2431
44183
55579
80529
79387
48173
57367
68938
15471
16839
65868
63486
36959
84067
73237
96786
7064
49795
68775
8862
87938
18197
33912
35785
94513
54302
98305
27808
14651
51234
88702
83762
34596
52466
72402
51211
67445
79506
94343
45995
93451
45542
20403
37411
48267
57368
63542
24139
75603
89289
34208
21955
11180
63858
46863
58756
65691
7317
14102
48193
58775
15237
83002
13568
97910
80815
77142
39215
22176
4419
93502
52260
34052
61315
20544
50582
7561
83078
80102
17841
36028
67209
96600
50554
47529
85332
34399
24320
38789
34501
48516
50875
28072
45819
45783
88132
57336
16672
27372
72464
12416
2451
48063
40265
59679
9074
55928
86603
57693
22049
75978
7864
61049
16729
96981
45369
32637
18480
19947
54994
98003
19360
48784
34785
26257
4439
99898
13746
9295
46939
20216
91266
1338
48408
70159
97486
11680
82151
6144
62999
10284
54332
39333
69108
55468
43948
3930
99284
21485
73273
29080
66319
96648
81404
59516
73031
58102
47182
17767
55648
96511
38867
80734
19065
23472
56195
29618
8487
98603
86582
87674
14381
31736
31404
90812
1689
66842
25398
747
78141
8284
47684
97897
27849
71786
83724
46222
75554
55931
41012
62369
74977
33580
45916
1571
63242
1193
19915
81867
10279
61700
38452
24043
66593
62024
97252
67122
49019
77766
95755
49515
87083
69326
53125
23203
88277
39451
13732
12936
84741
29925
34268
19948
58089
17786
23786
95817
24265
51270
72002
8542
66372
69934
19764
30040
43656
31965
22041
58444
64685
1494
38656
49984
46959
88840
66224
27113
44871
97855
7801
86607
5573
34999
81723
4621
10859
28620
6002
52085
16649
61709
34845
78033
70512
64942
98185
82659
83925
64221
59359
79213
15237
24588
71495
58989
22655
22253
26744
16288
24211
78492
10685
46536
66837
28790
42117
36456
49117
98087
89670
17260
30974
44193
27823
86021
85472
71976
7209
24370
21757
40075
12266
9082
80821
20205
62262
8470
61487
38689
59953
39244
56300
86964
17222
84085
35113
78916
10125
93344
5009
4303
46204
52528
76892
5862
31341
99616
76937
6080
39240
20391
78387
33579
59405
36439
95507
75709
91296
29311
83505
6536
63377
87344
94568
93612
65158
43932
74294
10407
40936
83514
40188
83048
60455
11430
30712
62113
89931
65126
669
48026
15448
46408
51020
25953
4380
1031
14385
41855
97913
8364
16476
72711
99754
75632
63834
30216
55539
28288
43407
73474
25609
93721
31538
99093
27515
44019
49510
21556
39644
68474
99249
80889
70446
97591
94778
72882
17901
93870
38596
25241
35477
71425
46273
66753
39920
36529
52277
67308
46240
78884
21737
45786
55270
9026
78183
66299
77932
92217
22521
10118
74517
10209
53977
45442
60895
64538
53812
68417
90610
3409
85376
73389
94984
77378
32086
51450
75417
60663
80430
68635
3873
45838
6839
24273
7152
4472
28207
45726
93295
72926
72709
49048
70026
65854
97288
74425
74462
59444
1612
78130
56672
2644
65081
3104
89927
74771
2447
29111
1143
30437
17946
55163
12491
61312
56205
4269
1246
63072
30430
41570
35766
5157
61023
26800
96558
93558
60212
61985
95423
25544
28598
50634
48170
51674
1347
1334
5892
20504
97823
45307
33150
2623
57259
99054
57008
34656
50880
58866
60546
29214
71304
7819
80567
24913
59066
86449
6230
96269
65872
77408
86966
86108
40806
51180
52965
19176
60113
5778
13333
24469
46874
82858
76356
34635
85974
27192
47078
56113
53667
60322
45681
22964
4161
89212
17125
60456
40810
43455
7830
94726
8975
81304
81079
3731
89489
55388
68773
57697
56377
39769
28717
58190
87381
35048
83995
8874
50735
1855
33920
16343
5643
99811
5727
22505
27100
1850
340
28012
24484
51678
2529
40517
79463
87982
15959
15665
60874
65055
13533
30569
16974
77839
55200
40359
53539
69082
12279
33474
17930
31045
47474
72885
33611
16504
37983
40159
73359
35529
3224
73411
35387
97843
20300
89007
72138
93798
33832
77561
29542
84087
11874
72518
72035
65560
4386
49892
60760
19715
17742
42999
93179
54096
95696
28657
46807
41349
33126
52090
50316
59245
39781
63088
2532
64385
2635
12327
93293
69923
93600
68785
73848
170
72456
89305
53421
888
64904
36010
71305
22183
33426
39052
55893
91521
51470
75630
60900
50191
92839
70655
72745
83017
85488
75734
7026
67917
2321
39538
98597
39339
72818
55196
36725
61148
43298
70953
38177
73554
52068
4891
55529
58955
20471
67334
83438
33663
48833
36080
43941
98873
32823
52178
77400
41123
69899
41435
66169
49721
94931
2260
31748
14464
71922
95262
32176
69711
5157
64119
48017
31371
86124
66876
39629
80369
16787
50953
8600
48301
68699
30651
22319
98503
62058
81974
66446
44221
66860
63202
36590
60107
60197
76656
94399
71847
5908
23771
31741
11177
95717
88874
61138
69991
22643
82257
45224
20863
10167
7351
99369
6926
52146
15059
10549
60126
92724
45744
66815
23964
5894
22479
51205
43846
22266
27115
80362
54787
32844
75095
43825
30381
35349
81924
63704
33226
89485
80191
46255
38137
41210
74327
22963
80935
15769
74428
1068
10369
28264
59971
159
28259
48493
30566
26160
84879
59847
15464
77560
92890
69839
69590
9471
23424
34634
67881
97303
4120
94158
10792
23381
17089
81614
36011
97579
7420
31076
71802
8678
92852
51290
88691
66850
90776
20182
491
1605
72233
79007
30124
48735
53326
25712
39548
72764
82309
23576
6046
60547
57524
41514
54002
82862
80349
24040
56055
28390
88400
38664
52401
11482
24219
51264
37510
27996
2045
21939
11970
3384
54136
33847
93370
16370
7140
92194
67341
67675
17952
91506
83462
59471
1539
99830
45279
71055
59793
67484
96320
49494
65321
59127
85701
26329
54171
39436
66685
15968
56695
81050
31407
69372
82528
13603
90423
55300
92672
51835
46765
95888
21621
99629
99846
93841
47753
97348
7125
75403
60191
26781
75466
99184
21321
6054
30554
890
45527
68979
95935
41060
67689
32253
8630
82277
47654
43031
78534
42379
14149
89711
74816
22960
2857
55196
96898
92251
53993
98026
13782
64438
53037
23168
11160
33864
27957
95754
70836
21998
40051
24136
81133
32314
20217
89266
94075
83432
97389
32870
81420
97465
35513
76560
62890
79918
65822
25620
65021
34083
46825
44219
96360
85349
58718
66264
5966
91633
70641
40822
41431
56971
48083
18336
50030
34232
14601
61068
1890
9400
52313
59941
16524
63235
91166
37491
98544
83199
82266
30569
43484
85659
80075
93035
97485
84204
9814
64282
80369
31009
65696
93278
24744
11204
20156
73903
22436
8720
63326
58559
24303
58634
19982
46375
71147
78205
42905
57517
10324
45558
48193
53871
97986
74200
76884
85039
66379
79965
70042
13082
65829
31883
8968
20598
86601
2382
11601
79912
25907
76567
24252
47872
40966
99185
54001
88610
80588
1147
73901
25489
79387
87079
55382
88121
75315
59631
54952
61337
52516
32238
1613
26028
48749
73506
81451
94835
33631
69212
78199
13408
12256
60385
26311
10401
1579
22817
30533
63495
6100
85329
57792
29331
57961
86215
83101
48156
84469
58642
37194
7359
23358
91731
53651
44579
3406
9308
86477
2055
42734
76643
97520
73355
36846
70850
27618
14904
14178
89231
51374
38893
43783
31187
48468
55079
16355
83753
66298
31691
24041
19446
61952
32435
82556
99167
15376
91572
28619
65899
92980
97576
95675
92086
72258
61596
69538
76174
67955
12664
75887
67630
50001
10438
53416
8949
14158
8289
13163
57634
4113
16124
48662
81486
9420
41483
43041
46790
43177
17810
38793
40804
63139
63273
20360
56233
26544
58312
3008
98521
86364
13909
60279
33811
5937
6311
1883
43339
24914
35477
61318
67045
93927
88032
69117
65712
82355
24250
35187
71965
97729
76882
25995
75323
84221
76094
762
75825
49663
95427
94603
42711
98529
50819
28956
33777
11154
54659
59237
13512
98852
67928
33689
87495
87487
23310
89637
22767
64632
5845
86197
82551
42428
46120
92758
89636
15623
84315
30006
11009
81809
57216
52743
86459
92104
58262
67043
17340
97625
2671
72874
89922
36391
36605
66406
11387
76350
67288
93328
73374
37857
80238
83627
94249
84575
2823
88621
78579
78468
22036
46558
33710
16428
80756
42394
70203
47219
39235
91952
87305
47720
12767
32717
78859
15136
36471
47027
90517
46566
49139
54082
73939
41232
5050
13913
52550
57741
50404
35637
36956
42170
16957
15480
82475
93652
30739
49541
95625
89415
29788
38888
38763
357
45030
61683
40408
70867
82044
71490
29610
28093
78034
90976
27168
22186
62958
30307
64770
19850
18035
23026
59987
49771
72875
41830
19148
26667
76016
82990
9307
4232
52439
15853
95735
56340
65817
13503
14078
4580
79648
69561
36237
82631
93706
16429
97787
46611
733
79468
51282
35834
24680
90791
58827
11324
39793
94542
16614
951
40512
86105
11427
49626
34471
20933
85088
95799
11788
65013
68783
12118
56309
44346
54482
37126
94991
97934
9750
1742
34907
79482
55881
79778
14742
17080
32986
68753
46179
31634
82956
10203
88566
49385
16886
30048
78240
96370
95226
94836
43634
79323
91328
87023
72656
51371
89582
86528
24661
75175
12070
91361
2364
18160
93596
37989
45521
76266
41458
26862
51541
34008
82099
28668
84648
85827
90536
52000
83798
59386
72058
56142
89825
81682
33829
47857
6918
40783
18196
91256
15887
27195
11679
21742
42964
35474
4798
80615
60751
769
30761
90423
59259
58819
88974
87453
71144
72522
49293
72060
88925
88031
45011
2345
47338
89889
50577
71456
26698
37225
53177
47698
76753
58478
58549
32762
45336
46404
15940
68781
32290
99136
47217
111
18921
15894
44945
21826
69578
38691
60377
15705
94186
16487
77754
34282
21476
73738
59258
83362
95376
2975
10320
67891
38289
6149
45020
66920
73754
64266
22944
28378
55198
8683
35071
25467
70676
98327
13169
87919
69091
3602
2656
99290
54448
69044
16258
88468
91841
18065
75251
72409
84524
2260
82446
48574
22305
45956
77512
69054
23600
95273
62985
77618
10969
55335
38983
89407
11791
70697
30433
34056
1863
93625
24117
73764
8259
38124
25087
88427
44437
84027
70287
93323
20946
97899
15462
33079
90997
19374
93260
23966
28973
17219
94448
86649
2373
15320
92349
702
25357
25936
15542
57842
40394
9183
13390
26268
71799
97202
55622
29812
37493
70187
55140
46298
21495
38442
4332
29890
30819
30568
18622
39213
9573
49533
47051
76468
85398
16769
73525
48830
76484
50767
3107
68816
34559
38118
34686
63204
3392
45193
20746
28562
13269
24678
17476
42698
98989
88308
78453
91332
52701
73269
68624
67695
40813
52731
96494
48006
43874
8583
68003
8673
72520
27084
33884
69575
81211
68018
9496
40512
1778
83863
99584
50025
41705
24464
3876
15041
1194
15725
39636
28800
12087
51418
40920
42696
28599
6657
43852
50515
75643
38381
63899
42188
43595
23658
72406
42457
37329
79560
92529
38934
87522
26687
99643
84765
30180
85548
4185
13089
59265
94745
53021
42843
57895
27834
69224
99899
5464
48948
54105
80128
39669
14072
53392
24386
67074
25677
79268
87404
67606
22444
16414
35528
7490
24388
47120
23571
63227
76766
47317
44239
16422
43036
96261
86007
19519
46522
65493
64685
69733
24982
77386
52303
12805
54379
32888
82633
45026
36377
47195
50916
15454
84929
43217
23963
33160
38284
71090
28206
42946
29931
17645
83663
82445
61177
72320
75130
41011
70429
94547
75458
5777
85484
18674
20806
58431
10411
61957
45795
13022
83794
20686
69699
24797
18924
68383
78227
67527
13946
97621
66770
73836
20855
48245
43205
86634
87606
67969
89223
35065
9192
50006
21310
85680
73595
55621
68681
4759
8892
68173
39413
30890
83260
15922
90959
70822
87600
33372
97812
47731
69970
86830
30340
66574
12133
16480
97460
56594
40598
57660
27491
515
58559
46322
33956
2934
30661
50104
14938
51360
97249
45314
37891
41274
5019
73306
74667
59758
68561
56123
16449
54400
52472
81744
14214
53500
68698
20228
99426
42648
94141
2149
91312
77893
17221
32251
75770
63640
38671
80863
91359
87247
95902
64761
1073
59202
62995
93914
35995
31944
16021
35634
88543
49411
37392
47279
60318
39401
65945
19956
18737
71855
2480
96273
75412
17556
31678
65700
16674
51880
48702
684
53244
66104
17816
12966
80418
60278
75976
41287
22564
21353
76637
78132
73746
22254
2302
92096
35280
94826
56167
45091
71365
96717
29617
73108
46515
34916
31087
13795
74433
14236
98836
29141
58387
15086
97138
91165
9563
5547
70078
43476
64553
20293
78832
60884
68414
62935
74950
60439
67774
70226
94855
35431
22852
69702
76549
42817
85903
96489
63100
61483
23674
18471
45143
89998
81898
96998
66865
92114
35552
92020
46073
96917
92334
27599
95887
15720
64134
29009
85900
55910
3310
21814
21534
26706
64752
85420
11568
24364
82990
9398
30376
79951
39379
84188
6025
49578
99236
89683
29241
22713
96085
10949
60957
64895
94264
7676
66177
57730
5968
69968
83444
6307
38403
36234
4239
7673
46382
77556
34774
22601
27379
90752
31863
5476
56270
51186
64912
65213
84965
38922
7885
20005
22973
80818
58031
32549
58345
63840
99752
91544
61406
64008
67074
56610
19362
19778
52991
1232
99906
50739
92827
1997
17347
75067
37454
39711
46320
88954
53614
36540
18098
73823
76306
80364
7966
67951
21905
72828
70407
73454
11240
84796
19861
79437
83226
37622
20462
37361
82450
37195
18832
34460
11556
89388
50464
34266
81873
17010
14045
58345
79561
32282
17614
97606
20971
96513
78426
54800
4040
32503
79798
70075
57350
68227
72056
62932
90528
13715
23211
30508
74378
81790
29851
39235
31635
4185
50768
68434
95715
87538
40728
32628
64516
54476
99037
10066
42397
9623
19030
41130
56856
47371
56184
52795
82437
84737
19949
54320
20024
37038
3933
86982
7534
38685
85385
83868
9293
37736
72407
43734
51945
52947
64679
70702
61762
92645
14019
1655
94571
69251
52373
43823
6
30347
44691
13665
66794
34250
97366
9972
55847
99066
58921
54836
36416
77820
82172
41307
20086
89070
9015
1083
35078
52425
92172
15115
17481
17305
61925
62891
60506
8345
65597
29589
66292
84971
14027
70306
35833
31058
39416
5558
92623
74156
54257
24458
21092
50223
569
6548
11347
53566
81462
59157
9471
32135
80907
76831
28828
98013
29702
69152
17069
58798
95920
64527
79751
8160
52002
69426
55637
9804
80855
27274
80629
73015
11324
40571
58720
97929
37187
15836
10534
17068
13079
75575
8407
34211
17674
77502
60671
89668
9418
77035
19593
14772
47731
45649
93252
5789
21342
95524
85635
76654
50390
44322
49565
55471
35211
80349
25877
66240
7296
22502
78485
1037
48670
51479
56883
83600
52172
78492
77270
63491
73014
63391
41169
71168
15754
80079
62029
28343
62882
83213
21414
90859
61243
86227
67244
91529
62468
94177
30153
43782
42450
54917
2210
82324
28304
74150
15191
45409
94228
51054
30724
73549
26605
61457
82666
77157
7064
68222
58504
50209
91762
18369
11010
9750
1416
1394
60548
74168
17162
30782
85120
23152
88702
32975
36371
96694
23120
90459
56197
63756
97991
49606
847
47830
72947
68597
19191
62969
52835
45296
88439
23759
8307
75603
41212
64132
96322
71442
56842
86097
53569
92294
10909
38418
67335
66680
62282
98726
9570
32808
96132
71107
9513
77114
6266
84051
67916
56798
21053
49039
53517
97915
17568
91542
34599
46456
35704
95210
27724
53959
36707
32711
7182
88141
27365
23201
5363
45970
15725
40057
34603
10498
26358
28187
19549
84381
16009
88247
3389
51009
7392
79354
95515
55378
30373
5961
49397
83780
3097
58394
23148
33861
5233
61710
99635
2537
54555
78319
75716
47250
83230
54946
57646
69948
82303
68968
79753
81571
85152
79735
82249
10226
41603
86224
34000
84937
52172
58013
16030
89674
29508
35817
97828
19520
60186
69051
50071
46316
22212
61904
23551
11021
96099
78645
81647
2091
11492
25278
38543
14465
5411
26278
90868
94661
94026
11939
32754
51092
17816
46213
25000
86911
41148
1259
40089
96556
11424
34945
25947
20491
70179
3546
55080
39990
31263
91335
75378
4163
31561
72849
9556
36585
14390
61976
41699
52013
62778
14696
35555
91432
36396
38229
27670
64726
25926
40948
61839
59102
97193
37397
49349
64153
76029
42784
26979
35585
38805
62155
74108
21367
34545
75221
57883
64305
68829
66178
15225
55230
78199
43988
43656
25687
22702
90946
4780
8100
8710
46903
59785
66024
68023
73770
75448
14091
37205
40694
81971
65634
29163
82325
80336
24700
1281
98142
69834
42283
25564
28887
57562
93966
81796
53081
26693
28503
37249
26751
56879
37885
83711
13322
25421
94752
51152
59893
77400
34293
33168
81231
68637
10701
37924
34842
64914
21478
91004
5471
7779
77421
57559
40716
91882
68462
39750
15564
39677
4603
45897
2849
45921
65237
71605
56448
65725
63449
98903
59208
36105
37034
7474
82145
7397
88759
95588
53262
35526
49192
61190
40046
13931
81259
55635
52980
1838
49717
29024
56961
4246
27671
20745
22331
11625
22303
13645
23020
39934
38215
68527
81914
54640
75743
29854
10110
91663
5682
45998
64227
50833
87607
95301
22525
99206
48183
34450
64228
79753
64085
43575
12427
81522
61503
42375
18145
69800
61936
23210
67492
39732
59583
51422
36156
73776
80391
61880
54491
65983
89748
2440
20975
22102
86887
75226
35202
31960
42086
24185
75023
14111
56739
56814
64928
9238
34183
28902
64360
18148
95291
45425
5242
50914
17555
33799
14629
66894
11832
2629
58156
41240
31824
50517
22470
44153
77483
65420
54607
44516
37069
82828
87401
7221
65107
394
56659
63173
88868
99082
60323
76864
83989
35846
99971
60365
15129
24974
14982
50444
11492
37929
88678
3199
74970
39641
3387
28255
3608
70653
69081
6863
97406
12400
21639
48525
87512
86670
1079
31909
89480
60343
23879
85760
70162
32748
76147
62745
45764
82518
15765
71920
2719
85959
31995
58104
29862
72248
77026
82571
30914
76529
81620
18141
78863
24711
10396
3629
43559
29247
84546
85080
72201
34641
24775
67016
12006
66728
83870
23178
92040
5029
47813
82558
18302
95491
79295
6215
21384
14326
34608
78209
12348
78093
63092
12466
3859
49430
77468
6137
98900
90848
81126
85763
48090
21820
79960
29981
38980
43773
70552
45316
7449
21758
8587
22136
16117
60611
34472
15919
26453
69079
95608
93637
50235
72948
70605
20913
23390
38850
95804
50739
12562
11030
29976
30954
86095
53628
67053
43490
94273
2127
23253
95402
33835
17157
88314
84740
20952
51592
14793
60373
28544
57439
32719
48476
94515
11659
38259
60416
71045
49549
26351
21825
66902
63109
54828
87121
28
1589
70778
62812
35280
40740
83241
26050
18322
68638
69895
14853
17978
27672
39446
91197
12508
92530
44072
11881
4503
29014
96570
80705
50938
86172
5354
88743
71059
41872
62391
33723
77558
55403
62036
9645
1222
5149
98504
12621
35075
19245
42501
19007
92528
37047
27650
19979
74207
97460
5751
20432
48700
81624
80629
21817
86931
5748
47072
89415
94207
76731
53931
5581
49647
28162
60878
90395
4183
63201
32133
1906
53713
45302
72584
56823
68686
80520
51938
73315
90557
47881
51441
1430
17173
981
68826
93163
5763
53303
40230
60487
6891
44843
10108
8619
85661
93726
83068
49257
89174
34417
6774
75284
14448
46397
21285
63952
79719
58608
82763
4712
20744
25173
30473
5694
71992
83666
43003
17885
12286
86955
98255
41354
86766
27908
60064
50809
10675
85507
66771
45116
70456
31220
25069
24182
82580
42918
1007
54414
20976
20659
90159
45439
29493
94397
31380
98604
93879
66195
11886
29585
35096
3475
34063
24724
48762
16105
89162
11898
66693
78358
37542
61367
47569
82732
55103
19901
58769
79573
98522
22133
47196
95539
69443
65068
14457
76515
47365
56868
32326
53371
4997
16108
62373
87922
4987
30122
86820
21119
61805
64820
43239
64569
618
74142
1396
5021
46560
52333
37851
40238
84411
54570
57952
73399
22075
18131
86471
96332
39984
76363
70170
63983
82677
35826
15418
94574
51430
74863
60191
9257
70335
83049
39278
45681
71506
18869
86294
88524
91749
73738
37895
81365
56326
63792
23728
3585
64331
35063
52051
71868
13930
67460
75271
46354
82002
95430
28745
2857
1893
17031
24001
70699
29810
34238
25324
69346
35763
98881
51307
30012
17344
80599
26855
94959
19533
93163
67423
92693
54663
33853
68881
48632
71783
28723
13825
27593
93264
237
16936
71881
40907
79574
35195
59787
98876
59798
2295
82001
45184
26949
75686
16338
24773
84185
39601
22814
50343
10656
4739
37016
99811
6793
18005
57090
45273
8093
70907
85527
8835
16939
68170
68081
77932
46401
6532
58858
48399
57111
97026
59296
26829
8869
80668
52722
6602
17300
57944
2215
64101
94130
87149
53230
95954
11583
16307
35167
75702
58789
47114
50561
35295
25220
53443
44293
91741
74187
99470
42063
19712
80387
36289
19636
79407
23493
8385
91871
29794
82572
60912
61006
64189
86885
40244
10778
66858
41315
78400
84628
54514
17295
29729
32106
59703
81820
15303
73704
12241
74296
48750
48252
67107
29695
73832
48178
82489
97642
9736
42238
64161
67749
76398
60472
83011
92350
70058
13440
18813
9496
53391
63555
76544
23231
90933
58583
62785
38870
88618
51584
10493
10413
29655
35605
71692
73103
63211
3932
7552
95703
81158
42514
8506
4418
50212
40423
16553
10111
62884
64358
92577
1379
92819
96370
4372
14138
7706
58347
71791
76568
98977
68240
42516
68173
18590
30879
39503
89686
16350
4632
94679
33040
95887
98911
27363
40904
67464
41024
34598
25550
5909
98477
15752
91272
62658
99811
81827
94851
12547
19595
91095
73764
62303
700
35882
89564
14583
58493
54624
49434
75190
61992
12850
5978
65878
39627
38254
62363
40396
30600
55563
20687
50386
14811
52167
71435
66352
62940
22112
63550
96710
9434
23403
72767
11159
10216
26324
28382
90581
47892
210
10237
85414
25554
69542
14776
47280
48439
25904
39519
15846
59233
91342
13476
44687
23284
69938
50735
13807
24863
28735
14288
27892
22877
36000
69484
87679
89304
75493
54104
83661
6280
67227
70020
83266
62456
71206
66702
47633
97257
39677
40951
105
83761
9603
94419
28127
29755
70045
97594
3316
41074
58357
28891
87748
36280
83018
63184
65067
30960
2258
95053
69747
98556
96493
85010
35390
45792
14823
72096
21900
43333
65129
41320
50570
53146
17021
77151
92791
99157
51836
85390
94708
96567
83733
28997
23848
63662
7325
62416
68429
51188
78798
95393
24410
12756
95870
28685
38926
93357
64924
73363
88470
90831
808
44086
23163
81602
23504
80940
24363
22213
73635
49456
50146
89332
13044
48274
70516
13699
80205
70670
73242
46280
7533
11417
51831
99989
70624
47671
62054
18754
12633
46826
68578
33417
72686
81925
29937
98443
63824
92575
10958
47696
32038
11939
80626
64396
62149
19492
2366
98653
38894
60910
21383
5296
30148
87064
52670
63395
12584
92917
24667
45477
83699
23049
9222
79450
86543
15289
90817
2043
65650
60155
96373
81786
3609
52845
25528
32706
48637
94369
38456
15037
78260
93366
80199
8240
99206
72514
89026
56193
2474
47819
21375
35225
81373
47317
563
56292
70815
10549
44574
92404
40394
33572
19572
2022
87023
48944
25288
5980
4207
12844
95511
21513
5746
93256
2798
42956
65512
1883
90200
79700
72922
80668
33704
48385
61932
38449
7648
99115
20913
61566
84764
5948
73291
53247
29406
76728
76798
91569
21463
69213
10735
90666
28238
74053
35998
69897
65968
44200
46301
30344
24724
41375
50060
95950
68265
13091
57619
7905
78367
596
52251
63800
9615
28918
67113
18255
22056
9717
2872
23220
88279
83625
3730
1694
65874
92916
63210
10205
89185
16840
39993
17772
25769
9063
53908
8067
35062
30210
5190
93577
51269
28738
22031
95367
91212
80293
52409
20952
19110
94240
85426
220
56990
78212
83115
82284
68535
66779
24108
17351
69621
48529
58257
17099
84716
10799
64774
81216
33540
88802
32570
1038
57861
72890
41507
81455
78757
40623
69614
26398
33771
92222
88256
28910
84287
71730
24111
81336
81680
41501
89590
5581
10817
4613
68153
45674
32689
99996
28309
58985
46053
11847
87586
63251
53685
57888
91593
53107
72080
83063
81212
50982
12300
2611
3734
40463
21070
66934
97329
26759
94034
13343
61469
5585
18296
14409
53475
59435
37419
27825
93879
58209
71791
83509
92115
71260
64006
84503
45302
71128
92735
32097
92248
71379
14525
58786
21864
57472
85023
57014
19781
94204
91729
19396
83413
44280
74382
23362
18885
93748
40911
17459
9822
56333
4597
6672
1824
41582
90991
58148
26238
44354
43592
77296
66294
30825
16753
80496
29034
17416
86374
55221
82400
88443
50496
3537
22386
18790
76183
34674
13235
8937
43249
29157
17439
55601
12875
54588
95102
89163
33602
25642
73909
80340
606
80170
49768
59373
39293
71200
39920
33162
43000
22231
26709
59720
7732
77706
64296
59294
72903
84126
79328
67885
61796
76268
69167
8049
99877
91165
31104
49626
21812
80110
30639
61236
7542
68754
57124
26049
47316
20887
11918
32361
43048
45632
30712
87464
87072
7762
31083
55269
80786
22603
6528
65507
38429
13836
10880
4753
663
99831
38874
10844
10712
79603
98816
39492
2882
25292
82622
35819
72556
1464
74487
99306
69865
4564
25694
26014
39322
96557
61071
19648
15629
80859
91560
12306
34735
14600
55687
20212
88373
46446
24641
10167
76355
64669
37979
54985
69816
47196
58505
94927
95766
87752
6433
24593
3377
33656
73179
5134
1300
7936
78055
98128
1034
56468
36747
16955
44431
15716
40088
57471
37300
36326
44776
6381
65833
71410
99542
57511
80042
64614
50457
19151
29897
87402
15518
46561
18356
6702
74690
25245
34562
69711
89065
52892
96127
86776
74686
70148
77393
36517
53383
15670
29863
87075
95043
99077
36509
96308
15811
50689
80782
33166
54179
75857
67799
59939
9412
31360
61028
86939
5191
89198
38649
52157
56391
5926
15359
58509
75636
67728
26313
83343
98504
89149
14722
46473
103
77472
49492
38311
63128
23004
75607
83288
45594
72728
94165
81206
9221
42896
51510
11523
30271
65253
38541
92782
12759
5812
14942
3381
19713
29411
23210
9061
11630
74520
30809
93468
35655
45572
66722
92688
42823
67549
11994
77448
79347
60169
62006
62344
34230
87894
53887
62730
99837
50118
97586
94728
69003
57896
93392
97654
49914
24098
93033
77899
11343
91050
47904
64097
50840
11380
36890
5778
38181
90789
1065
23970
77409
31335
86192
65116
94635
32597
66450
2292
21781
79542
92059
6028
13944
74150
54922
13106
71698
76304
15353
97543
75741
27256
71243
98874
41517
5268
17681
81522
56518
8155
22041
98731
15032
70422
65044
86231
75608
29171
32419
96230
79452
10040
54589
56160
6770
37364
1406
59375
35293
11889
15855
11258
96270
66214
15503
45932
69083
40393
72379
32532
10782
26754
28063
25349
78573
96698
88185
7197
9233
44562
38118
68226
47333
26160
1227
73448
63501
54196
94754
37456
97264
50313
16863
37163
26804
69784
22686
49148
19477
89686
66315
48347
6401
53277
73198
59477
22547
58680
54193
94929
25194
50007
13391
76205
17829
22659
25498
74215
48541
35147
7593
73881
66687
3485
17661
36699
27684
45329
85870
48620
87599
70303
39574
26475
33059
17969
84218
68063
14910
5810
90865
35191
34614
82182
19474
17452
73423
93971
8798
85634
31382
32573
78951
47821
59517
88432
81020
77425
70418
65686
16850
62369
18270
11944
44944
4265
43480
92961
40983
78119
79683
10287
19884
67732
78187
63106
90052
91521
20887
31303
99659
5724
62859
40206
94736
46034
41342
79270
2353
10542
20978
75403
99518
27552
74485
14390
47660
17081
73619
8435
36185
4114
47926
84624
40439
1420
76635
22513
59768
57106
72754
12544
89236
29754
49266
79649
20377
81803
27382
72996
36015
93689
120
1172
56326
63147
94921
7148
72159
77438
29738
30441
72629
28514
4170
49371
40902
32962
74396
17333
11329
97633
21651
46980
10382
66624
98845
35804
25556
5244
70874
27277
51403
8340
5944
77460
18719
70152
27789
31023
76029
62204
20655
20201
10941
10012
88371
9139
11212
47515
87520
82579
28309
97172
14735
65654
45516
83281
46018
11969
12055
79497
25054
64901
13497
91651
29830
63761
90523
36889
21237
21793
40153
4409
20408
87764
85639
12197
82630
51740
50622
19098
28444
15823
15592
6829
33561
80986
59971
77489
66227
31988
64501
62742
42581
13744
27788
95627
69206
58797
68144
85604
57398
99464
18760
60406
59735
78097
71622
59903
49654
17275
61680
11139
85924
74828
92812
90642
45126
59348
95079
93093
35813
13019
73410
57990
50451
29747
42361
60719
64507
22701
84529
53099
8387
25031
54718
79770
66209
579
37262
16016
37751
75858
3094
78716
79948
57839
53558
11013
72809
64777
82955
12688
15212
68984
32082
35999
62348
8241
81652
404
85803
47092
28178
81844
54193
32003
54734
52422
49546
7277
46035
85946
8638
9896
30723
67142
20872
49852
34043
93644
36598
44572
59396
27384
60829
2896
34713
73124
48245
10990
84528
67486
74424
14888
20519
45122
4275
39902
80749
23905
51910
49236
30282
91619
62590
66622
46507
32392
81900
66007
45646
81066
51586
24402
94694
34910
58345
42439
35788
64186
57794
12399
45122
11248
3447
93547
15493
13464
48349
75230
1230
6124
25161
48828
44325
25965
2764
55450
86468
39620
19180
44612
49635
49314
24672
92461
73508
80232
88487
17249
59741
17571
21094
46967
21502
3759
7644
67106
8446
42556
94532
94535
24071
5294
58631
29992
7962
5854
80507
44511
65696
83518
76316
86342
46702
15098
76836
25843
45492
55322
26794
30402
19074
90756
48533
75914
30743
57022
99580
99761
1832
65937
53019
45755
23978
10761
50195
50078
45660
92952
98079
67409
13363
54075
3791
14147
59619
71509
32803
42439
35655
47095
12326
69709
21102
91713
28132
87756
13730
54562
22473
7420
29270
92826
7127
80736
84171
35617
93283
58752
67071
94785
39533
67540
13779
22270
8091
90013
28823
12342
50737
7630
63860
8036
32142
62279
63029
37086
71014
18050
33523
95870
89207
60806
36412
45341
29867
91545
99871
20091
9066
87443
57719
48188
28184
48845
37458
24012
19506
72568
52060
70499
35680
2986
40397
89444
91064
54420
48363
27199
3439
19439
63581
69750
74460
61940
52878
17181
55179
47018
28794
82939
25403
51386
45592
88621
77653
80479
29188
13065
73289
15194
20616
79583
11271
66114
34214
68444
15446
69399
11781
94184
25204
18167
38485
22288
91083
84874
39232
4414
92812
69464
68848
37508
86507
82203
12503
61623
36791
44399
69758
10328
74900
68485
48654
45806
91543
74263
53717
68431
40349
68534
45205
99646
12712
55487
65583
73837
74328
8044
57735
57732
99746
46182
37556
74042
9359
54840
44870
58496
77235
16735
9140
7645
60359
94302
99138
79572
25478
15438
47371
38690
83553
12147
34225
54499
57600
95401
97246
45108
95606
78173
32597
57747
29855
79256
22074
86530
1657
81526
49403
59531
42140
77621
7930
17021
9878
47689
55704
19125
29063
23404
4319
82168
31895
71027
12076
75772
64495
2844
62167
81319
51387
12962
88736
77167
85401
4755
85656
67680
95710
98201
6313
15932
72134
22101
68483
41660
72949
70378
36388
97525
53615
47349
87363
4054
50929
39642
56666
94510
682
57369
77389
70986
69049
71808
8955
49660
34180
84794
61056
33975
60210
16069
3780
26711
88678
12065
21476
25117
79416
21348
89787
19928
90673
83563
556
10399
57859
97963
88815
35227
41380
80678
33846
79138
453
28824
4218
27486
10259
14289
12967
47788
27944
2109
60896
34143
9359
351
71345
22277
94707
66140
16720
96770
84226
31092
7406
62136
32259
91403
48127
48360
63153
88965
13572
40562
32467
66737
36945
76633
65914
6236
44000
87810
48566
90118
48210
14202
67765
12210
60669
64791
95641
5110
37846
25623
59381
20083
14492
9957
6404
63134
84543
10490
2118
40861
96779
51135
54391
5773
90101
77073
19726
6144
47680
3966
95663
20708
96748
89323
48941
11518
64509
66584
39456
25846
41507
76123
91070
16940
74891
37417
27994
49800
29409
15923
76630
91951
49664
70125
7749
67890
38360
80650
57762
99456
88635
13091
95110
11835
4644
65078
13066
95432
67204
89227
4346
78176
6442
39922
92978
53124
71471
15720
18840
15149
80347
48633
72885
46785
20311
36927
58385
28833
32368
37608
1994
51904
868
68406
7729
74639
99533
7423
67425
90131
18183
80085
72285
75223
39328
18304
42724
10621
54587
84967
40532
30704
83872
45550
96888
15574
48036
96890
52815
3649
52368
80751
38715
22724
42161
35162
53346
27107
96667
45738
28485
87587
41306
88569
50651
13280
40023
7529
78217
51198
26948
79786
70528
61655
66404
76696
89331
37554
97178
61697
64179
5557
23980
63779
23625
47281
66547
70900
18095
36700
63746
63611
97675
70844
68497
4220
52489
37855
61509
89138
99444
84072
97341
14132
1585
30596
41020
82074
6840
72570
71630
76952
35024
85440
70648
89961
43142
90666
24001
48359
6890
75262
34295
50007
25382
80323
12447
56546
48283
77592
30237
67037
88602
44673
32475
79658
55387
70139
19194
72567
96958
28497
19219
89732
80764
79303
60937
58499
50504
3412
23469
32056
59016
72076
73036
70880
8778
32155
30905
53037
45541
22478
32243
93199
1069
26284
63218
99471
48434
57154
78164
7733
43254
7835
69662
74281
22665
19982
59793
55958
78211
17361
74059
79275
78077
62860
75351
3067
43276
63080
95442
78948
19771
55463
90491
91084
13092
26541
52470
15592
41322
99387
98684
21239
34998
19068
91299
94154
61388
7769
91014
96199
7018
90823
26065
29315
41405
49472
53323
86732
54975
94671
35455
2537
58801
12005
38793
65785
20176
44936
52026
13560
40279
1835
62184
68480
25202
60025
85173
16844
83834
92459
54619
54424
60337
12121
2705
51748
72892
61229
3036
23735
92408
5875
53940
58432
7546
23852
74385
97432
73959
25986
4723
62500
12909
23862
65483
43862
11324
67893
30602
52274
10533
16201
86243
18926
89773
36076
49951
97395
62573
72215
94942
78209
28202
8536
16613
1870
60716
92642
88840
3087
57213
8126
35572
12463
10912
95936
94905
85660
38955
37460
98899
9185
5282
53303
73333
18702
37009
95234
78961
75604
98694
73025
59941
72108
36393
14883
81989
93879
88665
15017
26688
98240
11781
32737
20882
72638
84995
27116
3495
30422
11792
7899
38727
8093
80037
21529
15234
52410
17650
25794
90104
85194
32058
14865
14885
19453
83434
75286
4808
88158
25655
19335
24271
12337
21011
73357
46369
94004
10540
6751
62087
26023
40961
52365
60408
97672
45698
45075
1727
42264
83299
37453
40555
20761
50972
71593
69331
68121
74720
24343
9348
65256
11384
70238
90760
18372
12412
12456
94197
3926
87213
64222
29839
8725
49682
32366
26459
91241
52492
39976
73825
25738
54648
96072
29948
32647
21185
12494
53474
14914
16704
28042
41739
88568
43985
19410
38592
83807
14803
69206
68065
25064
49339
37354
18738
22531
84565
58722
57443
92194
65561
80125
82875
84790
16454
17560
23936
13205
5598
7459
60038
64669
99933
10321
6642
3859
51702
91497
3241
2852
68396
91161
14521
31757
52107
98890
57444
2549
16865
99054
60389
72247
93660
54902
50177
14782
18112
9152
66891
18506
30725
73710
76531
56975
