45695
52674
68656
67508
91541
96957
26797
76141
88055
47924
7255
62037
55869
42745
50858
78985
29910
54252
86199
75642
43809
21329
35332
16176
81514
34716
59712
6187
7044
5225
40487
33157
24959
9224
3694
36532
20359
53
86892
62668
51161
70822
12518
79936
60098
88413
54709
98792
95957
6909
92981
93215
17641
99098
4269
6084
5069
58665
32054
62688
67113
18678
26377
81063
79634
5621
8586
30519
36457
25840
19307
78846
96082
11967
8766
16312
74988
55797
17691
11701
28593
44439
63690
56857
43531
68743
71598
43613
27441
18879
60047
51348
42525
88122
56673
85576
62316
56268
31286
18146
42097
28049
16125
53032
46518
46819
17973
29664
6992
53253
10034
10995
3613
80412
72842
11725
13821
18846
52541
79425
26635
29602
10463
68521
48534
68343
20740
36619
16160
23697
87878
59192
17458
96926
50870
63726
67642
94326
92029
9597
79298
76017
11405
70534
45390
41010
41161
31486
88626
81569
97293
52883
2349
65143
58139
94342
96518
73362
16100
5622
32802
28008
55568
25086
67935
65593
52746
84148
7089
88477
21098
3890
29878
93820
18112
66481
71671
53148
65402
89873
36125
59445
95474
94614
21422
78785
27031
59277
6371
83951
83607
19372
75783
32790
47430
20439
1998
74470
98445
7166
80623
155
48178
63780
80896
64715
26911
55098
7500
81887
80722
65770
7028
77342
83521
78448
863
61156
22855
99810
13983
34033
86351
6129
62242
4062
74268
76327
48721
48139
48883
14416
89577
63700
49926
94550
59667
42082
90078
22628
28322
28125
81060
41900
86921
52383
51564
39396
9942
5028
53854
61418
62831
63070
32642
53929
12008
80292
84456
73492
2110
10122
1617
91183
3090
68236
87229
9869
58277
11621
65330
5715
90445
73692
24901
59067
97265
89053
87849
73718
53255
24038
8561
68649
76199
16504
97443
26680
36716
95309
60060
75648
23335
42825
37242
32637
4831
53704
9449
7788
59209
88823
2413
69451
41631
50239
31753
9277
39680
92252
69802
37737
62149
45133
58164
78978
64443
28548
67751
90562
14562
30524
76492
39887
4353
54570
85250
68799
86275
71659
75583
50488
68818
24413
8197
37712
17166
28491
45764
51699
74410
3648
96421
79683
97956
73181
30330
36474
92767
36677
88320
107
35903
5589
80078
86246
5792
8145
96445
91546
6355
85370
96403
14740
63989
26875
15725
48422
83342
76579
91945
20355
58435
25165
65421
52039
47225
29306
73048
92884
69575
45761
29443
9047
69078
10941
81972
97192
37976
87268
69407
2224
79426
83735
11736
29765
15815
21877
13529
61105
99122
87787
48588
50865
50463
65766
57111
60697
45111
24905
60994
10293
29927
52826
56965
91786
49916
47958
88242
58042
16220
61029
36348
30502
15140
34504
68611
87695
91866
79727
80797
40309
76174
17639
44995
19040
40978
73488
97621
56253
7123
80461
20843
33088
37682
78069
91641
91528
18500
45606
91581
92704
95746
84377
99241
19105
66510
18608
5607
37653
51843
48908
48206
5782
75319
31900
60928
62069
69296
58063
63453
14935
90911
8971
1000
74201
80862
20022
66963
7957
36226
80913
53897
76829
28029
63876
25336
34499
66355
85556
17946
7163
40054
35633
48254
93112
13920
18637
49496
64371
96492
66087
30785
12619
31826
80645
92972
3366
40413
80480
29159
49941
62699
96057
99594
77109
45824
75850
29439
90642
88295
24535
63374
87046
85735
95138
42211
15711
78877
78494
45406
7807
14396
30428
13271
51997
6622
19521
99052
84233
50309
86553
53897
74956
80210
50116
79603
67981
22465
66158
48273
98672
59647
74813
48791
92698
53033
83459
67376
19023
1507
75251
96647
35612
46930
4881
1202
86609
7415
26626
15164
27974
94568
95043
68686
42590
96300
52949
49881
76361
76178
20597
14178
31555
37231
31722
57674
43578
46002
51768
30137
34189
52486
52017
81543
33519
18339
22123
67143
94251
43793
57069
29200
15874
83035
26659
8328
7599
8364
82801
53359
1900
28552
98691
75622
45486
96713
26531
58235
82602
46901
55908
19346
45947
16920
71227
67473
39068
81060
87854
72936
32783
84097
38148
34523
18272
13138
2684
96205
92452
82822
506
81771
50811
46391
54460
15154
52724
88643
87435
3326
11856
62341
21068
63600
5278
71248
89462
18490
68102
77767
49182
14250
79905
14171
55854
22482
84389
92161
58644
40368
97535
25263
53078
91871
74137
1236
73412
97816
47419
73425
54310
90950
22925
17208
74484
25189
7226
42143
37828
97430
87697
12129
31902
28130
51557
47857
4396
77512
61205
96444
11373
86277
10981
85274
936
66943
8907
61328
9086
49710
35686
37446
11064
3943
39783
54528
98688
9031
82644
50907
2571
65976
71682
71974
17427
74563
89824
38618
65763
16658
50515
9335
86732
53536
54267
1308
87349
1888
52660
54082
37711
67015
18680
59222
53510
26615
90882
54194
50899
20841
34990
85143
82318
44629
35292
8329
72257
30113
31348
46663
19608
78852
44099
43237
66133
31158
92835
80232
66112
48054
8153
60989
32539
7991
10743
52918
56595
85832
12034
88450
57682
38399
92942
45224
90834
72513
70661
36064
2636
71920
25126
34254
21518
46033
48010
91356
79243
2105
2626
16914
69549
81652
14269
79253
32390
26130
63366
47417
13635
25679
7433
77988
71969
88669
57110
83457
5594
59791
45086
41342
43512
57412
65402
38531
20426
63087
17676
65422
62676
62847
14205
97551
34752
82864
43333
3293
68243
59245
5993
24532
23963
35487
47134
72236
56292
66935
82699
46967
78218
39924
14605
72310
54440
78034
8533
37912
17359
85839
49420
10289
50386
72187
32918
93971
21086
5819
86516
54731
34983
23226
92643
43706
34334
11437
2531
10126
61087
43553
99666
35293
39782
47236
342
42270
86273
41388
19417
59556
61441
49896
80910
57335
30058
25921
85715
76272
2282
24684
89295
14001
33766
10799
99962
25855
63344
91661
60
55998
47445
67440
58125
76167
69874
61618
34876
63240
69255
27400
54732
35096
18052
47404
17208
18261
96608
48197
23862
30908
66152
3317
24057
55173
28724
98719
63793
7352
63253
21138
18574
34223
21291
20695
42082
14122
24051
94899
82084
8361
55550
91129
55600
28266
45308
10191
16683
86879
55319
4923
25285
46155
56189
75627
47351
25785
6997
88894
14348
67608
46578
75633
82908
86135
10117
69962
8404
4697
45164
11643
45233
57525
1417
19475
62602
43502
89870
48007
45934
30345
38452
52120
65378
57744
2539
84097
8749
35554
87692
43488
39215
30580
86570
80830
19371
43913
3975
19869
77766
19593
82146
40669
85032
769
83693
5610
74815
73718
7421
62310
69410
72039
40668
89967
3795
74463
80408
8876
29886
37268
81342
72185
90238
87039
11393
57804
25663
61368
2548
14148
34494
55533
7128
39246
40396
77726
10638
8115
27409
14617
88014
98817
36974
96589
80496
68147
41595
14861
90536
24224
35119
83843
34767
93310
34589
7118
92316
98288
17179
76153
12017
69651
94718
5017
41906
46113
73634
9443
63312
25952
49766
98024
36900
71819
73460
46543
759
13242
59773
56621
32509
45520
15875
93923
75491
32641
20784
59155
74654
29790
73284
79808
82594
8991
32492
50914
33684
19883
54829
62467
49559
12871
74849
26361
29410
65625
82520
26720
44083
40119
62751
82579
83805
1745
17694
60935
5085
45144
85115
84229
19083
79689
39837
19233
8427
95258
10699
51867
38274
37344
37938
41778
37574
3867
43557
44384
19439
3999
87071
96438
65482
38207
84996
4820
57196
2295
91781
37989
97730
8982
73027
44277
85703
61894
86410
55056
21008
94298
64255
2489
85281
38772
72309
48707
53026
82960
47768
93808
21964
82256
16716
54947
38270
21636
20848
83524
27404
39957
52892
13392
76630
42447
19146
24025
61175
13417
83281
20609
12244
91890
12011
53551
38164
69626
75097
14860
6703
28442
31869
54269
67423
49121
97188
65693
98931
88860
15590
94965
38019
77536
50790
82139
13885
56695
25909
8389
14142
677
82163
52264
98204
73078
47989
86834
97920
67367
6402
39391
65585
50381
32983
69052
44587
2181
39595
71894
48847
48025
81612
72254
77652
17804
872
38843
75515
51523
66248
97324
8192
44911
20503
53081
81708
1691
30496
35508
54471
28302
87061
65810
25515
5598
14284
8096
2709
402
11556
18243
11316
48049
92165
49936
85411
57100
91877
1221
4403
63301
1223
77922
77697
68251
42078
13351
71944
16723
3408
91884
81679
72388
86454
78487
7171
86655
87935
28349
85567
4698
60979
31224
167
11927
98325
12161
60213
22261
71010
55019
50282
21363
89015
52188
42950
87836
28591
80808
68339
27028
58729
60683
45468
33341
69320
38691
20923
73862
45588
91528
30447
37457
87133
20009
21644
75744
9088
77413
13869
74843
8035
62210
88580
89248
27098
52877
6418
1671
60140
69486
68755
55569
53327
50631
6512
66829
79887
25866
7832
61286
27566
11924
48072
53772
15302
23402
22471
93438
94666
55982
64495
33265
14762
57918
33477
67232
32949
67849
55594
87920
55865
34607
9226
32926
83302
42388
36049
49383
85008
18432
45757
60243
70675
94326
63695
29727
65905
73583
74971
67398
51031
25779
71807
76716
14590
59667
90769
59591
76173
52485
77776
94058
10779
22589
77084
24015
8754
63973
42594
95392
20015
57817
49840
93153
41862
52929
44807
13342
14627
40492
2702
10221
71307
64517
10850
34272
67425
99957
74123
39625
49156
46837
16042
75946
8981
68845
39279
69464
74551
75246
77191
32107
28175
24969
21747
86885
15915
18474
2580
43516
94175
76660
97858
81350
14890
49306
25979
6720
42775
3863
57368
61179
5504
2859
39035
57571
87788
17875
27717
11149
77721
92580
69701
41789
2869
32803
93291
83505
57254
44612
14522
80686
21642
59037
26363
73125
95992
63558
35854
89953
15525
22671
75708
49679
36995
78013
64520
91659
9060
94915
23460
32387
14492
22586
7135
29162
56068
9117
18812
52411
63995
86147
53566
21832
32903
98553
8383
37118
39097
22235
35040
12822
93519
63471
46619
94395
1971
26367
84180
24595
97792
16241
46990
47693
10436
3332
10329
39653
89537
33801
76393
56342
46926
41916
40259
43549
77211
12093
72048
94469
35601
69840
34036
29397
33240
74797
70488
47250
24946
3236
40291
11282
38852
14545
80039
76383
42837
21911
36312
35651
26927
33821
21623
47702
54403
4130
99501
82306
2473
29502
62483
51919
18309
78486
41198
23792
56484
95515
71064
61224
31302
1920
69049
1594
57334
74039
62677
96557
98996
53959
97247
56248
63059
77771
15595
37007
99454
86826
24032
22634
98838
30286
60524
85486
71703
38851
35922
18459
87833
55982
13759
51666
4145
54920
48603
27712
57047
93206
36410
17515
59459
65062
1298
36887
8689
48328
36262
93526
83747
64550
9761
6154
67557
99010
54847
64440
39948
267
67365
64235
5688
80827
12817
26114
74361
30767
11852
44823
93581
42820
97147
16205
15303
48587
97493
10613
3404
63336
82287
48861
21878
53677
14195
68662
15451
73902
91087
90080
23496
34497
24298
82900
19783
25748
18225
24462
51073
15466
47600
89045
19964
2547
43228
6568
46820
78215
73325
71110
56712
93023
96712
16378
13468
85713
3066
26977
91004
17926
58018
78586
89776
66905
68869
89610
76714
12174
40549
11272
1644
71308
50123
90603
17831
56344
33313
9390
34367
78672
39996
31805
88074
56673
44759
99104
15575
47142
87355
13985
9579
81181
99770
22202
5190
33191
54075
87968
73700
19836
6447
41958
37504
13001
73442
86000
37683
35624
90285
4117
63322
76569
5001
81359
15254
99074
29694
44291
62924
36416
64857
94247
9580
36713
65116
96373
97551
1632
39727
75787
69562
36948
82932
83003
35040
63062
34008
70966
51683
53909
15013
44688
46746
71319
63157
86160
57967
64662
66593
2807
88447
7604
68504
62410
59364
23997
68331
43325
74416
2648
43077
56190
18383
21129
68791
73339
93135
38982
85393
64978
37564
40212
27885
79347
23908
69821
46054
3667
20665
51440
21222
22608
7989
16726
2876
5820
96983
80300
68876
3496
2667
27650
20641
95886
69576
3471
87454
88827
62259
70606
90450
36695
73186
94713
54793
63410
92858
39328
84287
77357
8857
11654
94223
75970
5328
67321
87466
48050
87976
67148
93476
90697
47782
98738
17384
19599
54153
32281
26891
64237
41007
51169
32766
24602
62199
94104
91837
77890
2530
75027
15524
26162
59155
46698
54081
20802
32309
44241
55429
44063
14108
31823
64437
60404
88803
42269
30749
35316
90229
80092
52035
1991
25959
98419
25593
82095
86722
4772
10700
92021
64414
69450
5370
48213
17322
70802
62560
50435
25641
63026
40849
66968
65686
47626
3075
62045
7464
566
76644
62995
40144
88461
80586
89340
18303
67641
25479
3305
23813
94707
64763
95169
87284
80250
93924
2731
97347
81520
34448
55481
85966
91153
72435
84785
62939
40113
86548
78744
91383
29265
68385
10429
3167
43326
60259
416
78107
92998
12557
40669
60036
33111
83054
92761
31494
48854
91622
22568
55809
49945
6133
43352
28330
1218
39374
10557
66510
8440
16266
3898
74934
67395
48537
52585
10757
55460
80500
59559
20895
11599
24590
1343
62276
59814
12105
86065
90106
66547
84420
21247
63625
1377
87538
37140
25727
28696
14566
91537
80532
98099
86890
37909
59592
42144
50063
90793
22824
36883
85631
69381
94575
66823
37550
86306
52297
7794
51311
83293
69459
27908
19075
65253
76734
64764
57484
46625
7699
12583
62591
6305
63056
70646
19736
87167
75728
80954
44968
68241
44777
33311
18697
1999
65967
61666
5618
91963
4854
60913
99717
45490
29268
46141
65062
57165
36869
81790
75111
20532
17416
73316
43422
82720
65543
73877
45816
86955
3764
91015
36710
26967
10990
68924
3222
5943
38627
91349
11229
54430
11183
99349
96303
61858
9603
88467
9425
82157
87617
48251
83782
87264
74756
8162
48038
9347
74044
41699
51405
4589
22295
27835
58351
92205
72699
63518
55657
7059
60143
7699
90899
54430
18874
29299
71697
10819
46307
7993
91785
34518
87863
615
32943
42297
50697
22005
29787
414
32276
79990
58780
2970
48284
67689
14470
47304
35955
12920
52103
77910
31799
13745
72984
34064
22648
18623
60687
1448
42488
13892
88625
72959
58763
16629
25156
25939
92989
42898
85890
1412
17331
29312
85833
2596
53289
83621
10576
34107
87675
74496
89236
82932
54879
24674
38385
57832
78703
65805
60748
16997
12101
50631
90573
88634
24320
79355
13802
29506
48675
91244
16446
19306
95388
48215
73560
225
6337
41668
95472
78491
53494
97672
21524
90209
12044
40763
62369
98105
2659
72977
63949
2318
43120
1047
61665
71132
89274
20651
58660
42810
21534
97272
84531
7844
15603
24333
92429
55171
58248
69817
89226
8668
45609
96038
56171
62770
5472
3023
46636
19576
92951
72382
89590
24439
3868
358
55122
67064
41406
95386
50392
62767
26388
92265
86501
75589
47517
55127
16619
97664
5442
43417
40450
65937
40535
97164
73404
32857
9952
62706
96022
18969
54192
55018
37387
26101
32461
53899
80291
73092
42096
18749
60200
43318
11016
13492
7033
20130
42174
72777
95383
88491
91411
63447
38365
4431
99685
97519
40972
17356
51920
31641
87332
14671
13266
52711
41391
15962
69415
2263
27992
52369
92243
16038
21913
8354
40350
13707
84370
81231
4057
22359
90389
86232
22270
16647
1341
3433
83382
64291
1151
21854
66965
81015
99161
7983
49855
89675
13640
55548
93486
70048
75957
36374
33611
21098
75727
85831
19354
88133
27604
89343
1202
51477
91944
11068
21865
44862
54825
68693
42287
93244
70201
18563
87057
53696
52090
59693
87006
69256
68408
48270
62310
98490
56447
35685
45661
68989
26126
57721
56159
87763
25923
96583
20718
2231
23222
87241
82711
12591
85730
95365
20499
62542
93982
41807
37065
90409
57033
23804
48945
99347
54436
6948
92755
94392
34777
16019
43213
20947
77817
80204
84019
99212
77188
23194
97073
14641
35937
31157
89196
83759
86222
1709
99591
73421
46833
12087
44642
73221
8556
29297
75164
18401
69647
25298
97017
77422
84616
50515
16766
50879
87733
68757
88921
96417
26714
19181
65662
50646
43086
30707
3917
49521
73968
77251
56207
23309
39447
75821
61278
62761
20934
68095
20004
25508
31007
95213
71004
29233
74190
39162
28373
96855
9510
39014
79669
89704
7146
4948
41978
44028
30561
94135
60860
77865
18124
67096
78830
33089
2708
6375
9315
3688
23644
98363
10381
12977
26870
91527
25888
8244
65617
53532
48277
6830
88624
10645
47275
81300
21238
14531
93352
5493
85693
51765
87134
65196
25447
70723
61640
70335
94987
89943
62131
72951
85137
70361
34298
52028
93657
71766
4649
97067
41493
65004
10627
18551
82710
17941
48575
52794
43972
65005
16173
53686
55624
43617
64247
46189
48483
9622
73890
44921
56482
68947
62868
16425
26857
34925
9519
31928
73131
61613
21659
82891
11900
81951
31970
29927
67134
16122
64693
57165
16631
46727
58509
1364
40836
12720
85227
1857
21191
44006
12032
67908
48635
39471
10920
40914
51080
58154
79249
1307
94002
33344
23739
74280
15980
35817
79639
7347
31146
10712
65489
59106
94804
7044
15498
32897
32982
66068
2238
44123
82036
42023
87109
15509
9787
40797
86965
29127
58995
16837
22564
28312
68720
41059
92491
94324
67432
61693
1030
98925
91999
84515
67095
30860
19165
51066
66379
22482
38818
41283
86389
82255
93712
77900
47734
21726
81446
27922
29406
30139
29773
67377
10091
83074
12714
48875
80688
81286
82004
27792
39250
2058
34240
62128
93548
98239
93017
6970
71698
41787
97483
91856
8850
98514
97502
37322
91158
12564
12415
90883
32998
48931
93658
31939
3371
37134
80708
30378
8174
16527
30677
55638
91423
54142
17907
90290
98802
5680
80713
6491
10275
42896
53078
43503
88890
22007
80610
98900
36970
83371
20972
4227
64307
68018
80510
87023
5127
83281
23586
28342
42762
39813
40238
60226
53362
26653
10010
21180
92846
47826
96498
62639
25411
96100
2343
18164
24849
30003
65568
90175
94549
99511
16655
23301
50280
66268
95070
20201
65796
57885
15175
52994
56998
10139
3203
46313
25135
42395
1274
46148
30084
91226
16121
64491
63670
53933
95746
180
12156
29209
43421
87007
42204
27595
12813
47168
8
84278
4157
93060
42853
85543
79448
24193
69927
37574
71608
39135
82873
79755
31703
97789
81689
75131
7777
67330
86431
20990
66507
66337
60637
80861
92508
18312
28994
53565
67945
22661
32313
90707
63167
33940
98159
55139
5881
84874
79186
60633
5426
91383
31604
83779
99508
53404
6703
2409
7855
83497
26850
29866
62085
56209
78746
74964
46690
85261
10252
14976
14025
20745
22046
56808
58281
55119
99045
20101
50766
91086
81865
11017
90388
39078
73381
46006
46167
23155
21579
78745
79526
35892
66756
77607
87253
95671
30037
11858
12689
98403
71197
72967
50095
68481
50331
53928
67838
68967
26604
48321
55611
24258
178
7529
46914
17344
5488
76663
92130
55960
35762
91006
16138
63126
60841
97191
65983
24231
83604
34825
36879
14781
31418
27368
6496
51391
6228
40967
92258
59377
14760
10731
4323
47355
28591
2765
84545
25080
33944
43739
14074
81022
20294
66605
11103
85444
48084
58719
13031
55413
89593
37327
55776
25680
6631
40661
19648
40633
94221
20090
68537
84864
36796
37782
64779
14060
4006
9930
36788
65891
18978
22647
23746
32504
24236
4729
90825
54994
41290
56579
11760
81205
66922
68440
77734
77072
51303
88739
83122
6914
91242
73588
2344
6121
51596
96344
99991
74697
97401
84307
57823
39797
50257
27229
88352
77149
75049
39510
95885
3348
5742
89831
48832
87548
95945
82103
50247
42576
42206
20518
23740
8270
45999
46986
88466
27008
48285
69091
81899
67878
26638
48381
12198
60257
5034
87842
50646
8670
41247
76953
90670
55133
66917
46815
20537
99420
59804
84576
89254
92645
73649
58802
35712
31890
40416
13295
43195
43640
85171
21613
93002
39703
92616
22555
13806
85500
86992
8890
94345
45104
66452
43669
41393
53377
3538
33919
34368
20619
54246
91112
46887
87331
95524
79195
76291
9792
62561
3639
45192
55974
8849
35528
8602
1520
52938
66817
88666
62585
78824
71545
40061
58344
63818
76671
69721
38390
57114
73979
76568
50300
98954
97186
6639
45149
97626
62965
82984
70318
41686
66199
73820
5726
69499
33097
23485
66182
67994
28004
72526
85774
61045
54290
84662
57560
78087
45098
25737
85518
41281
83430
27751
48931
50062
60835
31425
84584
83959
9716
86869
83598
25571
75170
83003
60435
28918
82308
22743
51787
2779
81655
14031
14796
60892
92987
42231
39414
64622
58282
87464
45501
51273
82614
11791
93589
95925
64957
77441
12760
44257
76843
49356
73654
25644
18989
94569
71034
70406
44397
27854
16757
64657
44879
29056
42026
67457
62535
10213
73909
64994
58580
26871
82073
24153
23197
7253
900
55971
90727
89844
33921
68313
25968
58578
73529
80501
71275
76171
28391
32206
34552
92548
64279
35231
83807
11557
86842
58663
81705
17028
55145
50505
84188
38940
90131
13619
61329
77629
39334
44571
38259
64220
86838
2821
98037
51115
32588
41922
41040
2212
58765
6323
25049
35582
90661
50731
26652
62882
71601
45426
19447
65944
42439
13190
63892
86266
94818
35707
98852
45866
92781
72579
40149
44607
56747
3849
11760
93339
34145
79287
5617
54072
69185
82904
77924
92480
72244
27448
55000
92060
59395
96839
9891
27716
97153
90172
34642
4822
36824
8950
21195
55009
62543
97534
91457
81633
77845
15464
56115
86213
61486
86361
6498
83211
46199
23522
5612
87822
28918
35690
15178
52790
20579
78762
36130
56526
8013
2801
7402
12690
81994
16360
19674
89479
71551
9648
54316
63684
46792
42119
24435
82542
10693
77546
62485
80866
24674
96372
59239
24620
42561
37029
93379
53300
30277
24382
39048
27640
48606
45480
4879
74292
2700
14708
94117
33405
39697
33757
44394
57262
59480
65418
58916
42138
19164
66383
91040
28864
73495
93203
42983
45181
53960
84525
92633
97243
78303
36423
60329
80134
37832
40229
29301
5951
69041
10911
3424
38666
45050
68937
12109
4002
40568
70996
2106
84973
4454
35405
85303
87850
34953
71683
27170
76358
61823
4486
24480
3118
73571
86731
10521
63102
85375
89996
89489
86008
75342
22188
18463
29969
56172
58552
52876
77829
32765
36137
60713
78474
37047
88230
66605
19458
84814
97735
50954
29931
67578
90260
2475
69201
64710
98443
56812
37858
3639
14049
56086
35202
62007
70623
86421
35989
99389
32558
95736
62298
75099
43854
58149
93879
8996
23839
52406
44014
40408
62371
7380
67247
91437
42971
83118
66056
69627
40013
1270
16344
4708
49415
55960
41857
21727
41374
30200
26747
66336
29295
71975
91845
44709
8646
17634
27542
65407
64157
39975
81233
93179
84028
87220
41016
81420
62655
59550
27384
37623
38293
60555
92002
83899
85348
67724
2617
33755
44458
10203
89607
19977
73183
78477
60394
51152
94134
81203
24012
68286
34
54547
13872
54668
99861
1406
81224
28236
97028
17134
81028
22350
50630
5278
52132
68207
78299
52646
91631
33470
74794
55761
47996
26444
15554
88348
63053
45168
11554
63054
16892
6868
74196
58511
79662
45183
58900
96838
7268
89472
9838
61938
98448
36371
74277
82597
17316
36884
18160
84792
98118
44605
55680
24367
67807
34397
98684
3467
86931
65496
39053
20549
18636
54773
53653
30734
4431
43080
89690
19968
87984
52347
57793
9215
17056
81979
14806
65746
33380
37726
7719
73177
4962
42988
82416
12298
39221
80209
81074
41707
49503
63677
60220
39438
46366
40949
98827
54084
16343
94970
67917
88223
75055
91315
36130
10185
95481
65498
8187
54106
1129
44673
95269
75578
55815
3071
319
96820
48096
75258
4166
29618
75414
66898
19634
93339
45687
18376
76857
38502
30251
53834
60401
90969
67974
95036
98163
40706
78174
53252
18235
63730
11447
11121
65708
75441
12282
59625
97328
26018
2660
49870
36669
15316
31514
22604
15891
13665
1467
97506
87970
6983
98702
27115
65289
34784
86969
39144
12665
44609
91059
29260
87704
6764
1810
11715
6817
34097
81374
13855
32904
9384
37191
64896
93019
84932
36817
28319
78949
31924
46605
73688
34156
62395
84004
3666
67002
67338
91948
28397
44280
71607
79229
76358
64758
8509
83581
32681
48488
85935
2231
11284
30571
88730
18155
96292
80389
82934
14335
8639
15753
85288
39538
39453
2778
84503
95057
21491
34535
27337
62243
35549
86229
4474
61215
8104
1338
76889
8957
16057
75237
79966
1226
27581
6748
75275
78293
52750
52541
21535
30406
95679
60325
29137
74319
39845
6959
77007
28890
1761
32629
42258
20481
75022
19826
95261
90717
44228
8648
17107
39510
87046
15452
60563
73626
40622
30527
36241
53161
68211
92232
57490
16172
25876
6589
76387
26725
12612
26449
93846
11554
19858
98311
82970
82668
89651
73460
25365
67612
51342
49955
9409
58156
17028
67442
12833
82699
81562
1497
11135
29258
25541
459
59875
19924
69169
62005
11089
49307
36846
88899
80928
60077
60919
75586
84371
90758
23168
26624
60181
91006
25307
43343
99318
78947
18759
20457
30812
38209
19319
11342
46728
60030
38746
65192
45255
45379
25483
51247
30705
16916
52023
47849
29825
90944
63367
17385
39281
82131
89417
78808
72882
59689
26271
50833
20165
34878
64644
61574
17593
39521
74998
54305
78081
11687
35525
18725
36529
69883
73718
75282
77109
90355
83604
4903
50670
87998
61396
11073
9290
10745
43651
63458
66559
18401
20782
75565
26212
49058
718
63086
22731
98094
69742
21430
10015
25962
78234
9092
38230
13954
51558
85888
30867
30525
57272
79552
36891
13099
68275
56749
72369
23418
32320
95968
14544
80424
72795
81830
76293
63763
32760
35619
95239
77420
84273
12851
79220
96331
19789
92811
71977
27227
53198
64637
94237
12438
85142
50234
91
76203
54839
1810
40282
18619
14134
97560
80858
81540
80123
21281
24285
87445
77304
80011
77632
92224
88339
13721
84117
28461
16210
90748
75550
21963
78018
19214
86504
24321
40612
66936
96770
1027
88917
42772
14648
45920
57720
18604
95312
61240
25186
63745
82112
68811
52065
57736
60842
43341
79978
24687
9814
12245
53982
1789
11178
75797
46232
65943
62632
64708
39765
82206
92484
64598
86305
85238
56193
35117
45146
8898
88615
55177
18371
5291
69443
1435
27495
38080
31130
62807
9128
37750
89995
96295
88771
10448
59457
96509
63586
47899
76945
95681
60478
49936
50550
32392
2542
38428
65607
35205
17456
83613
51314
69593
92179
93474
68631
57319
3295
83989
30692
76386
49442
32085
45672
90375
11543
17691
49525
8871
38581
88286
2839
4797
68081
33746
58188
67358
40017
33260
92063
83022
60655
87136
18149
79566
53382
99019
37427
1939
80635
98317
57434
94547
17963
2670
93569
53945
9677
2177
11357
34328
63204
79397
32110
26939
11428
10184
77209
69115
28574
74983
35102
28906
50057
38129
43541
78412
20559
35497
21258
3653
41105
90506
13042
84397
24760
70501
67849
28992
26553
70117
64298
92755
82660
23188
46666
93089
94698
16118
32145
19747
3208
3027
61590
79453
500
17747
86133
16309
66819
78273
76112
24575
21364
36370
39264
73844
90557
94815
7702
8034
43184
68269
44082
66236
8489
91086
84319
66065
99479
92833
73865
76122
22564
69044
94044
77165
60451
93801
64346
6447
33429
80503
76536
56774
78168
11143
37079
85773
10669
36063
60154
64640
29380
52828
33384
48439
89862
37304
64384
27088
51775
56075
46036
1509
19110
5805
1444
31772
42794
86201
61239
5917
15930
86510
95864
88990
65457
13743
39499
51611
66813
15242
99691
68193
98731
37814
43425
41545
93680
43957
38179
94594
55638
30105
59782
78311
88225
96067
10465
6704
68701
1030
94721
27652
2918
27754
75330
18667
52755
97005
1841
9634
5344
11396
26619
44808
49463
15711
90320
55125
42843
56170
64730
61163
37136
56751
40372
76452
43562
99577
68265
20746
13584
89556
86123
63590
20013
99824
65420
61809
4691
23717
11036
44294
12428
71824
18719
89784
78302
59483
65866
50687
14266
32634
31514
99182
38594
3057
31153
2880
27668
81940
25679
74033
15192
94119
18025
53353
12034
20132
19624
8147
1828
61338
79712
81356
4691
74930
94347
40694
92787
27661
86722
41004
27778
33322
63927
97200
25055
92996
33042
55776
72533
16087
6566
54632
2023
49763
99247
47792
46714
66633
13259
90486
40857
20754
93906
38519
18697
74959
77875
71174
98474
18107
76396
33215
78407
24541
48965
66901
71834
56010
23274
94471
80799
1959
97572
20402
83891
74636
55571
85344
3784
66435
14697
48414
39624
97232
58117
80907
79428
48427
41995
78060
53784
10376
70909
61308
74012
23032
11160
80769
82537
14088
5934
30426
91494
44327
38491
94164
44559
32486
96806
79612
5729
96248
63414
24430
74340
24600
16014
17580
54997
38793
56135
70987
28655
36632
8200
44136
87382
86335
22852
47671
20864
85667
25393
66619
82783
14236
18592
50482
98415
82037
3934
54344
66617
18249
35046
38092
70690
64334
99296
51967
4851
35534
26202
8168
83685
10351
24866
49157
93545
44084
64829
33597
89233
64541
13415
25296
59230
17642
89895
15759
98279
2237
98254
69512
29763
7676
62317
7034
10772
7862
50320
40615
95952
2397
89498
14503
69421
83569
22174
85497
5192
95710
21303
5845
23089
62780
31877
24124
43383
49556
35460
78193
72652
67906
10475
98561
76308
35957
26622
47901
26640
81076
25713
53033
14337
41947
35545
15052
11547
41795
35632
66248
27912
59743
76197
89668
95541
28642
63614
40708
66333
20798
21931
60090
83280
33960
82760
78518
73568
27319
56431
56857
42376
9228
22807
27271
62906
38219
98445
18139
18115
33127
59373
65492
29884
76955
25533
60941
23216
95797
774
90923
99077
53901
7088
14511
12169
57459
54362
27627
23227
21895
45394
51761
55602
87810
54359
41063
85390
88498
26088
26391
87129
31266
90440
30115
64089
81464
9361
71414
66102
58487
99538
64789
62722
35269
31655
88052
48778
75399
29267
86789
4024
94057
93629
32299
47393
79226
27844
62348
76562
47795
2655
86725
21714
81784
60598
4568
88627
72823
92503
28225
77659
94350
95862
6982
99626
69193
66116
55116
75847
34792
12970
42982
45099
44543
36002
28809
49865
29912
73042
64411
69561
58675
15271
46249
43744
53357
89930
90296
23198
76222
81185
67635
14323
43996
22180
5827
21486
55422
41786
87517
6356
33211
11121
96628
42890
33360
93590
21904
76767
49728
94326
38647
25816
46613
57586
48999
33305
33893
7832
85413
69101
52721
55780
52208
48115
74727
36083
96111
67429
84935
69599
59081
869
77026
1084
25395
28807
99038
28493
19971
9845
44502
83812
55588
36675
702
93877
7778
15664
68101
99573
28229
67285
28403
23092
98683
20397
33714
15348
81070
75521
59273
94085
3828
3311
62690
28895
91941
94934
4205
89115
69096
64577
41662
93807
3430
42094
18002
27363
78464
6777
90895
69300
19131
36265
93705
15557
39993
15095
99776
64957
73860
60503
60775
18722
94692
38885
14080
13711
31760
19565
53058
7860
57345
80854
54556
53771
80481
28332
35124
10802
47779
59144
47528
24842
28076
46207
70710
13771
38094
40356
61111
25058
56310
74138
48262
97288
72028
83258
59230
12256
84951
85342
31361
72940
51475
56552
7157
97516
75802
44593
88872
79541
19759
46066
80629
17322
84219
7464
81439
46746
16478
62376
89722
72661
22567
39071
85385
16716
10911
24708
41121
21572
8095
80893
18349
19895
77058
75243
95563
83975
91188
13139
31411
10495
17578
13545
20312
51625
49260
13531
87879
99141
70541
33207
25453
26189
9211
61530
27125
60418
5522
99415
24462
27313
81003
95072
92234
13576
14673
9491
28131
42672
67700
91044
41785
50758
34998
7075
4727
15193
71043
78314
47475
63522
19646
83302
89427
90907
73783
37663
40845
30398
25017
1477
16391
39387
58975
27385
3838
98901
23174
53
84162
51129
701
29209
90077
92252
83065
78643
91092
63217
73701
47946
7654
15940
86103
44519
8978
27349
12606
89665
85494
33492
2839
17027
50482
5845
68991
56444
43818
76656
11715
79843
2154
82265
44979
62885
99812
81431
22901
21453
26101
24034
77109
37742
13925
36542
63002
5168
37389
91439
8788
57172
5235
8151
83057
16710
33713
81427
4240
77438
45332
31727
55213
55571
4864
69249
92026
99453
12049
40425
42798
50277
94236
57155
36535
10987
44436
86213
96396
59028
83240
46651
70461
73166
68649
17245
29068
3073
42282
8938
60692
30323
49472
84484
60455
83192
82857
24007
4694
6901
64073
74183
5066
58575
7215
17029
9712
35701
37974
81069
3504
71943
72935
53552
31902
76897
38716
81401
25801
71048
45791
86093
22962
11503
51409
94596
73751
86566
85927
22239
69292
81312
88015
7301
53515
57728
53104
85790
80578
10271
15727
84619
56203
75101
814
91103
77594
27682
51887
60126
29839
84975
78390
14385
23019
43525
96748
75427
6527
20881
38432
74780
78015
31411
22184
70359
5174
56554
39397
28097
73972
23679
47428
1553
49602
26826
65281
73598
47413
23012
97126
40770
40065
72490
9362
80585
68325
48394
73044
57077
53412
73614
27894
83730
92340
74818
93271
68785
57359
57539
26577
65891
79815
48102
27609
72851
70487
82818
76164
88673
81108
15644
69446
9847
54594
33069
24182
73097
75523
91474
67886
58126
75434
99567
68463
52213
34862
20544
11265
15686
42490
26046
41175
89719
66369
31531
12593
3335
18158
2202
78907
56091
91066
55134
8947
97618
97303
45197
70440
63654
37065
96304
58622
28034
12180
58858
21293
75131
465
79554
35241
49100
14618
94479
26493
42802
52036
10176
33009
8768
55949
80261
70122
95040
96395
59165
12464
70439
63332
77500
50699
54676
13531
15545
81222
45413
75432
1554
55190
38261
24865
90492
68212
29558
85588
72139
60230
23431
20951
82521
54460
28114
662
29559
77141
46789
30571
92974
96130
138
99596
7312
31170
95749
7934
87296
16333
36010
35272
28219
49709
94585
58018
44545
90150
85591
7372
88132
38709
60106
24155
6956
75350
73584
8110
26116
12576
18429
28639
78564
67020
77391
73461
48860
8019
45647
82069
65786
87157
32103
7801
42393
36629
67194
93017
43718
1825
45220
89574
58224
64496
54064
95638
10091
25701
9360
63865
34784
78416
2108
22570
95669
94771
20362
9121
54292
95137
39942
87557
19195
92770
98766
68031
13568
32948
31309
69033
68927
76012
77010
28517
52033
66010
14668
35723
18666
54058
4580
37402
81440
10535
80759
30640
63443
55802
61935
59317
71501
84016
34973
89873
52791
67737
88980
62493
17637
66957
35461
95159
1631
50313
37235
38799
51469
69591
91122
25662
255
78924
64065
39575
8150
3562
43905
89557
28370
32230
95729
66772
29497
92388
75656
7068
82849
77150
61838
65272
33114
39236
70966
30053
89883
12893
90140
78182
38439
23691
33527
62420
13084
79212
98716
61714
87736
79933
37135
80606
34792
97850
20838
6244
76814
68609
55995
25133
68590
7156
64174
68340
53205
15100
47861
69913
16967
11595
87137
44143
28515
20794
82959
18992
15605
69361
24583
50768
41433
72005
56244
33134
34343
24219
41568
67239
82047
31979
17900
42501
94897
5376
9897
27893
809
17371
68182
21174
94326
72311
68150
61869
99286
75240
72653
79638
48704
26045
68919
49717
65005
79172
11525
50986
27075
26636
36980
19234
5664
56230
46476
27690
96703
84101
53555
48767
43018
99652
87467
16129
62749
93574
52719
27558
13714
45945
92805
650
95887
66836
4895
41316
88776
7231
98356
70996
59729
10098
32599
50265
46533
70710
69041
36895
34156
6087
14432
24853
92204
3579
26442
66109
81359
79324
42559
94108
5485
35153
1067
9553
67062
82363
40469
55234
33534
31803
23480
26194
55685
42577
90971
18832
30786
35551
65070
46601
42155
16780
25699
30172
90244
96580
19975
37454
90274
51676
24572
93876
8410
11956
60180
66318
58410
51221
23340
13108
96580
60346
90403
41063
179
24492
40885
82954
24459
21957
14456
11562
81617
95605
52338
71608
79332
28195
47029
48696
64839
34571
19896
22066
653
62790
90484
26533
37727
44871
98168
20635
86476
85538
67529
13272
59086
87399
23545
40652
84693
80940
9538
70504
65106
13449
17760
21229
37698
81372
36264
10656
39765
31884
69897
6233
21946
35883
510
70363
54921
46101
45292
30302
20652
20885
21086
13000
2027
39815
77403
29338
73075
17176
34369
97318
65954
82153
30016
12159
54737
27859
48853
65737
44958
11012
66305
20079
60341
41607
26790
13331
76091
57474
24542
51135
86167
93113
12535
52379
75389
73072
56303
56760
38360
34957
42343
94313
3636
75612
69543
14033
50917
27628
35055
73911
7479
99158
32757
83350
8179
50558
59296
84785
97482
25235
64064
12740
83457
432
91591
68757
81561
48901
53576
5321
28634
89263
37547
36628
28988
71812
25546
21064
57234
14155
75563
32494
1683
99559
3322
6035
5830
12949
88673
22777
95593
51307
23431
92719
29470
45824
73859
91
89843
14346
77692
659
38253
76227
67039
89515
16496
6725
10267
21576
88493
60212
5404
53299
81832
55003
85122
51369
5604
57486
4509
98256
91758
88046
67175
16612
31203
1612
95838
54032
69919
31109
81021
22776
69763
43179
51447
74898
27490
10788
38255
10965
72360
60331
75446
62889
26407
80341
17954
77726
37888
48046
35527
61337
1931
72034
47188
33801
16738
47159
38189
18200
89712
32215
72865
79549
45073
58220
61095
47278
94886
8164
34458
20722
45209
61076
49294
74676
68679
25945
34349
81076
15694
67001
4339
15000
53780
38728
10018
53344
67505
92583
75427
51575
23227
9479
7610
88197
49836
46539
79492
35265
26002
84138
56368
9124
32659
42580
83063
49529
71674
44748
82041
85520
57794
23636
27894
25330
19806
45351
47621
55790
44515
4511
93876
29650
35347
28278
18781
73846
43431
53546
12354
90578
48920
78810
63237
47855
80554
45997
26086
48347
52917
88338
50649
81558
33905
74753
77763
12010
34109
21792
23953
44791
34060
68802
56181
7180
9325
58667
44574
54034
67574
25710
49395
69954
73164
50807
97452
6775
90770
86820
22734
18430
41003
90286
6048
96074
93869
17542
22606
8068
10724
47994
10426
43871
32672
75446
46649
49161
22301
30023
70353
93150
89709
50908
91789
8183
44868
1893
29339
16384
52735
63165
98691
8294
47345
80420
32740
46543
37132
45573
97772
81636
27369
10295
80851
16649
53428
2046
95861
12110
59734
71217
58858
75518
8544
65526
79556
25940
34482
84170
17893
44781
48965
68157
66586
67224
49627
84441
98359
39530
47969
44355
53296
28847
27101
64123
64306
13979
57050
21374
24476
48286
12462
7019
15613
32053
30852
6626
50027
8605
15210
4647
80221
37859
56313
95398
34310
53143
63388
54481
93487
22591
72896
15429
83759
61448
3639
30379
10313
79127
35176
93050
46178
3613
96310
40025
58398
20169
57579
28962
67318
70839
28706
63362
46104
53862
37582
99486
12572
61703
70601
52303
44542
96818
61949
41902
49116
65555
69993
28970
8173
12577
69361
93750
4284
76911
70693
23424
3681
18876
26763
34364
13690
28613
21355
52383
70315
81306
79800
33255
77967
10861
36374
47096
16441
80902
37676
64289
30220
20532
10760
60509
55091
78527
58601
96950
73149
38233
45165
82788
77241
50099
31159
65970
66378
85931
35132
6593
15592
82082
70027
89126
691
66796
70071
98607
8468
39617
24226
81444
40721
90896
68679
96232
43853
87347
38948
11326
73114
88382
37794
97896
39868
62353
76323
14826
40091
30893
54567
66317
56900
36163
87003
68128
95069
5192
36191
54873
1539
76389
58865
61785
6370
45642
63899
63246
81072
19746
6230
66802
81062
17794
68666
49936
35356
56988
48003
74982
31328
13744
71809
6182
7283
76897
13980
36663
83776
99397
46146
35289
37050
75831
27119
63270
86224
30471
47512
72595
28752
77840
79924
41014
78422
17290
90727
96033
90062
9494
83500
60012
24590
1559
26046
10417
83241
78848
81859
25425
68529
11240
99798
46516
61580
61306
63983
14606
43026
20265
55089
75356
23584
59681
86480
69902
21820
55481
21181
56319
32870
51620
21520
86271
20535
78438
61009
32626
57113
3524
2691
34289
16355
70356
5997
47246
35887
98676
64293
68724
4537
40822
29083
10605
84982
11641
51104
47774
34831
62771
75634
48461
34009
50442
23301
32035
93330
7874
24143
49163
16281
28464
64303
97594
83146
63725
20187
31337
93398
69799
71750
70334
8635
19889
2858
99657
88261
20603
8983
58666
93440
92700
73848
49200
82521
91627
70334
48923
66160
24270
81963
47939
40188
3401
33533
69874
52795
59000
79254
27116
64884
55736
48164
79375
41259
42047
10193
66773
8320
2252
8617
950
96133
26361
42595
3339
27866
99917
33359
14605
3367
70286
62618
78108
55253
71539
87873
53723
15497
21688
35184
45849
67102
57003
52181
90315
54334
14659
85349
18708
41053
92688
16362
59590
76754
88749
28489
79874
14898
94610
36204
5084
51563
94150
29104
67898
87482
19794
70189
35547
27049
82481
69629
15572
6665
23523
98219
89110
27495
4961
6842
3563
35502
21674
47663
575
87514
37116
36828
35323
32020
80383
72649
57324
46415
27387
14273
21570
27549
92265
6454
79797
25550
51271
7282
13154
69895
23525
75836
60723
29915
6461
31779
12125
16329
89216
34090
85955
24785
48682
84208
80792
18132
42295
36379
69697
39495
26288
88384
31672
9939
81726
97489
25421
41677
12127
93795
63463
71309
85653
49307
97832
71213
90940
88373
56623
31488
72820
96945
39991
88556
45756
91610
21661
99109
41536
53012
23583
87016
86249
50082
5023
71856
55411
90065
46471
88377
64956
56164
5958
73615
47319
83036
41848
21649
40704
81028
28452
30472
56331
76791
70495
39390
52917
74894
13583
1309
892
6986
95626
74981
25515
4634
56828
58888
71405
1898
65862
24006
82722
25768
44740
70113
47343
49076
79847
88700
15504
64291
27649
11157
52969
34960
24928
19867
75258
77664
11217
10958
3536
6992
7494
75410
58136
31005
80146
59503
29327
64368
76688
78537
97109
45764
96836
51190
928
91285
70041
93729
1581
98567
27946
17339
37361
41808
18044
87992
59629
79523
67880
75981
34368
62618
78871
55332
50806
50655
85381
6425
31743
49943
5992
38741
68922
8428
76778
14980
57296
91733
23154
90581
95389
9284
93442
2989
2600
75307
61593
53449
75060
37900
58743
39246
1968
28476
7265
80366
36201
5300
35259
35770
43391
17332
51506
92670
66804
74963
12124
51422
39649
89959
81526
619
98371
25933
96269
32737
75346
37206
80025
71104
78067
99599
20355
77765
33923
81547
98216
7557
61139
67215
62389
65894
61140
8633
91666
36889
50824
57966
77019
83063
80375
6367
19529
71447
86659
91863
6000
30826
8787
26692
15681
73843
78892
29567
17488
9798
54654
64121
53136
72796
40314
9444
47738
83056
34594
29628
88716
41114
78840
6480
74958
77381
76952
20369
90768
53966
86178
4885
94511
48059
66351
19048
48918
78998
10885
94929
8065
56965
36613
41724
94973
32904
12130
92201
38283
46798
44588
34896
28612
59251
1386
17230
6870
72442
24838
32529
80237
52163
91843
59453
28941
99242
30441
1816
60539
13980
49857
82584
17179
5078
83036
79463
35155
2300
83757
7280
36271
36722
15991
8649
39550
46906
62977
83036
68282
17483
67303
65108
37861
58539
43114
21537
98350
29289
38407
12167
74579
70233
52932
37481
94721
7405
33126
29582
39990
60684
92769
91501
44008
66161
22983
3227
14590
94467
91938
110
86524
12364
76956
83084
16988
78617
88923
39669
93879
2669
76235
68266
94340
90850
14675
83512
63863
1117
2569
75813
58475
73549
61761
30870
69562
90080
95936
24250
9128
46529
31248
47127
34176
31121
70572
35343
92374
55553
16507
3150
73548
72458
64889
69139
84176
19210
75409
36153
4098
82524
26343
1504
35092
50
82129
97277
15050
28913
646
36955
78944
73384
37775
72236
47979
40622
19130
79856
50424
5848
13005
1824
45968
36244
71671
52056
95485
32230
16002
43007
92422
62780
36869
98196
96598
95471
60022
79703
78651
19353
55644
70128
44043
77901
26307
33600
78688
56151
76681
83747
9860
16785
92853
4095
73288
91775
65159
53003
5742
34633
82826
17983
9894
82386
13638
67156
7445
51993
42387
97015
73810
64716
21864
43119
72939
52579
96432
51656
91684
22912
20798
89116
65599
5921
43480
83678
25751
61215
27886
10210
32550
21479
88494
87020
91879
57107
49936
43123
35670
17700
34124
19730
91091
95901
61196
6795
78277
24831
87867
62072
82171
19997
79133
19152
42926
11483
83960
79058
71842
13256
61648
68880
29931
50773
22641
43803
27308
62545
56453
60071
85531
37538
17349
28091
31937
82882
36588
87448
32893
50548
36871
15012
79496
39329
16617
33649
44051
42932
11163
74638
38284
24910
85137
94378
43264
17030
71191
17024
83386
88513
67530
41060
22378
54282
8931
89800
83201
3950
13742
81131
13560
46838
8281
73215
76752
54370
41480
43061
55923
11487
22373
8935
36442
37380
5972
4866
9993
20463
49445
63982
79317
44631
67939
79164
741
66029
69193
77835
96278
67380
69748
69174
97880
22106
14164
58269
35030
78258
6492
53711
13939
39056
10936
55409
11408
35264
5182
97934
4522
37123
72574
75738
3712
37607
2163
7908
15474
94657
34427
26168
7012
76394
5219
29423
88866
63539
24444
79348
47550
64550
12682
22483
12437
14427
56634
83167
37360
56308
92307
91008
47111
80886
43718
59544
46431
83396
91648
66545
23411
7033
49630
19909
94800
24514
45119
5128
61851
20054
13205
91894
43854
81043
90037
59029
71103
58678
50703
37479
39393
71670
23895
77774
69539
37469
59361
49179
74103
5508
81708
67414
57262
85546
59637
61700
33406
21649
26732
85911
2597
60886
31555
57016
21159
4171
82563
2857
64500
23378
53945
34746
59717
78488
43566
12843
64900
72043
17844
23385
5611
37370
98300
92742
71653
98567
96708
70665
9905
50571
61869
62735
51398
78695
97931
61645
79312
10403
75734
33476
5623
14373
87614
9999
99392
17679
69115
77835
10509
23349
79746
39619
92896
76249
83507
28120
68830
85637
46639
57609
55470
68581
31496
78597
23904
1022
16848
75882
23146
84431
26419
20824
96366
13762
71841
62488
22679
34863
99299
95842
22114
9774
76687
41328
7386
92182
6295
74461
89211
11767
29563
56
27928
6864
60255
2283
19705
82734
80503
85571
44540
38819
40862
43355
30107
94750
18854
72041
53262
64620
69546
7173
50407
16266
94016
11346
62556
86566
21162
63946
96066
36466
37259
93546
55220
16931
68695
97847
23987
52108
15171
80299
75655
39762
33115
26272
92036
52940
84434
26104
16744
78010
76404
11719
76128
80638
14488
33405
40235
23995
2065
85268
45174
17288
54339
49938
63334
29201
90931
19035
64244
41675
45048
14743
21874
73234
98829
34843
15372
61313
10632
4951
73130
51532
83620
72603
29234
42461
72315
3559
56810
81066
20464
32973
12123
93520
56072
43045
48785
75022
88248
64845
11006
72704
17242
43675
80383
98997
56921
20577
35319
59888
12268
59355
13815
99352
82496
53751
39359
56764
33613
44034
63997
15591
86058
98827
39188
24507
84413
50326
2873
8269
22475
25440
64439
53373
25965
30314
74930
17969
84579
35044
11496
34477
98083
79127
50452
10609
48330
65902
77644
90446
34387
85250
56810
89254
64357
67137
39847
38943
20806
70843
13187
1060
32846
42024
54146
52601
83414
42809
56112
89080
56623
2233
51877
15661
24975
56000
13604
33642
34791
33973
66333
30664
50576
37692
99730
76091
20451
6819
73815
89744
69895
12229
51474
10117
34277
20602
90242
51077
22552
95132
5245
43136
94561
5717
88849
32259
3254
906
47051
48952
49914
20030
25014
92285
38216
9924
92796
6169
27049
14598
61480
52577
21765
66507
36875
82662
51830
45224
60349
69847
28344
70438
49052
15355
3644
32459
53008
32195
12956
59368
60943
3536
66249
34911
51932
22849
56608
18350
39529
15222
29531
22236
68862
97286
94275
22207
52818
98361
98595
28776
47030
57859
2776
59916
47121
5726
66789
2511
86502
47170
27779
28463
13298
3140
65462
89098
96657
55657
61594
77709
38432
76645
93500
71259
50205
2964
86629
83574
73866
3635
84113
94061
21969
57052
58334
33153
43009
92637
30272
69813
1271
53652
46321
39186
84952
31305
742
81301
62170
25768
81852
65078
59971
6745
91121
53590
42857
60382
94800
56899
27992
61896
84452
94314
44242
44662
43373
38459
98800
74316
11697
39698
95079
44972
47273
42279
30022
60915
40828
62771
16539
36018
99882
66493
61590
52359
69950
83200
70726
56440
54535
47707
68799
81676
79296
98614
69916
34822
14186
5771
29793
47198
46907
28568
12442
67038
55696
22976
7231
74294
84670
33656
70489
51356
63174
93301
57406
69956
46087
68272
83672
74903
17294
54002
85059
27987
63272
80226
98453
8319
89912
90216
24537
26569
64835
5693
28756
65150
11241
88401
17576
92166
6766
37113
77142
77785
3862
84915
25918
17922
77936
50839
19939
11854
99049
72252
1962
26033
91585
53507
79488
50710
1307
56612
77563
24256
30221
73396
30265
45377
51224
82000
6501
80342
22193
50856
99544
67742
84766
81290
3227
74934
96988
24938
73707
29458
45661
1324
68725
82745
52719
84814
58305
36829
24247
70036
94892
99414
63325
18673
33581
61499
12001
88846
37817
12444
16907
89051
84001
44670
88512
61680
67097
71508
4752
91422
85684
35126
74893
73622
7115
67969
73558
64534
47100
89067
7089
41804
24815
99073
65879
66728
19284
83807
43304
35298
68616
79530
46784
41893
99319
21326
69538
56887
37339
14928
75760
93157
85986
19119
14877
16880
60782
44283
33337
18542
51285
14738
99116
34335
97929
26483
87550
36749
84946
11713
42770
26686
94039
53878
3827
3514
18332
2689
94439
74963
19877
76413
8480
17717
45593
50256
2865
61388
23746
92957
62846
84556
56176
35462
89196
54146
25149
58977
96759
5269
48715
17269
36130
46647
42090
99666
65577
72174
28854
82603
63443
67705
81596
20721
84196
13153
31037
95469
31374
28831
86060
4889
66919
44260
50481
11995
12821
85480
70384
31999
12134
35282
37732
65200
26653
98273
40196
72403
77094
73365
5159
92321
54827
30717
68868
50815
24735
7742
16723
50299
21911
13724
40367
96612
1369
16552
12060
10118
34764
12070
15781
5345
38319
94714
43455
47494
24838
3119
97226
65262
21806
71555
59829
42774
50450
5906
91456
42138
38038
73630
31293
5805
95152
64696
23888
96946
36727
77646
44950
96571
69300
66960
50689
59099
42293
77120
63713
45450
98304
23798
8191
25909
2917
86605
19651
18751
82348
35790
33749
10200
64461
94454
14464
46551
66814
91079
72242
56823
78311
89448
31489
25100
6865
48442
71432
93793
19581
93496
75182
4400
30866
17385
39816
71197
48270
66118
18356
83151
27741
5762
62182
35051
96456
11451
75200
17710
27396
38524
55866
11527
7691
38444
15586
1616
78280
33239
51965
70951
86508
99030
45419
5069
91101
74045
73384
23289
60366
98946
95182
33146
43338
85349
45528
66248
78858
73536
25762
4998
62086
69804
79212
33398
60360
86637
86621
75928
78236
90395
45476
12577
7619
43791
57082
29364
22695
2822
44804
58111
55241
78965
61204
66421
80758
42953
87726
53891
49848
82233
98856
51025
36297
65579
82667
71544
10338
41791
96375
43418
73521
72284
38626
39138
69289
54581
55360
20921
11571
39128
91007
77122
97443
97427
20554
99315
72069
57699
89933
76496
64406
87738
26200
19078
90543
64940
85244
98368
90972
47286
70930
89642
54155
59148
18491
64608
4832
42622
74882
62097
93030
81158
11806
75062
40223
18288
43059
78697
49276
6662
25112
94947
7496
1847
67476
93302
84606
58628
82818
8516
57276
89383
10323
30394
87503
80768
10386
68365
96621
60637
22530
23695
33794
64357
19844
45486
78178
31169
59061
96682
84862
63655
74548
52336
71505
25541
80578
22551
14554
22022
70785
91926
13380
20324
99519
9185
80704
22475
79340
2142
33492
81990
23398
33032
55949
64808
24246
33215
86864
54584
3763
46250
11567
91642
62437
65291
92599
42486
29668
22653
80933
49864
4031
93900
68953
37219
21592
24752
78786
28418
35148
93960
92313
82061
55344
271
66602
58916
84119
42814
13229
49515
52945
81598
1587
97650
32270
83207
49436
29088
81696
53146
99013
81692
50493
47384
44382
72983
16835
32349
23930
36345
31895
1565
91200
41670
30342
92025
14974
42829
63052
92093
14653
50541
89971
86681
6767
61188
41427
16954
22693
14102
75320
50565
89117
96310
29217
8623
33849
12244
11365
75068
97579
76931
74832
48402
54316
85446
99019
67001
55212
59094
88057
5297
32451
58258
98749
97552
38086
45284
28377
70070
64117
20204
94642
39951
27250
46027
25647
68805
71884
19310
73408
5279
56409
90165
52540
7195
26306
40351
98
24323
34744
35892
23969
85902
85060
96431
86099
32886
95452
30085
99972
74033
95570
36886
64400
17390
94054
92623
44235
81646
55932
70970
73690
19773
54920
18851
94686
49707
34790
65639
337
62956
6598
27835
86889
78152
40964
32310
30073
11007
16662
10844
56759
91421
1246
80969
86456
10774
82175
1334
69111
50622
5101
88778
57141
68647
92701
6592
36827
29656
18843
19313
46651
88391
50907
7710
89428
22675
13191
47229
61459
93344
74775
20349
3798
92335
62462
48183
10317
11577
36545
85619
11130
1321
42211
57940
33175
10611
13723
20065
45398
44373
70951
75889
57795
30440
51194
57906
92294
55555
66256
64695
32869
47084
16675
15739
54215
27643
74934
56150
63186
35822
2126
93595
34038
62499
79329
62027
62819
92981
66790
77658
49748
66101
14124
51739
11887
57348
67271
45483
4036
15947
79269
83479
41139
50616
78974
36939
79883
44661
37546
63961
32301
72390
4588
61602
28655
30367
75660
55235
48060
76192
16131
67806
16120
52046
72367
77956
91714
1007
75494
31517
52530
77025
5128
51860
19074
50871
12397
16897
73096
68849
74557
42900
39489
76887
5726
25787
68074
76179
31624
48592
81576
1256
45845
90050
30567
5810
61844
84574
56704
47675
23868
45851
55571
74775
65757
92127
96852
14397
69043
28848
89954
73219
96596
80379
98834
18261
75465
2715
29098
6225
91769
68294
18794
52674
32736
71322
56517
1238
9982
46783
89036
1438
90988
81657
48748
23651
79914
37325
1966
13983
79892
65261
70140
48351
29683
49474
68452
7443
87663
75157
60117
10414
96450
46234
10341
11457
45704
19417
17621
8591
58803
56954
37484
18828
19578
20812
8640
46423
77969
16371
25044
76305
60597
24876
89371
63896
79262
9790
54555
42277
48854
48798
47916
16095
95176
80766
85759
89145
80818
18996
55260
99471
47125
80675
47971
63352
26827
77192
84244
74536
45496
53283
77034
61349
76696
47776
86339
8676
82392
26753
3963
85408
52673
81418
47285
81398
90480
11432
68667
17343
4705
97471
62269
70443
62537
83886
57269
45654
87426
74561
92907
13610
55713
61971
44981
22993
69827
71134
91510
42389
11302
54945
87271
78583
81685
46508
46036
73704
61691
395
43197
36486
33625
69901
22140
27159
19410
13200
95430
38299
40579
24138
55306
12145
99920
6070
22807
35945
25114
87706
12187
74977
28621
37969
35877
66014
53141
56794
5388
40457
33712
44187
99049
89187
40990
15411
28222
74598
24918
47323
98522
7002
91731
18520
29525
28081
19371
39873
87862
49120
50495
55815
35764
6650
65038
39653
65880
59818
28485
85701
54018
32397
11217
39341
29699
94569
29493
69092
55559
98638
38391
65189
93621
32840
67188
43519
98639
446
69716
77830
39892
76458
31832
95738
91141
48405
63120
95569
96101
98158
48553
99684
26649
82663
74212
14803
58286
47309
17217
63670
80026
898
98554
7201
16123
67256
14412
22706
77532
33323
5136
47034
51190
77692
65353
72166
10099
64838
25301
6570
63662
58047
1702
23081
68886
72909
69835
3
51248
93890
88359
31930
17404
30581
82467
82115
30128
47230
89791
98118
54977
52206
27747
978
93633
45737
63988
61185
12226
3105
97219
40066
19224
30032
83039
44649
88476
8114
85642
76047
59628
70044
90633
62695
75152
84061
12213
17983
30200
74063
24783
56239
2114
7258
54801
83585
46071
65798
63071
70620
77237
75002
6171
38735
54375
98486
2936
9463
23760
90985
33607
48109
95302
31760
80941
82959
9659
97676
26006
93321
15384
86910
63202
77568
5506
30722
53053
3579
27678
64741
26957
28558
69776
56005
96548
53316
39487
14596
53942
17896
73013
90599
33828
80816
22306
60049
17718
77223
43360
13943
808
12342
75410
98048
74971
96878
11877
8539
74572
59124
95288
99485
9730
10761
88088
8501
58753
17429
28324
76846
43323
40784
26512
59681
56134
24012
46597
81300
68841
65698
72868
39090
2896
42168
107
59368
10207
85164
97425
57050
57826
74688
32107
33760
31299
14242
14225
20096
4149
77302
75002
20553
33069
63682
92196
80713
81521
85174
22801
75852
47977
70646
36971
88465
73585
94117
2887
88714
95184
78767
52583
12017
83043
35348
69594
57666
23923
89868
51646
15161
64325
83643
30278
31240
14704
76243
54870
26100
86889
23008
92107
18509
33786
90644
6456
57864
61137
19792
47306
92859
68628
28299
20301
90037
5427
67906
15176
40887
79670
23004
20964
83347
21909
52889
35722
99775
56966
74327
16426
30806
64081
24192
18903
7276
52160
46643
2991
51915
85938
47469
22297
37743
61775
78388
86247
13210
46421
88640
13147
48820
99120
69414
4710
28515
49353
39651
99115
84995
2773
61953
51363
13635
49646
32105
78681
56732
74015
19589
56181
1902
86457
69776
73302
9688
47683
16285
71576
6196
11886
59489
29622
25069
75590
73790
50249
54749
26436
64076
31246
70920
91872
74790
25093
58159
52420
58703
75509
32465
57884
59839
73326
7941
98474
53422
27367
62252
54454
4123
59397
38294
50082
47353
3389
51316
80603
94487
7248
21846
53163
50410
98517
9440
49132
43738
45781
62413
91831
68518
10768
80960
42651
4500
94525
37891
64137
81977
61550
68511
65931
76257
43921
88854
22101
75484
69875
26400
68531
59942
39648
34112
55842
18576
36966
28674
14876
43568
60727
11763
86859
74722
97804
16893
3326
99257
13318
50622
57945
91783
12464
75332
64294
89444
58593
57703
26570
94334
18302
71810
80595
47646
4892
71600
19373
70611
82083
92191
6260
81661
57358
22420
19235
41912
31630
91419
20491
97314
49966
92360
93503
20779
63730
14031
14860
89048
81625
66204
71398
75316
72897
40048
53566
80340
89417
16281
85680
15653
27345
54733
4344
6389
3102
75427
81892
37434
98875
81390
31013
42690
37433
50102
47199
15865
41846
11125
74528
7953
34972
19691
34381
27793
5408
80222
11480
24636
64235
22545
38094
87900
63957
7168
8685
53707
91757
52117
36242
51070
79253
79690
27024
65231
94602
30940
9821
42501
4450
42889
24198
83394
26126
58630
34371
20744
73567
42975
9221
76041
96773
84523
57548
3115
16594
81450
46549
98932
65212
78271
18225
50679
5538
39204
66993
29146
30438
43727
91580
12579
6168
2591
28611
24735
68884
40354
44140
25775
39906
59015
77354
46416
62683
76666
44590
8101
60363
26594
35191
12131
3314
69747
56964
20665
11268
46832
69642
56794
66192
94081
38722
18312
22270
62476
49081
29982
63281
25875
62859
1274
98285
38730
4362
19589
83090
60340
29560
3328
1062
97465
82388
35054
60144
37766
89360
52760
71552
7745
54561
89633
6797
96199
34353
68038
17207
66659
36495
36881
3563
95373
28389
96027
51844
29053
32713
27643
12750
81899
70605
7568
18405
98245
89106
28966
31965
93772
54585
39753
33499
88619
12826
42659
63008
16244
10861
58867
85414
33241
93542
91949
61667
37956
76606
61287
27595
75060
45164
93479
2706
51252
14066
44743
90798
69530
57716
94978
55226
46649
19107
83166
88792
54755
9848
45078
6382
81598
66684
4066
73489
72865
66276
66661
16991
908
53114
98643
93382
8002
97590
46877
28322
79204
84843
58331
32132
81034
35038
28788
7310
19648
96082
24013
17658
69948
1887
74444
75002
3448
58176
28103
56379
65552
55851
95342
78019
98745
41180
99986
64313
48763
91115
21296
28291
60685
51708
46078
93770
37132
28245
51697
13435
90487
48105
36553
25927
17290
48307
60697
12041
36309
95839
1974
78599
3033
92290
41980
48338
30814
25705
39640
24136
27060
9007
73237
58073
2308
20713
56870
29510
16913
4635
6861
94661
67505
82445
12422
71713
37442
24920
32723
20479
28875
68475
76996
82171
40304
28426
37794
70065
7761
69638
58585
72567
63232
58279
69760
36071
44861
74613
56966
72891
79919
17110
50043
38417
58177
78690
22232
99662
38775
96595
53036
3487
99212
84280
79011
99578
96330
79529
49621
60707
55716
13844
17193
69322
65779
26998
94788
40722
46475
38501
91090
97613
22746
91498
71024
40931
2621
27116
36723
32113
35678
76487
27704
51789
83053
92700
31881
51688
13018
83106
84457
43789
92877
73082
25596
87750
26082
11712
23574
47485
11684
73213
33023
4768
1317
61594
25855
25022
70519
85007
9036
86062
80746
93593
69804
16686
39139
90505
39497
59753
65237
55321
41169
58450
85694
67994
6087
81517
59680
11530
36074
16749
28315
13185
59967
44120
20388
31466
52605
44262
39396
54382
45461
43272
25136
95979
56348
66534
29536
55812
2743
60481
8973
47475
83906
91735
12044
38746
67741
11844
64866
43254
78355
74469
88643
83028
18312
78552
37772
14398
10526
80736
14296
32398
42980
901
69026
13283
87804
6872
20537
68209
74855
55316
665
86515
26192
93631
67531
96571
80370
55088
25947
53994
30214
23594
80018
89372
98700
47974
37680
55706
55542
27280
36359
66803
29740
89736
9431
89476
26623
6025
45953
73172
98894
93606
20075
64669
89550
14799
29711
55076
60698
83443
99232
89418
22711
1056
28922
60603
96833
