6005
97324
51000
44321
66473
59336
293
22225
26726
63491
55394
76696
39423
65549
85267
19431
28737
38507
10390
5358
51809
79368
9004
15499
95469
53497
61457
14509
67716
43499
9542
14762
75073
37516
41488
11577
59346
96082
5050
90700
20968
28076
58741
7502
18663
54979
91519
97365
97917
88780
50497
83108
37776
58765
30771
84608
26223
22377
76474
54701
89354
45482
79154
10916
66334
99594
13958
94931
9256
75294
39548
75025
47963
87392
12398
62236
29293
2647
75859
24945
73259
71205
29052
51367
31277
62861
73786
22185
52517
34334
82332
95502
73328
88129
96854
7191
15599
19163
92350
98916
14927
19327
15984
5363
5284
78835
77906
92726
28309
40413
32625
91248
37872
57131
20650
6860
99038
6364
5573
56409
33009
98989
45051
99494
77306
62275
29368
20406
6520
21010
83323
28576
52459
98857
67483
40838
32358
48827
42884
27024
14786
64906
575
95589
89359
97521
70831
2245
29381
64366
36024
48261
38521
54154
49978
39335
85676
38695
72411
64566
56669
48869
59714
92859
10047
23664
39839
70143
30949
62826
43369
15806
81657
26160
82367
25956
81868
1100
87696
43367
9927
92311
29943
99328
99041
62248
20765
77607
93097
50974
46754
92426
18307
27718
30358
60425
29648
85417
71010
5714
72261
92468
35012
8468
62718
80133
69015
59234
55627
41744
92689
62662
37864
70763
37990
62462
6379
1916
32969
29016
64887
31421
86515
84486
4845
18697
89052
7806
1186
32646
80038
69905
63307
41775
48058
29670
12916
1628
94762
65298
61201
21840
15765
35702
80716
36927
64585
11572
79709
16794
76674
14095
9144
60057
12433
8991
15647
73859
27864
34446
96408
85149
45617
27570
83546
95757
11310
34631
53057
46633
80572
63720
38529
77473
673
22954
55223
8262
72452
16150
88634
45013
9963
77024
43952
30148
48319
7336
2878
32584
82413
4685
89880
60449
92198
76041
60662
8098
21509
68653
98727
51169
73456
53529
7039
45239
89208
71032
56716
7316
22235
5750
90086
91394
14249
94943
88901
97908
69667
37910
5869
19724
76095
5678
52324
74278
83976
97865
2148
33252
67235
52554
82571
36150
10892
44633
92303
50757
11806
55506
70128
13245
36178
4618
86278
94837
40447
18688
57337
63196
31904
96284
89168
18114
59795
15911
47457
4064
8189
3654
2502
40997
83755
88692
48209
14174
44595
27706
67542
75168
77241
1454
69863
98197
74861
78278
63773
3809
20530
54071
50930
16144
63514
73710
35531
57279
52428
24234
19410
40899
872
6869
82339
95545
42273
62077
70204
31243
89385
98579
95191
94268
68650
78270
97524
23088
74480
28253
41039
16219
73701
25528
91441
18565
69620
42913
58947
45686
9679
41261
63517
6404
45580
3177
8764
68054
88362
43834
43794
34323
35186
949
48727
81164
34904
53976
95805
67299
64480
16995
93345
60087
59709
63958
71165
96557
36916
67721
70715
86492
11808
10338
91460
74421
29039
81750
31319
60845
98442
55167
69845
17225
62097
60086
56568
26853
26661
9326
87524
70593
60191
26477
84246
87656
75837
75047
38681
89918
81757
5400
16503
357
59522
31006
94252
39372
6228
92081
60823
83285
18148
19200
56746
96097
22380
32969
71520
77147
91285
44117
61774
39774
86770
94158
80082
10307
70218
66365
39752
25323
97715
47300
50108
66341
76346
12853
17817
42268
85919
26381
18496
72064
18748
89681
3060
95952
74566
49411
29586
73057
61517
57761
3327
51214
29086
66266
83641
48796
29639
38606
6127
97255
97242
5025
61836
6351
33515
74555
18159
57849
78484
39263
93398
65027
19096
32966
13465
48552
84483
4215
87155
85516
57712
76774
29146
85413
27365
97638
18128
22406
50969
19244
70546
56361
54678
34914
58061
49303
30425
58852
45489
39383
78615
50298
35550
33874
25625
54163
60859
3231
94759
40314
43781
73680
29123
34520
37348
41079
67980
83333
48538
20726
5316
58444
44116
23778
74187
73467
15523
75315
99498
90820
28068
59179
77611
53043
91963
3104
54245
43851
50943
81768
10294
46463
45230
4864
26986
85290
94081
97593
85400
18572
84155
47039
49323
85634
50715
60071
26333
76481
1264
23253
99295
37614
62988
23111
77878
84925
94705
80674
4864
18020
29193
29847
37749
16986
90354
96177
49352
85106
49205
22397
8331
28814
54935
78934
274
11970
45769
11085
60528
72903
16378
74546
50303
58680
77741
62625
4283
41964
42821
23947
14029
94928
10428
10688
73702
7840
81747
34134
37857
74146
26372
79609
2571
6144
81587
33231
70910
7936
6531
10279
18825
69569
58213
55069
20587
8372
64138
86284
32190
19765
83450
82769
65873
1668
32542
48087
12238
34596
14839
68805
7866
9552
89073
12480
72506
35925
6962
80830
2643
63312
86605
72456
41930
87012
37203
45995
43434
65528
32073
41500
12355
95563
72340
10533
77392
79285
16465
9745
68497
7003
28993
65807
99735
65262
13793
65446
61214
62465
86552
470
76724
69445
96682
43974
60216
15332
46762
74352
64734
93430
2924
1221
16271
93154
35448
88862
74732
37717
66650
90944
88947
16152
27862
34731
30747
2353
42904
10847
58266
92121
71114
64172
5574
85781
47648
95285
93303
48307
38733
1855
40587
46851
39160
79036
74596
17807
38856
85678
96652
25657
45084
87578
26680
92816
79992
49995
49931
17101
8186
96992
38833
73776
84875
47123
85708
94099
36241
20903
52875
39463
15424
91565
30070
9491
48176
34643
3335
55814
78026
57706
54386
31989
18525
53170
70725
87573
21389
77060
11786
65207
66795
21019
45097
29339
44927
16416
12586
71602
11329
96177
1241
36372
80040
3630
54562
76602
87738
25984
41340
33338
11842
22853
51394
54973
79263
47132
91324
3870
5625
80393
51004
78209
27982
53926
48005
79853
59851
97063
28134
17127
29910
76072
82307
2317
36392
39925
56020
69900
45656
49846
73671
17887
28562
42420
43169
15588
73703
63244
2754
18268
88606
14768
45287
88767
39432
74036
2280
21626
337
31324
10049
63494
79251
32511
57358
16198
63364
63063
32496
63069
88367
63720
17228
97321
91168
89547
7859
42400
51641
18551
62236
88229
60898
67498
59021
15431
97053
70873
98136
30679
20119
66258
91906
42980
56059
21162
62303
61684
87712
35368
43673
74145
16451
63437
59536
87021
65551
78430
38715
98692
27128
24367
68140
47085
14696
34958
78834
72620
69105
6537
4344
68151
28769
52829
47051
55283
58963
48413
38904
92714
17153
30331
59060
82955
39991
21910
41557
59871
77156
63424
98301
64771
90858
12042
27000
37479
76596
80846
44475
41985
54471
78297
28140
30383
31153
18515
66816
23208
90846
20620
34655
6493
4490
27557
76196
51921
26289
22040
95552
42769
1409
46085
61823
13490
83185
62843
5346
13767
5835
97919
4267
48860
24452
77051
97304
81714
6189
40774
67942
65302
56258
77196
11222
7296
19200
36794
65165
19077
34707
97896
25078
99482
80716
37635
87618
88102
6098
90710
97520
64642
41968
82292
51431
36559
51532
26885
42719
68436
48472
6603
30784
74451
1377
36783
56131
79655
53829
34381
81236
61757
74818
84505
90969
47307
60777
31244
60428
93457
24753
94543
47492
26731
70855
29442
17682
11184
99651
69546
21351
29930
49207
40245
64851
62482
52832
47403
50184
68711
19615
43251
23933
34379
49793
32543
39471
61978
2522
9621
61825
38600
9841
48890
33828
47350
87253
42781
62161
82385
37933
1086
86867
40007
25548
35225
72419
96262
77059
13203
40011
86291
60561
32896
27755
75012
57686
24078
36346
96251
46085
29713
31652
90815
20471
29580
96082
54584
75709
47577
3176
29351
50509
49653
37159
98272
54653
3595
53939
30629
74990
43419
942
40512
5792
38983
50275
2396
94307
40634
10431
88609
17677
44597
20154
82954
25992
77751
20564
45700
89955
82857
96218
58982
49672
89091
40327
17096
56142
62206
82599
81857
48229
77943
84887
91105
40366
4829
77416
99975
81293
66903
17635
3904
23095
67893
16646
64925
86565
15185
85773
66543
83307
98657
18315
71042
87010
28285
55799
7667
62913
36199
51492
36335
80427
35100
27721
30154
67201
97237
55039
23097
26584
43002
99913
94924
47653
8068
87117
92108
54453
99917
67200
72780
52026
33143
84193
72111
18815
36309
33915
45302
73084
52346
4398
61412
59333
68732
90727
68432
67325
85700
25132
58630
81160
37910
48340
95899
11933
79863
82707
74282
52282
98559
18163
16720
66163
9533
85117
23552
51234
92385
57815
68420
57570
11242
75656
86034
64983
63853
96151
34566
18532
68926
86418
60577
8064
55102
75626
22462
1251
1954
13723
77837
4730
46075
9993
68814
95130
31143
92261
56523
72401
38932
2160
5842
32439
36780
64599
69102
45732
94434
45852
8737
14268
15671
75925
85280
80389
24776
9069
68971
14457
4440
74409
55783
63543
27926
15557
93658
88051
96235
17341
73827
17134
59426
63080
5043
52320
4468
31646
1132
11378
32335
32186
5684
6312
12642
9562
2613
62619
95560
14979
61333
22949
89870
82306
81998
2325
13186
68493
80809
14243
25435
19528
80443
65790
24767
57796
70492
3168
59605
81794
46463
32355
36616
68469
92243
80396
99668
9060
10550
66214
96464
70575
25425
47114
4088
4841
93140
39258
24501
31172
44558
58477
10859
53291
39272
93924
33632
42632
21183
48795
85380
53414
33245
70492
79521
78960
52307
6573
60992
38872
38293
90441
14677
1941
60082
10284
26025
47683
22222
45928
81026
7566
62174
63797
12401
48041
53663
72454
86743
69880
23667
60406
93525
8911
51257
17728
83663
2769
4552
6158
83707
45786
36423
88394
59948
40536
9324
26480
52854
15860
54320
16804
23485
12015
33932
56160
22879
92231
89618
67686
69594
30361
97097
16244
44763
32576
48454
99093
46820
30235
65700
91539
27033
75789
75745
67307
12104
40094
39156
16601
53138
67455
22990
73874
81402
68427
43244
36753
82249
16552
93974
10089
72860
63757
6360
84249
79243
46654
84410
65405
92406
84050
19389
75393
87662
40822
62069
95824
71517
81258
13598
42059
97107
9257
16252
1110
38798
65382
9651
90732
58789
34417
52255
79282
3025
9369
96401
91177
25816
83660
33415
19421
94968
30970
12327
83579
79725
17496
12536
65695
41759
54848
75292
30379
24107
84981
84910
79507
56523
72484
40020
43509
32165
77766
58849
55879
28813
22754
98282
92969
1176
11503
75298
46169
96766
92983
37813
88389
41643
24632
31517
42170
738
12740
25348
20124
68942
18024
13271
1007
13191
81801
38020
2641
25245
59338
8624
91434
37956
65482
7254
96988
9853
31211
72383
29557
11964
83405
66683
80067
41243
1945
27930
16007
18490
50202
7754
1570
92689
1509
92205
17580
853
26905
31926
79971
35906
79329
2751
96192
44235
46327
36330
34566
48539
9219
83219
36692
43911
97152
80078
89498
9650
51199
86850
15240
32636
4902
9377
20097
5096
42864
20003
85550
39273
92408
91518
32079
88648
74864
92324
8461
21205
15435
38105
3659
74791
67803
60560
39419
20849
56756
15041
67405
20612
42032
62408
16673
83067
36428
31837
11806
75111
84623
72876
96027
28599
2986
79665
82874
66083
64795
85234
50965
71733
79116
38552
78160
34773
42776
6250
21806
12016
96206
32072
82016
51428
84014
41346
17144
91723
40720
44371
71035
34881
99876
21501
47733
69683
17363
27586
28007
76582
2725
25436
34235
4097
18556
2586
38264
37145
15678
6583
39313
62167
35120
60920
87703
52839
77853
82562
69903
67008
94070
94102
11743
17163
47603
64363
91489
75634
69079
44806
90618
54630
94546
51831
65220
31308
9025
64435
63719
454
94992
93738
49447
20954
88863
48197
30327
20641
34722
21662
17259
18702
15682
62715
13611
24568
33473
58088
84387
79942
14107
69136
58903
62743
20423
27640
17396
7819
95837
22488
19202
17745
59282
4054
75862
78157
36287
37953
41795
90725
87296
4328
19152
48457
76152
29589
29317
63037
99697
82825
81023
23269
74305
65812
5827
24204
6824
2225
7983
71216
87158
13404
35276
39949
61930
95089
60288
91876
41652
3138
256
35848
7292
1045
27042
1734
75452
64984
9232
23502
2120
70018
34424
34914
34894
88679
61729
93850
37592
8823
34777
43313
85327
70835
10409
62031
32377
59501
98858
37044
15939
24476
83280
36766
12825
67001
41156
93431
64946
15225
18096
96959
50954
30631
83092
92945
41543
52156
30709
6836
45884
94718
89269
30560
53259
10578
97886
29803
91813
14080
49911
16080
48686
71170
52089
36858
29436
50632
25627
45906
91742
99691
56554
33955
53210
14955
67861
95366
16878
16200
80036
34639
96087
20026
27496
53043
84784
34925
44589
62068
76050
71132
42541
57163
13818
79976
96062
91249
79305
12758
92523
51626
83301
97923
56417
23023
87964
89220
14752
60886
92968
18526
38737
33503
97550
56222
33526
23741
28289
79799
45500
97216
62148
99478
22030
56411
76812
3395
90052
79287
4003
28950
92824
62675
90857
68660
11609
64470
32373
23653
82232
91667
63226
48754
52864
51064
22756
71520
42563
38131
14306
48388
53839
18656
33053
33218
97919
40371
97862
52454
79277
44223
15439
18846
43590
74082
40399
40754
70262
95821
69577
52065
74467
45555
82982
55353
885
43661
26494
95859
22098
14055
32630
3912
39624
90251
44100
57524
94372
74312
14382
63334
29855
83678
98576
42336
94776
81161
87740
17778
93309
92488
49243
57357
84387
39465
25970
80039
45621
31698
85824
41930
61736
9230
2691
97944
18349
21523
31291
89376
70464
72588
19494
5750
68542
81768
25994
20818
83187
99870
19506
7335
41521
58458
60815
93950
90173
29545
18400
70254
50083
34877
20909
22170
73897
5373
55084
41512
46305
88141
52262
68026
26424
56693
41876
15178
57292
22832
22339
10854
7835
61171
56342
80422
29046
8568
95883
88966
59540
71559
79894
88292
13507
61824
24073
21784
17657
37255
8245
13643
20617
53260
19978
60533
26961
29846
99578
52375
42575
17899
24252
35601
10676
15582
67437
19010
5393
51478
54064
94810
60270
72503
29430
16733
49274
79600
69721
49494
31580
72032
9122
27157
58503
95077
1802
22311
16205
50210
57086
66608
3018
10861
41147
68648
95105
64562
5497
62863
36613
20839
38021
36846
45837
77166
78022
56748
39626
86656
45056
29865
29941
97020
12375
99195
3265
45932
94955
9218
44080
71600
7298
39018
55458
95497
62404
8317
82536
51140
20352
79170
16822
88928
61163
32598
45398
58494
872
93797
79449
32965
49091
6053
49449
45167
12888
46288
22075
43284
50993
11964
37120
64561
87564
96984
26618
48692
28923
88037
23083
26438
91108
62222
77032
75637
91657
18630
79821
77501
34626
68765
93067
10899
77862
33182
97724
27086
82217
65928
48727
57650
93023
40167
97055
72250
57119
4846
17782
23553
20290
95412
78926
95566
36939
55912
57024
76409
76417
83537
82070
48862
1271
34727
82242
58685
43340
49448
19570
33484
54574
28216
18203
79578
98298
77784
92914
13984
55742
94817
16858
56838
73600
23581
29079
17390
99255
8163
94657
34593
70583
10509
27284
39573
40778
21047
72356
69208
64090
70551
93934
46044
22411
35763
95242
54655
8133
73731
33725
72629
93007
41540
36138
38164
30455
2358
26696
20156
66030
64531
90799
14497
26864
56813
99916
24246
70401
46626
42612
44088
87731
98334
70678
33172
45060
44622
80264
41078
1316
22108
12707
13327
33205
25900
82987
60834
21291
8818
46982
72875
34803
8205
28175
88044
41295
61092
70562
75350
36351
26012
72663
85808
36092
98035
16012
56071
65085
35228
40122
31603
62141
39255
37738
2401
45460
42476
70688
81602
6817
8612
22229
85135
3369
8356
31235
54839
60761
52999
44442
42791
75784
57367
4080
2421
98520
24328
68820
25098
92411
62609
34435
18185
97457
99592
47764
59487
49520
45304
47758
82185
7709
76738
65561
64573
79030
80301
94418
73942
94098
57931
66744
31967
85632
68714
54723
84891
31532
87059
54708
33743
43328
40258
32167
17229
11879
4771
79014
57022
24844
22821
81879
86890
76962
14430
30870
70055
35645
54011
6141
14588
37789
89634
52447
74929
56458
31558
93236
95125
90267
9158
7150
59243
79985
17731
9323
72115
99296
5947
73763
3888
2798
9223
13249
16571
58612
14701
79695
71587
36418
89027
88362
84030
54302
99553
56660
32721
91148
81857
37512
59352
80746
11670
35688
8115
90290
77446
402
18222
94435
63142
33233
61963
51065
75952
97136
49645
21816
5763
67945
56867
39080
95832
80924
74320
28538
1468
49307
21651
6857
41071
11394
92312
47708
58263
97444
77370
82760
90625
83808
88755
89778
90422
31282
59393
10353
59606
79366
82967
64946
75796
6856
59037
50453
70926
59703
88101
47989
36519
66807
23564
9221
95490
58054
23016
63126
23069
15686
77012
56373
10664
70073
68597
26993
87232
57771
7848
56026
51725
48457
87179
47877
26548
56367
83909
63404
56602
99551
97810
44658
26102
33518
3694
44164
57424
64440
4157
52187
70844
19956
21045
36318
56462
22146
21673
41157
6489
2592
29076
95672
28776
16892
92734
74166
42871
96516
74733
92241
28879
38329
83882
71382
52572
60162
92399
23850
37485
38621
53899
52656
93160
14992
59634
31912
67783
49566
15395
26641
90579
71253
72855
40655
5659
64579
19459
85064
87313
82185
56330
23208
77441
49256
24611
29220
93231
13912
9058
15771
13196
16440
83205
44409
75157
89471
30717
62293
36104
63633
4151
4858
80611
24781
56838
13603
49531
11459
40559
72608
98069
55747
36881
34485
64677
18128
30415
45601
14817
45332
20923
36795
57761
39309
71904
48825
98198
69893
54668
71595
52772
90111
91640
1092
57085
18477
83318
99064
84443
34047
19094
19009
10105
94006
56373
58332
93071
26966
64354
65168
53992
37914
54830
77647
1633
59425
46640
76340
91329
12390
79218
44588
3727
64941
1307
19410
88405
61209
79769
77267
1583
29371
82667
87824
28688
98565
88937
49217
49809
58877
21521
29750
11158
85549
13039
32345
36000
99767
40264
31279
20520
92517
18371
77214
79646
79934
27507
61256
27167
77333
77957
68342
33292
88252
34115
77904
78925
18614
28323
46920
96225
11241
12912
20086
77440
3282
9235
9022
81776
41523
36765
97550
92128
80135
43475
47587
30757
82550
78422
9420
48878
21860
4237
26950
77958
1508
18642
59942
87589
66187
59959
39957
32563
77279
93715
84789
93243
67885
90412
11106
49575
