87853
16446
36555
50992
29198
83323
11081
25844
2432
3872
2351
83976
85820
28892
2961
5650
90430
57597
31732
68481
31593
22126
13857
42171
15848
18193
73973
75490
91823
70933
87637
60003
93247
61428
60959
85307
3944
83852
57628
74181
71689
84632
77874
21092
70451
35082
51798
78090
6027
18631
51934
87971
65486
98047
78901
16001
3184
99015
66727
90692
6653
13301
90076
37125
42688
76471
12130
18784
354
45553
11682
34364
29225
97265
4309
12377
94594
97456
39248
23668
51418
12648
71962
15449
64070
92748
74398
51046
39074
93929
14492
49048
75894
11991
16697
74165
70837
33723
82615
89973
12767
22909
89888
5069
32775
45632
50364
92921
98990
79587
70082
50662
87342
96596
522
25305
93555
95820
85089
87199
13379
64266
99990
46130
95519
47728
8913
74309
27073
75220
21795
2541
68901
35172
7385
84364
47044
66810
92970
44858
10972
64279
69136
82514
86859
76382
95155
53110
4346
98448
74976
1024
79863
88160
40985
71655
7226
10195
23239
84874
22793
70454
32938
65468
3415
39835
465
91692
87559
85713
65476
98575
21678
44446
75966
80300
79094
51932
55961
44164
8031
73390
19138
38589
52257
25886
18283
53289
36748
404
36479
46615
86928
79028
84592
92630
90136
78133
6764
23425
4401
17498
73870
58028
71849
61423
79665
77930
84691
91073
37279
14104
14759
24921
47624
34537
13029
24023
44558
71566
95290
63976
12925
71970
85979
58340
23416
19951
20046
92262
6446
12737
86057
97929
84492
33477
71666
63323
21196
47998
53989
68416
17259
1764
56468
72614
57752
91928
43976
60001
75592
73257
71462
68226
60934
94044
15789
47416
37831
188
88860
16515
55516
55742
66673
39505
76002
98319
98347
25304
37779
27548
17041
98479
36319
81278
57931
72393
51061
81024
83982
41806
73018
96110
35414
61111
15037
62780
59723
75654
21217
97040
1446
42016
49305
43853
71661
33800
68499
38877
9562
75418
54667
10969
99866
35680
9856
50072
89873
20468
24195
66131
10490
21043
64203
88273
47916
53850
7430
28212
51289
13120
53226
42430
80176
17008
56074
60513
84962
66977
96772
73570
18241
13171
86263
33609
19845
99400
75249
12584
4488
61853
68103
33158
80849
37252
51742
55430
18126
7424
34182
85369
19514
65883
82534
23932
41054
59111
51858
18735
1812
73967
77049
19764
15910
35578
51931
75360
181
67804
64056
36097
87638
47160
2915
96172
95478
61109
3734
6402
97118
4380
41631
77342
6066
61963
23928
51710
28500
50298
41781
97611
88710
27848
3414
28102
75660
55904
3035
34833
92431
31310
26743
87832
75197
44919
39390
6554
91982
72666
93688
88088
21986
93698
7511
23512
32422
96773
9669
77622
12246
27484
95191
64904
59708
67870
35838
13580
52694
60731
28188
25393
87286
43763
46131
93215
53379
36785
92377
4676
73660
32807
37544
71707
28413
88263
44146
71355
4186
54714
55185
2649
79368
74081
56572
36987
96379
93511
52470
6939
46282
30783
20673
43668
17071
37022
21616
75404
6858
66359
2618
41469
3557
9872
80330
62977
79218
82558
45426
60826
81809
73921
93504
42140
86542
88926
15561
6616
49511
64469
9890
66309
79403
79934
58670
5197
46493
33253
43986
50577
32632
87263
12452
28058
83852
32200
47233
27101
14215
26747
21277
43146
39408
34317
76853
28434
9324
88870
38273
22514
98947
84925
16678
76480
70620
57999
29416
23633
69573
84155
53596
69892
70863
50365
33499
20687
82550
28549
44306
4996
95903
17203
12374
12159
73626
8946
61462
51183
35302
41582
90441
24222
98932
10099
98598
10303
7299
57219
84402
55187
45770
78964
41971
82616
99573
4708
82723
31823
47399
61721
72641
97160
45662
12601
72226
90092
84243
69443
59525
57063
99552
79177
38211
24976
96061
84235
95333
10422
78339
64304
52976
19336
78769
41027
20411
49697
46317
72200
61409
29391
81570
66426
59474
36895
41191
82818
80452
25894
19297
56662
94503
67054
4223
93003
93589
68091
65442
37369
97896
31257
57312
16170
39814
3012
30686
31517
30136
9332
65594
35998
53464
11235
92107
31290
86408
61979
39040
48801
41664
33505
75589
54493
1567
36760
92997
76553
80931
98676
37705
29872
99347
19548
30654
3108
11609
6459
62580
5239
37677
42019
80418
68057
50285
33118
14599
64974
83625
63122
58380
57131
48250
22576
83846
10605
67859
50650
42391
98583
55631
57903
44212
37542
4426
38804
72480
71890
51276
23520
44983
89923
37216
38564
58792
4973
25762
30197
28858
12106
4855
47223
2447
76371
94167
87368
63717
29562
36133
12167
93465
58951
7391
8959
2183
2701
70736
14067
84588
12777
54211
47240
12972
37750
72755
36745
3408
97583
39741
75675
18119
65890
70231
22687
14189
80941
36282
22685
10601
80153
93498
98579
368
40079
62838
87449
50727
91259
37771
73423
83077
62812
71939
57062
20183
78340
99946
8104
41662
5074
75266
98342
33715
30538
37068
88860
33098
71246
75911
45154
23380
87676
10965
26162
66462
41123
27448
30640
12311
15778
58557
89691
79087
25727
48750
84175
22907
49633
49515
44213
47125
64747
69683
19048
37857
82262
5820
78339
68010
15913
16834
10732
94794
44215
796
36728
33768
7766
90346
346
54204
50039
17258
53451
28174
24487
89387
93047
66909
10113
85048
610
63227
59117
46838
84437
84597
45497
88553
50569
91217
46643
47280
53903
28272
69280
4529
37881
59987
30268
37583
33704
89817
73135
14808
82740
71910
3143
54299
19089
64064
45272
56727
83620
52723
3949
10414
64898
80789
36873
28952
11265
95715
24223
47444
37566
64554
88426
20825
17450
61409
84298
42763
20305
83795
90588
93321
74760
29883
14164
35012
11827
59145
40953
2250
80368
36801
86462
36479
51651
99682
18745
33901
61119
24708
59041
86386
61102
85723
78601
94808
13533
81784
90963
98851
90855
11470
17715
10307
81692
2162
18593
20584
97710
53723
99994
10997
31672
61865
24468
96366
1708
58179
58844
91179
37623
82488
84526
95407
93586
98215
31472
10738
4008
25178
3276
63801
66783
54765
72711
712
95813
5805
40867
33486
13849
83739
91149
84446
15442
33935
90148
76862
80080
32249
83143
96856
89949
32035
68729
63502
81536
22163
69013
35498
22718
80205
28167
29139
86797
21653
50222
23356
89526
19953
83629
85495
81510
41612
94152
25223
38353
855
7585
81683
86340
32235
63759
70678
43174
90346
62487
94835
18281
63491
5994
61637
9587
91891
58587
67765
94372
32873
51803
46149
48355
17794
33683
53961
32297
48243
56925
7957
5322
85765
80352
79313
9243
52795
3846
97514
95556
46959
53019
51810
452
90458
52164
17575
87419
10450
41146
39297
2201
99501
642
30149
60736
37924
58762
63623
90456
53204
34465
95116
48207
31901
74611
15773
82058
15437
90241
22199
57997
76439
35865
45696
31619
92957
75799
30196
56267
53101
70200
91005
17567
35078
43990
87009
15234
93532
30021
1365
89605
39537
7176
65456
79477
86084
52401
42938
2437
51110
57556
39619
57364
59590
26854
78256
14939
97199
57879
1776
21
24551
50185
34508
30219
76824
72556
67965
89147
4620
51704
73016
16676
145
11686
58532
25233
91644
74892
57068
49216
26313
56499
50768
237
49569
74166
14582
87296
63156
7640
90238
39503
52422
2626
81587
90097
3046
96793
28093
95489
17113
184
25779
35563
89846
36655
60749
81302
1802
37592
5720
81998
9275
99057
1475
98636
59306
46907
41527
80805
2802
17806
38339
66956
30381
57751
57653
18628
14357
89199
69284
52167
46888
53817
45418
58092
14436
63767
9359
32344
20722
46601
55809
23204
30592
22372
68864
41702
32198
87307
22741
93119
97450
64845
71587
45280
78111
72538
25270
57050
11080
81635
42135
60481
57851
62989
37313
92827
28128
39122
56238
10379
83257
39380
28171
84533
63803
33247
46827
78413
30330
23066
88375
79425
39683
50793
10498
84895
72514
674
83450
80996
63396
30537
30330
7715
17783
31115
62141
41198
2574
75347
96782
32675
93185
81165
60571
97910
87857
69461
11943
28023
7848
96155
6910
7968
19647
53621
37123
72766
97625
74464
11589
23193
48749
20789
73809
77153
53633
17572
42849
89687
2385
16816
76818
64597
16495
56839
86259
70715
34917
74427
90297
38007
69174
15298
24368
69968
37826
21063
43211
7983
49416
69482
19996
42283
47397
86555
72544
47599
82683
67950
40722
80170
36014
66395
80991
8979
85992
22102
26521
12791
1819
55942
4741
84193
75878
75844
32816
69412
80433
7569
96158
60584
8371
97524
99778
65167
54291
38063
34762
20450
14251
49885
51794
45501
91112
79082
99161
55059
59054
80910
80529
22335
65113
41928
51983
2057
7582
3316
95554
16305
84783
8
72128
444
85182
35121
10140
28312
25
19812
2004
50733
23475
99843
59783
55937
65380
98927
57924
55816
19430
56804
61885
59911
8800
87574
84026
60195
22464
82598
95946
16139
3777
59457
23317
16703
97741
60245
61261
25275
20827
62160
18626
72996
62937
91863
87348
28941
32837
11903
46499
10150
66773
59692
68963
12162
90263
61220
46476
99556
2610
41615
77517
48358
58475
80654
28736
60101
74084
61044
74841
69548
88574
27845
45432
29275
99200
49930
56702
51699
69104
58414
73148
77249
50205
8153
63558
80133
51583
97990
74023
12959
33558
71586
44174
73749
38832
34852
13734
53826
19335
67235
3748
96318
22534
68249
68697
95686
48811
84210
66791
1608
46696
65520
36081
79438
38692
85567
87114
73636
1759
85008
61040
74023
85042
36372
64273
28940
96308
48567
32907
81995
8602
37174
9202
30502
10198
11070
86026
74617
77600
1731
59701
24768
23922
51385
88422
51679
2732
31635
36212
44690
27960
45174
50986
8274
9577
152
3995
51713
97213
14778
60115
77458
76577
53120
70024
26392
11731
72201
18415
52841
79298
93743
21868
34446
36497
84029
66721
79562
155
85960
4551
96196
61329
36171
22939
11763
42239
44195
13615
75174
69804
72739
70817
5485
49440
1109
12937
57223
73504
64430
88460
59817
35700
28365
92750
98375
80874
12304
2820
36770
22292
67026
20679
60494
55468
15333
76805
95519
34647
36552
10385
5583
63079
3877
49755
12175
59003
81034
56698
43656
5121
15873
84517
73676
7100
36238
88193
11422
85824
18469
8085
74555
26010
68646
52217
38691
35821
3382
33901
77512
73783
23547
30662
32562
79186
65491
43779
52396
46326
30258
13757
13935
52956
1590
29373
61992
477
56200
67720
26281
43032
42994
95701
28937
29907
93687
54880
42584
94457
95796
3511
67748
84066
72305
76752
73889
88592
69475
83421
66104
65813
95681
20216
70255
69874
17633
82041
51985
39035
84655
49223
34937
22166
29065
93579
12608
29058
54330
38944
13697
55732
58577
11974
68165
99804
89789
36790
70929
646
84359
89871
50536
97020
37580
90607
5053
79594
19222
45949
71993
40314
70486
31107
75461
83325
43103
73306
8213
35562
75010
44029
93969
21953
69762
17887
61889
68073
54515
97433
33109
64055
16980
46907
48078
2224
45414
2852
21612
53573
99464
42957
67669
13885
99217
83839
54975
19249
92969
38885
80922
76017
80132
53340
10045
73572
28987
69702
55659
7500
10312
95006
34914
59240
15583
74599
95424
62771
21892
53341
4594
2666
34093
8236
93210
14794
53525
12479
16188
47736
76889
84369
55909
65722
86354
12448
21785
96546
14672
53215
9720
13835
23696
10410
92747
36956
87130
88085
22993
10250
93465
64189
45825
28475
48503
22048
10011
69412
12053
70376
85519
84755
79140
7490
51593
85097
73987
54829
69912
15167
5493
12270
84410
35881
1406
20704
30790
48792
50522
19753
15637
18202
56378
75080
36365
89468
36348
42251
42124
57039
79301
63965
81133
80360
27262
59483
92250
69314
68616
15592
89775
39486
87838
8406
12582
1994
22502
8933
8485
5696
56851
97577
89024
23237
16442
50819
97483
61394
82190
8306
41025
62031
31802
57794
39050
6363
65211
36450
94636
49193
32664
68307
69521
96196
89182
57501
19537
96818
30620
14268
18780
46615
78264
68599
10950
6705
97069
62769
26959
61504
1122
27768
21646
32616
80903
85115
28090
3023
20750
70425
33972
5313
99876
84628
94516
8692
33931
68869
68782
23173
40789
93225
68128
577
61983
60344
40220
22112
73736
49526
18893
85323
86220
38051
44199
42942
70081
44237
52080
81289
21485
47525
98404
75280
37986
15119
36170
13427
41528
77714
71665
99720
55461
99184
41701
77123
87515
23856
41268
66743
94942
33239
13304
3447
85536
30549
14433
47350
85083
51387
24544
31212
39723
58506
8370
54073
54309
94758
8775
88964
12440
32874
90126
72701
47935
60406
48479
82881
56319
61827
18244
31739
62307
694
39365
9255
56114
82739
13327
85042
53322
75561
28768
85917
51387
60043
8081
65792
11266
84127
21696
88620
7360
76015
86969
99945
51223
27293
40865
31902
33729
5652
6591
80014
13516
7353
35591
90175
80246
56416
63461
95223
19617
82715
3170
60927
40114
68430
36373
97673
17548
53501
15913
71342
79685
8838
85607
48944
48897
63436
41216
67678
57907
63112
35033
2646
13453
60612
47316
82564
91455
2018
57527
49929
92948
12886
24635
47159
68229
29397
20626
18073
18520
37221
28630
66991
21337
69971
60970
65302
24211
26020
28432
60678
31882
45795
28711
86742
33720
76953
3005
86618
64611
27195
7161
44492
91576
30173
20926
28329
21830
54949
19229
7666
20121
43546
95066
72562
90801
32570
54360
6208
23774
57323
67940
33914
84506
50793
48123
80017
5764
36574
15033
95716
46580
57008
17439
42181
4448
23893
81056
21207
26538
52673
16040
11097
84963
38560
90890
2940
40033
44319
39588
29808
65048
12740
45137
82269
32727
22142
87467
77549
78722
75414
79418
2151
1960
25669
69118
9174
69216
84480
56373
54760
86405
89359
32585
49010
60043
34619
81017
3409
90876
22725
94818
94891
74740
85427
98826
52564
41717
19365
57833
12781
1832
27494
12597
86470
50289
7070
77480
50884
1133
43140
83504
6718
91595
12497
75891
15937
9348
85552
25404
33044
24824
58225
91110
87541
3719
16540
21636
50082
90088
27395
46155
66932
93321
86417
7293
97670
34692
46046
18675
26035
85723
22724
43302
62685
51120
57036
36762
42346
12675
86401
23911
79049
58760
39879
4901
72563
74724
51140
25843
5836
65668
44668
26308
48072
70330
49883
90823
49706
47413
44779
72914
76552
7868
36005
7051
30795
77992
10020
40050
89714
34747
12629
3693
54549
46624
39818
30833
71879
53759
99822
79947
4885
80829
94356
62313
25068
61550
54440
67911
96279
37721
48038
33273
35205
44679
58697
58930
64425
81190
58588
45359
44347
11488
67629
90947
98396
38131
67456
288
85943
72525
9535
39583
8098
3910
28238
14636
29316
31834
69340
86065
50864
44001
52758
29468
16368
43821
2710
47248
54941
77344
99642
50694
76938
55655
47695
79901
89249
61526
18923
34853
72933
25473
56473
36612
49431
77493
24783
20354
94996
93297
86300
47096
68666
89988
98206
19120
49931
49284
96848
17592
1675
11112
12736
95593
17220
65155
84478
67919
10729
59614
45328
21844
23799
83312
50050
77005
48662
32636
76091
43712
50751
22727
84715
12272
77593
23413
64129
43047
16572
96256
16793
23808
84630
40563
96531
67214
63531
30601
23134
53260
69207
73725
47058
41121
42255
30189
58942
78671
59398
93744
54582
51481
82603
18321
38062
86319
67376
51496
16804
98999
93477
51539
57143
84410
94307
69622
33878
56840
85477
14732
25140
68136
71472
93544
25271
13952
89811
51917
62671
72798
5481
44806
1252
40481
64635
97315
68712
74919
62307
84272
61163
28467
81292
94164
52717
87898
51669
10915
87759
84747
1748
63776
8674
54297
11639
3923
21057
86822
84805
33411
61755
57709
65251
84368
59080
8140
13747
63759
5565
8493
35767
60291
26362
89231
78003
86804
72736
57973
19825
42863
76800
10091
45374
41626
79087
94033
16049
48498
97333
71878
48235
68803
44197
83537
78809
11075
29895
73326
92055
35435
10225
70292
24720
96499
8372
40991
50400
56585
68051
16703
49242
49998
79758
58204
89669
59469
80572
32772
28225
92185
77591
18547
56424
898
94193
74942
88655
46995
92741
42108
17003
22667
4104
76305
53297
18613
23999
98488
50582
99399
22058
76780
3989
90228
5117
81971
63503
15662
39823
20616
6540
33179
87115
29219
54943
73299
8132
64519
97672
58804
43814
56488
39251
51809
96775
73944
87166
99326
11229
50540
99224
42656
21961
62543
70565
28981
85872
28035
88894
45520
78059
67471
7221
59118
42260
87849
30326
44586
52801
84385
33449
31225
18029
37128
57203
56996
68081
92540
84413
13472
55474
44689
95660
35339
17364
78333
27631
65700
61453
31424
46296
30407
49620
80653
32897
43941
38423
98042
10320
96924
47244
66560
77109
23864
28383
10927
1200
96421
15019
32754
40719
48208
9316
70458
27413
90809
31920
5609
53047
78167
64694
69726
76671
85928
48942
97848
99187
66899
16888
19592
69105
75901
35881
17879
80241
47588
72481
96113
39884
24314
21559
18477
82010
79202
27445
61051
41143
93408
13248
12809
55327
42816
77712
92849
94905
7527
11390
40898
66832
88621
3323
12617
32124
73855
3517
5595
82816
38768
40500
43266
68812
87447
24059
44259
2338
87369
56746
40840
47638
59700
34025
28558
26062
5589
98495
95981
56361
46134
64231
75647
40924
4040
3140
82031
33047
60792
63371
64672
84615
53073
4799
13719
23124
73551
52443
30502
12746
25275
92519
91285
84437
59720
35117
60335
2278
61480
87078
37319
51123
73931
89710
80037
70266
30358
52150
95024
35749
58780
88888
52249
15753
42652
47428
64834
23400
20758
48729
41482
73751
5835
8080
15479
32634
60176
65170
43774
96940
19214
58922
78865
69626
80154
70965
1893
48431
57420
62454
31583
77610
80286
16678
70971
97195
1923
16456
23609
61933
11649
59451
47621
84076
57036
34153
51936
56712
31425
15068
19184
23043
9211
41519
57537
94084
91606
82754
21206
76574
18654
17960
75313
12426
62834
11483
41370
49424
11227
71151
30671
36645
28323
43780
63144
5838
84500
75157
3366
14915
38030
81549
58840
38671
5604
9017
28394
95892
21331
83257
22218
49963
20640
50672
22840
3561
45581
67674
10409
38269
20152
6909
78264
94613
24784
17176
80842
95041
47221
60825
51164
9007
45931
60299
66763
117
28026
32908
38176
58830
76582
65148
19062
71675
44198
50257
80681
18603
96930
40072
38013
39957
41294
34454
47560
39586
11293
96284
96669
33928
77636
52953
97462
22800
13197
15353
14813
68665
59348
76139
89207
57302
11298
93297
23918
20818
73283
3440
29753
94388
98534
94951
92714
57789
34641
6077
5364
47214
37790
13939
630
88775
29333
67352
62088
32778
95495
47163
20450
60030
21157
35995
48068
27664
54235
83483
1413
17107
26221
84913
81115
97864
98572
39421
37859
39801
38868
79799
22158
97119
58469
31649
6569
65763
18140
69180
74375
72897
71630
2390
57037
12873
19905
14048
44633
27296
65254
2334
69328
39971
65686
76184
13827
93803
35880
87342
26941
51820
38541
12328
29420
27127
26249
93259
79049
94176
94637
18055
16101
22425
63669
65997
24050
52797
32571
20414
68716
72298
18199
24639
47170
25765
76436
37833
20389
92001
655
40092
91372
47738
63758
8180
12736
20700
2971
39603
2923
91329
73564
84670
81304
47959
62673
29668
66183
6239
44745
34009
87888
26450
26400
59041
36593
35870
23673
24167
1589
50382
35188
109
86435
48008
76653
48542
800
85712
66801
98943
15394
3882
78301
68133
83443
70365
65365
38752
35998
42546
97405
51828
79257
19740
45720
53128
18862
23025
95514
85879
52584
73942
83756
50212
29687
80762
90332
56171
17248
31833
49822
5683
78883
14528
93188
17503
12138
47536
49109
4835
5484
51483
35180
57748
84315
38284
22096
14072
62160
48419
40556
82397
31088
69598
19018
51238
13883
63859
38192
92863
62962
53721
42007
25681
69218
57767
30916
5009
24689
4084
8774
40243
37508
47038
96011
80349
43146
70854
63806
55830
17001
15256
26017
98589
33155
82408
17570
68981
46948
67800
44862
92958
32299
83894
7151
29983
19091
86594
73171
19807
67037
24013
30011
29236
57115
43134
85932
6739
35355
65166
43765
16613
70542
34835
56398
3866
2004
67577
8233
21335
13638
17676
65752
43883
54112
96691
32475
22304
78729
79094
11875
11533
80448
73984
93608
72072
80837
927
78916
81625
353
6184
73706
51977
54418
11000
27174
97401
11735
