46876
30691
14713
45093
45852
87826
15305
30595
84634
93748
19795
55566
98511
13025
83793
75406
71772
43327
41512
88854
6962
29821
29235
38795
53358
54608
34776
41036
3580
32103
2396
64193
15836
29964
99218
24580
63458
3098
89966
54694
55415
75606
33048
44416
4893
57387
924
12440
41872
73190
65215
14700
45416
55947
72940
40222
36251
53521
5227
83323
9696
67617
82931
81129
88173
16358
43639
16781
61410
34897
188
80919
29566
57773
44651
58219
46191
92377
15681
26476
97736
82631
78659
5766
46698
35345
65775
61848
92709
4051
97678
48957
55608
4488
14214
61110
11732
27652
29708
96565
79166
23179
69879
49832
29684
56525
55439
86848
91623
97183
25859
4766
73446
68215
94490
89625
74427
91140
75746
33230
58287
55015
31557
61892
61448
49362
79353
29050
11379
91419
1270
99664
51869
14076
63362
15567
1627
43211
57672
8310
79209
92689
95272
53538
93327
85098
23239
50265
41248
26904
50343
50387
67772
48739
48530
24581
73142
89169
80112
30795
38063
99358
69496
21873
90465
43832
5154
26527
92440
4058
41083
60095
62842
9379
57010
64684
42152
54546
45359
57593
9852
4609
39203
65722
46514
795
39579
33747
53443
8986
15502
57724
44685
63649
56374
92621
69902
53459
97563
32620
8783
86319
90891
43952
37470
8521
13510
59216
98483
26277
14453
80590
91220
18546
76698
60921
83988
75361
355
36963
44022
93825
11736
49857
12367
24185
23956
33912
91113
66497
98065
52042
39204
27293
70556
9660
18808
98454
37511
27299
89333
27991
80701
51083
49195
25281
73200
30180
13190
79787
27726
51721
81905
51162
38450
35630
36251
5113
92823
26341
30934
30197
30984
80941
78940
57112
49330
57752
19404
2272
53467
61400
42547
84187
23467
25637
87814
53217
82632
81005
76043
81805
28257
29080
52376
21177
96416
66519
79923
4022
60770
93193
16760
70757
24355
44394
51257
46037
96306
68408
77344
38841
83364
36963
11439
58661
56932
69136
92137
15365
60456
94410
9097
67962
67870
26982
14480
69362
55046
6577
54780
14083
63545
91608
72788
42787
81095
95923
11200
78343
19263
51183
15893
22518
9479
67960
95279
29802
48683
32703
4662
38210
48882
4557
29699
57415
35340
44484
12028
70617
10439
80334
35323
82612
66625
56421
89101
12965
91704
69022
84246
70723
37309
53619
90385
72428
17895
62795
66613
58749
71076
4263
86068
28365
54410
3212
97181
53158
59532
83913
91809
90177
29704
12100
97491
13278
33629
51077
33416
52381
97626
44510
16285
48092
14673
41621
13208
11501
24362
53200
92551
23058
52980
37084
62469
49656
16118
96346
87099
70638
60612
6631
89059
90624
64877
56326
13063
24852
58481
34732
80008
95776
65328
40967
60411
67686
11934
53196
35213
24142
97266
5244
15720
90398
47933
85554
24301
43672
51800
3787
76961
81776
87703
49426
3781
19369
282
84776
65213
69963
41505
91149
68722
95010
90911
17229
9618
47734
12872
42186
86997
16227
99428
7105
61883
96116
17158
700
28081
75201
9333
92788
43123
7458
88617
85472
78923
3983
24210
48414
50935
10390
80210
37309
46569
55767
971
48901
97128
62655
39827
46307
92947
73984
88644
53429
3462
40713
30864
14702
82485
19239
48721
72871
67285
74488
18879
96835
83866
11655
97562
79740
10299
68713
67527
93807
39410
15667
344
65985
93567
40950
24548
76013
47052
3192
24470
55499
39019
91184
17120
39870
4604
27614
94768
73658
76171
17221
29979
36847
68950
85669
14102
88087
87852
36505
57572
4152
71632
25738
81514
15479
90013
98798
254
80474
94180
67265
17405
33527
41232
20510
78075
18238
93227
82458
53142
83967
54329
82045
33411
44282
58018
25885
23082
58882
55437
7929
4270
95724
68744
55056
15492
54266
8709
90811
52965
65214
38526
44013
29598
32877
20824
67366
4677
5763
23237
63886
97062
22956
37283
58292
23803
92662
91875
80835
47258
15057
1764
71774
18440
58815
6078
15096
71659
28606
1530
14738
24862
86863
24830
59282
89021
24290
95463
83036
93344
56192
89743
73712
68325
9012
99822
93760
47014
75031
15420
34763
59497
47832
32436
12539
97750
50980
5812
41848
835
69463
57890
82375
58667
19679
46761
73858
38814
93448
54497
31253
24658
53994
73324
71474
65303
24204
55452
36658
43687
42099
79218
38985
22076
9643
18497
33476
5948
66640
83889
95746
47312
43609
85920
44428
97842
79074
62658
83
29029
47253
30537
95364
80478
18037
38657
80970
45279
27430
16402
65952
68581
75836
50152
5489
37399
94686
75567
6926
45087
33878
57815
88555
9653
33145
66615
48887
42263
67853
87502
84311
30965
60380
83237
1950
21192
66900
3313
96522
30115
30424
66676
60701
23713
81862
89347
92022
73982
63365
22306
15789
75138
94731
24491
58888
93976
39977
17741
86044
25116
12148
57649
71907
10259
56785
55320
822
17749
73180
92769
57863
58949
20564
62950
57790
45281
66343
4582
69550
23988
19765
69470
2163
10249
92547
78800
41963
1531
35071
47045
85262
32711
38315
6382
5387
