65071
8618
6610
857
65684
28407
71934
18054
33868
3133
90360
25856
79382
77666
77118
30731
81411
21680
10394
85884
2410
18420
17025
88720
70495
29779
49302
69897
8894
70411
55468
82246
34529
37249
62216
44638
75665
9836
52772
95577
34650
94620
89264
80491
8023
904
94900
69550
11436
50132
28272
38075
59186
55195
6340
22116
73580
49183
25643
19825
38745
58218
48290
16725
31587
78303
54151
98988
70260
46146
4093
18420
61640
25665
15595
61028
83165
50942
44548
40429
27974
50618
16897
45228
93504
27487
79818
49769
1340
49514
46037
3728
65723
60307
80613
1609
17976
30202
58867
73142
49310
68304
57706
15209
68122
42271
39692
92127
81004
90647
51410
23036
53431
49334
15633
67940
10392
97715
5144
84051
31315
87272
75958
55259
89928
47929
17464
24984
28581
23909
28016
39249
48309
31464
8753
10125
90518
82186
17527
85774
48840
5832
31748
29327
93506
59453
82884
38998
8062
73292
61490
99094
18068
61997
28531
71557
6917
44498
1888
67700
46350
27796
76898
84048
32572
10111
59830
1555
43358
14198
69808
21992
43638
1637
14651
58778
8266
88321
45630
90071
13431
24830
73403
57862
54885
41197
80625
24898
9109
26447
46305
13906
26998
85403
32429
7975
27800
53096
71292
65809
66808
7736
23355
3294
97145
1505
72893
74192
74996
5080
97635
98618
14246
37052
49463
2487
22440
53789
58610
51719
68316
81255
76670
85766
46147
19119
15157
27979
38283
54872
83464
78650
46534
92834
21980
22854
342
88689
79374
87079
56964
86613
51671
23891
27759
77627
72555
67932
19106
24687
42524
60839
72030
77004
81947
58660
63543
17698
97150
7631
85147
84739
46909
29185
20716
15818
65047
4531
63503
35880
21553
65489
62077
9452
38526
43031
31415
82351
72891
57035
94582
96153
25425
822
26368
43827
81789
2464
24183
87818
95820
94727
81291
1468
90016
35228
59408
52643
33776
9434
61002
75483
90539
49539
25701
36370
29213
63673
97377
74603
91018
55222
63274
75822
23863
13833
80069
81360
86952
17774
62055
89466
74436
49704
28256
58648
80180
16413
98324
99713
94283
63406
37258
27198
30048
5746
83358
79737
53014
32878
89073
82916
88988
57555
39232
65826
27184
48628
95026
92534
41439
51042
89834
37254
96808
65189
80605
93515
18526
52441
61341
89656
88364
32804
30132
80709
25426
92816
67597
14295
4142
8105
45227
47533
33270
68148
18141
40617
97954
92745
59881
99994
90087
70063
7557
67330
23261
63795
17766
59336
64706
84613
35535
2813
68311
23087
53579
68387
17960
27890
9205
46558
78825
10046
91316
3067
60412
46510
13573
3992
9328
80190
28144
32239
64355
83787
15485
86562
89703
65029
32447
72100
11587
595
20462
1794
52176
58403
1523
47821
79364
17068
99068
17284
35596
97250
73103
52034
65393
73429
89339
76577
53661
71143
84906
94282
89783
75304
76755
5563
82699
32336
59213
86291
4485
93304
97277
61757
39419
67637
7216
1398
75082
86386
70724
11516
33177
79208
1248
22
52602
18493
80709
31706
2543
87031
74556
26271
31785
26331
2478
19392
63051
7495
54226
66728
63117
8680
70209
58336
65244
16856
74758
82195
22367
42487
74386
67099
93461
16645
65164
77962
13274
88794
44421
43510
5353
68578
33192
62977
61210
89465
70256
39396
32556
74206
15157
89496
97150
47447
76926
84001
48024
15521
2586
11512
4455
84689
22602
76307
74789
56492
29014
29811
65558
64800
64864
67049
21006
91101
89589
63013
7313
51924
81503
21789
69395
90794
50359
73527
55294
21176
75032
5716
89873
38275
40751
37176
26693
30387
12911
51354
70315
8786
27778
50852
33617
19298
70809
30663
90116
33595
32484
22559
17904
98017
17597
49246
39394
70334
6462
6680
88110
82465
44627
32779
23148
49426
76650
78088
50781
57264
20263
81122
34924
72714
59924
58706
42192
36086
77494
45893
74926
72369
64666
60707
1243
10260
53070
40060
90399
64495
79821
53424
95316
23876
99698
78811
91854
12195
54542
60348
81653
9790
99124
71905
33453
20936
2161
84145
35735
31855
37369
91253
52240
14002
76220
87428
78903
89344
67640
95849
58988
74672
82600
89715
46548
1943
35706
81081
64505
67945
56223
10696
52590
55215
89947
10186
37584
16705
33372
92725
58280
59584
32551
17357
59662
18
64301
10454
4007
43579
64317
9531
91119
52373
80148
3124
61457
60748
82223
48568
45426
98297
31841
5055
62990
22104
51680
60369
27707
72904
80633
57041
78026
66078
77828
60480
47660
34534
28690
90191
4912
48120
86370
93605
26058
45139
13812
69224
59504
67992
93653
52908
52094
91814
73625
7093
28825
86477
82278
2795
56016
62129
10892
14521
70751
29117
63475
22754
95630
1857
62926
37313
94262
57322
24011
37882
61539
27933
95052
11459
83540
99696
12303
58761
25503
42628
45417
49312
22226
40482
14322
51978
69301
13969
75546
73955
98891
34290
26874
80935
4856
23416
66500
87329
72668
52295
38172
69297
80316
81960
54176
69976
98754
82662
16707
53667
88347
55528
82167
82130
54590
10571
82280
53508
23789
68987
49734
5665
84051
96847
45691
12739
39118
53694
91003
36066
79526
10753
21176
8443
94427
77191
5653
70300
27037
74895
62419
97198
3508
13797
63463
85631
32448
56316
66764
42924
92379
16132
77365
33256
4091
6888
45403
64331
71124
15496
89076
70361
20217
91950
41797
77261
30723
65838
41006
84610
25898
85535
73475
69599
13072
39056
44444
32957
7805
36969
90306
30422
16773
86847
27209
23467
72966
86867
8253
4561
82254
57864
13685
57786
44217
13088
47333
38044
35991
99666
32623
58272
84556
96265
40793
57961
46833
11964
55098
63518
1241
89477
92013
53206
99150
87329
67304
46783
90425
37827
49383
5899
80704
4277
3841
31576
63113
24460
44412
67226
7005
54470
50685
65447
82824
9667
58647
56351
56605
35869
93413
77046
52183
10726
88339
15296
89689
63581
56085
32376
25399
14316
61691
57388
56590
23488
35101
69192
35886
23238
7888
7677
89208
47583
9243
26190
67170
80800
31619
89015
7447
12264
19617
70171
74651
32990
10838
29576
80940
59335
31701
48521
5733
57217
75038
89832
42876
3231
94891
66078
30571
35170
17507
8600
332
13488
72589
38151
71325
90195
35966
12933
11042
40945
60627
59231
42058
19971
30042
65539
81674
6772
1707
6279
37830
87960
18772
18547
56654
19526
35185
66573
18597
18580
69851
92991
39004
1389
76311
20711
5021
71154
71599
10747
63172
99274
66526
98454
42887
56039
23621
64676
28407
8215
49179
74182
99935
56867
16833
61858
51912
88712
66354
44746
41727
50735
40058
30951
3822
52907
23102
69954
19975
41967
99289
12110
76160
95209
93607
80598
98135
39711
81593
28863
45591
17924
20969
50777
50867
56663
49704
93511
50767
15097
64851
40488
17342
54761
96804
36770
79173
65245
46085
13483
29535
92447
33887
56339
80826
68610
37552
53073
35166
55871
37595
58152
43470
98512
99674
60757
59559
73769
34478
74616
67941
54030
52887
76349
14437
41620
19903
41062
13285
18136
77712
6902
20040
44566
91974
83485
39765
64424
62367
31003
54143
97499
20847
79795
62720
44751
39504
47310
2878
2859
73655
99368
15599
56122
26530
66107
15129
43590
22093
72198
48562
69903
88068
32025
48550
96328
11858
15776
48375
19567
28503
76713
18175
86279
34169
77620
91345
31060
56946
16983
82365
82866
32743
87595
50482
26897
21208
4086
34301
60913
2387
7125
76848
951
10499
51206
85118
45417
93414
18416
96259
58156
33085
59791
5217
42711
3644
43456
28357
75443
46945
901
58311
12593
92257
42037
86928
31112
92926
44323
4630
69130
9269
69866
97923
42723
36659
14354
55892
41357
93928
67105
14493
82194
67572
98049
30858
2271
3389
28905
87008
45344
6723
15659
55585
56958
59339
52442
64782
81683
55127
60470
56232
54054
31670
13846
84687
37735
68056
40304
63467
19336
94714
11271
87049
52373
83744
82834
65565
52146
51968
55653
59270
14544
50523
42463
68559
80012
72007
29807
36017
5988
45735
64739
59798
58359
67100
35566
84280
1432
16884
81685
11848
62541
23745
11319
62539
810
64549
32407
91999
93894
2153
7879
89051
58199
15629
22291
70484
1295
10202
38375
89883
98674
82547
22045
13412
6770
68489
6695
62370
80521
32557
15093
53934
29810
79873
55236
28231
48357
35976
62371
40435
26669
98556
30371
88419
51752
44862
51067
23860
66394
84999
57781
29490
48046
52573
39545
12983
22730
898
50067
97841
65966
10215
32995
96450
60841
65885
63682
22753
37496
63660
20652
27774
25564
16028
28878
78914
7991
5617
94636
93364
4355
85556
42959
1368
50862
69611
4202
95283
45685
60587
56136
2410
35164
23044
91764
43751
46728
6811
43621
23645
37113
61589
37635
25603
71336
14990
59802
28700
65144
23754
65370
76120
48348
51395
30536
12947
86245
65761
91974
68379
68774
69351
74137
45359
44998
56714
28732
64482
63585
91517
63137
57247
79196
7
73567
35623
77123
41046
69309
94677
67841
82957
71417
54659
63322
20665
75701
3014
6920
4001
10558
12787
79025
84060
92763
48485
25153
98428
37263
82647
84073
32264
23850
85323
83764
74471
64754
55757
31970
63544
23657
27730
95331
42719
13116
63450
67729
87386
21096
79956
93354
39185
97417
53665
83369
44972
30144
4400
55008
11742
92608
5993
39444
51327
54517
79429
83029
94232
17969
88218
41337
87351
21652
35765
66228
19907
46392
61760
62229
67369
43351
84067
39680
16436
84057
20070
55395
90204
29693
34229
71608
597
17539
29756
73942
83688
87764
39313
50132
44350
54607
25682
35356
87225
65617
57059
92391
70717
48032
40218
70714
5835
820
97494
20765
68911
97347
42569
51572
94511
16199
13942
97692
89924
18894
61365
33379
21253
39773
97172
92516
69022
99266
22808
6782
35520
30837
56801
91089
74578
80649
29931
70068
13829
8021
45552
56469
3909
47226
21547
95374
37739
55889
94808
47968
15599
12947
53208
29711
25979
87555
86064
53658
63227
54555
16944
341
16016
26226
72305
80901
29124
55751
12600
50487
73368
9389
82167
73405
2810
65907
64691
70
32178
94991
37760
73689
29082
1574
56360
23438
66286
69306
57706
41065
57
69393
17823
13524
65679
20766
61304
17655
83609
85806
2372
95351
60715
16209
62894
65768
60306
31586
66242
75760
14185
67669
96592
69114
93162
91965
49673
63764
91553
82359
99015
15461
956
28118
93609
85262
16991
44811
64315
48700
50677
63345
92212
28135
69185
24627
18425
51787
88401
98363
51647
7776
25524
695
62253
65336
77922
65225
57120
64820
93434
51372
81673
91779
57993
47551
93233
77816
39302
73519
71964
56263
38331
96357
57547
26045
31837
96840
86748
47481
41468
23249
98572
35690
60854
36554
55964
69638
15110
70305
71313
39652
5243
28719
59509
12022
31747
94879
1564
10055
76966
50557
75585
37389
27566
21661
89838
2571
82084
23365
9306
1446
24310
52216
6957
5570
72244
18688
18015
75864
50843
68695
32575
86614
91945
66994
17136
68307
35822
49963
10733
5965
2851
46761
17100
87425
19253
25518
71073
40422
41210
64829
83929
30599
3044
34150
94503
53659
36051
15311
78108
53027
89412
22688
68911
98943
7143
54539
80860
79533
29679
35639
91592
92671
90659
89896
25955
38328
12209
56684
61830
40547
47586
27684
52828
65999
66281
28429
43069
14251
31540
17930
21366
72218
71909
79696
67620
12275
60795
23085
31806
18232
30793
76086
32275
28145
11400
29356
6281
84165
81352
46698
46628
74356
12801
30126
78183
19763
74665
91361
52277
60868
63646
14917
1296
28114
27714
36602
27939
73446
17447
54893
50491
91049
53376
6845
93231
80311
38007
8459
40033
75900
72573
75453
60125
84750
17596
23951
85502
41926
22344
70712
76720
35164
93684
5204
52208
31486
91616
34771
14511
98188
90736
41885
25237
34803
97240
12896
13027
19493
23156
33304
27793
72562
79444
91161
3318
6693
71189
22972
47397
14748
6922
64612
4980
43717
38105
52428
10201
98194
97570
14959
53517
1049
35706
60627
63122
69963
66998
3922
28721
78607
97795
87591
10939
94394
69362
93842
6002
85644
55696
50887
98656
40746
80532
53977
40485
11732
34962
99327
21038
74595
3500
55713
33408
61377
17256
70369
62869
47684
53981
79272
67133
59400
32199
40236
15141
30504
11642
87675
32053
33785
5011
46662
42675
97092
36425
48365
53094
82621
49475
18819
54709
41188
41795
53438
13709
14360
96544
23165
55681
25331
34033
33878
79628
22790
13957
827
22386
50385
34928
648
63684
84095
66880
58540
91075
20220
64110
25458
52668
96500
45423
10859
55921
21866
19082
69593
36536
43537
42564
97050
79100
971
11671
88463
2497
10779
4833
35176
35398
37225
37497
52943
24739
63985
48508
77325
9138
38568
23653
47516
17002
61741
79292
85035
21413
38696
88869
70503
17252
82018
10745
59532
96777
90816
29170
38696
8033
66941
18335
75880
36005
6850
26871
59906
88629
1381
49131
40062
94437
86460
35700
36865
88916
38140
43884
7191
76727
52178
77240
32412
34069
64221
64963
19560
4107
85766
5670
17941
79312
4830
70498
45806
15762
32114
79632
36597
88831
50349
3152
74865
79520
15179
27135
66707
13248
33269
83748
46243
96138
32573
46824
24684
64080
88216
30085
78976
30728
32659
90263
24233
81329
11443
73392
41998
71603
1965
14184
16798
12132
14590
99569
32507
16839
1545
74216
58150
92048
72075
45607
85028
74882
33052
60984
40010
3769
43045
42660
68682
92387
10968
97930
97337
68424
94832
32651
67100
71851
22438
65473
73583
16457
26957
10064
75505
4095
22859
66773
39728
97928
85332
31419
67820
59011
28516
39116
86411
83123
48537
95652
18872
92512
83275
55682
92729
20762
52297
69496
1068
87262
66801
72673
74492
11314
4812
7858
37606
59114
9220
22697
51490
52781
16610
53730
59057
78481
54344
30409
60834
15170
76456
14025
34112
5858
94015
68035
69180
18987
82738
1498
91474
76080
16675
21643
52730
77281
99792
64411
24430
35149
82344
72552
26067
50178
66347
60961
38726
70576
27165
7634
48068
6411
82246
60855
80470
93615
56457
90801
62583
15230
34047
42167
65859
83173
3247
80228
76477
2845
56109
69582
49917
18413
51628
58007
12405
10444
5377
66876
43551
6564
67446
64939
88677
53618
3655
70513
81260
18826
55260
7857
35005
91352
31139
46705
77137
95073
57706
73871
41785
92968
8534
29648
81224
49676
82243
38745
63901
42926
41913
11607
10256
10577
36807
4856
3064
65050
86302
32508
39319
93271
20909
50822
60931
95292
4436
76589
23890
74504
43527
3120
90625
23942
29185
5126
3073
11760
20482
11314
49087
10125
90695
30645
50158
94299
77157
39998
17266
20872
41537
84156
18828
91962
85135
36181
57917
66543
31685
39247
1817
83518
30682
50507
68874
90108
8321
59153
41502
24731
40188
16327
61294
82669
44639
71739
89355
38598
95363
56928
97703
56095
98531
52021
55549
78967
10102
98144
17951
7028
45641
84922
82906
53415
2648
33092
15112
47790
20425
14872
37874
5107
97382
79610
67231
94257
52437
36109
42141
54486
88117
74594
51179
68260
6903
89611
39200
37330
96695
2477
17820
71920
58869
27700
5642
45160
5332
6016
85582
32863
73359
86877
16880
18298
87731
39825
5477
22046
9341
83919
51895
74671
8560
97640
19377
29402
80755
11009
77064
77615
52101
41599
32073
58694
36158
19935
76571
20099
96099
31842
24433
57299
91845
56262
23055
27766
81399
40848
56597
50647
75914
45828
26829
9974
56743
759
87661
88166
11465
37116
78794
32306
67316
43355
4857
46939
80278
5568
70339
52125
83768
49967
41188
15824
36864
5269
33024
70121
91559
96153
12227
59680
42674
86226
46995
67149
46447
38738
72021
96332
72846
7008
24344
10591
4889
61060
42593
54643
21970
41307
86356
35674
1415
77226
47965
69655
22900
40814
34392
10585
87574
19858
17667
64126
18919
68763
49789
82521
28539
3901
20315
89007
25878
81777
32967
59130
49416
77214
16469
28880
1254
96691
38532
98686
53797
28695
71213
7662
54741
15991
67788
24393
27385
9630
95208
76341
20287
91812
33888
49726
57984
94781
40723
58419
84981
84562
84524
48616
78963
4845
34825
153
5798
22029
19878
29646
50406
98618
23211
17305
31319
36658
99055
42204
81731
47202
40967
4520
47788
42576
78159
48801
31857
48533
46387
61245
81983
45640
41850
13483
37617
53461
25360
58544
16965
46157
32879
93228
93020
30711
46185
83931
18158
16964
40149
21464
44872
85345
87987
42012
30979
88421
9821
196
23842
48105
25357
90609
9864
83703
56261
72136
45299
7099
87231
75289
76441
7479
76497
60029
65245
48595
69020
65273
34030
89137
98290
14464
88093
34207
73665
54708
62617
35909
38528
3789
22440
62334
61333
28786
45956
14211
12481
98435
4943
70755
69321
93338
66197
82127
33538
23014
80317
8305
85655
12535
42699
42077
90170
29656
16053
19648
57093
63061
97440
59765
90635
88350
63766
46326
28769
46340
89510
4624
83746
4513
18009
25135
36643
83444
37964
29048
32884
29929
10767
45526
95120
15735
42520
32459
71841
38723
65925
88104
91666
89475
42444
3321
7507
76828
53601
20055
40643
3980
78724
58593
81053
44036
60867
18981
77377
52909
74291
97623
24669
86092
60007
8420
46904
12000
8299
24641
44348
11495
74784
1692
14909
80192
96819
26868
45898
45740
98492
25477
50479
97070
20240
14331
94340
45041
4132
84168
48982
83369
31807
21392
50448
22193
52250
21665
33510
1748
65590
19425
62461
63911
91674
63487
8026
78099
28648
47628
24134
34960
78939
32930
43514
17325
67296
22882
76877
59437
78381
6620
99543
6763
99714
37831
9953
81534
76923
19728
17260
95127
2799
62575
51866
97351
74280
82102
7261
4606
88703
43971
4954
18926
97043
34868
98456
62830
59398
87738
23467
27610
60820
70950
9944
77656
91441
28831
2725
90517
69662
7574
24415
66350
46536
40305
94854
20203
44733
84676
35929
55973
61003
33022
56857
91753
13399
94526
36509
12404
26999
69894
57266
76062
95757
91720
60332
30899
33280
89118
70094
83164
66040
94390
40850
85437
40182
56393
59061
77143
66510
16333
19074
94253
79394
98048
17529
32004
64124
81925
59228
62756
23111
37899
94070
30139
19659
36680
53897
4833
88067
29830
91922
37814
22684
20148
54906
79879
56781
61693
27420
44303
13166
57237
38926
85370
2902
70991
55886
34213
28757
44683
55402
66465
23690
63213
15212
76151
50850
52970
95744
17125
72078
42748
20164
4326
45727
87892
54635
2640
11361
32558
87501
97559
54385
58816
69199
48175
55228
81133
83370
32622
63830
84406
539
48
34836
82576
17926
22228
85670
85297
12744
86020
61684
85219
16248
29010
37588
23451
53976
13725
25830
52611
23966
97651
55884
13939
19385
1585
53833
77151
96579
58981
54612
20714
3362
45428
36057
1912
39738
75864
57388
29793
14003
73409
58635
74785
23394
48029
65552
71692
7926
53618
9647
23295
17569
97479
43794
29905
57890
55395
23279
97065
5611
94445
46978
73417
48692
88914
97644
83592
47739
1957
70760
14430
37589
40609
24966
88152
11926
64074
66918
91275
22041
30290
9426
48837
98220
84471
82904
68095
26908
48233
30883
97102
73624
39178
50293
83289
87332
31694
85059
11717
63517
64833
48397
15116
59907
91368
80312
51629
8584
44351
92298
14876
36468
10658
25250
48122
90131
61479
53969
70079
54395
98377
21081
8340
94941
39583
67584
69213
85863
83243
51888
4275
38516
18063
50895
80112
54833
9337
85206
54148
64237
98047
50897
26148
84188
31269
77682
39074
41832
60860
75698
1335
72245
99812
57636
5085
33422
35122
14967
23930
59921
37325
87113
5206
32340
45554
27011
73773
15507
70200
17589
35392
74776
77006
97710
87686
92965
93312
10679
19136
31936
31672
45933
30475
51675
29281
13626
51982
64800
80998
68367
44274
32790
92537
3776
39697
74194
13968
23132
30504
95068
28138
39079
45574
22173
21296
694
14663
12450
42262
25062
18266
10704
94656
41977
58781
59300
20577
20206
57194
30213
4895
32188
32715
28425
24627
43594
31146
27264
47468
19022
26147
73569
27891
50689
13018
34128
46217
37276
19593
30280
53868
84369
97074
50058
19384
23751
36211
12162
78763
28563
60919
44659
72289
37168
39049
55199
19710
94044
34179
36244
10026
22862
10532
11126
42102
89239
68928
67653
6909
52596
86418
86283
66405
33037
66541
13060
5
28813
78640
24522
96224
30655
28087
82044
71344
56417
65838
40427
10206
84904
76513
94145
77358
63632
6510
12782
32375
33341
61724
7472
69807
79795
28293
4606
70214
37902
54767
64529
40585
72095
86040
98896
24999
78660
56271
15158
6384
3459
1440
6562
69785
66466
18759
24955
20187
55366
21094
45022
72092
95367
10321
73894
63589
58508
78471
7606
45394
72840
11643
19365
88105
35600
61904
45319
18242
43095
7907
66836
9061
99401
35010
32760
27376
67200
23067
22071
22423
9702
90383
29402
54566
41224
1701
59961
36963
60691
83130
84135
54894
14159
25974
95541
54922
81076
4667
61220
11605
38828
41367
14155
74451
85639
44376
23520
43977
45653
37823
66087
77957
20292
109
38773
52283
14358
72698
81855
26763
83837
87044
52164
3998
42646
47812
92211
43598
50752
11069
86683
39173
89751
48110
89357
34974
91218
86023
9871
72040
60181
25784
98368
26153
97395
60100
21572
74047
3907
37972
54795
18434
69758
61449
28642
87909
56371
25129
86965
24731
92935
53403
75039
40246
43116
37741
80976
73706
11133
41586
28697
92112
63731
10154
75863
78535
70567
54361
77754
56853
29669
85849
33137
67756
37929
71915
42740
3847
93912
41929
5358
68083
24734
56119
67781
33387
89823
14680
870
39035
8476
13629
50962
88678
67397
43960
47103
51459
45301
41295
95500
57570
44174
20331
45158
62125
78994
37488
89040
20425
95387
23527
17138
61308
52344
57015
70336
64968
36260
86387
18757
38965
40100
96173
67949
81230
78077
48327
9452
26465
25872
16970
57806
61098
31443
20048
71900
61321
30126
66299
25991
78831
12270
75977
80853
96440
13993
4255
99461
92274
78319
10370
91584
14749
9897
29092
11934
10890
55856
26875
22130
12837
24845
42990
91604
6575
37321
43369
22601
77828
41360
78673
61488
14812
55014
92657
683
94925
27622
54321
29608
41101
79795
58280
15116
45109
60061
92680
53115
20641
43603
45240
65894
39732
7967
88352
21361
93592
69442
19645
3231
20291
60268
92244
3837
30709
2040
11363
33545
414
63106
73107
61853
28732
87558
35146
84827
48034
57270
51485
94486
52725
85464
4962
91194
15920
21946
68611
81562
10215
39475
82831
32564
58280
40311
27274
96067
39229
99350
38565
39233
61038
