40089
94200
69890
41097
79647
707
79996
4601
72886
3583
60074
26866
69776
12872
12399
30895
26766
96089
89539
14817
76703
45571
35208
58484
16791
61433
15018
86729
79144
64296
19506
93474
11391
12036
6152
40956
3997
74782
81858
9590
98704
68946
12333
97553
49006
97756
77238
20560
47790
63882
694
13086
79106
46957
11704
814
13109
94953
24168
73277
4605
5836
51066
99893
15709
80795
46164
92907
11962
88744
77401
22664
99800
17408
64531
28100
95696
79457
86716
71950
51568
81352
59210
45224
76111
20328
69268
47759
39211
51159
1861
25849
57697
18082
9243
68119
60904
30657
77948
98458
82731
4613
61303
88402
58881
59790
65170
71697
31115
12314
77717
15693
69161
37527
40306
76357
97017
6617
4176
93115
35917
1062
21139
70720
25320
57327
34185
79277
89301
3770
61555
99245
65955
21754
19502
16792
289
28288
39613
76410
58514
95083
13077
35731
6605
89018
23397
91351
30133
5154
45759
149
239
84284
44711
31957
85445
14518
87768
14203
15446
10377
31469
21800
61239
26410
33875
53183
43754
84762
94472
98149
50042
4184
27695
20065
50192
60151
31924
2916
1365
26858
66422
54754
64485
77179
48182
83614
69196
57307
21051
97892
90656
75699
98335
19023
27834
38713
58521
50091
88018
51455
487
27540
24790
14598
58136
48830
36742
976
92500
31086
55824
17682
3369
89477
88707
7144
39859
6877
79314
26882
76006
30156
76423
46428
79259
88550
46241
15340
96917
27967
3851
24212
28431
63757
84954
73496
62948
90412
36355
65129
79066
92155
58455
94176
48331
36611
53597
16550
90034
63192
90474
78576
52655
33624
77311
73512
78391
20529
86110
15046
48795
39711
89642
59069
79858
4147
59483
92338
12006
67599
83803
45576
23512
60877
93920
92695
32657
35808
17670
40155
91431
35858
28008
60904
12360
40780
82715
85370
59589
20404
31720
5387
59774
24144
54627
57694
56422
58794
58668
82905
31987
33676
20514
75471
62276
56586
56575
48955
64047
87102
91252
66729
61830
71247
75649
54734
62885
61867
19057
21048
89499
66771
95504
14079
55187
59446
95498
91611
54846
68309
97858
53295
39102
85830
36139
57988
34929
2581
3207
11376
40408
74820
89209
63221
45155
41330
94377
52774
61372
42778
90708
6628
21772
3986
89164
7079
45838
11220
69843
43511
18702
13850
70480
51643
93372
52034
69772
61256
64019
94961
63180
97339
17249
55124
71563
50435
36499
85697
39474
13653
82719
20156
69719
55106
49805
40918
64592
9414
99714
60399
12018
54647
64906
77532
21002
88030
38273
84420
79927
22146
25279
42852
94979
34175
1246
63506
26364
90294
58441
93119
3155
23614
91426
68374
21455
44120
86160
801
97903
18144
67396
42122
62203
36479
83366
62367
32613
350
16641
26127
54050
86229
13543
85361
159
12257
46402
67683
40449
91923
75769
78960
40925
83749
60603
74539
77137
49832
8619
40760
10589
29146
28135
82698
70593
22995
47831
48135
85909
51198
51823
82759
55967
20100
97153
63579
34644
19043
29218
25963
79758
96606
61495
20376
87046
2959
59836
23616
64303
76920
69392
77151
79055
17654
51265
96594
67610
40118
94223
70296
10284
17762
21440
52849
12867
76244
71840
34728
8247
54411
89970
23725
75767
46971
52215
67227
71970
52927
92121
93336
45822
75530
18133
60443
54232
69115
98404
67047
72760
44718
32196
87670
26464
96398
65575
44689
3746
34025
50264
92283
67067
77885
38533
82670
68656
18702
36525
63613
81699
41401
32360
77464
18706
90818
53517
23214
98508
98378
55460
99277
69521
49885
38633
71269
65381
49255
69337
86762
42096
5798
18333
62840
47765
49723
91728
29937
91181
87418
52910
28770
97119
16673
98555
37091
72415
62982
26988
61341
18272
29897
56374
59207
38999
36168
66130
49193
25358
176
28906
22657
74529
37393
12707
72483
61880
40395
7910
72699
27522
23493
84204
12110
46314
24956
8230
90974
21433
78104
36711
6541
28232
39226
3950
21273
23135
81778
69907
72678
7535
5358
77485
85113
20809
24652
77662
26368
4857
1200
73213
20047
92706
89329
10589
11397
84023
78829
14718
74157
50163
87741
10160
79264
13238
37284
31488
79720
30333
29697
98753
38208
89597
5987
27448
54551
35483
38812
45027
55923
95115
50446
13958
90225
7139
15522
62932
95883
2330
80472
16087
31859
95619
8249
58685
252
89184
79432
61503
5464
5221
55511
35214
65371
61387
57525
86844
9310
56205
69829
29957
62912
1346
6314
29912
48807
6167
10302
32773
43524
52136
23266
92997
98004
95259
27216
20705
35267
59514
37452
37952
1036
22603
8633
36304
59707
80589
71783
12240
33331
91889
45834
27767
98411
3635
2567
20997
32211
95699
66087
48069
83156
10325
64526
31771
10901
54385
85861
78768
78363
38103
12691
92022
79080
63779
99530
88858
87908
24888
21182
50374
60825
99453
50417
63088
55000
24561
63529
98370
20409
42860
1219
40166
83455
94195
91072
98414
97210
95031
3133
28766
2918
16811
93857
44951
95537
17056
47760
81760
99642
31488
55805
65202
29333
80259
19804
40065
26571
92240
16628
58146
44030
78100
11379
43838
30506
1464
59708
46898
56582
91714
77660
8543
34858
19531
55995
77108
51659
58744
41421
27414
12674
47575
78856
41194
6250
1624
52336
26655
32296
11717
45965
74075
22405
1536
25374
4896
70391
50360
77703
23674
83774
39623
78566
45959
93642
97130
5988
86948
36249
9278
22822
98193
62846
86387
40579
84576
34429
1552
97840
90911
8211
62628
65207
49086
56147
31556
5191
2623
3915
77989
7236
12123
42373
42360
81439
48107
71785
59837
34656
81625
69440
88069
71103
46723
66419
61512
3155
51784
40562
71359
95778
5939
12016
90752
33399
54978
30540
92244
46641
30738
99178
87862
99159
38632
88576
30250
60458
59038
31213
85111
31731
24776
19395
90658
9180
57506
63621
8553
25947
10456
42508
54233
87624
21329
62788
11373
39151
47321
91699
10371
60769
27754
5337
88380
26821
49430
68594
83728
60268
44180
58265
28364
74722
46788
6087
17418
74944
16960
41849
68682
70783
93026
3055
87090
39
3244
26609
20991
11397
84856
33548
14727
88539
82236
98682
33325
51089
16345
78688
3648
54825
94209
13520
60113
47952
65058
74223
6319
433
61971
72785
94144
11235
17466
84512
25662
65795
77464
71708
2603
49468
75058
92156
83379
78050
18269
68274
18717
56511
740
33421
86669
85989
84537
78648
22329
66305
15798
24320
17254
55249
48751
61875
97406
29228
49686
47843
47472
66431
70025
69513
92165
94201
71356
30759
89498
64220
90399
95526
61535
47603
8013
63838
29322
9219
25328
45236
25689
98330
95827
60093
69475
30660
67494
31841
73209
97405
49416
52635
52510
79969
70932
79677
22272
69310
16650
17680
44178
92747
62584
26168
91431
16274
67557
5622
73645
82536
14299
33352
37092
94046
99567
26699
83417
22544
26413
80193
80612
34362
74116
52557
92730
99403
44524
66554
57840
49329
3887
96827
59821
79252
74587
1582
18634
71263
74371
53658
77704
78936
81932
23160
55246
77521
64123
18126
24702
69463
30617
74549
97939
60104
86496
42588
1146
23554
44676
32357
59945
77686
15649
14606
72160
47291
76028
66154
84027
22366
34105
2798
80529
60311
55833
26952
9228
60503
46062
57192
48741
91486
32253
54659
37723
26250
65325
14316
62320
16809
94898
98115
8960
62287
97137
39402
50143
17891
69904
35890
85422
57492
38940
56917
8282
9417
81013
45308
63345
71765
37082
26464
36833
51433
40909
35757
18191
60932
21762
85027
53521
28646
24201
84950
39497
74082
42774
23030
84574
28913
69033
55625
67768
25443
30559
40531
5656
35921
48628
61784
44978
42094
13267
42840
29096
64028
88925
56985
11108
41274
37201
82019
74449
94619
47741
75876
49111
19346
50786
54739
9905
20393
94685
37618
26029
48017
42999
29645
95935
76980
9579
21728
27778
84870
37711
77396
48876
80314
7905
78313
78861
11377
70159
15184
47620
15373
90659
63439
38942
33188
69385
20712
24908
655
8255
21459
51871
66754
32600
1511
62499
22838
96556
84216
54197
52418
47648
6330
25891
34441
74605
4291
89790
46124
39408
94127
92862
68064
71149
57757
91635
46778
83905
92599
28259
96647
34179
13455
27620
69944
6069
83492
44536
82235
49197
39876
49856
69701
80506
7147
92607
83947
86262
43722
37228
9551
19527
44227
86931
93911
75793
16880
99433
26746
42684
37892
20297
32212
63069
67465
31312
7129
66467
42856
70545
27558
47681
20072
38870
25555
47987
98541
81237
12420
39886
59682
87722
75391
34729
3729
48182
36408
46946
84718
62260
2759
38382
90164
3348
59771
66209
57799
72662
31017
8246
41081
71460
12508
33084
19144
71148
95984
32701
31172
90201
74714
4523
22766
83917
78655
65097
3420
39069
88357
9556
36826
3273
69158
66413
10314
62678
52640
72035
62732
38250
26890
32097
25304
17092
65730
83346
95432
34293
19329
18380
34707
38623
4527
32064
89268
42024
23731
29085
58153
28283
22275
28283
68343
3451
91130
18667
7691
49797
32519
37624
58332
2209
54978
6969
53484
46660
11673
45175
83468
24646
7273
91702
66719
39355
31848
97505
13399
36655
29183
67734
42844
87075
47862
71339
491
55551
83047
70716
84923
42611
75860
98515
890
64366
11124
68242
93174
89946
98248
23455
64824
72114
56780
75789
52427
23552
62761
4803
4571
49431
8936
70571
63960
59690
50945
2745
69465
51560
95121
38901
57085
9813
55402
29896
25324
66470
69604
95775
48349
84408
35345
37279
6737
24141
30575
20869
91708
22148
1814
27832
82244
35764
6513
83086
48193
37157
94089
64952
81061
89514
84797
65482
98357
19423
76942
38955
79349
55996
58711
99189
12674
46451
40154
6442
55609
14284
22196
42963
56949
11449
38643
31414
10422
90008
20382
41428
75676
88838
33266
59067
29458
66650
65646
20847
12072
613
67620
62928
6329
60740
34832
28296
85420
24191
60644
84435
96405
26402
56898
36075
9115
33877
89731
76496
47957
96089
93044
74224
48621
28162
8768
95320
67270
39084
41000
68375
91770
98747
75792
3979
33084
43699
93075
41707
44637
4368
38550
38256
54346
74275
77114
97825
37362
33770
59147
74586
7428
72715
93109
13367
37207
37997
72311
92066
72452
67826
64144
64599
60366
1941
7957
16945
88130
1436
38020
2483
50265
98874
66867
11189
11546
95076
78242
81416
65916
82797
85231
6216
51850
60673
81256
68157
9951
46554
72026
81518
82832
84163
48648
85539
29257
60838
57144
1204
57583
44628
78440
95476
6405
87313
72382
44980
62186
41912
98172
91861
86400
55027
22610
25134
63464
82703
30798
14070
26856
79295
4462
60238
11150
72176
9046
73870
6606
61668
53885
45418
55143
71150
12962
26433
676
55528
38012
5122
88287
37396
57135
59484
73760
42542
61114
75584
99427
61802
68621
10293
15159
61359
91767
79064
11362
85103
31518
95917
5442
94402
75944
41798
98926
19454
23350
55375
37339
90165
39473
47284
70235
46411
83996
41328
25760
2483
63657
11667
7007
1413
36135
60814
24207
30589
11417
48862
74512
86387
9506
50291
33640
6899
29693
22428
65896
18265
27913
60785
49390
83659
50689
35901
17924
58962
7337
81606
37029
28277
24676
95194
38240
32852
37891
77239
83061
48255
16536
16534
26812
657
43944
22837
38437
19564
88351
30529
69498
47378
71454
11037
84288
15389
14479
22161
73116
73980
85817
36529
65843
52298
60111
32104
42346
13932
93858
97730
31564
73191
6871
71315
6346
40348
88275
42279
45404
76930
54707
62823
2310
94782
62777
93669
37846
92320
83872
25092
28649
60509
54256
21702
98989
90949
74541
34547
24897
92929
77482
42276
8857
82699
41307
41449
92926
29673
78216
12989
2898
61639
64349
97796
63537
75824
63198
2845
27155
63913
26808
19210
4398
38090
88883
58489
74776
68345
88803
72463
33801
54565
42942
40432
64415
22269
21160
21165
32924
51403
55370
17642
20970
25232
76897
62347
55295
97756
22610
72090
11675
31114
1467
8920
89134
99926
90181
42942
9783
84316
61110
34478
95687
18767
3586
11739
73699
87602
11234
67889
33608
23702
8285
80643
32105
99569
76930
82447
45493
20919
84792
77776
71604
96920
94988
29600
41039
55254
1258
97352
12687
44640
56071
78309
95453
3184
50523
4153
63753
84510
13420
82603
3398
99775
40069
1435
15603
75998
28325
25031
32213
98004
22036
38835
99807
43719
18353
98968
33972
47197
11110
9772
83587
1019
17917
6825
57168
20254
4140
65021
25172
86517
83723
11374
59739
1337
22631
12103
23659
30570
23823
87396
76580
8072
22667
87222
16451
17611
11820
11475
64288
24415
77054
25341
57016
87871
80922
82669
33541
23564
58617
22908
81192
88587
81699
42606
1129
36537
40997
74043
5685
51595
67873
79739
67943
39718
7872
20142
82721
26935
57474
68517
88953
39185
11925
89104
90193
32385
96612
21381
14974
37807
71943
74
30570
42195
61432
96543
30421
53586
9798
35403
1622
44052
7554
71553
10368
81570
19671
35598
4544
58465
36918
17090
71362
28198
79759
58873
15091
67061
32765
2949
28961
3450
1752
54042
80286
84643
82350
41301
40388
64376
63467
36394
49842
89176
94868
31144
55924
45585
1716
53483
47970
62524
59598
24255
40223
58162
66929
87819
19393
28079
40137
47393
8112
8770
21266
15233
15559
67950
59688
17509
3384
32
49434
31980
64044
62668
82652
96326
10216
1447
20412
1753
31979
4827
90988
76398
78164
35883
98238
6043
5728
21571
89102
76078
86896
81882
77273
20978
63466
14695
83851
42305
19510
72925
80566
78791
73801
75365
49982
69038
51998
39990
29810
69899
82016
34420
80341
48901
68676
46658
30362
61181
48979
30437
59534
16926
61350
90262
30095
45603
24682
91683
14011
1823
72643
1444
23299
17389
68684
72533
93886
10324
88572
64084
38458
63991
75396
73049
22893
49655
7381
79181
84585
35973
46335
85288
98734
31847
28437
98379
70202
43238
17068
39479
91548
8562
26721
26760
61382
24435
56986
53745
87040
10189
63620
12309
9336
43470
83932
33215
58104
65688
24458
58623
11600
10406
67304
77826
16242
55356
43104
67404
98557
53999
69139
41781
74897
79950
28022
25053
29889
74668
40598
22445
65287
70379
64348
73612
41617
61415
6540
59546
96697
18236
82087
82573
61010
19060
78225
36453
97630
35281
82029
45742
83613
4659
27268
48786
12479
81799
67812
9848
39323
89133
59205
68669
83032
65828
79175
67469
52808
33716
66359
66142
71157
88215
72368
34346
82899
65605
50398
46215
22485
53850
28830
34340
49340
41862
45474
20258
55274
25650
49105
15340
71861
27818
48746
81461
12919
17131
76744
51501
10018
46313
30561
28063
15024
97309
21065
13610
83160
87211
93652
47322
97597
34508
15033
61058
88960
90652
36114
79193
54646
65601
13791
20782
405
99350
10
30921
17159
76276
48069
10943
94305
93244
94671
37969
12814
77699
40886
60738
61828
23290
57175
10707
49048
10873
82497
44285
11597
98376
57879
95882
34407
65386
73876
68433
12478
51590
20808
61708
59374
72467
69985
69911
97803
1791
24165
65960
15218
82940
8827
2245
56123
50504
2954
24870
60331
14135
68889
2088
96389
32831
46454
19051
31776
30336
70386
59049
91508
61038
25321
70644
89966
52956
927
75722
86627
68327
44230
919
39393
51004
42109
35240
30017
56679
82962
45287
2073
42713
45447
81432
28590
20500
29650
86447
96230
27831
85439
59179
2971
68545
63505
15891
4716
38691
63429
1228
82094
35975
99383
29652
69119
8471
49118
18494
4987
64651
54354
36874
76967
64819
97902
81984
63243
37149
38032
82505
22653
21699
222
63979
68728
17620
44963
42943
44204
87549
40694
34672
3951
32020
15963
