92936
44052
9376
72918
97234
19840
91262
43198
69136
69726
22061
97821
74898
50115
43372
80774
50457
77393
93628
40148
86629
81469
41596
71907
380
93739
67651
11995
29300
31701
22489
83975
84541
27435
90769
8132
24462
12852
77671
71893
55594
64146
83218
51155
59631
66787
31175
28577
22011
86660
20426
58397
19451
77681
89393
16115
19377
14184
17494
5388
11265
84907
1785
15139
7320
97027
59280
12664
23578
38178
95020
77502
22438
78945
1738
10639
68936
61544
67474
6783
56412
95180
29231
1933
80026
58162
51723
78518
53602
68370
57447
25828
82596
53847
74356
4
2412
39554
26129
82997
44873
80238
26625
10844
33913
77999
66600
67189
56307
98932
78594
91492
37200
55755
99936
97865
25846
37187
27807
20145
85123
87309
57959
79817
94962
60892
21534
75150
43277
51531
62406
40608
37872
60637
25434
74645
44117
52544
32000
64649
42466
14347
92202
46771
21547
75782
89423
19891
83812
34217
55234
34184
59016
54877
19820
27966
31615
45310
79403
98052
73263
67586
43461
15964
95042
54579
14698
43819
18832
16152
73126
49936
13609
31730
95360
31793
63457
13378
86771
53393
12888
61640
13094
67071
19397
68518
36937
13832
73278
26307
20654
38155
53351
61739
48802
10029
96213
36339
60167
86339
46685
99323
13103
16013
64925
11180
86647
94947
83463
73985
51486
88806
7558
79779
4032
11065
89358
83052
59059
42025
16708
37964
39805
95015
2151
71018
75696
73207
28218
30210
51843
64865
16080
96205
2543
17892
85938
35614
84323
522
68783
78217
97988
88887
82017
44638
82180
97563
40408
15891
38397
82023
49381
54016
28875
97916
29733
48643
75587
12735
78216
4963
39028
55304
17949
94578
21209
30522
38300
82060
99639
24141
89167
66652
77593
2503
44222
86430
5286
94601
71222
84415
57948
35717
93205
37344
70891
85390
47348
82938
6096
99272
16689
73787
76812
95198
79672
92558
50529
81586
89870
77273
11465
78862
23066
6688
59570
68666
85264
50023
52858
88743
90363
4756
60066
48904
71655
10131
27634
97024
87336
82291
38538
69238
52234
57869
93152
98085
73878
29381
13499
58896
94077
39882
7947
30163
85028
52695
75106
99796
91308
15228
66611
5752
44797
24630
44166
21107
45935
30491
76021
61527
64341
76786
60902
26349
12518
69918
14565
15938
93001
88444
23804
56216
74620
59682
64082
56062
63425
44711
60350
89818
89094
28065
93415
62818
68720
97450
75354
22858
74563
79068
55078
66263
50480
33051
58359
87954
62427
41202
48877
53112
31431
63477
67736
66639
55457
90501
33490
12467
92102
5715
95065
66895
93874
97404
95816
28743
8998
92370
31378
29553
58325
11867
79802
86564
20747
54962
36401
16104
62842
25132
57421
71757
68003
96981
42498
92376
79774
34937
45279
45560
48709
15806
93192
70999
27395
84334
17900
64748
72820
63859
96994
97357
59609
43163
31013
32993
46972
28379
19625
26131
86746
7888
35224
21699
70545
81792
80142
36695
23303
77247
31469
74799
37908
81198
85246
27062
21966
24222
20613
7828
70191
88018
41919
21088
37925
80193
79387
89203
14838
55515
15154
10776
92301
91811
47940
59903
51717
85851
27889
14161
31217
2462
90320
72029
83014
14694
19919
59313
74438
23245
66760
30949
74858
93009
31741
15921
96267
65905
85488
35038
85677
13204
46049
27354
65832
77033
76772
76165
48788
21864
63134
73833
49360
51063
348
31334
38991
61929
28592
50251
90048
73154
64777
513
14681
21653
6062
50241
92735
9966
50327
94822
99573
811
53129
67773
43806
93861
18251
10265
34576
74765
81193
26307
26231
10833
52005
96622
93763
37213
19732
42696
6992
40510
91100
8781
560
90019
20424
85974
61111
95132
92870
36303
90530
64868
32190
56997
84580
98811
26607
40766
37871
6764
1383
81827
13084
40494
79102
83736
58167
7013
5392
68237
94505
21320
91445
50733
81027
10877
77471
883
98565
4577
92528
94780
75656
27812
37749
34359
21038
76112
63810
99865
29604
52906
96779
59534
51120
66994
26141
43946
64349
81157
10423
84157
33569
73922
58792
65188
84455
11273
48934
52924
62333
39038
93192
66130
5468
28045
76897
79670
77455
84616
19258
25294
47427
63404
75018
9671
53034
29058
64436
18182
63499
4513
8125
7836
87465
64432
4745
31064
74350
35081
6993
10230
33525
75065
41443
4885
90097
78565
98615
7718
69148
57350
59145
89217
40768
99989
64535
86802
91772
12609
78744
36432
37684
52605
42391
6798
248
90455
64204
98955
39438
86851
30101
6788
71646
27542
82518
27689
52027
6094
40490
38380
937
32015
76292
80533
52399
97288
71975
54227
34587
83412
49854
73294
41836
96893
92632
17048
25312
21115
2212
8674
47770
27929
16293
45514
87215
20600
57747
56401
38382
90541
7374
18763
93674
68710
55199
80528
18597
61867
92204
41295
29594
24159
95096
81378
74311
57637
25205
4477
94453
93343
59783
42112
51974
97521
40150
28908
23322
62820
27055
28210
59742
19559
36376
39207
64306
80368
68366
91924
58644
68992
5853
13673
41390
56197
84699
97233
99609
24537
53025
54561
84333
60967
16359
63947
23942
20621
13467
86159
37044
47165
29406
98224
21215
92478
97563
66724
48469
83120
20549
12230
66578
80717
49579
27334
6475
14762
67003
94303
12247
66845
14385
52297
74362
83704
40313
12133
11727
55347
93353
93238
71569
73448
78996
78255
65574
55704
79116
72295
60265
43019
46295
58601
55794
10741
35501
82920
33956
23315
87755
55568
36435
9365
47383
74072
16464
67062
76209
29075
52915
43494
92146
42277
48292
24457
52228
97011
4870
22072
73598
10195
29152
28229
15162
89827
24136
28827
65364
45589
29838
8804
49089
27816
1507
16165
79786
89906
16389
44036
32676
55161
81288
71562
2061
18401
31394
4866
46916
31071
51538
3425
68805
5644
53902
72032
61281
77942
57385
61061
90102
65232
64701
94016
15408
46538
53146
40177
14491
57499
6763
5831
25284
83098
73601
62050
70699
27725
26846
44506
59303
93752
68800
96345
86902
45431
21097
57667
20607
58727
82151
13302
80486
11230
97668
52876
38827
5979
89420
45917
99616
43000
68182
25314
54629
7324
18578
29940
25890
29037
75917
49939
38976
7330
4196
93666
46372
46039
38787
64912
5097
68314
28248
23186
30585
58530
80248
73643
17064
36287
16269
98093
25005
4652
54620
96793
39421
15969
64399
2147
84102
71365
10147
71345
74181
84097
26064
36578
70372
20976
83760
5803
90228
91378
54926
18973
35842
22848
61741
32226
72761
25817
78738
76166
5237
13851
21583
35826
97343
96142
35564
47443
8170
33338
4596
48537
7848
9016
43161
41564
87081
9254
49509
71161
2962
60852
68351
41530
2070
27068
10998
97300
94196
14063
26125
67370
38124
93801
5763
91567
86591
47174
46494
27848
48610
15599
10803
41455
33086
80269
78164
15092
74568
90494
89558
49886
88472
1924
39422
87631
136
36891
41640
88934
99307
49859
5716
54878
82407
77339
7437
22932
42352
76367
31671
36582
66947
57032
15061
39798
1147
35042
55124
63278
81300
22811
61495
24477
13786
96742
12831
50975
620
93087
31607
87259
30291
1978
88538
84422
12825
96820
75297
36358
55720
98923
25357
75729
44512
83914
33005
87955
28979
65916
93645
54701
58465
3809
17307
57563
48300
58814
45399
51822
17687
29359
98998
80184
84096
51352
40051
7815
92502
80601
10387
36424
67673
73215
92435
7885
71373
15575
43984
40009
99130
71550
31475
10903
51588
3412
10775
56539
32161
28111
57656
46112
2108
19500
74138
42913
26310
2976
41107
57763
6355
28748
88822
39967
70904
72943
3165
74558
71679
72181
76210
82876
10180
34446
88410
17327
2064
1561
16575
23553
35983
41279
45528
74137
27152
12060
26039
89209
22712
79447
86542
95808
30052
46291
70911
50222
24825
27327
48383
26920
25481
4424
33575
2098
5061
98414
25911
78297
42585
85171
68326
38323
44905
57136
87018
5053
21734
59714
15904
89060
5164
1473
66745
93440
9051
55698
29058
63642
63952
49138
78478
86831
59680
41682
24194
52236
48017
69347
78844
27033
4372
46183
8353
58994
66690
26470
63714
88240
49266
36130
43402
90791
22453
64482
94151
71880
4014
32299
76530
69447
19473
45229
50108
5751
86391
13049
63319
84401
93915
54065
52127
45107
63573
22519
19907
86661
76752
95111
71636
33207
64585
63905
83496
9574
5350
20446
29067
71261
84657
4484
2436
47256
65008
85972
82239
70276
28675
84929
41500
45666
44569
38811
54899
18699
37838
25673
91233
68045
76517
4117
17972
96340
16574
31874
32400
87684
54997
74040
50427
96706
86199
42240
54731
59346
79329
86123
99786
52730
6263
7980
72771
70214
9981
18406
99596
91717
85589
76608
13039
27249
19542
25142
21623
96204
47110
54313
80564
86565
76308
63894
60458
44762
81556
26819
78492
22744
64088
79189
4817
28509
10535
44160
20672
40479
74844
68822
56798
2885
22750
93697
18497
15539
65431
56427
66927
19331
68404
21402
40072
1582
65528
60058
97805
55787
50717
76050
38699
10542
27560
21464
2664
71186
8680
54048
4297
25553
4555
84879
38493
68751
76764
25455
29610
79511
37980
21275
77554
38205
20316
40634
2849
8579
81173
13864
88342
12087
47621
18064
63692
65753
27175
20374
55587
47067
621
17104
69584
20417
19996
30549
57246
70791
5251
47886
44223
43522
76537
29033
59923
1503
71475
18540
85971
33127
32639
73062
2555
14852
15169
67841
20306
77085
41575
28980
73111
85629
88778
73845
84042
13362
30084
85195
60947
19250
6664
26754
92915
26839
7938
36664
3270
89355
67660
86196
89554
67935
68554
49334
16014
88597
81380
39593
31698
1853
17821
95605
48151
85884
35188
86482
18730
72489
67671
86071
12658
86482
73566
60815
42203
95195
62603
5549
76287
37094
91292
46807
92689
29294
84682
67453
96549
46157
20034
9133
39423
99870
84606
28671
95222
14973
31455
57963
53669
58506
99560
19579
27790
55404
7098
69850
45611
75986
27560
95340
69715
60501
19126
65175
12901
45337
80627
68703
7091
52274
90576
79376
8206
65411
20476
4084
52682
57154
37821
82052
99438
72952
3405
86779
54491
15428
10543
67430
44823
60703
25388
216
49972
82234
3631
32090
1761
17923
52441
75808
71693
25703
62625
95830
27795
35569
57260
67705
36103
5969
53317
35458
62331
1912
22489
6973
84334
91743
36529
78488
33170
36423
66573
56791
56856
41530
39994
86948
22266
14449
84975
32259
73573
60048
17866
32516
6561
63980
20258
47666
88383
8684
4072
19240
42046
25965
52799
8099
98649
74911
86293
21491
36496
22765
91293
76171
99698
23322
40459
97047
95076
49639
94603
19501
79857
50417
69246
60573
25709
5527
3634
80002
31943
33785
46364
58618
89291
9275
40693
73458
99890
12745
78926
71899
7303
3317
51921
16857
93814
86972
39574
62425
91922
17383
8159
61090
53059
67726
73905
3653
89003
13590
84463
74959
1300
43578
38772
19357
95928
7751
63789
7950
44043
38978
68913
6580
50729
11589
72382
63556
97304
30790
10545
61006
1658
41496
74017
59430
85489
77194
34488
26944
49454
33806
86447
82139
43129
57141
27173
13364
10423
34325
87868
44283
74426
45964
19185
27618
16651
96958
7958
79538
20844
23451
14381
86584
39693
29340
74787
19485
38638
86251
88518
62035
95052
26722
84165
61739
31305
63660
66146
6403
4092
14376
25238
19644
91122
12429
57058
68970
21728
26919
36686
50437
21479
52958
54496
8893
62786
93431
24986
50346
40078
16500
20752
67297
82518
3319
20516
72866
98491
97189
38752
31374
29948
32869
1808
6807
36264
89703
83801
31567
86621
36609
83898
16066
20347
44405
84221
44736
65579
8622
33850
73906
14277
94409
51017
53038
75395
89425
68481
31462
82688
61794
76242
36410
30443
47727
7387
84878
49550
61248
50729
19510
39638
81939
43758
28269
84286
44322
54361
49317
78716
90085
22295
29625
60232
94990
39365
15135
52165
52051
71473
38137
8589
16233
43437
73130
37821
18827
7534
11654
90554
77018
56231
930
33662
38110
35837
45834
69731
57483
60839
55121
14123
35807
37733
66275
91946
71495
37785
11415
80336
74754
9766
75616
82007
58077
25923
17826
25253
35933
4028
88450
80318
28411
58374
41015
11274
36329
22205
6396
10366
33939
99676
43559
15626
26369
72087
31667
43966
23641
6392
48410
78810
89249
47413
41503
19088
3842
81035
67399
66936
72936
38649
75591
75152
12517
26683
41465
86926
29558
96032
2696
16132
55678
40299
651
3918
38286
61315
31119
56122
99014
10775
96396
17269
78068
86994
67001
23214
17627
76182
84572
12489
30352
98424
49434
28899
22494
74904
50220
73533
63753
14364
50290
37991
79183
71592
70882
28746
32875
90012
69433
6961
69491
67465
43730
45365
47937
90385
38260
47620
66574
87194
1509
25038
69530
78639
26397
1867
27241
32948
63157
78956
74375
64035
75966
3804
39244
31688
95086
13555
22203
57397
77974
10040
37060
19619
32303
99183
55945
38182
21906
1926
10366
53195
89062
29816
521
81904
81364
76477
58953
16160
28759
45007
43092
44715
19632
91032
59608
81566
64757
41949
61506
17571
88777
40673
189
44472
83239
19255
26579
24324
40376
29929
35791
77020
84420
44702
45314
7697
63909
52267
57284
52018
12055
7289
77875
32262
83947
37838
77719
40382
40251
87547
55174
64795
48472
43778
547
91004
50879
76673
52352
20193
53322
479
88869
27457
68034
39506
54729
10660
41586
63979
55965
53214
43287
64863
18696
24617
99316
70898
72525
33789
38242
65538
1769
7503
75461
39469
28376
51268
17945
14528
1655
24848
5163
82206
68388
21615
48004
6121
35265
51262
77536
95344
7800
80855
60445
1556
52152
53544
22159
89848
8254
22223
50384
64101
21807
72884
42453
56920
59169
90851
71835
10025
95738
19332
27776
98617
88080
80185
44687
44854
27727
64275
65971
1485
84825
88657
69228
69934
98855
44311
79360
3029
99502
71111
62024
81178
73629
65598
34955
84214
98050
429
67369
39344
58317
72530
60269
3523
29133
73523
50054
77966
81334
52311
1967
57849
87907
55361
64169
92318
64472
92169
64234
68923
88513
90361
2127
71923
17430
89761
49581
66587
40992
4567
23493
77640
34325
51087
91190
16723
95935
77106
85389
10213
26778
13534
60087
17733
74908
67322
34487
24475
25168
52180
93138
37952
12955
77401
46088
36100
87519
77905
90333
29468
39965
26196
6453
83558
30325
64525
32287
98234
64042
50505
1032
239
95713
12668
74608
32838
85703
71089
94618
36343
27634
31371
50076
34551
53184
96796
98807
83459
59900
46721
82688
6507
72351
6457
79613
39005
75026
98081
67531
50093
94898
25741
76348
66399
42956
2532
26686
11345
36712
76152
19606
39079
78243
6817
90060
72308
820
83542
61472
4449
60784
10727
87546
8766
79688
82105
23391
6147
70640
62495
80863
20225
28315
37393
8908
32361
25826
5228
16773
42777
26755
27686
37872
61855
90182
780
79526
27627
92347
62810
29543
69877
74207
24597
51215
60520
74206
83689
54561
19530
9618
699
77439
72232
90761
7370
