95016
93638
32544
13000
30368
43572
90165
46122
33968
62989
68790
57224
2736
37270
46603
99551
36801
90182
25366
46041
28370
55050
57193
25123
81710
76867
78273
74428
39525
12234
83075
20168
55766
89651
64913
52293
74134
14735
81864
67894
37023
81899
99674
45850
11992
54742
76003
97121
81565
84320
59818
28949
91691
9182
86230
12531
38122
203
34346
81117
30487
92712
42110
53576
53357
19523
51548
8784
32528
96341
25748
72620
94677
12390
95068
31932
83537
29931
18472
82367
88349
44239
85954
93089
91043
70992
38022
22417
15879
67904
43740
70000
95637
50669
12658
95301
94755
19994
61333
32718
65186
22603
48781
83249
63527
52736
87251
82097
95248
77305
37679
24860
1045
63672
39250
84449
77197
89955
69740
14527
3194
90984
40331
5304
5330
2556
14706
5796
31691
47516
58897
40706
31458
85909
21543
76105
69767
49694
20624
1341
54089
21475
86764
24382
8506
95133
81199
56378
798
83772
94718
97794
74805
12422
5228
58105
29283
92025
95249
30441
43961
24109
10660
79920
61985
20726
89109
2936
48427
34661
44458
48485
21263
76781
26291
32295
87646
3331
50412
68751
9770
62270
99087
12733
68654
39358
9555
60024
14235
50826
86053
82648
81249
46353
7329
19709
12054
23090
16141
1826
30982
38295
32050
79915
59927
6716
50040
82780
4919
1678
66493
89252
15748
55918
39762
57270
81848
95732
56466
76248
60752
12337
58400
22196
36119
52173
75484
94220
67443
70766
53409
71498
63436
82042
88286
52758
12692
28916
58575
88320
38104
97378
95799
34813
85825
86991
56796
61327
17063
53548
42208
88765
31539
39698
60055
54274
10127
81571
25738
29057
46509
46286
16646
67190
70897
68240
96193
89031
87227
67288
57004
24921
78485
72451
39150
95039
99541
57926
81538
21197
29999
66347
52878
27852
57019
57522
32862
69030
78398
60568
6334
33408
25848
97141
21425
58024
36265
27007
19184
64643
73536
47820
18754
65225
2402
89685
14132
15917
65779
20695
89974
51860
12805
64947
31186
68487
25242
27124
67273
89252
92599
50160
75084
88782
58407
95080
81300
42436
78248
61706
44190
93967
51095
25174
71655
21493
35763
18173
41119
98219
90448
94181
22957
29896
94907
6345
73247
75028
30693
47357
64556
56671
4398
81999
11337
61710
98831
67146
94692
55920
21475
69428
94944
21007
76723
22135
84621
16353
59005
98237
11299
52414
34880
27988
66075
72588
77927
17585
19274
72439
64047
97073
56059
59100
27319
57210
95336
5508
57731
25824
76789
69518
37005
27363
55337
75333
62313
79734
60297
79761
37714
44186
52755
73929
92310
18025
96404
73030
22588
41839
52294
38738
89741
99411
48394
49023
46118
19347
62206
55189
43064
54573
14779
35363
73050
52282
77389
49079
86124
89396
59120
77512
57224
39289
82339
3856
6023
64744
21612
55064
20654
46759
92648
3883
97203
67975
87309
31948
88463
6847
21438
62372
65026
27062
2698
33651
74334
58621
15649
5992
24753
68472
49460
11243
53938
95612
55592
11896
3687
34100
20534
86118
625
69630
84163
35269
27317
87410
51255
33639
7655
8547
20188
39701
11701
94366
14069
19490
57069
42511
99032
62492
51372
32259
70954
70110
97796
77160
16917
32035
91593
14001
43400
57046
69401
41142
76107
741
68774
73976
47294
51571
44001
69761
70189
77964
37284
93290
72402
56723
3387
29814
59911
82552
74768
80476
22022
53957
87827
22466
16991
18583
81442
53348
60693
54442
20410
76788
96821
81741
15194
25244
18452
19861
97233
85087
18468
21774
6596
71709
8531
29611
17053
31861
67937
11870
89938
92805
47995
44388
68017
8460
61241
73176
44326
80209
40848
50919
94057
65117
53940
29379
6599
13315
86126
56529
95819
36095
99926
70782
99336
33148
48526
28910
62149
18032
4762
60469
56902
8066
49663
67454
54388
68524
11095
41192
95368
88123
92942
69617
90169
9139
13725
41707
831
1744
5825
42475
10019
39655
97238
86624
88869
83914
73973
99456
61161
43211
76199
71742
5536
94232
27013
22488
98734
17220
32654
79149
56509
16007
3620
66668
47230
11771
72387
80135
78391
71399
7007
33734
9005
53721
20985
27288
29807
15820
29181
9317
63452
10314
99867
92767
35923
69354
28928
96886
98165
94618
12593
93386
68185
81720
57252
89787
6316
98074
53691
90717
58978
20974
62621
85320
16446
93755
58738
85323
5657
73222
80634
47744
36658
54993
79339
47419
12019
47933
34310
18108
6716
19185
90677
80548
42671
56403
48451
20228
27351
32466
51383
84688
87925
27366
93679
95763
24616
24848
29909
22652
83384
6587
43488
64822
12128
47172
2826
57910
81654
18069
24681
91629
61944
58380
92205
39357
70100
61659
79701
56265
73715
89097
16142
85509
30564
62486
52584
26764
72385
62587
27799
58288
26144
28624
43971
1547
89752
49351
13900
5621
77262
15125
20927
55983
26171
26065
26125
53371
78715
56565
67694
65583
29045
17186
65329
71646
40258
86272
92446
78134
49020
86114
63627
16169
51300
4104
79639
14435
93072
57150
88518
73050
22831
56994
46106
94820
79194
30307
1322
26786
67930
45636
194
44601
2512
75872
41046
20449
32484
30728
80548
21495
63757
72488
34245
47917
59193
44135
17424
41505
67419
63917
67724
6827
88879
73983
1455
29584
76586
97061
6679
23924
44674
31341
68900
97644
80759
64041
25585
9394
30686
27475
48749
21969
57544
79728
57242
62879
9075
66834
54945
42667
81165
58520
47600
80076
39168
22320
99282
87449
70142
29789
27561
45431
12426
67444
36490
72109
70208
86943
68693
73139
21955
73476
88047
69577
93122
49280
29726
31204
47557
46093
19616
85251
68122
28963
23016
75840
56278
21211
47415
15265
52426
10350
75123
10030
20132
87708
14246
46174
2367
1448
55894
50666
82600
93120
96412
80387
58349
59035
5443
48927
2468
59451
51135
51118
5750
33778
39560
67978
75271
24449
37714
19725
23202
84892
19337
20158
76389
75689
53742
25347
76678
28903
90505
2682
97185
71179
70793
41954
31519
10245
60992
72308
29220
58657
83412
90799
1813
28298
1155
75953
99972
31945
35190
20833
16442
41963
2144
35049
21632
71520
1940
71426
2858
83103
65761
86407
12865
63880
52395
44875
56139
83234
64006
97831
53400
21090
44465
64620
84140
58701
82093
82486
23588
88628
89433
46049
167
42911
17836
9461
69355
36133
70349
42173
48064
47638
50642
18870
21789
82747
67060
91331
30533
10646
97739
96989
36949
91171
59531
14503
82478
61888
47579
39583
64633
86793
30285
23281
14844
60859
77343
76325
54391
39899
98413
30713
96123
68335
65809
81226
78792
21961
66105
7979
55969
66661
53026
62136
36783
69928
66486
73701
44270
33127
95040
41199
45560
4874
34888
14548
43116
21029
72463
7614
66587
70342
18376
13754
99023
46030
5937
40519
98104
25782
66030
33962
50548
44819
62176
5247
87001
27251
72838
72617
79010
81287
69360
66026
31989
88027
44380
12015
94189
33280
20208
4675
40585
35339
59666
34116
22224
75255
3111
34482
32511
50437
54086
31491
19728
80740
14712
71507
60968
45963
55855
66201
34622
19138
49824
85045
98275
10433
55742
78470
21426
93296
80053
1368
14646
32558
58527
92090
63986
54318
69318
4589
17073
13243
88951
36953
94507
67228
98687
52986
69552
53970
2373
41079
18772
94078
60036
26611
73815
13983
26819
99228
91088
75993
45650
9249
14773
65330
72579
36513
72298
86583
98243
92158
62595
89019
23860
34609
26232
61439
9384
791
55588
73772
13756
27912
70457
48253
69678
51592
79205
63290
56477
76599
13209
97568
94972
30275
87739
8412
66034
50205
15690
5974
93329
49993
26217
42794
53776
90927
47179
35377
79815
55534
44633
9118
95815
42544
92866
41125
29940
22521
43136
26134
79841
37657
60099
35175
16806
42369
26716
1935
18079
16882
2600
93679
89732
82480
88375
58859
52321
71254
22360
53046
98737
74404
40995
98060
81180
99667
85570
32248
71850
33736
94685
51990
71362
84583
94144
82547
24612
68863
14987
99024
85568
15139
21911
33542
39025
3129
17568
91651
25
6443
34387
5394
15865
78428
43573
86809
5805
71636
54349
59196
21923
97180
50799
63422
77430
74661
19718
65128
85099
71746
44029
19586
54279
95798
15691
11487
14827
85960
43385
92853
84109
74515
74032
57449
16372
10810
8868
4585
83344
36152
71287
12179
44243
62134
13771
25428
60592
57302
93448
89258
30383
28780
64134
45194
77193
35373
22168
68094
52262
1631
53813
64102
44305
12144
67620
415
2709
33698
70275
75618
31767
54627
30740
16387
34447
52251
63909
43993
36836
60863
5754
16285
19458
67139
96825
69196
70523
56557
67250
13447
59287
12836
78793
51322
33593
77670
89986
36089
9233
68729
33479
62949
83383
86585
35449
80206
25674
73008
43953
95443
59077
85540
24529
56262
66906
48203
26988
53323
78511
22937
60878
60542
90770
89018
18185
11827
96057
58395
30622
64345
75098
26946
79076
20472
63460
18398
96760
218
44537
1849
91522
99462
28296
11465
59135
37511
53611
25222
24080
41419
95994
37207
40030
71911
14570
31301
5033
77784
92357
82225
16460
68356
33607
31553
43182
72991
52242
97237
99591
17610
60815
97816
94124
41141
30754
63826
1018
42949
22952
19450
10364
26833
76080
62665
20344
57510
56723
96618
13244
55947
56785
22669
49472
72063
27113
62747
52440
55453
64629
59235
63257
27585
40000
30355
59493
67525
90277
58594
53813
5925
73477
67242
7266
15297
62884
28084
39663
2176
36737
19468
51511
23760
89361
88051
70094
60780
3798
13618
40791
49399
13249
99340
34338
42085
54977
40173
8479
69657
26502
90815
72772
25641
20695
71163
46998
68510
93036
45180
63031
46231
67529
80047
34349
98220
8440
7846
51819
57712
7298
844
510
23856
58377
788
40822
7385
16901
72106
68815
53590
97369
36203
10043
89270
73585
71120
93133
30636
54939
71076
95973
26480
10879
53655
86547
79075
7548
86892
88906
79952
64544
2797
82306
77229
21123
37086
47466
38529
34401
72751
87656
96896
29330
26122
85614
80945
80232
35853
28315
35504
452
68914
40971
88592
30230
75657
79453
3160
72719
71175
80671
50382
66468
52439
66167
83634
85345
39279
3248
26881
53608
60094
46879
96025
99109
39650
64114
48380
35343
76342
1876
94830
63389
48040
82367
59865
84546
83944
33374
54832
85830
48796
57950
89072
97859
24944
91953
3746
46489
30059
42878
97213
46638
23326
80808
64584
86822
67125
75513
5437
93370
8496
8107
18089
48664
47627
27027
58800
68567
46136
97099
67406
90325
62511
77211
27864
25488
61852
82755
36577
81853
43286
92967
88856
66440
63824
63990
4207
29704
88904
56153
75958
92574
76125
42677
29766
44618
72830
26269
83290
8586
96990
48248
20951
8337
59331
2122
37164
19039
26429
28001
68468
49538
43060
52383
2744
28073
80794
32222
30130
65441
96671
51909
57197
82798
21316
7942
52840
53160
3303
51664
68313
57455
44189
19800
41774
54796
31581
87360
75918
64901
26393
37313
61119
61660
91720
93626
5216
25542
14431
75508
65590
23267
77118
58033
57221
17023
96838
78161
20468
48740
21544
53985
71315
45113
697
96512
16504
17403
96897
35407
21092
43574
49587
92469
55077
69887
90359
52844
14068
60594
37507
31563
9151
8452
36296
19249
51905
30276
11497
13611
74029
16787
99142
41442
45322
75516
50902
37508
93400
68177
71571
86413
18449
85476
38095
19186
46858
86879
62597
26409
43256
19649
66123
98424
40048
81718
92003
70297
83207
43953
31984
7
36536
4616
66373
57417
72452
99213
12505
3351
78131
26404
79063
64685
49304
6725
6130
38763
12339
25712
80054
5190
95249
82824
71705
35023
7150
64750
84817
254
44314
79515
54143
73307
88760
6521
8872
46664
1507
79487
97605
7406
69612
82087
70096
92835
351
72365
45407
25077
3780
40614
63789
31734
61089
11898
63123
9795
77948
79008
75414
40947
36893
13941
45210
67929
73554
39321
29429
66293
29613
36038
18590
89917
23016
74573
79812
11619
80265
39567
92538
4964
13248
81909
11088
13389
69997
4972
98973
41033
52926
21312
62424
48331
17110
57140
20870
34005
84650
70332
38734
23587
53349
82231
95113
83671
18251
78860
43669
34722
10458
30175
67560
84075
38604
23344
81857
72799
79385
81009
42938
99733
5370
7330
33721
87836
48328
74891
97062
59812
32707
54037
9368
5766
67694
54341
3976
82257
39256
32598
68647
58290
60725
97682
7179
14239
52363
36333
92132
88928
96169
10942
10957
20538
4785
6554
91103
81850
71511
31854
56479
32410
63137
86585
24151
69299
79758
19909
64705
3679
77011
70784
79552
89065
73504
39899
50921
86292
54882
51038
85439
26404
24033
677
28765
77069
82121
72220
39211
42935
4327
82002
40756
19819
85769
68989
9742
8572
55848
94442
51672
21972
25121
81023
36962
45498
4094
9839
23878
15357
63124
31672
78548
18912
41990
98653
52299
65346
44006
82843
98788
36488
5115
60875
42888
89514
72639
55443
42594
78455
85215
20872
74607
75941
33702
72133
30290
40985
29363
1217
23300
33359
71174
7823
83209
44679
23354
8119
58237
98764
30668
78701
84173
14658
30969
90667
88866
99403
31142
92112
58391
83639
22425
37236
67436
82374
37605
24967
77076
9274
56067
34053
32617
75870
73371
50808
2272
86829
36962
23978
19414
45760
88285
40740
23369
41336
29860
90920
86819
92420
34
59272
1137
87279
33817
80066
14675
73546
42946
58456
79148
95634
66834
31248
57528
57949
46616
38757
36381
4070
41635
23399
15770
82802
85024
2806
5885
8542
43232
65558
50929
30887
664
87567
59380
19126
55299
37636
2502
90150
40802
79758
85021
37363
80228
13493
5878
29857
29888
52266
32358
710
91807
15588
44654
17109
43383
49685
91373
29416
8049
30120
90959
81673
12940
43033
58435
37533
35995
22576
72811
82157
26377
45852
43756
46547
13885
15977
71366
34333
24568
58781
7549
8897
20059
92500
3125
95774
45158
19542
47932
82346
85659
31698
9250
26653
39233
86234
37860
90969
76869
47162
85573
65109
28986
62070
30461
80261
98209
90719
81164
31175
30340
42001
46695
4780
3772
93420
18675
50016
58386
43117
14736
88312
26594
74473
48876
23960
58428
67461
54105
80575
40741
83381
51480
687
14810
24783
48788
80316
76788
16235
78188
88785
65415
70970
64072
65817
17476
83071
99117
58545
415
32590
12555
4775
42059
41728
14675
78190
4384
63344
17478
9634
37151
7445
5609
65426
67756
33724
1301
84111
35354
56354
50922
41135
89637
48779
34372
65790
38521
43586
18310
64290
70128
61933
27666
81706
11352
19691
27194
24914
14418
31277
5233
32213
31447
80015
85947
80176
41205
15762
89667
3119
39479
28247
97899
66422
64739
50009
54270
10958
74909
51080
86466
24714
7497
76798
45545
88885
32462
85151
53286
78874
87734
39858
39772
86830
61425
96406
34706
38398
73401
67363
82723
8977
33520
19615
56082
90874
79109
5081
41915
44733
59030
27717
70757
17371
82031
65076
74291
5340
90353
13136
33146
43639
79278
66193
61228
84001
59953
85087
53555
84528
55482
26756
96121
68970
79111
47789
65796
19919
46190
36861
67103
44447
16390
80270
69683
11754
92198
89701
14070
8979
99237
81072
34938
50368
21793
69215
99749
89504
87035
47229
52704
5625
46815
81129
58089
87213
89505
84341
81316
43560
34691
31610
68430
88521
31059
65110
70449
29098
99409
80227
70996
66734
66319
42069
89514
29095
65041
82704
91211
50849
33267
73476
99199
71214
77546
17990
19478
48078
21698
56204
67061
99930
54183
29476
50188
81133
71648
88754
11043
3057
83669
72196
49745
6658
94929
61971
1775
38048
10530
45944
90753
48374
18269
87305
44596
55586
29279
80751
98982
32609
11567
10405
41342
82232
5215
76367
35420
45409
79408
34836
37899
61040
2965
72570
86835
3105
90896
92829
76715
78337
79769
57867
31628
7797
73086
18431
51841
24650
37571
1176
23579
82458
17738
8149
5696
18328
70350
68335
45891
10584
51465
42995
90287
39134
90678
52826
33693
84129
93841
75559
89413
13820
45306
85181
65520
4689
37688
80795
34252
54298
25370
52404
22393
91533
28600
13327
36257
13835
35129
39096
91045
82150
84270
32417
27442
84973
56731
20953
94866
31829
93462
13606
49566
96485
28008
57506
80881
28510
93392
98832
44632
13317
36263
95193
79302
10575
5086
10375
46244
64104
66307
54526
49286
40575
12195
91762
15128
61490
45001
88393
66967
3025
21700
8493
62812
62418
91719
22157
53683
42352
72010
42098
23658
96064
51502
12026
6244
93907
41310
2098
10478
31585
87313
86772
5417
39352
44716
81050
58726
36736
7043
95774
47216
12074
29888
66385
21186
64085
34972
96628
72409
63868
20043
20758
36772
83199
76021
34442
62713
30188
26398
51300
91841
24779
10982
75216
69715
97027
40236
52750
6430
60108
19502
21006
95552
1298
74476
15589
2932
93346
65611
17193
33832
11092
41493
22127
50220
55958
18909
90942
6631
44273
73216
36975
49891
60825
18567
87172
65736
74102
84169
62818
70055
57354
15950
26028
82700
88031
87758
64253
37943
55246
72471
3458
78436
54990
91949
46450
77350
52952
81260
15402
76946
34003
33834
87017
33175
44128
81560
63557
65164
92964
5542
55657
99586
77389
13350
4172
6265
50211
24456
67118
15246
18061
78085
80657
9201
49469
2232
45362
35124
47801
87526
76067
11392
65543
45406
9126
84514
95924
76956
96999
62467
91745
73959
20791
22517
25194
51066
84417
11016
39540
9664
81515
88829
28595
90328
72619
39346
37301
55192
77827
18076
18351
71406
81403
57587
47041
31970
14585
68359
18120
96279
15039
43760
21217
24400
5217
71523
13813
93679
83425
93568
64005
46297
68905
9160
3731
51445
34244
19660
82570
22899
87002
49761
4012
9033
88294
19312
15542
53016
56598
58282
22545
84526
90111
95480
28440
44133
83002
27856
53377
11753
98110
62180
18091
72950
49179
3988
72770
18719
70992
78435
62673
75211
92682
51656
5636
21146
25466
34491
34937
73382
47026
11951
29059
67205
58396
7263
46971
20170
96918
18497
22755
8171
31533
62711
80472
32221
69685
15652
10484
75227
46947
42875
37788
65094
4680
54963
22573
6214
29930
17272
5278
14511
34848
8123
78130
94719
50985
49225
24764
16131
22730
29016
63759
42553
8387
77950
73857
5777
74188
24156
88252
74124
81777
3928
10721
85318
19079
49992
15897
42545
67850
48170
68665
27031
46676
38417
81457
40256
28252
27097
25937
26004
89161
88443
25272
15704
54610
40253
47035
76245
55731
41217
83215
78423
19918
15421
33395
69201
37307
41963
23292
55933
37613
99382
57310
75521
41827
75573
99636
82318
79368
75284
35629
73665
89704
18894
60755
52140
37679
4983
98937
90447
9439
90070
72800
68896
52173
143
69126
77194
97017
28030
38476
70769
35305
86144
91010
32019
42017
98379
61649
73450
10560
13311
89668
40239
79034
4372
95796
42648
18190
84434
75855
63906
16387
9087
67140
94634
29668
92114
52494
45748
29556
64391
3899
61263
73456
89740
98551
79824
63040
25784
25850
26330
43802
58427
58282
2624
14099
46353
45262
52225
27522
42544
77969
4946
63892
53728
30639
77273
95621
20394
54047
56629
94657
56489
69885
20731
43959
22909
4883
24156
68247
73087
82787
53346
8008
48783
36372
34457
63464
85705
86038
88042
27873
19286
4435
14659
29572
40542
6837
76114
91237
8955
8014
66608
90771
53768
85288
27226
17906
99609
93161
65947
73047
2852
36002
41766
57023
40989
36884
85534
94029
9504
97600
32792
94590
12071
58730
19032
16298
58684
65129
35833
48601
87272
48621
41257
28159
233
85389
14640
22294
98114
48909
15185
9590
46956
18985
13224
27284
16362
59936
19892
91412
62555
52511
3470
31820
56009
76200
64375
52791
3358
69024
66161
6739
33334
56594
65475
92088
26031
62275
21920
53652
42941
79059
65505
4104
56058
44844
69743
58745
81690
65035
52477
92307
70845
82312
77425
61409
12126
9987
43011
14305
44073
29773
84030
80104
60073
14256
60004
36082
7422
32444
96815
35843
32941
78511
93873
65343
3858
24833
91357
2659
25841
98921
11774
50494
91722
87663
9253
43215
50667
75630
65920
85052
351
85317
73222
86700
85156
89051
5487
67170
22491
88781
28672
65718
86328
40758
37860
22194
37017
66745
85686
63686
3603
30286
15484
65768
57767
74823
14957
37867
29780
33917
82002
48251
83078
79068
73770
41203
25965
72840
90760
8347
87816
78698
3063
33761
82816
97787
47070
34002
59729
95019
58303
90485
30083
72814
21209
10053
10903
72869
30605
99049
83741
34309
11581
97810
77890
14949
34160
9616
79814
37033
52339
53041
58187
70406
83578
83543
55402
87697
95812
88437
84096
83401
63963
86182
45734
94974
77626
85610
35870
89820
72842
91869
71977
98488
26533
59382
77845
77685
17180
81753
11124
7028
68948
67865
27400
61718
17322
98990
28314
17006
2616
19247
31498
25672
33359
85548
46656
72849
63236
98666
29217
35041
72008
75355
75997
75180
10063
55066
72613
63936
62897
83233
91131
3419
18319
98055
21025
58733
302
8440
92019
52550
31135
76946
12337
67996
44255
48282
50933
95130
43833
94074
69539
47848
39818
74551
509
75347
32285
53586
7062
44090
39892
25435
11838
35220
34312
41325
59452
80705
99208
87595
2395
59019
92221
90485
62459
64856
2734
90086
13896
74671
3103
90924
90536
74149
46132
71461
77165
58531
85332
37075
27178
87734
71849
94972
34274
61746
44547
59009
78301
18435
380
44665
37076
11378
14806
10761
21451
78385
3425
93346
61182
32323
37209
97431
86132
65643
44747
81817
21552
81327
19800
84145
95399
83304
1458
79225
63820
4617
12132
17239
70054
53450
15183
69815
74083
91280
17966
14308
83974
33978
28763
39267
38011
36395
42634
92173
22187
28943
73683
67046
90924
84427
75309
18622
95152
70470
13334
33284
5117
28430
84943
87426
34013
12456
96196
52345
13163
56472
82602
54234
27566
4841
65600
37853
12739
47097
68024
99074
43794
62660
8271
3138
13411
56268
43224
9169
86569
72354
8695
64722
66076
89779
20072
40310
27333
82578
75232
43923
33874
75966
42540
5917
13481
50927
58966
44740
58265
18499
57381
32522
40109
28063
52260
97279
52570
49700
90779
34555
84119
18480
75545
45303
21324
53070
13940
66600
60866
61883
79463
22265
63674
91030
91609
41732
80346
5059
48574
59532
56899
85339
75511
67034
4766
91348
49013
94099
90580
13641
17371
32530
70941
85798
26977
87687
92048
27506
58517
60363
28793
72568
54908
2751
84648
7348
95669
35104
76262
11543
77087
10985
50371
92887
73873
95302
72075
81239
81671
752
14071
6670
6845
81641
33215
14070
82131
83670
36237
99795
3216
23348
99405
56605
13315
17784
62816
94764
65893
93607
52912
11968
81114
40047
29662
29898
22327
8896
12311
54683
42461
65131
38725
43847
44643
50293
49473
22996
84466
92951
20711
8165
57353
54070
88738
52286
57473
73018
87142
38323
89835
86797
45276
87281
21270
4338
51735
19081
32236
18303
88326
90452
25564
5624
30851
27368
61778
76873
81704
69110
62690
89664
21793
28444
69349
23237
13596
87822
11674
42391
94653
60412
9293
21317
33486
8672
58484
62245
30676
76070
43574
97492
71261
27320
19943
12235
55157
23013
98383
86298
54103
22638
94408
10372
89536
34157
75430
81110
27424
52065
28721
72741
7146
94202
68525
8867
86507
97566
7739
78462
23031
95094
21624
64053
66622
30137
11267
50200
3134
40562
57596
52091
88338
84144
28776
12662
91529
17738
10609
5916
17329
86061
5866
58038
37649
15619
11153
34268
73494
94434
17933
94671
69317
37742
34038
3990
66768
47660
51091
82130
76580
58116
28095
29472
53502
84657
81061
33323
18365
36713
21867
96780
83955
33476
8107
8735
4694
71883
80123
63555
24275
51166
27278
1549
64322
93697
35604
79242
30100
34756
82300
27247
22793
84974
49786
1278
25406
12997
67972
87928
7075
39229
78198
58649
2635
28219
405
74388
71068
86820
945
86764
71975
52391
85091
79693
99921
81059
37142
32709
70320
64470
994
75618
57618
52068
64499
93000
29750
92000
29352
57423
69598
10778
80984
33623
63612
8229
70927
26793
55785
46403
84341
748
79348
7536
92496
89025
85752
2280
80224
90459
5095
88118
23688
15582
5570
88122
24300
35251
23562
80053
61718
30597
26641
20404
38515
56987
42602
66455
30490
45458
50399
28349
93933
10327
30913
90062
76824
10782
60633
56036
59542
61441
16669
36183
40018
40089
93215
59844
68459
95346
95103
23417
1681
846
30241
37152
75437
6808
7033
77061
86685
67
14211
28293
84284
51231
25135
45557
6943
39864
98201
2828
73116
70859
84471
99950
56294
29733
12459
63254
94515
38073
38520
84800
88510
2462
71570
95056
37160
31075
61422
93410
75962
82448
86392
44495
5861
570
81476
32536
3914
44227
17756
21107
50966
69036
84375
70287
89957
47415
88043
95397
77864
59357
75897
18941
94816
66633
81223
28378
49322
19343
15852
72227
3093
37421
27940
11951
92942
90844
16674
48460
41629
43826
25797
2668
77032
28664
41731
73517
3957
44291
41987
44484
20045
61681
39591
11877
83548
84258
80166
57265
84789
15441
60887
31164
93331
24909
31497
27737
5850
60536
32112
70213
64795
69179
28185
67501
75094
82948
81855
31741
26618
93693
86134
93126
29192
53354
52901
48971
67702
55775
4913
41769
22191
9275
45460
89152
13559
80934
42764
58466
54253
10146
90543
30742
76777
26896
38396
88969
4292
82947
87118
38483
46007
36345
75178
41889
45532
7771
18199
61092
65521
15090
1613
53590
95643
87940
99557
20036
89798
62698
17073
71676
23850
27503
18373
77460
42890
93895
41938
18325
84054
15945
18804
22306
18737
86251
34945
25801
99053
46521
88929
37924
70993
87697
61661
99820
32220
47677
21520
54396
81124
88782
40379
67581
86007
2162
82837
99507
1923
338
38623
3203
44977
8427
25429
76703
75275
49767
75072
36720
61278
64246
8
64703
21723
24782
40679
46176
17112
30557
12025
98427
46164
65318
63407
51096
43479
90848
92835
53126
89335
57607
24646
60169
45591
71836
1365
47134
86858
85216
53034
73259
82037
26409
11023
60680
16691
55166
88205
28708
46514
25781
58211
97238
49658
23622
69393
53281
42734
57516
56436
72258
19627
46072
19820
68281
78605
53073
50169
31506
27025
79468
42693
27375
83861
12579
62554
26548
94908
80533
58868
44878
8206
59227
11665
35328
30779
78402
58757
76716
53184
62570
395
79131
13090
25882
83669
2249
10328
40349
78084
21456
84069
97757
54195
65807
8674
63450
94350
89814
84090
19303
17920
85937
97039
80322
202
94063
91387
11886
43471
57581
16785
61295
26220
29124
50913
42145
11269
88492
60506
42965
61435
40715
11497
79400
7449
15487
24000
22434
56494
30211
24691
44744
79189
46785
94587
24575
68079
33749
82525
45822
45778
729
62661
67790
93659
53746
5484
7841
16064
82550
97112
61036
9600
9817
65890
12418
24251
94739
63219
50158
53502
99279
63944
89964
53750
9842
53
53317
82726
98118
76262
6694
59444
33347
92096
28124
60861
23417
15397
57230
94313
69404
91671
58070
69177
55052
50068
19453
23037
28319
76287
66258
63170
87277
59872
79847
29128
26521
23457
85449
86258
39639
17529
29753
58743
62430
12198
91692
66421
24716
21203
80763
92869
34192
51161
27272
7369
25528
76354
2478
1474
79319
61672
11235
86463
88051
87996
11629
95695
36232
48323
42878
97143
7484
79547
38029
73759
50848
21691
59090
68103
8384
94904
32382
56696
8680
30596
93397
18325
27442
560
2569
17903
28432
96178
23028
24984
54610
58019
13361
85359
50293
40287
67832
23962
17961
84783
41908
98962
51933
65507
11843
8984
48008
95608
63593
65253
51639
38522
57393
10592
28078
27011
16578
13448
37373
44098
99065
38545
41985
65910
52905
6508
57011
90617
23052
94718
38545
74778
84772
62418
22407
55970
51346
36491
5946
37177
1010
48626
90513
88609
43889
50222
9728
35231
47117
65681
61554
96954
52903
12078
55250
90556
21031
25833
91670
22005
29261
30951
5321
14687
72719
66661
64915
9949
36020
85348
11815
49308
65131
74273
13354
62395
24169
34051
13467
59431
91197
15662
26787
76223
78354
55476
82937
91223
17888
46411
78642
98455
1871
8474
52132
32227
50346
37356
65238
76502
45916
62471
9862
30503
30697
97175
36502
65294
9291
36868
98260
56960
78536
93826
75364
1237
39020
27238
72108
523
29929
16310
20155
60963
75911
57241
76919
85673
95209
94574
8163
23890
59998
79417
4425
81886
17601
15192
75369
32124
18702
70515
71678
96845
50400
19250
90633
52768
14380
7400
70557
50909
59252
47917
6246
36478
81129
33386
99638
55574
58336
15502
37102
2613
46415
68541
43461
63716
66757
20519
23672
20235
51683
67831
21486
86355
53531
79522
58247
81669
73155
79807
10688
80304
94358
4278
75142
21706
52487
15921
73717
78094
5187
52463
77899
18756
63554
97655
80046
67358
66666
5418
33878
88638
52544
62161
600
50357
41899
87765
56848
4390
66759
63662
44171
89513
98723
43315
92942
89260
25432
22768
92871
87604
37254
93334
6382
48769
41388
37580
6519
42639
48579
82275
42583
32025
9464
40775
12911
85176
26245
32849
83546
52360
72043
67001
34608
7692
91726
47305
30900
35944
84781
2413
96737
33612
65052
91719
9035
99153
42784
89823
50261
89724
63174
6999
44271
31615
65312
44796
21673
77823
80509
57688
76120
44720
50340
76869
17347
29724
98349
44828
65772
87970
12860
10283
75638
88699
25275
8709
11319
38393
15794
38228
74811
59208
62310
33097
10002
46422
13067
24788
54967
36207
65223
83567
71902
84096
53925
38708
35546
63549
5683
97839
94120
48319
76793
97231
72283
50917
69461
73462
93445
61211
98871
42511
9918
63896
60406
36383
58260
19457
17678
28404
86576
99179
56855
9722
28800
2782
54435
1388
92423
60085
22803
83112
67805
13601
94902
64507
49892
717
94944
71708
24744
37661
96931
53877
3282
66095
66316
4955
83306
9892
40764
76383
28390
8504
43169
91644
62867
72204
31281
87921
61534
75109
31107
73385
27072
71437
62410
94357
73604
3288
14606
4028
71030
96417
61288
76297
52170
94834
31290
96034
19334
38275
24457
50489
67406
62553
40889
80187
4618
42672
98371
15461
15125
11859
19765
78295
56708
65448
56230
1825
91024
9
17972
2874
2307
43853
24092
97039
36603
36709
150
61848
31326
24994
43498
26406
