55326
35361
44868
71635
57408
54041
93339
19621
28343
44599
54691
79443
90396
52287
27581
16025
48739
35571
83592
16815
36285
51249
30054
38351
18519
74920
48345
13821
42400
86359
36846
27960
28040
82180
3183
78812
15716
39606
99900
58962
91918
45680
73652
92853
266
139
59981
60992
96771
25038
33955
49145
75283
43948
64845
18069
85409
89691
6539
32423
35717
37004
13499
63272
19271
98604
26348
92964
30502
47478
10985
59423
91188
57490
49207
83522
20286
17262
63898
40870
86378
30424
77777
79228
14777
9109
68162
91126
97644
91873
93008
20725
7042
35396
93385
76689
67871
81548
89500
70974
7177
39981
99592
57281
65964
34802
17711
367
54206
74142
47401
6558
92
70372
94965
87307
64947
54111
11914
22119
40826
68431
48108
59070
28412
29553
730
24709
75220
29977
1605
75584
68562
24366
59803
46893
49946
97475
39712
88528
42219
82510
49918
97564
89757
74054
22451
91
29124
98654
98985
3194
47121
94456
34308
97140
34359
89160
76020
28793
93227
12358
88265
25627
29732
271
91078
20885
19266
5945
6479
3513
19980
2161
43580
34772
20113
36371
45808
25855
86800
54437
74147
27205
77171
54225
47226
67084
17814
29468
23577
11426
24358
3240
9359
9638
93828
12418
38543
68015
47016
35945
27487
2461
66722
77468
95209
77082
66396
98718
76463
93005
66620
89802
16603
36603
27974
63212
67860
13850
16862
35811
90701
34259
70506
83602
67768
44883
3093
91901
85816
34030
65328
25094
62708
70705
82452
94468
79815
36579
60611
44316
76468
54038
18476
26815
66678
6256
39340
67488
94038
46193
50514
28656
34646
67584
28475
61272
49162
68950
65596
66226
5734
89255
68030
67781
74226
9096
3300
29275
40283
75809
8168
4640
68867
74737
90051
59801
19672
54840
24427
58527
29410
53958
30870
9143
8566
43645
63229
69583
56648
5701
37181
96310
29021
8236
37206
98264
86174
42167
27702
18966
31272
63594
53200
78526
59137
39696
69766
35244
53861
6504
98854
54717
734
64268
91599
63403
35314
39391
98837
55274
72694
49298
57082
29405
3553
7058
61277
23958
47643
31695
9321
25652
78353
30591
46027
64241
24840
50520
38668
25665
93682
1184
43566
50925
63992
23617
65601
12782
30488
52581
42749
36057
73553
62682
95323
40757
25422
9685
10449
36621
22509
13266
55848
88801
88202
15738
80475
65335
51693
78077
12077
49903
32204
28351
90599
58516
77470
63567
35982
76270
89246
19474
3933
60436
73816
19551
87780
34366
82739
80867
20477
36089
24315
23940
85318
99092
62217
97507
35168
84440
30642
2011
7299
43444
1065
62438
47324
51126
94161
87614
66820
12533
19204
32641
8254
51787
3353
14285
1612
80768
15477
10603
51822
65602
42321
78473
10585
68945
54691
28799
32048
72182
63948
43987
20834
92308
61789
12408
18335
96279
33319
23441
54328
57896
68222
43284
39858
52898
89448
66409
26183
10079
66504
98930
29145
68684
80354
55556
40500
61116
91626
18547
4863
81144
88686
37804
1086
29331
33404
98139
16807
15163
76817
71341
45630
33579
47424
7344
13200
15550
78587
66583
58184
64095
92160
1210
47570
23004
72451
89210
26762
9336
79284
68609
27968
21343
15917
84872
16970
67988
54171
47506
26277
12102
89958
74326
44522
36162
6622
91738
75977
87362
30532
15642
21573
37795
39570
21416
17388
55412
56328
20366
18448
46762
29428
99279
87047
64849
56957
65099
17148
15964
86348
3073
69071
92381
57592
30030
63120
25009
35724
7412
39379
7987
86775
61015
8784
33136
5200
63905
44155
98010
47556
55492
40891
38774
75806
58047
48041
67121
78577
12282
66982
10287
5829
43724
30073
59299
26460
86236
34180
68603
91807
74564
62978
3635
57066
97489
41663
60042
14608
44007
60851
14482
61932
67170
33181
78304
21798
45911
84345
21123
30846
81368
76125
46673
16569
14007
68886
19709
13797
78178
18361
55141
60970
49260
3400
89064
82190
32653
41092
33333
50725
38879
30025
67454
20308
19945
71659
47147
48480
43289
55051
77227
87544
27402
3830
17862
68124
17478
91130
17838
87560
16772
55813
92851
53409
82226
30236
88021
94714
85870
79860
82260
3331
77038
43281
72484
30543
38144
39449
90749
35617
40907
6868
46830
22739
9044
87587
76977
81634
54237
22585
93946
29273
82151
12698
94697
47736
8217
58543
59263
55968
46265
80707
25165
16126
20982
96414
78599
75826
15304
47387
95448
75772
1103
59783
88111
1826
72953
18681
9879
95263
2336
7880
38565
35787
71887
4750
14442
15683
80132
32247
55496
78421
35313
44773
71202
89579
23101
25412
82635
90801
30984
51941
75425
19588
56811
83705
8210
26969
79101
53644
50780
34440
12563
30267
86035
70963
19935
17651
21819
50774
35609
36712
9910
87821
30331
76174
19895
30428
5477
67160
21077
13247
62017
55339
13051
12303
40962
58845
14844
95118
21414
9103
70372
85199
47098
57829
7401
5317
52028
51614
78112
22662
59291
564
84557
19771
35962
87922
24242
56967
12980
35725
81224
92753
97370
55520
78124
14256
22744
27080
51632
59475
23925
8888
10994
57738
78713
23354
22474
38292
64617
64675
47069
39206
92045
41170
46319
25268
71283
69381
66101
85567
92141
34039
53384
67387
67573
43706
47670
78044
5104
59757
48274
5436
66864
12634
43372
38604
53972
65231
96795
94037
71082
23830
95542
99625
55989
48403
41218
92427
23145
18714
76902
87448
41427
17643
35098
55856
10454
84491
88286
89541
80048
51072
54439
13631
53659
49480
17556
98505
31439
38487
6814
30620
22437
87595
74734
53509
4438
46669
27113
11766
58529
20519
25350
44934
72844
44764
14753
13893
98626
61801
22696
54881
94235
9654
39441
2830
73273
29496
37326
88757
18478
66726
22681
59228
78939
78166
93066
87374
76980
62516
55688
39430
59743
72094
95740
12541
59387
76575
3457
4238
23389
56422
93431
47522
90613
93954
26583
25374
72655
14908
65280
76997
48469
98801
61136
89386
72563
37835
36942
31542
8403
68603
61892
54930
33094
3956
2443
6482
44771
47431
28062
67326
22154
38455
43440
33982
76706
94904
89498
46242
73568
81641
45708
36939
74857
71787
70469
53337
36718
56765
81246
61874
44630
84214
20896
67756
54874
32638
11350
53719
4426
1641
59869
54634
45933
76880
59223
14376
67045
78733
19647
70863
48593
91604
27352
13885
3724
96937
87486
7391
45075
85026
98685
89111
79811
86714
77920
82025
27297
75022
79266
34850
72531
85751
18945
79078
19403
29445
30896
52309
21444
95285
90411
9400
59749
75407
73126
40494
77795
86526
75582
59598
48452
83276
9809
75768
80285
26714
61929
97436
2556
27673
53075
33702
32898
21832
81422
77125
59272
82378
43967
56055
6466
44611
21249
55187
87105
3823
82298
97490
33555
32607
2121
94522
39045
90417
80924
89705
19016
23370
90430
99066
53329
7699
68620
84535
75899
52621
60521
57148
85223
5011
69799
49091
18147
92715
7654
14098
23785
55208
1530
6397
89662
97727
44100
69624
12731
46243
79043
70782
23944
12447
74499
48887
58564
25904
91123
56777
57602
69565
27028
24894
52685
35987
69550
42862
62507
31105
20349
70089
75424
73549
48360
69091
61322
88370
55122
47100
24105
65655
58377
15947
7873
41804
13020
37191
35704
3235
24490
22897
68346
94473
85269
26017
16541
4512
65974
11467
31902
49018
80970
63309
56842
38836
39913
21145
71353
7661
89591
44506
59732
51521
87508
77412
43095
34118
54446
48317
6450
88706
78518
78273
7305
95015
70288
36791
29244
28461
94115
39662
53633
34986
45361
73554
15180
6032
68641
48337
21808
41731
39160
20837
49408
38965
8102
46558
35791
66208
67900
20877
41653
18720
70395
11503
33778
53834
69703
2708
88109
16717
87163
21835
67094
23780
12407
65356
13770
12980
97748
2497
76756
90760
44631
83282
97520
98439
50660
34572
77867
99247
10730
40525
7046
77872
51388
77646
71641
36903
66784
8909
17013
99317
57536
97814
9666
54460
87646
89358
75175
5974
87301
44028
74791
50033
34586
9300
54312
53867
98161
87874
80336
5446
89052
23439
69864
84807
84191
54610
59714
1041
22654
98486
64567
76282
62199
78020
80201
93926
76205
10733
54151
95880
60153
3894
1775
21202
41349
76801
72653
90388
74035
32980
6146
49401
34871
87080
73600
97786
63686
18831
2450
64189
47014
71683
51160
12494
14148
18023
23823
35096
12261
61181
65999
37599
27476
3108
7759
4381
92730
24106
19171
28120
78028
25334
76997
64029
90654
58827
91890
92475
19190
71386
37611
34974
77179
36743
1659
83974
96363
17045
67289
95171
66892
52561
83203
54543
37754
58968
71562
87753
81119
67078
7373
85513
46401
58396
67038
64805
8598
53645
81344
77695
94706
16101
33202
3144
9153
3287
92389
70198
85456
449
71881
39485
59749
44926
38
35500
40111
65160
73062
87175
73751
15207
17840
94269
9078
78587
72431
74949
77473
11650
64465
17978
12544
20806
70571
5648
71612
96518
16474
30513
45078
58879
20516
52601
52
27127
16413
11114
32726
76838
47718
95885
71399
26626
87567
16422
38415
25893
14973
39858
13221
66333
80679
73952
60226
34352
5818
4521
35569
64905
83581
28493
16450
18563
73326
20524
96829
70065
7915
2749
9236
18632
65165
37038
69874
94794
8399
65817
96815
96688
70636
1536
40645
56339
29094
69669
15485
64759
66435
56776
99650
39508
81426
73085
5688
55682
22860
94761
16709
74272
29557
50969
44941
12097
6401
91743
71836
92340
72595
48106
4892
66799
84993
29569
60870
6264
34100
75869
59957
15023
64619
79744
94710
39610
28286
87573
55675
41902
19648
47364
25423
90136
7614
65458
91685
13510
99621
64531
52361
46580
96672
37838
95895
36790
78974
28460
57066
10751
33490
87483
10829
172
3668
6533
14990
93520
34437
84648
14737
95613
79152
93362
11456
99756
14219
38203
32671
18281
3709
22431
23869
70302
76025
74070
23399
70201
90569
17842
65815
25981
5798
33429
30507
67267
8611
8012
15792
42154
70954
65515
69724
35394
42718
36870
60698
4145
46400
12714
13248
43007
15789
89718
71165
58821
50531
93081
35119
52109
59684
40009
77937
46213
22036
80637
66801
14886
31677
99240
57823
72252
98386
74163
81569
73777
3568
19189
78659
39354
4223
98257
76908
41437
46552
67212
69484
60541
33634
97834
38354
28068
45173
89381
31994
2189
36639
21320
20196
17451
61860
16206
16159
99673
84544
95794
63235
91230
19496
5042
47327
47004
42575
74725
17511
30774
48580
52534
74543
10012
70649
95357
78741
77844
70558
1976
20920
50247
82700
52587
96359
12549
45822
77009
84949
16917
67705
41245
62024
72445
41548
72690
96880
42923
3794
24283
14709
68254
16212
74216
40873
87316
25964
21829
43324
2224
52869
86969
96974
26695
93822
24824
14656
78632
80173
60517
99555
70598
41632
93800
2514
35427
96702
7592
95708
52762
54764
55525
20185
21705
20172
6644
17822
74554
32160
70168
11531
44620
40044
14457
65921
29378
62970
80548
3793
8424
13207
89599
52560
74206
67770
72807
15622
92067
82756
83592
18790
65854
41346
36184
28984
8619
46448
66160
70066
289
20857
87080
81413
43996
69817
78030
16020
66380
89571
12963
69823
89049
83422
29938
43549
65297
43850
28878
44648
52464
88289
82247
72754
37803
98200
69288
99766
76377
71812
71632
59433
52158
95354
56266
41904
6229
82447
51916
21771
95449
73054
14985
51278
12464
54920
42483
6416
79733
50613
39536
21084
55072
57528
14136
79173
94964
55825
94217
92855
36517
23468
35238
20424
93797
21479
2035
36686
86665
5873
51845
95050
14204
36142
31626
13953
7072
36759
4309
5036
74108
85758
99971
52005
31782
76527
63855
14530
71310
37586
31214
26398
54629
30060
19625
93266
48041
56454
28117
26915
27598
98501
25104
47477
42954
96472
68249
14590
17885
48241
13932
39157
61466
28842
50714
58984
60471
8009
51457
10317
96237
39486
50797
15728
14412
87625
7018
38092
68095
67032
60549
76373
6935
9678
44286
98289
23702
22688
69484
38791
75163
71928
32333
16783
80741
91516
14888
95881
36133
98474
19458
91562
292
63450
19321
45298
84526
31365
18367
2872
25914
131
23863
19110
72600
99696
30245
44385
95414
33192
4949
24193
26062
32466
10316
38655
46767
47769
8866
1804
47718
28309
85348
59134
68072
35241
71333
94885
8671
42501
44444
41660
23152
6251
76062
33179
40965
44783
62393
75882
34523
81271
58346
92464
56650
46786
31451
83816
97548
53285
91421
31061
6252
39824
70621
61420
29165
75888
88902
45552
53172
44589
43316
35644
31891
6579
73136
31448
30066
67022
67245
19246
89948
1103
56061
62775
9636
52940
10544
87151
42226
75619
39115
22055
27725
57342
93409
42489
28966
4914
44209
72565
39423
82081
35323
31802
78071
88992
92352
56609
5908
83859
63509
11475
32395
70965
31843
45179
57870
73843
40383
54486
20754
27960
11137
23047
85500
81443
4931
45031
19304
19092
78040
52665
3030
72006
27942
49788
54706
82325
52385
93274
47197
15233
81638
83613
81821
39212
67472
80864
60990
43293
44955
67779
15235
84775
3891
56857
1134
62691
26039
24380
79879
15577
61680
43840
86860
90718
89096
73701
41301
30615
26825
69798
74115
59356
58163
91662
49189
67448
313
25834
55815
3373
28120
27866
56599
99156
13269
13505
84597
98562
5554
19195
43158
90566
61997
73774
62677
80942
52245
63033
40503
7242
70858
24362
11865
11656
40976
58732
21784
67294
72271
19837
82717
76711
97931
89181
32003
34756
4923
8834
326
58916
66119
45801
50090
67870
69795
39175
33861
28475
17090
46621
19050
14577
4857
46314
50963
66825
63730
79034
32010
23522
33065
11292
13044
12015
37351
46514
36635
15771
6680
74849
64438
67373
53611
34728
9271
17478
84198
62830
84945
26471
67587
55892
96771
56240
82218
14473
76901
98627
18604
67708
84207
29031
64762
36652
26977
39049
63200
15612
97298
77052
58018
66978
16824
47713
57713
92798
1392
40514
42057
8712
79531
40216
50986
19106
45558
29452
12209
8813
43716
39162
63603
56151
66842
530
27926
37521
12566
44057
35275
80287
34749
46732
36395
82921
75360
6052
85101
69039
90922
73109
87042
74937
86793
28656
92430
15020
98006
39049
32482
39224
37058
3186
11866
14926
53535
44422
47280
83151
76841
23811
2748
35264
17935
63566
69577
83962
32290
96282
5684
68157
32121
93155
69283
93829
90941
99125
17728
73076
16984
80650
71185
29423
79285
10000
88214
24069
7700
36104
33438
97994
65517
90923
49797
28226
73342
59495
41166
95160
81778
88583
16857
65966
11216
45969
31874
91599
78333
35177
97238
27360
45935
63731
9682
32406
74992
84982
410
69089
94251
29339
46034
58149
94774
61557
62173
97609
67995
93274
2255
6120
89637
19311
46225
35877
72228
3651
60625
22428
74845
90322
65219
20852
12560
36553
83929
21168
47623
27881
97786
37188
74809
17412
41985
80293
71512
90629
60277
9593
49469
67564
25345
34286
26925
62199
27055
99367
60712
47132
57157
31344
60879
5810
91100
63442
86191
34640
51865
92738
81934
55085
89867
51764
11857
20583
32448
10318
78503
23999
36835
39895
8598
78849
11542
7054
14912
97281
39239
86
14673
94497
40659
4079
20296
28911
95412
22016
3008
96523
17704
47472
12250
96070
5184
10901
7336
8967
23009
71748
15320
39
26490
7590
82843
50812
25571
39115
48369
1138
43118
87480
42579
88469
5677
65852
48733
18764
64800
31585
10358
55871
22232
81662
78205
47481
77389
62249
31954
88200
31769
81162
34974
13473
96335
49962
80479
51489
51355
94026
46580
34863
62456
40401
99490
79229
41288
32541
46785
3660
15475
89434
80806
80751
6367
20816
28173
44904
35079
98262
21634
49455
23356
21509
54572
85201
53909
2216
16503
61173
8116
41007
925
67802
43927
31043
15697
31804
40887
92532
58119
62389
2913
19374
77987
23872
40719
37321
41117
96056
55394
73344
1165
18720
18941
51609
94392
72380
25185
67267
14647
36668
36097
32446
66529
37400
29281
83604
21589
30679
75248
59206
21382
85930
29055
769
43138
5493
10173
70415
61537
95182
86736
4873
54855
86782
75026
71658
58261
35428
48134
39455
6643
66553
26453
56507
15890
90094
56842
85831
28801
90737
50534
72342
87151
32399
66816
55095
96951
54483
68253
81476
52845
66156
67976
48983
26275
69293
85390
92220
58712
65422
5464
87521
48542
66192
55366
61385
3878
60190
92037
97184
89354
34607
67948
970
14103
29639
61977
44437
31285
98397
10019
15404
31125
23288
51355
58317
65014
34962
20996
26514
50739
62751
38348
38667
65101
83878
95014
38317
12944
80750
19974
26244
25540
72564
51992
27844
30227
34584
1437
9277
18097
15480
63811
26253
973
6100
21887
81839
16979
92753
25770
67953
24796
98169
50261
89187
80403
79423
94187
59883
40516
45024
50690
53782
90627
34373
41980
39145
24181
25797
78976
5654
4447
15560
39888
59881
37130
33702
34920
13922
49136
50989
64786
76509
93926
55937
6280
69005
74661
46590
86695
93415
68502
40154
51852
43322
67610
38277
6894
24733
32531
71026
41847
96065
24723
15567
43200
53701
19135
18672
3016
34537
64959
66283
97521
81146
91077
57468
58968
12651
43607
93512
87663
2405
40378
42110
14264
13717
11357
42745
5248
87395
60896
7811
34869
72452
53664
64084
59398
6021
44480
31352
82774
49672
36084
98958
87164
25675
89485
89068
51481
84163
87836
79520
15735
41256
87685
84786
90107
64618
48930
2661
999
26177
97200
84636
43599
83874
70938
42265
43349
98957
29377
72704
78243
37315
95749
58299
33093
32565
4306
88183
61728
61240
17321
13739
68563
68853
64106
6680
51400
65853
6939
26508
26359
30585
28024
47841
98520
96255
35703
95555
42530
56352
69782
1358
60645
13791
79235
36053
88481
6396
33672
51967
45761
22382
69522
75500
93399
8304
28956
57270
19316
63218
27901
19763
15108
16176
79754
72726
65732
89535
58249
76373
41154
71620
73683
16389
53744
36479
7877
15297
55779
40804
77220
57194
49262
40458
44554
61928
45558
7260
38257
95439
11826
2894
48219
45629
66466
34538
95548
5823
29480
21479
10564
19475
41063
37883
39181
59688
4695
10535
56541
258
79905
32369
30520
15066
56637
15727
70310
42882
3622
77119
17916
12998
567
84852
65162
73870
48645
79370
88032
20544
10232
77946
3166
73570
59590
97097
16406
28797
35022
50236
13728
54205
19310
12454
7930
90197
73602
15297
33690
59423
92634
1979
62738
54049
98614
2184
62
45099
96480
61301
93228
82109
43782
38877
841
71270
84307
44308
68068
38247
77065
24192
23266
23702
16638
55176
21213
52606
43600
50149
9081
76803
98629
90005
48357
6595
24771
96846
48618
74104
32393
33519
34803
91258
28616
99922
37369
51522
42850
96158
64778
9610
76093
26266
4150
7408
47268
17787
6709
61176
54331
42238
18360
17457
3740
12785
21835
57296
33363
77419
92835
84984
17906
51548
73194
8316
16050
40607
3748
85787
47879
18317
42524
61002
25054
44811
51985
60303
49205
75427
88151
82025
72440
47408
73675
97581
16404
21682
19638
18476
35001
26242
22077
52624
92017
32896
79523
1317
3223
50024
82556
13300
55221
33506
47759
56106
83231
55737
33030
73272
30854
37347
24501
85492
4794
84735
84453
60060
87551
83006
82524
52858
70282
83031
10091
25027
23768
83550
96276
60026
36171
64463
92309
88882
80802
86564
91797
5488
11188
17671
45386
73647
29321
24801
42501
45341
36981
68848
10715
94626
20018
8407
46864
17728
3385
99631
19394
51990
53564
93531
39119
17663
46563
62586
10660
10904
48993
41046
29316
92831
87730
5401
21841
19351
61075
79455
19642
2119
80158
36102
86272
21666
16769
20450
98278
43297
35898
91373
65398
96525
12209
97403
69130
87577
2290
74412
87453
45451
65157
32859
11567
86171
63276
45427
50798
59284
72184
84418
53736
8600
15240
88197
810
26785
71392
13410
72787
95905
27970
55797
34938
48842
32459
3842
87928
58570
38892
27721
58644
94159
3267
73688
10858
25000
24182
73434
69687
74731
33740
66733
13731
92211
43560
78706
51851
13730
46467
65597
98249
89892
84964
89867
51971
94164
36414
59348
21453
70583
21190
28406
64540
11078
34064
58609
92713
41418
97253
61169
12925
87008
85923
59654
29951
32252
32977
53519
73847
38889
28797
30549
19806
55374
69684
76436
14020
81197
29886
58996
26654
99973
54931
10934
32426
95927
84638
90793
86336
59045
79660
30653
48727
42358
58065
80975
30992
52215
23288
46786
88099
13212
5220
96111
65605
18211
31047
65427
75795
7961
27326
64295
35869
41494
75816
69933
1874
20004
24098
46886
55587
24093
9056
88736
99383
66866
57481
89389
20043
47016
10736
1839
93315
3932
47978
73327
10994
68583
23729
42508
18018
97597
63604
97009
91424
67184
41368
63776
28903
59313
60528
4746
2855
97846
95572
16288
39698
31319
34305
89604
63267
37907
55341
27480
11595
20080
55269
85912
35833
29183
11557
59780
14373
87741
19987
74677
83322
30997
81944
68465
47294
13187
508
48346
69663
64949
71997
8544
93371
84202
60363
46295
54092
66076
36516
62915
11534
48729
84999
38608
45678
40941
96471
88542
87441
93532
38862
56697
13631
83051
36347
83398
79818
30110
18041
18682
24894
70396
9614
22917
71047
29230
6077
16011
69434
28391
64200
98163
97441
54910
58181
37049
550
99318
43804
63006
8026
51486
83482
46559
43843
66100
83061
20131
4736
33509
69693
38061
95035
21392
19515
92434
61034
38312
29513
87908
20065
19128
54637
48397
30391
86977
57427
53816
62291
44606
4199
33512
99828
86057
71980
6540
3514
17846
21499
30442
35732
7581
86427
18777
85799
34261
99449
32171
76151
41756
96164
58790
62101
46547
79912
87540
48101
41862
44134
95056
13035
31721
80908
59745
42226
58942
21814
10308
83768
41012
97920
97281
11834
46601
44358
41376
27543
48111
51675
76724
53251
86605
78178
31445
29675
6396
45645
48364
14751
21330
89007
80583
74017
90492
40896
78860
74633
90147
52141
93514
21010
79249
32313
15947
82533
15214
46804
35558
61120
30723
64597
76082
25218
6815
49719
51060
34389
30263
11630
3865
36921
13512
35749
89951
50217
47193
58742
48205
66252
43548
80261
73124
52923
91635
89945
89101
84650
59631
65111
65265
49396
71315
10684
40776
80231
59671
98263
46697
18665
23561
24290
27712
27718
32749
61723
89309
38871
20229
67875
95657
38353
2444
74098
64724
81031
20413
70228
10122
83580
40497
29156
12612
10985
29060
46532
80026
42567
43225
95542
58006
55738
11060
22874
3267
51483
19301
24613
93413
61920
28005
79194
11843
66409
27864
86183
39647
85418
71794
40255
94886
86160
34903
40143
2498
48818
35771
43680
19980
89718
45384
68072
5375
72732
57597
77612
13577
2219
26291
85942
53691
35286
52699
7023
15391
22187
86723
23546
74408
33432
55416
52941
69189
88986
80198
65772
58768
62563
39866
36036
65891
27527
39432
96512
8842
87684
94440
46892
94387
60715
72188
87876
34306
5487
50829
29751
45601
75561
80978
31806
74549
55013
38738
58899
20940
29165
50465
75951
1042
45200
35335
3716
77090
81519
29438
45428
50425
18692
4474
88396
2727
85391
60387
59713
65215
43198
68765
39557
91662
85336
81225
18950
61864
95654
9156
2916
71517
68638
7501
28172
56747
43310
33860
84181
87789
31778
9390
38230
36177
72434
96693
52803
97576
51018
15276
57538
97686
4151
88689
43182
53065
88171
59403
73192
30374
68686
36594
32404
50271
2945
53645
75191
28288
34223
69111
72619
89737
45779
37627
15356
85302
73984
55871
80482
21626
1041
1757
49916
71403
94158
97739
39205
16438
54487
93244
6038
2163
54384
56384
72216
18995
14249
24518
38724
60950
37961
80674
568
58809
5719
57706
52088
68044
41412
99770
35487
75010
67896
10295
75105
65793
23479
34769
91647
98170
95312
4417
3909
84658
29218
72754
60483
97663
36236
16316
7334
65934
22127
13803
18259
96289
84737
69150
43263
3350
99793
91403
2286
26594
3154
12864
56902
32126
59655
94885
31023
88983
19753
15582
23209
76841
58264
48012
38250
45798
95963
3954
16691
27791
65493
60436
73421
79493
15751
44636
96677
90842
27420
29911
9090
31713
28500
46044
6463
75236
38864
29837
20905
60531
41527
26678
95830
11482
54244
45042
61760
37548
31117
93772
84829
14140
94415
38051
42876
59786
9179
29767
13502
666
72247
41760
28399
22048
12882
15951
4768
81431
43048
53355
82754
92178
3406
61069
72448
62666
95963
24680
21369
81717
6228
83439
15321
38968
59698
58843
44244
4531
16113
56580
89982
32251
65943
37996
53193
69253
35903
34107
52828
65213
51906
11525
37197
94390
18018
10792
98267
23932
31602
41682
17706
33606
16868
72767
22747
79176
24656
83903
16776
70084
36606
72342
40729
63648
61009
37214
52230
35187
79280
71367
49705
9336
93362
56222
3582
1381
77510
88139
91963
96982
26940
17588
73382
17218
92819
32671
75127
91856
4319
4213
16908
82242
75286
82082
79779
51534
98200
69049
15447
46830
51705
10069
23801
27470
34317
83578
32330
76707
10382
58105
87891
56666
94669
42994
5730
24814
42035
23156
40417
3059
86898
4736
15636
51504
60333
73708
17583
41930
44192
47171
64018
76058
27309
48841
75618
49121
22693
95644
79205
53522
25424
28119
1625
41005
86873
54832
51441
41292
42648
5921
35501
46359
55453
22628
92373
77554
6006
73207
86835
62390
46973
19007
15914
25852
84833
54696
41078
12693
18832
88714
28737
7928
68222
392
56863
99251
70484
30482
66696
31458
39287
53163
46543
42078
22644
55845
48867
72204
75014
82439
16929
75862
75939
37808
16116
54071
74857
470
29835
50000
27232
17671
10517
81432
1260
67089
35675
17808
11186
20413
81081
66580
91204
50997
31707
57133
85803
47622
19601
36963
49840
96065
17134
65072
79719
60508
73283
89200
38680
35094
2387
73236
17643
86999
30034
18262
60112
49877
57407
2311
13256
81299
77947
32068
90131
51908
99013
54599
9559
6893
53203
10010
20265
86601
30415
62214
45052
84262
93771
14473
38915
20972
42307
57190
13796
50526
8750
55575
65916
65945
46336
21213
45833
16857
8415
90808
13591
52635
13728
94962
30666
35389
70206
53333
98085
34018
10422
94717
7989
92434
87521
62216
9022
2301
77967
74858
6079
21472
7900
59326
17732
5696
13522
21878
94312
49971
66428
60307
64293
21087
82785
56016
21210
25274
79237
54553
29784
88880
81720
72537
49800
71971
56825
60209
12668
62509
19499
59108
79025
72993
92337
29391
71998
35023
9161
26422
14523
18886
68515
80089
43089
66931
17789
55398
24954
98056
16732
5384
69109
14617
79785
44350
92360
74815
22373
37318
89330
74271
79850
50455
64620
36453
10816
52238
34555
62089
72793
98176
77430
22932
54346
91023
28142
42972
42342
95544
4894
95787
28728
29385
84080
14270
37757
44335
14730
99753
99483
64813
27955
22296
7298
91017
10438
68176
87390
88256
90738
26803
54006
22490
20395
75971
79428
6776
36721
57502
27025
54666
58298
78951
79948
82557
3775
85445
85671
56913
50976
1957
27951
5993
59573
89755
87590
86332
22642
84998
41822
55688
66261
38449
12756
41798
66959
91125
95878
62616
91309
68380
35986
38527
48611
29472
64717
5130
1428
92434
47389
57608
25536
55671
1140
70686
92426
46413
57545
76884
91108
50059
53812
85706
56985
19654
61254
84905
6007
56880
21571
23636
51992
86202
68477
78236
84715
93114
50830
80786
964
50184
99058
53624
71708
79171
17886
25233
84294
34993
39233
15863
56720
74563
60021
37611
5842
14870
81698
72550
90390
62710
1136
53966
89635
77437
10118
1413
84360
41465
23364
61532
83362
76396
78105
84196
2154
29229
97154
41925
59230
10188
64
22023
42538
59090
42068
52462
85107
37894
34618
64355
94944
63245
37088
59884
88869
42057
31937
20446
70477
93442
45090
85545
38467
4514
33639
53362
29821
72313
50099
38526
92294
6721
33467
84073
78087
96156
49222
1431
91249
2138
14148
80162
6537
28439
29159
81330
24560
93025
95362
24938
96942
85303
49532
75135
45563
48492
45617
73444
75466
45419
84070
88064
22354
63829
18310
80417
87513
30566
42878
56234
24991
73589
22834
66536
44581
14042
51066
53538
71865
57450
25116
74895
12895
71261
83335
11329
66685
28465
85417
8255
58307
91751
60238
69648
32885
60555
46069
62995
38166
30066
61265
34156
22323
2748
13497
35769
46281
32536
86412
68034
36947
48775
88069
83631
69077
38008
34102
41395
37886
80883
94244
8774
4093
2385
50463
91441
62724
70984
28636
23778
67505
32037
38641
68928
85182
66674
65101
984
96807
66391
81905
89269
70324
44284
1615
13999
46370
13357
54717
75578
4050
47798
55766
64895
40077
16430
67918
1832
99282
1360
88335
9012
23262
483
61077
56202
44855
22716
9314
47275
77045
94362
79838
66848
4653
62575
71919
68114
30140
43518
7729
85945
2604
16031
15507
35180
7398
61760
58574
23703
50772
96198
97762
32459
30993
6225
93070
70159
12464
35869
74732
2708
19782
60100
35175
39878
87733
35649
23322
72158
52053
44368
55270
78100
39841
51826
98255
25394
54716
86956
86580
95140
22910
40750
50889
54636
54751
4817
58994
11313
23806
39834
81791
61720
87246
39355
89887
69611
9118
44505
8546
3733
12291
23240
19983
79472
18021
36338
21278
92213
56803
97334
80499
47698
34371
34349
98455
57274
25402
33897
60789
70743
42356
66038
89934
55546
53313
47586
88506
78675
21949
14745
62908
99836
38426
7400
58784
18703
20491
12963
36371
99480
26959
4195
20607
42054
7800
76455
85698
38491
56408
61083
99530
76450
3784
42838
26287
60576
8948
97117
30796
71427
40165
12165
33660
72791
55500
43062
73037
72567
31240
19146
71492
81409
3445
8981
7181
24866
32273
90879
66940
34001
78188
364
86085
58040
53227
13629
17524
37388
90553
11056
63754
44541
81867
12834
26294
55849
43726
17428
47915
18444
77872
79083
15683
91026
82567
98769
17008
75724
83074
93530
8058
40801
12778
11745
51867
24348
56788
55952
54195
89475
60486
54047
49096
24008
88067
24083
22205
42296
56437
67624
11822
70672
10902
64553
70885
57456
74843
45852
59133
26248
98462
18459
33105
54318
63302
85724
19743
44914
56725
70451
41886
3593
65198
1549
66297
14373
38528
47293
29671
19622
9300
81844
10536
9897
73775
18537
63391
75614
73220
2296
69767
51032
28217
18247
38675
87902
96564
12931
38565
26174
17219
87177
48362
93441
76357
11488
25713
39802
90167
87812
42662
95320
31679
67262
81296
92506
5422
26830
5827
22978
95318
96715
69954
65346
57417
89985
72565
89427
5865
71289
94210
24197
11953
27286
24971
90385
25951
48891
33605
77258
65372
12331
12848
23409
87370
28392
10775
85768
70025
54333
51494
94302
88677
76951
47939
94665
51040
10190
29227
60370
66935
12801
53418
72266
22388
94655
38485
23035
58960
63842
67240
19865
46530
16918
31319
65975
90185
46808
91123
3189
19314
14873
33820
59639
8134
4034
55229
16370
8402
9777
42216
84575
8692
71649
82255
24882
57728
10312
93564
40100
63661
7961
1902
12267
350
24266
74449
91916
74448
85777
45432
63687
14781
50983
12633
40305
74443
61230
58181
26111
20181
76207
11682
43134
56979
17180
97383
255
54760
74900
49300
76815
33960
14884
15276
18053
77572
62667
72048
28949
74804
96246
49369
16386
64191
42
9329
46512
86794
12481
21518
72566
69851
28395
25068
91794
31496
33877
77478
8407
99393
39367
28273
11810
78551
26824
92789
73642
9767
54076
61673
32694
11879
67885
22250
58408
19884
4967
77783
94583
2102
74045
63724
18746
3128
86090
51225
6240
95592
91506
87327
57629
91583
40167
34150
32959
60205
46759
61278
76127
79644
258
77808
27250
5503
94041
83455
83711
9624
42082
33345
85835
66307
57544
77076
6288
76418
61071
74911
22604
75589
93174
31270
83030
52085
22549
10857
81099
49182
53062
56314
92166
90327
47200
12729
64751
8239
81758
41806
57610
90870
9886
68513
52464
45157
20549
88729
44411
89611
77407
70096
29498
69461
997
68368
18853
88952
81207
30412
49898
92318
27177
66909
29765
89899
31259
44952
36271
99179
14079
84872
5997
8667
4191
71981
28618
94416
57751
99024
1855
30599
95294
33793
38926
4906
32130
24208
25582
85724
87121
20453
45344
57858
74548
66716
2176
11277
32502
88416
19959
83592
51746
33955
15789
76954
3210
58263
37532
91193
17924
46380
41728
4140
98543
40455
43307
72314
89011
97147
77173
71380
33639
85830
56112
67036
73068
69771
69145
36529
97206
94791
82410
20120
72714
2770
97229
76072
4419
95028
23979
73874
75919
34946
24739
90668
18358
71348
98550
72536
41723
77540
4958
40917
66875
55428
96127
34114
18547
56380
2998
40042
49310
40031
13486
66417
2011
65194
73777
77465
22317
24664
33596
75889
79516
17765
55339
54875
4409
84637
44179
6840
59038
12351
34382
59571
51700
72115
76241
23975
30414
43685
52186
92621
56563
51486
83557
7046
61177
81438
37630
51873
88908
87320
4816
69961
4143
79177
12604
65998
64889
42198
2342
48975
58880
15457
60169
17665
42164
56967
99050
71007
85249
37050
74953
91598
14552
31830
17844
96043
8040
65986
45399
947
45894
1701
7694
37006
31499
38147
9563
4345
55772
93490
10098
24815
60293
25213
99857
34516
16447
85812
62701
31902
96081
48142
90600
19168
21906
9084
74943
50932
81612
95723
14016
90596
8764
47350
11672
78228
34166
67174
51722
28592
69862
83463
32476
57774
18353
53000
236
65792
69082
3566
26208
79608
19520
8309
33562
46872
75269
50757
9738
77749
35433
12653
58685
44231
55316
39262
51188
22928
53299
34022
40399
11078
42330
33864
57864
72735
27880
17397
7677
56152
49448
3721
12677
53218
57716
46756
39555
28041
98836
18531
91448
61986
90499
95738
45523
83025
67826
87633
52932
24788
15014
57144
77134
33872
25245
64936
8762
63862
79278
83800
56776
31825
75790
43736
59585
45230
4495
69678
71016
60296
17571
21675
36878
27024
49598
98408
53541
27958
85177
31714
77292
39414
21619
67568
61961
72961
23858
25117
67574
6471
44807
38726
22898
36574
79152
9233
74263
44754
55511
63943
40011
64937
77559
94641
2576
89298
41918
85995
375
18057
57710
26087
54162
6697
67070
35424
58182
90383
40254
10169
50463
14534
39000
73330
9373
74901
19057
32326
83597
5505
91502
89156
52210
3680
93684
40680
88418
82843
14600
6134
13837
68415
44725
68338
36696
81729
25387
17406
71112
12587
9572
39377
30842
76840
73027
95953
496
49575
65590
5933
90821
80431
47578
45209
17505
97824
80925
79526
1992
45985
5502
42749
63436
99116
14704
95512
43779
19602
97886
88990
5908
71468
58057
23065
9035
20543
99565
41302
79980
4523
87810
21400
44772
1265
68189
57145
47098
64638
40022
15806
68997
77400
77381
19349
39607
85699
41030
38318
40567
57809
667
12051
41261
95140
92049
52581
758
4321
55386
92309
82519
96627
39385
34812
63406
59289
48125
39288
49955
76301
99717
91395
51614
5266
2465
85905
60211
45945
29337
9510
58680
21712
74439
85361
407
28680
72319
16201
69886
6209
39727
29443
14580
5588
50561
22029
37062
94557
62973
43978
1247
15938
11467
25802
63831
74853
6551
71398
55554
84674
9549
53813
1641
43973
71076
52493
17878
4619
52055
35609
30984
39155
8622
92691
743
7298
84635
96991
36945
4559
49120
51204
57331
43633
31566
60616
29331
49187
30793
38182
17162
3793
10503
79183
40911
54211
62519
54234
56399
59747
69374
46537
61528
97739
6908
7482
88596
83376
2670
86054
19700
61349
89580
81210
28258
72110
24914
19023
52696
13698
36668
49192
39534
23195
30059
31367
48110
862
24516
56653
35876
70849
34296
65389
2130
45182
81598
37739
62816
96115
5275
12758
88144
97170
67588
80702
78576
54284
56187
40468
47624
6517
94037
22494
76595
68788
38748
4531
50538
12458
75408
58265
27004
82044
4840
18264
15514
33406
31030
986
63086
64990
70057
26050
44332
67722
42380
44615
3905
66016
19019
46731
98600
89232
97910
98684
23836
33007
97150
7750
6535
70971
60829
70962
58840
87526
8530
55968
787
16225
88233
65308
31331
73990
96953
35168
69835
31106
92743
33478
52154
46013
50697
32200
26748
26951
33733
44694
66093
22593
4918
34867
69544
91877
22384
32877
9246
40500
34779
43991
99170
24506
23708
37285
46433
51583
32882
89858
31056
88044
15451
40817
51325
16472
4983
52863
40071
5039
53124
70433
16426
62494
79880
10352
90258
50877
95886
40285
70929
97401
72679
95090
38667
52701
94993
51911
86382
10428
6166
18206
91648
39678
7819
70620
18449
30053
73977
21252
55183
93530
50969
16433
87927
17849
87031
32847
91113
982
13689
49815
6005
90186
19673
22118
2898
58302
52142
49720
77902
61618
20137
22374
70079
22987
7035
1305
58743
61111
86356
18346
52470
28094
34726
52441
74873
73991
81256
49445
42385
83428
49174
79566
23343
33915
4822
84389
57115
38065
24565
8716
26339
5013
43952
21263
37008
27303
95375
76127
42133
23267
21931
78727
53697
5966
46033
97965
46675
34524
98046
93063
98061
81787
18154
15126
58881
46047
46465
72548
80137
51755
61900
98102
96563
43161
58799
96365
90520
24934
29483
10879
6478
82173
33411
7149
65747
33022
56284
21057
4010
77419
41598
81351
64130
2607
55127
16388
51698
66443
40831
50487
69825
4414
54358
81162
41409
24145
86857
86420
3868
1116
84595
80879
21798
29208
37312
70258
12210
83938
49101
26346
80449
43657
71851
66138
77588
31956
77283
23595
66435
23667
72467
6833
74599
10752
76278
80189
99377
38833
42946
34328
69310
76062
90123
57955
12033
15785
61125
68776
83936
82671
93127
33884
55324
36713
56202
24275
83271
18495
78064
71744
31610
67402
35490
59720
76478
18052
11058
19490
21640
47055
48799
17453
63522
46462
98423
73870
56036
95748
57751
84836
10146
92247
18061
18314
46687
87296
1918
68200
6943
99747
4708
98550
91578
98117
42063
38415
87596
43902
44557
63149
2889
25469
24740
13831
92750
53682
24795
72132
29746
17692
96313
77082
12028
79600
82917
38856
48206
10690
85932
96012
91615
3955
81698
95362
54247
97432
80063
87417
47283
37859
76363
52883
39608
78960
40212
82586
8580
51277
40795
66106
76656
37958
16463
83614
13361
85933
27378
91242
62510
82179
1816
95859
44588
80677
89261
20822
39877
68310
70550
78236
30744
61701
32239
67688
43130
4539
9012
14841
5353
17443
36892
50915
70400
99894
46495
23652
33639
23074
17272
90726
62114
84950
67653
6192
69738
70477
363
37353
72793
30676
58071
92682
11135
24442
76191
20062
65649
37011
63495
84378
53601
52328
54784
60019
21992
35679
64810
37856
19968
93603
7738
22317
81391
77968
36631
95736
55805
37949
89087
12268
41478
41318
19014
68568
98635
34036
27486
24972
60899
14444
18770
99599
31471
16497
7308
20863
44588
1718
8855
14790
61473
51428
98622
38453
15991
54564
82995
68512
51817
13034
1292
58069
19825
67327
35496
11259
65634
23977
40816
1603
92372
56217
66808
87949
75833
72496
33412
89786
81134
83759
14823
19561
95310
88026
42151
11313
8032
84519
25309
3034
63921
24585
92888
4664
3932
38548
3649
71397
48902
96588
7769
18937
10790
81007
64318
50824
98657
18523
24365
38841
73204
70173
48225
24959
75050
73591
40953
96086
34958
97805
43320
83867
41242
62349
32262
25224
95597
98840
74740
21195
23420
53777
72381
39522
9951
33569
46759
32693
6732
90597
68681
32559
90817
96853
70887
13946
14330
76689
16600
48887
35107
53706
12009
85591
83144
62026
86682
14105
68648
5537
96101
11360
16711
99213
53536
3280
88290
87941
68824
28006
17470
24130
68285
29585
38041
40138
45981
66416
62050
36923
19432
90216
55205
33361
65715
28994
66334
4276
72856
65568
94543
95009
52186
95770
13069
58770
44966
64250
19636
92141
74837
35023
30874
51302
38798
5074
70529
17842
30440
84595
1894
48809
72429
72126
81719
66743
44858
42512
95266
85855
75108
37264
56488
76300
23668
20428
83824
88758
5747
49
13335
69165
10080
63782
63014
88645
50238
45126
35996
3711
38091
51768
81514
559
92843
90925
97917
68591
19908
46837
88726
88352
25825
52894
84438
78295
61146
43690
69141
22540
30283
5099
69105
16091
94752
92862
19300
29620
99026
84002
95822
48101
6539
29651
16977
56770
64230
21831
4668
57838
21842
6404
40671
84457
90005
33020
98749
6710
27821
73607
55040
15624
90546
58460
33830
70152
22487
94763
12920
94694
54991
9593
69596
83161
87596
40024
96064
45076
82466
97282
17879
84104
25963
9715
82657
25488
26531
52481
7426
20029
22196
52889
22068
83870
57804
24470
24152
74827
39753
44672
53896
98990
41559
62623
91592
30447
37681
19611
69403
21307
23235
74482
80626
41456
95024
14644
53215
19272
69903
25951
91880
66207
73520
26386
67191
23810
98493
13552
65485
14774
31580
81491
70710
48514
54480
4105
43032
76699
82718
55440
76934
20362
99854
46602
84626
87355
43016
37053
3422
69157
74237
50922
68307
21969
78888
39847
48267
38665
96745
88379
62216
65246
4497
34006
67976
52053
97373
43819
12624
21232
1241
78986
43973
38421
6085
92286
73689
79677
90965
22624
60355
54331
59474
64374
84743
27462
65918
23084
89173
82949
52948
17645
4462
94007
94062
33918
96544
78012
92289
53399
12754
38659
49283
26335
28955
80752
34829
56227
38286
89993
10683
47538
57551
38558
85264
56856
93737
70675
64374
35221
69144
96428
8963
40602
2241
94068
53239
26719
47074
61513
54274
73155
78692
15111
32418
51457
9965
59087
65450
95084
26674
33044
56767
65895
41609
52931
47196
98372
9756
67212
1493
94358
41946
71121
31128
26356
92679
5418
61583
71309
37812
87250
89986
19843
72489
32497
90650
78470
2815
40135
76033
58254
30794
54226
10436
69619
62132
8924
15162
90860
62341
44549
89886
56739
6557
9544
72760
82322
72740
12844
35419
33692
76760
42729
64103
6410
98822
58965
12206
3232
3445
5291
7924
68572
21435
86102
22319
97002
5107
14399
92174
63303
46566
48689
41046
7376
22150
14117
23368
69989
88634
34639
9758
5888
67123
29028
87892
29996
47550
54695
60195
82980
78226
99854
55208
34090
39913
77397
34372
19136
91403
41919
2748
11654
54789
26373
53185
54896
76473
36989
43018
88099
34415
56583
1085
35277
85257
40054
22733
68126
62677
34842
11804
80967
78587
56966
22818
96269
42806
58307
37222
58633
53280
96240
67145
48703
7589
95092
39138
3257
80281
26434
12355
97728
90886
36680
27419
28215
56606
68500
44181
45043
38031
94978
24830
7931
68948
45639
44164
56408
17672
96531
70169
84344
43317
68711
52343
29574
43979
3123
17918
60382
716
31786
67768
94639
22755
22469
91005
80433
84021
80304
850
26368
39345
81109
55117
7893
80865
77155
81875
74975
82626
69498
42147
9443
35823
41782
61707
39981
30937
15734
40664
23666
86132
92360
90571
92740
83403
24627
54758
49009
74068
97568
68423
45528
53053
18405
95659
6184
13189
33679
73588
98231
62568
14732
60741
61724
95251
27603
85034
58251
17749
2096
14836
37002
44342
97488
73794
73044
45185
66661
61211
85705
50301
33622
98488
60399
12442
19111
54047
16266
23846
57120
9897
4916
94559
59932
31237
57273
71682
11440
18102
63729
38595
3094
66583
90074
16086
16086
32287
56306
51817
60080
96160
26350
80884
38440
60617
9018
64969
51054
33323
10670
20454
11145
22776
361
11722
98495
32903
99180
61443
23523
11797
69909
78181
81596
95685
5527
67319
31918
55848
10354
32776
39304
80344
92533
60479
43369
33982
44556
2480
81551
65651
34375
55146
99678
75332
30666
72653
30281
47054
43146
78425
19487
39785
36651
87521
51733
88801
53939
25790
77325
52832
81097
3297
50976
85703
65680
37280
18093
70203
87610
32594
36638
4124
64075
54709
95027
94736
24171
53004
11341
96959
40967
57831
5593
61175
72517
75322
10774
8944
71138
36432
43717
89610
90923
28280
25037
81554
8052
30813
94216
91268
55863
11091
97326
81834
44460
5869
6140
53666
89473
98924
87136
35741
81719
3346
5251
54564
85402
4245
97171
6774
19674
62926
55948
20524
44426
22737
65603
88989
5173
25687
97295
76925
43768
99127
14964
27200
86751
4820
52717
15037
57088
75376
2005
68141
61774
17662
19379
94227
88667
77236
2144
11893
5454
55263
37909
95432
1532
63313
19829
65195
4230
8949
83861
34314
67023
34275
45380
97506
27897
49327
17819
25252
10363
45500
41186
83795
54400
25486
95355
64999
88286
26845
58383
11380
2066
65349
45780
25060
6997
70939
88600
61409
24861
63258
17709
75311
69651
6266
2129
21526
17420
60482
86200
66973
9094
41077
98136
40721
20769
63560
42641
72134
92791
47443
64055
39125
48505
46854
39678
74883
5544
71859
95072
10786
16845
72841
237
59760
79509
64801
63120
74813
32237
77841
28442
47819
20630
65917
10894
29518
7972
63150
51336
18770
36921
14075
2154
72540
89177
48388
22949
98569
29737
13437
78688
59090
39241
17991
74632
62769
46539
15706
94453
78557
21008
89887
21748
46706
43678
75899
36310
51276
2911
99557
12116
31217
97272
7736
93277
89134
83524
11043
5407
34554
55245
91038
32589
72471
35495
31384
84115
6006
58377
81867
11283
34874
23624
15857
32890
96117
21362
20848
62501
78095
56836
1392
88170
902
1513
12814
61988
12207
94415
10217
48670
91225
98023
44153
97307
88050
48217
12127
54976
33188
91522
85208
57791
51063
38475
41131
70529
56602
81575
15906
44718
27324
49416
41333
19324
41429
64191
71905
52946
51010
13454
32600
20984
13484
42412
51026
32445
45386
62644
14210
64485
80381
88938
44387
22285
65721
46604
73169
16027
25316
66576
92980
39175
2039
72512
6774
14656
45953
1646
76310
26044
97323
77622
46517
30368
85078
31279
23342
26408
73312
6125
80099
68180
90502
73206
28146
55056
32996
36478
96294
25534
20439
73538
92362
84193
59715
39006
82776
42697
23184
18795
17680
37782
65551
26617
94852
21962
48795
1540
50352
87888
74011
43574
30503
30275
8164
37049
71528
55965
21274
83767
34447
75965
68823
98800
7400
91891
49029
76759
47615
10123
88421
13385
55219
30579
89234
18827
79433
33579
60543
14432
24828
87976
66237
12612
64690
60613
49529
67527
82345
95591
8386
80777
61841
64011
328
45902
67443
21775
58496
78431
751
70746
64036
66589
45924
95752
61079
33282
15175
50037
61286
67638
36694
18629
7530
85483
67911
56622
3466
98549
45114
75300
71102
73737
19693
36479
94446
2737
37358
83114
16888
23850
15979
90282
401
49178
41317
91593
13059
17649
63107
50302
84756
49339
66723
19995
90055
7134
31275
35475
91356
98935
29694
2629
38450
13259
99114
86218
37389
82477
93694
13559
1715
90955
30776
8719
10032
66869
10748
2409
40025
71276
98561
15033
62893
6818
42246
71261
33656
43731
25890
2054
25489
1375
31993
91137
73923
14532
48298
13985
44041
82676
64581
10443
86898
2808
73402
74814
67461
21249
67661
54557
96094
74278
40005
69082
54485
77119
49540
70496
87136
52605
40400
10909
56943
87075
70320
71786
35957
97989
91155
8729
10502
10044
44393
85498
65820
48708
29973
76298
42452
91634
36890
87896
3733
84372
14931
42261
67760
14023
88095
92472
43107
33711
72793
60235
7576
27639
60965
81621
20139
54181
24967
4485
45960
7033
77805
19415
7890
75970
98349
11398
66241
97917
43177
35183
64547
63403
35438
36126
91715
40589
46973
17240
57286
86175
3840
98084
42450
13454
85918
47638
26857
90999
62186
12312
51507
23966
29302
9015
30747
53927
61861
56072
76400
39061
40701
22294
84651
87965
61819
76330
55984
69094
94113
40469
19725
9855
88331
97084
6239
92156
54271
78752
12564
54159
96546
41416
14764
78527
58567
99790
2201
73992
39170
19716
49445
8815
11003
78273
5522
7967
57598
67211
12028
11941
303
68994
12251
46596
80764
1127
69253
42646
39402
22152
99184
62752
53553
28009
96725
29969
32260
90927
55920
60311
15592
49420
44772
3422
72998
66211
43771
71045
83515
53975
95691
92670
27052
14484
99605
33794
27895
78937
21094
40943
11749
93153
34432
3584
10588
40781
21843
36903
37905
74767
26181
43529
70682
39062
16209
8438
92194
22065
21931
43971
66613
65089
78369
64294
51003
57855
74078
32237
93858
51495
4744
14428
94515
20384
24745
5985
19623
57641
42090
46166
37939
54402
74331
48914
50814
1396
89616
61196
115
97950
26406
36397
57330
66045
81315
11376
34016
91671
17498
46137
6847
2436
34766
86032
84153
46233
55598
8121
32246
51762
53311
69041
56685
6396
68919
98534
72598
14172
4325
57779
51294
66207
54543
68759
30868
91455
11251
43089
95200
86127
53199
19322
16371
35268
37692
6815
91898
58975
98900
36474
94604
85371
3796
3020
93027
7183
59421
40377
7783
45601
55221
33759
3045
40520
5226
28052
5503
55804
28310
20956
65086
49372
91422
25508
41250
11675
9237
29438
50074
83944
91422
13305
28302
43672
55151
6332
80473
73778
52688
11647
76981
68311
35138
27813
16463
10636
76828
98586
58009
42534
17041
59333
39870
42225
21326
30955
62768
85693
60991
19072
59581
37189
18545
75402
79328
25565
49842
19892
7508
29783
30165
94411
77699
89138
70353
15321
33021
77793
25033
31547
6948
71795
38790
93281
83204
91011
27233
20386
39392
20862
67581
39802
80136
1709
67152
67969
73062
29214
16578
74728
85335
89491
89839
89075
4855
14567
14887
24846
35925
99960
9780
58733
7558
79222
56347
88356
31829
20198
16891
27999
1240
50419
86963
60223
81821
88178
83840
39122
33540
23344
33316
46829
24966
67290
41538
47497
38291
50248
99526
42840
54362
8872
3970
74018
49089
24323
54418
15904
61332
46670
61409
31732
66106
56942
30245
85475
72099
8
53221
22097
27037
29733
40666
15703
47238
52319
26963
71106
39132
36171
72371
33931
5328
2275
56694
30063
29145
77198
99665
37579
57637
97582
74230
19926
86186
44101
4631
41179
84123
30085
16130
67121
4502
11571
16714
99289
49338
77623
80486
88787
80438
32259
32467
16732
90940
38781
3765
66280
16020
14731
12922
55353
99565
22554
74751
19354
12590
91371
56844
18394
56875
49243
36859
48424
50067
54765
51287
47303
87910
70902
25374
32462
19396
39620
32936
53343
67905
11724
61698
68385
2484
82543
33811
3453
28878
94856
70848
81170
28904
39220
55082
19541
25654
73599
15957
84424
28408
36871
14340
92693
55150
81519
49152
55976
71115
37634
62744
28967
92611
40066
40066
62990
14878
31820
42815
73099
15054
57866
93340
77299
33373
55381
6036
65343
8160
39972
48276
33063
38184
58165
56503
59640
53239
58295
12495
39093
56655
60466
48901
79816
16358
71028
19064
40003
15542
20024
77633
46456
7537
60533
65719
71089
55537
95104
94094
35436
78925
31231
42939
36791
82568
74796
72914
49796
57988
18017
2672
201
19956
51046
51765
25591
9039
52597
10857
28308
73120
22950
94431
96087
953
19868
76759
82048
74312
64523
70077
71889
92162
20420
25038
71629
27612
12318
97339
15884
51897
48387
89703
92248
2654
58260
82666
17543
16609
97626
38968
31957
97279
74186
48508
91741
67692
41620
4733
41203
84997
6921
29443
30849
27554
1286
13714
15069
45000
14017
24981
29892
48315
3567
74231
9269
2256
77007
63690
58412
79712
70647
14026
54233
72120
34169
27419
9116
7214
33393
93583
58784
2318
93998
92869
66289
66226
88538
31019
18043
8048
53256
2052
40513
77453
48633
7300
59798
57391
80523
77080
21595
86096
48031
65922
14934
70351
88517
99746
95019
60833
41350
82577
13338
28741
74638
23463
92692
38708
35316
56348
95739
90327
29671
25803
8822
36467
12982
85491
65325
49119
64764
89495
7591
49590
17223
84901
86334
2632
4900
99956
99900
8651
99496
2374
87764
7887
92189
79053
63487
37678
22279
60714
71537
84834
80338
60368
29431
17745
12762
14183
94832
62020
48566
82253
16037
92053
34850
53655
77094
25670
72008
47157
50435
19375
98763
59187
61379
61455
28431
53947
81253
53636
45672
1048
7089
72949
25725
81302
33657
97484
45785
66309
89777
44993
55054
7357
24200
17298
38374
71995
98370
23855
48007
47113
91380
60273
86914
85339
63356
43947
32409
37526
87194
22520
46186
65419
85518
99476
77789
52289
78159
38951
88166
58289
8805
48188
14230
65867
95525
4335
67557
23477
28806
82341
72852
31924
49220
14742
55554
61571
49489
62661
6765
27712
82387
48
16675
41798
97118
13826
1092
95957
62766
5094
32629
72398
28320
61527
46820
63002
94638
92594
21235
16363
27142
95309
39139
79194
97799
7169
7007
3854
91287
51970
17313
97758
97475
60559
19845
19502
45459
933
54312
15094
68361
69486
44892
10785
31959
58295
20235
49104
67002
70111
27685
31934
61942
22282
77769
38047
29391
35414
59244
91137
37442
27333
21736
81429
43198
75417
68452
68903
5058
60063
99228
40680
9492
85665
43469
95917
54043
78687
51199
73808
41370
37336
62863
1876
56234
75842
4024
67335
96947
47065
79742
6656
38566
9940
23415
13383
72889
15923
62645
51924
17696
24309
90100
63023
54212
73062
81213
41046
44643
16533
31445
58782
78661
90275
16837
54641
12790
24695
76582
13398
92580
35887
6440
69230
93367
49329
46272
4313
15111
33888
93580
90681
5695
46218
32420
7951
25933
10366
52159
43202
8738
76795
16415
16382
29164
79235
77274
60056
90797
62734
98694
34608
95352
83931
34112
61775
74440
32993
47320
53040
96253
84964
67709
37979
89268
71268
36513
45164
56161
94543
63624
33618
79564
58262
20691
70516
1573
35964
40995
10222
12229
24267
68780
79929
77315
7489
69592
51688
26447
75720
37652
29838
84206
95044
64635
22302
73651
95717
7805
7050
53846
41884
70092
17997
84308
50409
25475
56132
7651
45587
93524
29462
85008
1713
89548
99797
75063
81414
99588
39261
43902
30506
39239
27545
93071
54946
84827
74533
5712
12306
84782
25197
40064
5641
54110
5012
94928
44762
92805
88210
67771
34091
84000
38805
74116
56646
22746
94664
19563
18221
65721
48913
88651
13802
66533
83891
3283
21700
43472
49300
351
56686
58887
26425
50258
33818
18036
42894
4018
7595
77356
93026
92096
2504
35388
16814
73139
588
73515
43030
33360
23674
15659
83048
50472
32205
27522
73506
44654
51886
41616
93456
69075
92639
76700
46515
69120
76244
42911
60605
34863
16193
26732
92568
59111
42030
15451
31302
38226
21992
4017
52675
84188
9041
26894
49543
83850
59959
49586
85608
80373
54146
14252
9181
18370
45191
62433
19805
31135
51930
19830
33445
27484
25632
93818
65688
15075
63170
26674
49153
40725
79198
36418
75028
56899
28887
28629
4690
71526
17900
59402
89611
17435
26598
37467
64222
35774
59947
31498
70140
57538
29232
52203
87851
9803
80876
25032
64294
5416
56743
73301
51618
82224
90513
10929
40843
65432
75535
90645
65996
11374
66736
2108
19118
70869
13405
18191
29464
92925
73839
46412
61332
20574
33595
46866
61426
59281
59400
42412
89926
30827
34306
81911
27725
95575
75814
78482
77261
99471
50013
12161
95162
15607
87302
65470
43828
34262
93420
37341
65518
38193
12087
12826
48970
64294
19038
25153
71359
610
10074
99705
7133
64223
33173
80878
40455
22782
75137
62937
29823
27484
55078
79567
81727
66004
60691
45187
43491
40562
59062
61112
51109
4399
84006
16007
73504
36302
16285
55498
87126
61169
87972
34179
19117
59705
51782
51595
36436
80760
38918
47227
80323
67157
64717
22256
27712
14171
47931
11423
35166
29182
23487
40245
78720
91659
15713
82985
56572
39563
95581
6017
44282
46196
36394
27038
61947
58860
67896
20357
44759
3963
26041
57962
71518
97739
50326
2747
38592
23359
36834
69318
39017
15949
36235
24616
57444
81657
85452
50547
89536
47984
71552
6044
97136
86174
64818
23070
61035
85292
50672
21998
88500
72985
8125
41276
11317
54260
67013
41378
27844
18835
92171
69772
42696
58676
59871
51333
34036
74221
95819
9850
54193
74769
73708
87372
77915
22178
23102
93496
73474
3790
73808
57019
65232
89224
30679
4420
81930
14595
92799
24346
27824
81709
34651
81510
58974
54502
73341
13567
39413
75451
63074
5936
6772
37251
42629
40136
13055
81686
89875
59934
27234
4197
24446
67647
76719
922
31435
15894
14051
52045
82663
93494
83398
18591
94294
78823
29137
83799
1740
4778
47690
24503
79828
13867
43147
25434
73549
13794
9506
88556
87989
92390
93393
97094
58430
56431
9364
24324
82845
20390
64098
46181
6305
23211
50029
56479
56128
92483
35972
4092
54541
25436
33624
35445
23750
20702
41820
97833
20234
61679
69221
32665
50632
35651
24401
66884
22386
43903
61956
85402
71632
44968
56493
93791
35345
60845
74599
13471
96637
74446
64411
88648
94022
46887
8003
14248
61660
16796
40937
35748
13535
5507
88142
57362
96271
77001
7143
22227
38528
66882
29826
54800
89930
89233
81830
45392
12348
37871
31640
45652
50896
42076
55418
49680
42970
57855
96718
39910
12218
9308
23896
37407
54705
19537
97825
55625
3312
25996
98392
52936
34251
81261
46995
68762
79821
2963
7251
89004
3877
26342
75013
88050
13854
56289
54693
87975
55277
33498
70749
4353
71299
12303
75468
86895
92578
3886
95330
84051
60877
17313
11526
84214
92952
25556
37562
30700
2046
51524
75415
28677
86321
84326
44978
17037
92427
75441
5568
12673
27715
68842
16054
81870
65148
59082
42728
1320
89976
63022
81171
18243
88490
92954
98231
19122
76681
1514
41436
94970
61888
50487
68501
42994
13858
81219
23426
77881
42683
45025
56847
52883
7297
53027
5306
8289
13385
7458
35698
63453
92215
69636
83643
76975
60813
42125
83342
65807
37316
35620
82012
65880
42873
86144
9875
21956
37438
75568
13690
48201
72305
61220
76470
55792
72522
91579
9551
40623
54382
83593
32781
1794
1185
19237
44028
73290
70456
20461
61966
32833
3340
88470
93727
46201
61163
25363
61588
65617
53064
58305
99325
1171
28147
90382
16601
43917
77507
51236
62649
40906
45903
18805
91325
57996
33308
2820
53594
96008
14097
6798
82461
41981
67718
63283
4137
33618
96955
25797
30620
46636
55813
97548
76528
4618
67299
25907
33597
58845
86350
87410
80091
58758
97295
43161
30277
81582
3179
4854
33242
3708
61945
59428
73437
45623
85973
78640
63293
66680
30221
2728
50830
83626
86680
16099
52950
83393
45958
35623
92100
29524
4977
77851
48858
21785
58707
53801
34315
64860
20019
50159
1407
36539
56183
26243
93108
59681
9949
89409
25759
51389
612
79922
73648
92894
17861
70522
83668
39662
8159
30206
25907
63527
99440
53393
55289
6454
58207
40058
31954
52299
13590
77987
66382
250
54382
3424
88069
84817
29890
90137
12628
22838
24549
78870
70949
72989
32752
95623
73549
81731
59604
69293
64718
26378
33709
20456
16701
67761
12279
66942
75006
42926
54682
32293
88651
88171
54721
98957
5236
43195
21385
64749
28064
18295
52821
10280
10193
45626
93438
50492
35014
79989
39463
61575
34010
92911
57454
64278
83721
33021
86110
15435
61203
16250
70466
10026
36825
60963
789
75520
33349
36178
80501
71537
70310
19924
32533
54908
92696
31305
2897
13613
77602
98680
13757
29632
39033
92364
11414
41996
13666
87152
41722
32084
7221
32962
39955
27493
46301
76886
29806
18316
63035
84906
65674
87032
15466
58017
80652
93799
15102
15903
72944
81424
20230
51008
30233
3340
87344
19829
4777
40129
16523
89372
21421
17164
50408
11994
84336
28395
4218
30776
38800
64037
25500
26392
80621
72599
46674
69394
9053
46107
75751
33711
50396
61206
67957
17505
64001
14495
62756
43325
22732
40135
905
46806
860
56746
29840
13175
51869
40752
37141
96381
8670
20191
18955
39663
91040
98017
19583
98075
93867
23630
71543
76046
18171
38518
62388
53135
6423
34477
70519
60888
89666
30131
29088
37746
10122
24127
48913
47181
99550
95623
25041
40921
80797
98383
60844
12963
53417
85899
24184
98287
81883
74675
74290
30767
70960
88002
96583
6717
95712
62187
33935
36923
13487
59289
22963
24516
60893
79904
70095
91086
18392
76485
52594
77599
38705
1479
44163
41001
93964
51465
70334
20004
73937
30174
62972
49254
14879
56847
1713
12737
39840
89611
47726
4921
20184
87436
77190
16000
86935
37634
14
65808
55470
12158
84894
90341
78750
77565
74292
61365
99659
41135
63992
91148
43472
86307
17241
62536
9005
9873
16470
46414
13851
68611
79065
47559
319
26401
37726
68826
45373
44471
30610
33607
48772
2278
31415
61885
34919
76836
38851
55577
73900
19312
92679
82333
52221
91254
3309
53800
47228
30907
30107
67511
53268
69798
94549
46936
62122
29387
93215
56454
78451
63893
36031
8422
4094
69968
85345
10589
90770
6096
7124
23916
22482
21281
19890
22985
48221
68460
37437
65595
16595
34850
37156
9169
18128
93576
2117
59360
51229
2911
60684
9624
36092
36911
38170
18977
4865
12464
65633
10455
49249
89973
17227
39327
22434
1461
19547
77989
77297
60375
21675
48948
43123
52377
84020
57361
2163
91517
82444
76628
87706
68657
35050
41059
11773
14554
99013
37549
80368
62588
3578
54464
2233
78791
56364
42408
1055
16962
88582
12197
13376
25069
93692
77991
50594
10870
98320
26313
50977
3418
71760
64679
55271
62357
51164
41533
68122
83304
47045
74077
39600
99110
12017
19372
10781
77627
61531
50074
