27890
48332
95196
76027
65253
65240
82777
7612
82487
15027
90729
81103
95392
49113
84303
48455
75509
23477
22285
38600
91063
43143
81864
99643
69093
81552
18215
98347
24113
45917
75290
89247
8080
83438
51704
91764
4331
59650
27936
78582
26899
57889
68193
8764
40433
97733
93397
58717
25371
47750
5064
44978
98947
97249
85463
92458
19242
55940
79027
64036
42577
34008
38148
7724
18608
79980
23434
3957
87071
20474
79711
29391
65393
15544
79769
88614
20225
42909
93835
21559
17317
97933
66059
21583
17535
58307
9230
63777
79731
37339
10863
40740
6322
43513
5455
36263
84020
18873
6295
16338
18629
32660
50393
2298
52342
97931
31956
29120
55412
97747
18581
99816
34326
55678
26043
50513
63695
54178
60755
97461
91012
42472
30274
71134
20760
51155
85121
61507
83106
19978
95970
25694
38336
31620
84049
16940
64485
49583
26550
58176
75309
95197
40535
6020
59410
24620
987
60429
16759
35856
34313
54969
79841
62176
84718
25032
35846
7801
3837
18996
43933
99667
40080
2223
31413
46814
42157
51736
6530
19032
42149
63417
30066
68302
25750
9728
42461
5164
3695
25879
7291
78819
42259
74626
72655
47670
95927
47317
73153
78017
29126
37807
87146
60231
10277
50519
64840
40023
48912
1810
69649
6521
21986
25054
49861
9978
94356
60271
75580
21074
38173
81699
22942
57518
89591
30883
50993
5791
96866
49176
50765
26271
53666
87880
30412
94459
3396
71020
64061
89569
97790
86063
35639
2279
97363
26437
7435
62933
96438
72421
29394
99441
61254
59717
36741
61893
66200
15536
7148
77711
71411
17159
88078
58917
49108
44817
95847
36514
29841
83840
79255
20178
14011
96162
17623
48374
28092
87936
94951
7348
30208
78423
63267
51518
49553
58768
66932
19741
31354
64478
5378
44858
85741
12692
73831
63784
82175
75616
23871
31762
16561
87656
90556
9597
80138
61984
97366
31385
78528
43972
73375
29641
40534
75640
16628
25165
53791
55258
77487
13928
50465
22753
79833
49139
75284
58612
77566
54589
32969
56329
42873
16413
60776
64632
22958
8150
1233
89788
15478
25701
65348
79846
65109
68874
76125
56925
4999
88977
76695
28790
44761
83452
22193
2315
52501
24015
39725
16155
97269
12951
91893
28895
12600
67063
16537
54980
14642
53297
33139
87914
72701
20462
35244
62648
86446
82602
12599
54841
64451
57215
48954
93751
11992
41356
59726
79986
87864
7169
89788
47069
28432
86186
44327
4374
70528
60054
50280
41088
96875
46178
99380
28735
20558
31719
69083
59023
28941
86589
81385
83073
51689
95466
83471
82450
60878
74604
96988
89994
36776
64030
40452
17134
87541
15402
13795
58179
37494
35307
58139
3168
23551
4926
87544
65422
44846
78117
79509
3615
73048
63031
99096
58983
74335
83464
44024
32316
56543
91632
10655
87526
13256
60186
70410
52098
26150
1131
78413
71705
91708
813
39667
84472
99728
88
68867
68620
54847
94620
18655
52475
70801
31948
37318
8898
44135
58634
90329
73703
56753
73868
21819
6874
96988
59112
58769
85965
61033
3042
13129
94892
20280
59822
49686
60731
25219
13987
48249
34284
83623
58815
48476
50681
46301
18129
91001
1699
27656
51399
72119
41896
10854
85620
95220
57883
50505
37981
10014
57923
65984
40705
52411
93553
20878
45987
53704
4703
67996
65845
33694
29666
75786
38915
68369
55980
43232
32185
70899
16097
19907
32017
99606
51347
26756
26301
34478
636
78418
10541
36084
54455
28751
28446
82503
99388
31840
46624
30636
83862
7358
28129
7255
90339
2698
87035
56354
58407
28542
69175
12858
36205
29918
2013
95673
65180
91149
71834
9485
25745
70523
19020
75768
51039
51388
80428
1297
26527
77844
33912
11815
40630
86799
43260
95270
8194
67053
70524
51186
37696
73978
13793
25616
48093
25724
78910
24452
92342
74117
23806
94261
78287
83177
49453
56749
97133
83017
64287
75069
76305
29549
84224
99997
3857
52977
78712
58352
54132
67574
83162
31686
51241
44729
1483
22747
97348
24001
58250
19868
78135
88882
67936
71562
69098
57374
14148
45912
49814
63323
41355
46479
90307
44208
58219
42896
33788
89929
715
98905
89836
83914
61705
2401
10807
80383
51527
11357
31255
35346
70802
37733
42514
17686
54737
98897
788
91457
61351
5820
3534
49398
40964
72139
75307
34720
14350
1191
63691
55738
20936
33669
14238
76395
45820
11079
22494
19472
72426
46684
18345
76210
66125
60642
40698
62006
5862
6700
28291
81331
17448
6750
50282
478
70399
80629
94717
41665
85021
38340
25906
28906
25283
5817
51903
2175
45256
37885
29906
32688
39241
10747
1615
34597
56717
91832
42629
38774
60884
74272
32235
86393
68955
81378
35868
64278
89743
39953
46379
44471
55340
57707
74565
42715
28528
9239
88674
78954
52288
18311
24359
79554
43223
22301
65596
65935
41351
34538
65541
19162
98797
56113
48863
59192
15414
47595
46616
39459
9799
29091
74187
30279
84398
74081
9080
96594
27395
52388
69372
70766
24922
52296
72753
26603
80711
5448
33316
81077
19822
27613
9039
80677
65383
67780
41715
68084
29355
26813
8532
86857
36669
6416
33329
16403
14679
34378
94302
68051
26640
17957
8160
81073
66311
48933
94244
90895
96079
40479
95356
44346
86871
33940
10583
1820
44469
89435
29852
85519
97870
46749
86051
51436
37508
27482
73008
95906
22109
56393
14157
39970
83724
13052
59074
4406
93182
22786
9300
90322
16771
38789
37975
65602
21302
17812
68881
19107
67755
96220
61613
18383
9621
70511
38553
16656
54833
10630
54556
56885
88818
65794
74775
92002
42825
96974
86647
70849
31281
25793
50132
21143
89557
14496
64970
84114
97663
75104
56881
26654
66653
20777
6555
69367
39794
79350
63881
69560
76598
4792
54314
72050
67499
2107
86386
58264
83677
50432
92915
94359
1717
49033
10810
78787
76187
34835
38728
46445
49733
85117
82539
5425
64576
46376
47641
7691
44025
65367
32329
14633
51049
19573
3789
96604
82939
22933
82128
49128
81755
89652
30056
66747
34333
74524
93336
34810
84839
30786
64069
28983
69148
66159
75667
27743
27590
12059
22427
56400
54047
92341
71147
47431
93821
39295
10810
85463
92439
58934
97382
55670
46808
87344
51180
90097
86430
15134
9763
59008
77327
2833
42230
18004
39482
3737
20668
77005
20933
15688
62614
68873
64056
84756
77892
62518
7109
3100
5380
20680
1651
85282
69672
36453
70854
38551
81331
18366
8652
53588
12976
46745
93862
7076
16686
1673
9233
46015
31708
55231
60368
14545
88253
23802
33272
35898
13224
35641
20024
32526
80992
21713
21058
27516
64490
83195
60186
33356
10288
4709
79739
4162
99857
44264
20864
30815
70882
54169
10966
92006
10245
42297
98331
71004
94661
93031
50290
40360
40779
58454
61127
43387
42400
69689
45177
65641
56288
23482
5769
43669
3703
78122
6686
38891
28667
26386
45522
37798
5221
13512
90428
77842
57581
26654
57754
64939
63169
44213
77147
33061
32033
63823
70407
72421
36283
78017
37804
7212
69982
65895
88582
13076
37917
71089
93769
69171
72322
21243
49614
99165
78540
2459
98168
6726
88006
34899
674
31076
48229
14439
87879
34419
14462
1800
56013
818
51874
44303
58222
40426
41144
65829
7013
79023
18517
62079
9682
44703
71418
74823
75626
26760
30729
94037
71006
11558
82501
51068
60869
34154
53766
38817
74217
18390
35638
9959
25003
49124
71787
52390
44404
9031
54945
68314
88250
83593
73523
3639
74475
22291
23158
9721
48472
30507
4435
34618
47073
75703
55614
20317
43993
16193
71415
80840
74710
86675
7101
14254
60759
14305
43754
31786
17042
48997
89327
71528
7257
45542
79372
12509
10024
1042
84492
72759
69518
88842
11419
78926
68822
37373
15717
54906
40785
81580
4237
34046
89217
82125
60390
91555
7108
94540
67954
56543
9755
94187
82196
65428
71510
57417
96116
98165
77599
80257
31279
29635
15263
46985
83543
17174
68657
35803
22094
93750
11553
88849
56091
78314
35071
77513
33799
64583
29926
92648
39863
34218
3780
82139
22982
42018
96966
43928
84477
548
78946
49123
95186
97505
75616
42733
84763
46837
9829
90102
49869
64278
96317
29331
20949
54605
19428
50667
40466
23937
38290
89019
6798
14158
70593
94265
35511
98965
98844
43510
64830
68109
79077
97213
91210
22711
49667
61976
7738
85615
60903
5425
2710
12318
14457
79798
56112
45293
71524
67670
79773
98868
32154
74920
16458
55056
19013
41450
65116
45682
57292
53031
27208
79636
23390
9618
57516
47367
40798
54447
47816
63625
92778
42641
51612
89010
91914
74686
69824
89293
23826
88910
15610
55139
9588
8146
59039
62770
35781
24306
9897
71933
34346
61103
95825
2622
27423
15591
33066
57591
33187
77302
77978
40421
21860
15321
19573
16437
6818
19599
78327
4657
53091
32248
48894
25299
531
94463
52290
85530
96021
51412
37970
49722
11050
28178
15693
64590
79196
87231
49465
49513
31176
70002
1155
64778
63207
19406
8691
97709
82807
73453
10027
93149
37610
89848
22365
49672
92811
56786
40262
12108
65288
97621
18059
32301
61408
6196
91854
60968
95947
58975
78829
27873
94496
35013
56343
46713
62535
55604
91404
71164
68060
6492
60848
19574
7068
54961
35979
33413
70224
48399
29344
47498
57043
42360
15944
37401
81089
54073
48842
75920
26142
80778
41146
91589
42015
69940
63723
4984
19961
98926
44146
92679
9189
76000
49529
9567
92237
51432
78236
79696
39094
4858
74467
87802
49001
76930
22493
58404
32831
74501
62869
72427
91433
92101
55092
82711
29338
38180
43699
72105
27185
81088
43258
78449
29094
45181
54938
34717
83632
5856
51748
55307
70673
87095
4484
74495
85728
40854
65789
96208
50384
17660
77762
60732
55649
45940
31982
56956
13155
74647
58593
98739
12771
1807
37912
75872
81428
36087
4264
83442
90011
40702
98390
85211
13782
97802
59350
80605
25641
65592
18366
49857
8199
2466
30117
88871
17370
70010
25758
15736
74992
28147
91787
9943
17218
34719
3520
94902
29153
58418
10518
72036
89471
8197
67752
10340
88696
74551
53901
27225
39675
92590
57714
11517
45880
37435
89011
11569
78600
12571
78934
79887
11572
24346
69637
13627
92483
33267
68390
83864
97827
56018
60920
39574
47699
79770
52460
7049
36810
85122
86142
31926
37992
67866
70958
22086
80408
13803
4928
93789
89854
74460
26476
88420
37411
14450
18946
93570
473
76495
90046
51273
16493
82075
18115
32045
43273
76256
34104
89936
84259
86991
2940
51032
82949
60000
96455
45634
38521
43542
58782
29135
34865
91169
91858
22620
86737
60829
1814
85456
15866
33048
39387
61039
88019
86353
77931
21292
12949
51772
43198
5243
59412
3490
97659
8515
77285
71013
25903
39058
89457
87873
1923
78443
75349
37613
24701
7995
25746
42945
502
26794
95191
16018
81683
28396
47049
85849
68898
64119
18477
22129
49875
27759
11762
31423
94128
65916
24094
88876
92443
73277
36211
65262
61635
1206
6461
97413
18018
88741
82426
14689
14261
51475
3079
23296
65401
36389
41732
96533
8318
61618
675
26788
84971
48303
46322
81706
66319
62534
62017
47386
21151
49638
5266
80738
74096
60019
15710
3916
12307
12766
37662
67552
8072
74575
2876
99591
11648
53086
76022
12042
3859
58658
5995
69945
55354
60929
79526
18759
42475
31238
88581
13203
32815
86096
76613
20225
80961
3398
72683
82215
48453
25705
64721
77924
20514
41922
86187
83946
40381
71227
73877
81820
40628
78186
49403
27859
58836
93543
10660
65627
94008
15358
7804
11066
39038
78496
15997
49840
69735
50548
73177
44665
56523
89963
66503
92912
90839
68017
68679
49998
15461
14015
67539
67024
66613
10158
49733
20854
60621
56486
78303
7848
45322
63092
49595
96307
78050
35386
60047
60081
45080
40032
63196
50919
9723
96392
24692
295
63420
38719
24805
60662
12010
28752
46086
77640
96299
20818
34077
82375
83801
48994
70667
30355
31926
41227
15317
29059
25486
53345
38224
35113
9320
31342
31815
78068
34376
84644
81260
55247
25860
34992
88793
64615
82497
83088
7938
38314
78057
16603
67481
9066
79627
65374
15292
69472
30416
38952
42303
79406
25749
96667
67762
50589
77642
68482
36752
16933
28453
72514
66467
38347
75428
23305
10902
45572
12414
79939
8217
22808
14308
91916
80587
60738
44537
11904
77351
14292
71339
60173
63725
52471
51181
21322
79787
92783
98738
31041
49736
27517
41800
28551
57326
6847
4687
32493
61714
44178
11156
7727
75488
44216
12751
35305
93671
90420
16949
7082
68127
23153
89339
73216
85522
11746
30856
52339
71246
42757
42837
63630
96230
77217
81251
49879
33503
8047
77081
62688
44510
63509
72377
13046
92524
82988
72126
1271
85795
71459
39061
7073
45751
56796
56180
30789
42340
69525
7195
52634
22607
32769
98950
9165
86012
14293
71788
5302
47340
4159
92791
838
4753
15
53184
88541
44560
39898
99046
56825
76688
91187
10987
81800
93413
75674
51051
14622
5108
59217
78554
81730
90435
13001
21273
53219
21759
44220
17429
30792
56712
59283
28188
48164
96701
9031
75644
66856
31584
6692
28538
60979
41189
74346
64620
16229
89820
39469
81044
83089
345
78557
4217
29584
12892
61600
15619
41394
78370
24954
28851
55664
55655
85039
43549
88797
63478
42879
27011
80731
31760
28976
88239
35337
63444
5770
44300
80538
89840
99707
6210
12673
46501
59962
11724
20168
61200
88681
11480
38592
29466
12244
85338
99379
37022
86679
86381
4949
43474
90843
84135
47417
45236
5024
70072
83968
78386
66487
7199
90892
13750
49286
45609
38643
3916
31919
30119
42990
2130
12586
57770
44945
93691
45870
16286
33621
49119
47727
95712
31377
37347
44577
36606
64520
90976
25882
94633
71675
69331
85430
79577
4511
48544
63220
73470
24169
7236
21982
63902
38022
4566
50214
431
39175
46424
29323
45971
45818
69920
80507
16459
90964
3261
45234
99482
52170
31145
84097
46583
35198
67306
71850
1934
7222
21380
61703
29044
32425
78719
18091
56420
90323
77232
95968
87483
7560
82118
5135
10700
86181
40660
86271
14753
51362
45430
56052
26640
86499
66753
74681
57461
18222
73804
28760
11793
51671
72501
33573
32927
54166
24017
89755
93967
10778
48596
47486
37697
55032
60281
56352
6527
65243
2543
44735
88887
64639
79936
4075
95476
46745
77214
32005
90328
22958
19852
67203
48088
88004
47463
29265
68020
42069
74256
31057
52145
95711
61590
19971
20373
50937
2084
50815
72863
85857
90949
29567
64864
44336
95759
8954
59514
55534
82099
89739
55475
20130
81216
12240
27766
10626
37902
83342
65062
2441
79758
32722
28224
21670
75915
90963
15084
69521
3324
64435
59487
42040
32746
38819
32849
74584
74841
17382
56022
96327
28564
11310
27962
8238
46265
48131
43998
64725
78078
71938
5642
20726
31839
76002
52238
17203
3398
17361
82521
3427
32597
30909
13109
17703
68402
33071
57533
89339
58288
40946
63291
76872
33686
79890
61634
29335
39982
87935
2021
54400
88076
67056
60595
82752
50712
53732
35024
22633
85531
80995
66257
70035
92994
52196
59891
88688
9906
55816
25624
69214
4328
30435
65759
67925
7179
53243
25087
70560
625
96776
43872
57736
5483
7548
29525
80716
23469
31452
76762
24941
67582
8332
3719
39878
89144
66249
62254
37273
41725
26960
34551
8419
59702
57340
15956
55282
88777
98221
81283
3949
47127
23171
12641
43473
206
52489
33957
92893
37106
68399
26912
47939
82179
36976
37263
25183
90475
66707
37050
22819
39334
87756
36525
11889
4558
78978
22544
85314
20707
57420
5476
10115
29971
20500
18205
63807
6699
67581
27959
86455
28922
29505
8438
33903
82302
17939
81630
92386
63342
4996
95179
64885
47139
49665
38286
51817
30916
96345
51525
70986
2125
42651
65014
78564
74682
23710
29896
63254
41205
57467
25917
41183
1146
39029
93424
64148
30916
19417
44327
81939
84918
80864
13653
47890
75848
29233
25391
32369
23563
10051
69896
75022
91227
29761
37452
53527
76096
97926
85109
12697
40193
69447
2510
30871
32806
76144
71905
5655
7303
97158
511
68439
95127
68172
25324
70941
24647
86913
22051
33931
27352
1703
69774
40977
58497
45663
23258
58301
99705
80655
41210
97869
92609
72037
24283
25637
41361
95797
26815
60156
70045
68222
37145
99121
59268
39787
10243
4763
71893
68246
95647
65534
16927
68071
67657
95801
87635
56730
78581
16060
1080
57534
45258
27350
66283
74105
67898
84621
25232
56937
83901
41159
87641
65797
20841
85253
70578
82466
37392
26480
92487
48978
11254
93035
18259
76935
84174
20424
62214
342
46384
79990
37905
35446
96088
45944
28145
18855
24702
69585
37846
45199
65870
88028
74831
64703
14852
71896
98068
43541
6150
26912
60112
31611
49085
62904
99913
41132
49904
8195
79885
50487
71167
30962
30906
30940
89626
38647
20233
49203
37244
48919
42584
99180
57991
89758
96564
8081
56221
46093
37824
49351
7320
46670
41572
82355
4647
34472
81524
67098
57093
73102
5147
75585
12055
29809
17381
3187
7490
85270
33286
84481
76839
8066
84778
84003
43325
62162
28602
97213
96553
56136
29704
88189
83899
1119
26935
99392
82632
22239
83081
5268
53792
80428
47782
48600
75948
88089
88231
75200
58022
56602
70716
1237
31060
79287
75424
52121
47522
67452
32951
41032
37531
67373
10208
68762
25860
85079
51773
72485
11893
32194
34812
5791
4020
45442
65378
33024
28912
29933
68531
44870
22232
79463
57344
56179
86998
65273
77485
98577
89739
74656
44638
63094
46407
65569
26973
39394
82917
48154
71563
92133
17665
57236
66241
94334
51991
99797
7873
51966
62234
70481
45118
618
88653
92353
54852
98751
71617
80204
51078
39984
24876
7713
36834
19180
31650
27623
60499
17339
27667
17099
11827
31846
12993
99321
21259
53206
88827
13382
66072
51348
36699
32586
23260
30640
78649
2699
23902
60445
22474
17364
70430
69722
57337
52644
79098
25196
35039
90787
89270
13414
53058
23408
86795
12651
69416
52597
17775
55274
23350
18492
82300
64455
65193
51163
13984
83931
20368
85642
60257
62674
82820
19734
99722
85906
98949
3342
12311
59227
63795
89242
13049
97578
22118
76043
93798
9911
19434
11373
672
70495
53466
16473
32320
1404
57175
97576
64959
57615
53414
51714
8385
39744
39652
58900
38814
64764
12870
82784
78382
41182
57393
54575
17681
45352
15538
90337
76184
73200
21884
24612
57587
57944
10812
25059
216
7253
66874
89782
74861
21585
80270
54167
67314
78508
42749
16949
62446
4893
52591
84641
3124
21175
45357
87398
14417
90599
82460
62037
80213
39417
10033
87838
26108
97754
36816
59132
91832
45048
87013
26279
16701
18501
11966
48845
6664
52987
11939
93018
62029
84217
86931
92179
99291
10923
3260
54499
40878
26441
74647
30221
43986
77206
86237
68992
96494
24904
50250
32040
24820
49383
97197
2049
42756
84750
80617
95591
58584
81327
92651
31081
15503
36883
52839
1211
55513
74815
87122
9963
67356
12530
16566
19947
82241
71787
66614
71693
42302
70215
46206
23053
24545
35719
90533
33832
34933
44881
11618
93962
70804
24909
66984
88741
92490
44752
94176
16573
81857
13045
64129
92769
30158
46823
87791
55540
86840
8379
84845
95977
10048
1306
86560
20077
96593
63869
38561
16446
18502
63473
13662
44122
17362
42490
47663
74418
69264
97875
62896
41949
86567
88083
52575
79177
74074
27339
14260
55500
6762
97932
84376
87384
55016
88998
52675
75693
3258
91820
16182
23049
4905
68595
93810
42043
86789
21080
91027
62037
48214
34977
55276
21215
62272
77787
96480
46183
18097
60195
35386
12503
58251
85089
67850
52703
52457
8271
60669
36561
34863
87
1367
34540
14290
81754
6736
32592
29857
94573
13032
