60991
21373
69277
9636
69915
88192
79280
28225
61613
82442
79228
28806
65075
80451
39265
74430
28770
83593
91337
7330
41848
1360
38210
75028
72509
15018
57853
83339
60117
70114
53954
19465
76101
81827
33294
34024
21567
565
60938
18642
78347
80679
94729
51408
39124
1928
3678
79226
21101
16335
3191
46286
20638
84667
43642
65436
62415
89685
48346
30781
1039
71122
65398
22499
87809
46068
66446
29484
7972
33711
41219
21552
42174
7177
98986
52602
63140
42299
64493
91508
23336
92020
54494
90586
59424
25373
38457
70929
10159
49719
32757
31152
43058
8256
48710
32636
92265
32821
36178
19474
22336
57202
10893
42270
90552
38036
13076
34600
91159
87647
58883
51982
97449
97947
50003
65036
56402
22009
87284
57912
52337
28564
49602
60362
15730
12851
56679
42360
12688
13514
82637
63360
68676
70400
5918
76223
98383
52588
39834
16767
8641
27193
77012
25101
22019
86248
62506
73415
82407
80436
56895
93108
44009
92816
16950
56590
92226
50093
92749
46011
23754
63896
26516
62874
97447
12128
22408
3256
77014
45973
70001
4098
18645
32748
95508
8788
52170
90719
59893
45072
72820
6705
52749
83243
92908
16047
46436
12033
64151
43122
9420
78025
38827
32481
37914
82402
32891
19348
50144
20717
35393
75763
61259
35797
97031
42780
32535
56777
66099
98692
44042
15306
364
50677
48756
57119
26701
17333
30017
32006
17925
85223
28088
51045
13191
33067
89811
92222
83029
60352
77755
28225
79781
84458
77279
61436
54733
56431
58737
15118
94736
83291
96157
32313
46724
82467
4903
99221
65951
35878
59520
78081
60223
65583
52964
62772
59187
70424
39860
74610
3017
4393
32779
47450
22772
39678
48702
97212
16217
61062
60597
18472
39895
56136
3105
32513
38704
70592
94457
15025
32024
6822
55413
25750
46874
21519
10214
82554
8161
4526
45840
36544
26666
45683
89637
46394
30883
52115
79679
42488
27040
24488
47097
38938
20826
64079
73866
75143
83204
7407
86336
9462
93388
3961
44725
38826
24329
51435
81168
12378
89991
17135
74843
70830
53229
80193
52733
98694
83335
74701
41747
27380
6517
35190
21359
7242
45743
24628
53325
14414
15795
70837
53390
49930
46861
18243
31827
43903
58241
54246
58872
7482
4696
31393
82602
20031
14917
73303
50854
27298
16563
65072
62320
18740
80429
5335
13837
2810
79049
52571
91581
94458
82706
33397
17624
9743
88208
68585
65540
70619
43798
96837
33296
53116
11624
17414
33713
92599
52519
11066
94134
88817
16411
45601
86057
26365
77084
74605
98725
3631
97052
10824
77903
32783
85460
74804
90514
92362
83082
66701
19227
24674
84924
40683
83533
88357
14508
87364
93890
96283
4455
25966
91360
71193
94163
8482
28947
33010
85173
25884
2732
19469
59517
85183
48438
61106
93519
23637
99312
7134
45550
96020
99916
77591
20646
31100
13124
16889
76662
72765
44883
21838
71225
89942
77015
82972
93904
54872
5281
24632
42285
36361
15318
81080
16862
16004
40326
85510
1332
86237
6566
5681
64144
62850
17580
38302
56809
43774
61543
32123
17596
74935
38712
628
75056
16503
20689
6846
68
42599
16520
93489
34264
53047
7639
69395
18741
4731
1332
24111
37050
90192
68456
89925
21028
27036
19918
76059
57528
79442
75179
62001
23408
83189
9156
4977
45889
77268
58784
93861
43621
51572
92923
10659
78057
74795
18371
64228
40021
77352
49651
11218
17523
94929
86346
60639
60574
72164
87303
6930
45769
81279
36227
28125
36712
98874
53387
9834
86207
13138
43193
72820
92070
77889
15310
2225
11637
91433
1070
80109
75442
4464
21944
29938
69428
2436
60672
72227
29042
71615
91338
66216
12717
65830
69317
26468
78583
25292
56386
80834
78559
27188
61328
16718
19867
41875
75126
62176
2000
9268
85580
78258
18976
47445
49526
27635
29392
53326
39933
46261
51093
77810
46284
11744
83451
29486
87812
4169
15442
48974
1852
87197
71925
68415
42297
89784
97240
24815
59910
38162
29421
88432
68272
92729
60915
59356
63041
59834
46716
84659
57559
89368
61050
7295
44224
92959
78821
82969
3379
23314
10795
68612
7662
44800
92532
51926
81608
53429
10353
23383
13555
15597
53313
13763
1872
85508
86016
28297
39758
2505
14156
60534
92800
53521
1812
65388
81210
5607
80800
95947
57000
89985
18135
49938
31467
98542
20945
17150
86609
1867
47066
78065
89264
29333
21632
10222
61278
66744
40313
11969
59216
5382
97523
64444
39629
17028
78521
99355
81615
24798
12287
2377
62293
3003
25995
60956
20967
51243
89824
22491
7752
5692
15912
88447
91761
55436
80125
77399
8976
58393
82644
9030
23516
33781
80774
62504
32371
93461
16349
76690
882
27432
36727
48662
23120
33348
31578
33125
63255
50075
64309
30832
56000
5261
32558
4391
46795
45016
90541
84898
56568
6635
53892
94622
98533
65912
44505
95742
93796
8455
54802
73683
24599
72871
70300
4439
61611
6911
11832
70195
46126
68579
97795
25825
73359
90018
17472
49355
8945
58268
97731
84914
5771
23249
47293
72555
88959
96949
86975
26916
60085
39040
42381
3556
93139
23937
50402
30640
53179
52530
57689
97449
38593
78918
48318
8339
73191
82335
83090
88785
98616
73277
91253
87596
85533
90225
63763
8019
16031
98575
35150
16379
40826
4482
8003
60552
28281
78969
82108
12068
41140
36991
23985
95083
63235
72552
21276
5450
99070
89064
12056
48892
75443
74910
48565
2643
88738
9677
86522
27896
12728
16106
78135
52490
94246
36017
61703
32514
32574
56787
55390
96311
5482
28843
40661
4701
4105
78
43823
72169
71654
72064
61446
62255
8182
73187
3543
10988
33966
86186
36967
1600
7199
73931
6993
94707
66415
30803
4813
62136
37845
43668
44094
13518
29489
2009
57879
32515
26597
12315
10891
27732
86804
24812
37937
61936
48310
48912
67664
51771
79669
68907
53613
24109
85287
18517
97070
69338
63912
52042
22249
80461
97523
29695
22830
86157
53213
84559
50541
98626
47342
87859
13830
82736
34428
78672
844
22530
81862
28777
7316
23042
96106
9749
50400
43045
63300
67852
74690
47172
41412
47932
66031
52580
60811
70648
226
70583
59393
79983
74954
95580
81461
59994
75250
82593
70450
86319
3402
47849
35931
73267
4599
83304
22403
64973
47124
89835
54347
98453
48386
22804
20857
80299
20916
64771
70545
22915
70096
54001
78931
82686
68546
76662
58096
64661
64611
60074
22090
83887
60033
21896
81640
73905
79916
79343
15955
63797
48413
56802
26671
91635
88002
8559
78361
41243
44906
3693
97626
87589
44362
83230
75973
2464
16202
55348
64243
85895
23791
71472
51928
77426
53733
92005
6241
67080
94280
95035
36013
34897
27535
74576
92037
80874
33750
81049
7993
95826
75527
29862
11705
78529
73092
16163
74573
30361
45172
32602
38609
75156
2312
7254
51504
46461
83912
11491
14395
71674
97054
57265
85030
85447
89567
70008
16928
93022
42449
75029
58958
45458
60030
94130
57634
15964
9812
88675
77533
62572
2965
2637
10142
82593
37154
35393
93701
84435
90847
1894
51401
8685
4355
48341
4307
87097
59519
77245
98389
41556
23464
29895
29514
992
67715
77365
51818
42168
49452
20579
77770
36798
45570
53807
72111
64080
27762
55668
49261
90842
447
21906
70080
48421
4651
91882
7270
63564
80645
25541
11735
44495
64655
99828
83362
76512
62666
76914
96901
15515
78880
2438
96456
39219
26894
13381
48023
98311
2796
17460
45722
67540
14811
6827
54195
3204
98794
92373
52596
54340
4996
31155
24794
30835
49913
85760
10186
58230
38471
65327
56614
41064
47238
88721
95435
42159
98541
38388
44042
28714
67620
32165
39554
48518
31061
34583
31312
45235
51961
4017
43525
96048
51531
14835
2469
46587
27214
88533
30565
29711
79503
92353
14116
16144
24648
71
12373
8915
84926
29725
70139
57997
49098
47063
3028
3543
43028
94527
39244
76155
6330
62672
33970
70749
7089
70261
68263
20969
50563
92857
91795
72853
31158
96394
33009
17138
8302
98256
66379
32789
68840
66884
69312
27356
44263
55790
2978
55039
53932
20671
24156
53365
52286
55335
35600
88224
50825
11348
2815
38134
29986
72073
24994
72844
80425
54134
75829
34273
55623
13369
30995
96421
94167
68657
48285
20133
54369
94683
98291
61555
31649
6700
67461
74998
14534
75049
31747
61547
21879
79397
40881
89847
50128
37688
29622
4650
99946
17433
60820
61233
664
87992
14450
51385
36461
75898
50708
47867
89115
35698
23820
69768
52247
88089
52234
74802
69593
46825
61551
32532
28671
77628
63775
92351
85232
54268
71925
4131
83870
92518
39888
52790
29541
10752
19179
96772
59312
27283
5707
2323
59802
68647
61393
6897
87442
11386
13551
86684
56056
78461
27543
85934
85189
96843
23343
59395
45383
94183
14209
59273
47337
69809
24879
81603
55313
99204
65188
77145
5858
97679
78213
16640
31490
42062
20838
4386
66038
18212
47225
71049
80362
85463
72129
77613
24013
62024
56004
30679
20984
58222
44703
7121
70863
88430
63284
40301
86304
13273
2271
34543
54313
62946
35014
52823
9718
60954
39662
14543
71304
98378
49578
37197
88785
86637
77359
83877
15323
25319
34371
8239
30824
76837
2643
49296
51572
55218
46724
83496
39127
90132
18337
34327
15783
85825
99155
82540
36315
66945
52655
14796
97866
6785
17512
62107
2225
20945
84550
66666
44403
69275
94479
80958
99195
13728
58657
7801
33917
34897
68865
29543
79738
7751
87534
26854
47042
91775
1807
79795
99636
7990
47435
8685
91713
82140
14199
56232
68175
36920
37193
25329
27833
52696
31404
73369
3891
11699
84716
10112
79948
27454
67057
85887
89068
71783
10697
35825
69117
82257
73438
74207
39430
25068
55335
61639
18897
64048
23993
56488
73582
70646
25470
13293
90065
83091
37790
819
20567
46514
46682
54809
84486
65741
95160
36035
25874
33000
99384
96907
55547
58090
16100
14276
82484
61176
30118
98892
64511
60976
93108
35438
44083
92511
6887
61457
60448
51871
27114
48929
54313
86545
57485
70008
31727
67571
65624
31880
95919
89694
68573
90344
73634
27422
64070
58552
38307
52686
92846
7378
45901
83888
75852
35791
2242
31847
42985
62707
30632
8721
85394
73879
16653
91236
49130
50449
96748
89795
69943
64002
52968
8060
85532
42076
60757
7426
92903
27725
11126
28547
66465
48812
7104
30757
32035
39327
63102
31969
79464
65031
34318
51548
56701
45224
91657
71966
38036
9401
35615
7953
70232
39204
6112
76600
16667
98715
73816
28841
33195
33688
70034
40905
43844
44046
89149
18498
97247
26545
37804
66755
75079
9407
69142
21012
69676
42250
12862
37013
45681
3555
40526
43186
69183
34148
57020
11205
75805
40217
20911
81416
16407
85868
70042
36277
9051
17676
21830
18620
38883
70746
41807
58688
75852
58064
89957
43342
87173
78382
78386
15259
10691
41922
48955
49305
83857
88915
96352
94262
39653
33707
68029
98674
25390
43710
45747
25434
61257
13915
52993
54758
99507
8366
78475
87371
19801
2095
46141
14205
11371
26315
62377
49541
88943
2316
83244
65371
14193
80456
60910
31745
13752
90403
9736
65339
42388
75362
8736
44782
42836
40013
50224
54868
58676
90912
9029
50457
19699
59439
39363
27094
93762
87539
13702
1447
14296
13589
13379
77483
33603
48533
68205
44312
81946
96407
98515
29496
54573
66283
84902
63620
33598
80952
9241
14363
87752
96805
67041
49631
78237
1284
43612
26412
2511
99066
46
9398
27204
10863
97382
95134
39692
3439
44447
41808
24590
62938
89058
73884
36926
15822
66185
3023
34764
74383
47262
64846
99286
26705
55522
10767
30269
87074
9194
92499
76436
33622
41124
72644
33141
25711
14071
4071
76111
18921
46312
957
34746
37856
24857
39100
45482
67359
75180
15077
19073
7782
6853
72034
9503
7799
25037
14686
33813
26045
98195
80288
21912
49593
85421
57733
12560
65674
87900
51962
16432
41464
78029
22675
37696
98270
37852
24171
36981
10066
60531
6424
52387
41265
42865
906
29961
97932
50757
9248
71786
81961
52953
24486
78140
40120
59692
30895
7833
59539
91704
25036
19155
33840
82098
80006
59397
39014
57679
55389
13348
46938
50467
42301
99668
3557
19845
81114
19479
15043
72303
66633
69792
20731
63298
82042
58054
13702
47526
43701
81844
79390
90574
8464
26493
33124
29114
43786
96364
45998
84918
14279
30938
83499
73600
74761
2457
97268
76199
6919
34413
17393
67119
23852
22746
33925
34096
75727
43129
86520
71486
64779
84388
57343
78116
54074
85233
30409
61098
64339
34491
59752
73941
53948
12603
2907
72461
18670
22486
59092
98810
33604
19088
25450
19336
15615
90398
41661
64137
22170
84633
95586
4313
44676
24814
31882
8541
31807
11379
79443
86757
32788
22132
93034
61520
70801
77355
57947
66063
86497
58670
47544
48066
26662
32930
43618
5822
74069
32494
98422
47344
62893
77034
3479
18299
12310
17878
5236
50077
55795
76871
92373
46607
31107
21052
24168
23276
66521
23791
51330
36009
36278
95655
85620
9698
25696
30346
25516
28662
90081
80143
67556
34376
30751
56081
74860
31015
55507
21376
79407
52455
94184
56434
31716
26254
45426
82711
91604
92235
83657
94634
49218
67296
80256
9379
29116
13376
10150
77289
20861
79283
88569
65061
13180
94551
15585
47025
77268
3681
45712
12400
5137
21249
2644
96503
93204
12483
84439
65929
96931
54290
44052
80576
32112
25239
37525
55143
91748
78111
61517
75301
65896
16314
99951
99475
60752
45696
87306
43183
86405
37774
50561
69833
5741
51566
41611
62522
79192
59157
26468
98133
61930
40357
64654
37942
82752
36147
81928
27158
46881
42659
45608
65633
40962
11567
62008
48510
40470
29607
79819
32749
19473
22386
90619
82896
1303
39666
35456
88192
48485
46854
24462
10688
59483
28137
90636
29294
54757
42487
33964
86134
82277
86256
58604
44609
543
87733
68808
85930
1217
71791
1562
54065
34636
81712
14800
47689
89507
35697
29863
39564
9551
5146
88713
50510
47596
56928
56833
45166
83956
23432
31607
7401
16998
54474
42220
93673
25171
78929
99091
93307
41925
41534
25130
51967
95019
73292
54548
4248
75877
88815
60309
81090
35433
41206
40073
18595
60912
19343
50145
46842
78561
75433
61467
13428
40503
40821
28061
542
11217
13766
89837
91605
91478
6935
65136
77049
31522
17196
80349
98080
95250
20848
33213
3686
91240
34813
64802
97410
7227
33371
32961
24852
1087
90879
50637
28763
10124
4277
36626
29635
78766
70328
11306
99835
95336
94046
57183
20613
19237
96081
4286
63974
49949
6808
18196
23933
17920
3220
85192
8977
3266
38502
16596
94882
98307
98670
89953
15586
54393
29998
38207
85501
55741
24749
48894
26131
14223
90039
39532
92518
70919
84321
83051
34286
19065
16651
5837
77994
8484
67007
29935
25330
13559
75989
64943
76680
70112
50041
28620
35468
36627
40420
17497
56334
45523
84262
21053
2238
29536
15878
50346
34720
9469
62464
1591
36796
71868
31181
40060
86673
26057
4033
27818
44266
83312
91277
62597
26728
70060
49956
54976
73502
57068
49531
34675
68732
85284
62922
38618
52323
95406
63151
65997
59480
57467
66417
89911
66100
85018
53794
83318
15191
16258
35198
9967
19356
3296
18672
96843
19336
14008
21172
97681
21340
31642
51191
39265
87946
22403
47450
32907
17765
30189
80278
67530
57841
40308
18201
6048
79161
76485
94478
90990
53151
23045
49243
88240
86062
86971
91972
6004
50667
2203
24557
92917
8138
25616
66972
31416
80317
32549
51037
57922
3687
70961
55583
64532
34671
71805
38588
48420
46160
16242
33302
34937
23821
19012
26652
95011
25762
48821
2732
88820
54709
14855
32210
77663
53931
14818
62639
74059
21208
88542
22677
28628
30542
34734
71758
67295
26550
37033
48860
52600
27389
31638
74396
18026
64549
57395
18948
11674
9533
72898
15307
65728
78667
23057
24136
61570
40101
83524
89554
38031
14175
87233
17414
33333
89182
75384
84231
81792
49995
41293
48800
21232
54500
75076
44837
56053
49068
51111
8856
25834
14435
86359
49671
82923
35696
22252
68530
59508
51322
51787
11082
98071
8470
10819
117
47546
84635
47300
7406
83755
63345
56317
138
30816
19560
4624
33077
34287
19301
24436
62331
46407
34007
74150
68162
2922
15176
31982
11156
2695
50959
88489
4859
8952
22114
11576
26501
9365
85256
15684
26696
33810
58988
81644
73662
44604
37646
90446
57809
96812
89876
28206
8626
96453
30462
11269
82850
54256
6807
16296
46452
59569
62535
53844
50058
68965
68966
211
96059
39738
25994
6286
12759
57260
56673
37840
32609
84120
17242
68754
41787
26846
43902
58472
79520
27448
28252
39943
32234
369
80354
39633
15955
4420
50056
43967
39577
12594
24070
55753
43867
46271
82437
18133
99904
95722
70547
91226
61463
4903
51344
39824
48792
29051
21574
71383
29418
82356
51221
46144
58430
18594
46508
41467
72120
59285
20756
64894
28173
72308
70982
39054
22536
4599
35453
75693
15751
23426
32006
43169
67523
32767
1908
11645
27437
82679
65456
36110
92595
94604
17485
81028
93953
96438
89753
62779
32965
52792
12240
61509
40107
38718
60331
97013
41287
19542
19190
78635
73169
35368
69919
18167
93289
4274
72297
53036
83516
49541
89408
84002
41440
19510
77895
30759
77913
41730
65998
27780
5886
1313
49216
53896
58005
55269
32120
48403
58683
2191
30739
21825
15360
1998
75584
65553
50671
49494
5780
47120
40971
69177
91611
44839
67380
1604
95881
67742
30857
89945
37614
22731
35016
72484
86503
65083
25969
60348
29137
49724
3560
6648
19385
49413
4985
44843
96143
29186
67894
13565
19193
50495
2460
72360
38404
81200
89844
23468
18037
97404
28213
7151
26077
50148
97606
56565
37995
25395
66593
82167
77883
6179
94900
931
6700
60905
68321
60400
94480
10623
89060
87836
66428
85453
11125
36517
92223
91699
26275
59648
91760
51796
81441
14041
16479
96450
95037
85575
40942
78883
10347
81067
60601
95389
42720
46597
18928
49443
65210
15923
37573
85820
39229
61575
4384
7084
79256
6660
14129
77729
57478
26549
35261
84412
52369
81674
28697
56762
90961
76624
75381
53791
89809
26347
18351
21758
64274
96178
97384
12198
81354
11720
16756
31660
40260
34194
50379
52497
3691
58234
70172
82865
97409
37407
89217
55208
22409
1143
9614
75040
93125
24898
47811
69691
95321
22412
98017
32633
46670
1214
10457
58375
30035
13442
65600
38724
8542
80753
29439
64913
29872
41818
36262
75637
16791
87826
22689
4266
96845
24947
24706
88519
84221
18963
17438
53931
31974
51201
79412
14179
93976
50685
88903
71096
90651
1845
26061
17528
56302
28920
80353
16223
51693
38937
68499
6849
32812
46402
35135
99319
82241
98642
19738
40324
45470
54773
52072
63939
34235
31230
62667
16335
626
56515
62742
1486
95044
41589
41184
92891
71033
54619
80532
4431
45541
48778
73893
59339
85350
74019
79999
33540
60553
31497
47225
63691
94636
92125
59302
88024
83806
60216
21258
26675
62147
20420
74282
18526
44980
34807
19964
20706
387
7374
51646
16853
5531
98594
64802
88613
66694
50121
68039
21092
25673
6475
1379
46927
85962
7935
98268
97308
85106
23362
44246
51328
61229
60404
23558
3675
79309
77359
55813
96609
98831
87044
12993
901
45653
7028
9965
25124
50386
76711
59513
37291
96549
63821
28508
90117
24541
6415
97517
28997
25754
68881
80626
48589
7476
87782
91791
54105
76053
32560
37312
3403
63425
32019
68482
628
4982
87476
38443
47291
26382
56627
17882
9357
9089
87490
82377
91617
55176
46209
91839
20774
14812
49176
40194
36876
36157
45744
62665
14348
47567
25838
28912
97557
45822
60685
90405
35444
34274
49655
74751
1695
33437
479
36014
830
37473
19902
5965
42646
69456
91721
26804
9235
2235
80203
78282
53490
44267
78308
54328
31017
41694
36734
7449
89171
6217
40711
18573
75419
71165
12272
6765
43076
65124
36801
42136
95634
6826
77654
21708
18969
21912
92091
16881
12161
94331
80959
53359
36786
67363
11768
34752
54178
3304
48307
74271
39000
90695
78901
60031
60636
94859
79316
3065
88797
56710
40171
43710
79582
6366
75422
33675
80670
9669
24618
75034
42114
34080
49383
19444
11970
46537
68414
13220
61805
38032
26593
52103
52729
36060
69675
16704
84427
36719
43798
48584
25823
80264
58770
34690
99509
41090
5544
38220
50776
97658
29356
22930
22124
61102
85688
75037
49363
17920
23563
96937
30876
21946
90173
73876
25002
98059
33309
50097
86076
4943
22410
25917
50398
33197
27210
38825
39979
83931
58506
95637
20220
90972
6259
11006
12562
1897
66565
12271
24412
6797
45811
43891
96965
15305
60731
60074
46110
21561
61855
4761
89155
95950
66693
476
23757
38810
29735
3767
93972
33739
78968
10282
66238
34542
25524
49954
60232
56085
36003
73516
68399
64371
98826
62597
95067
34819
1837
67918
42090
86953
71173
70683
69461
72688
21466
51305
13377
7571
30461
94735
83844
75639
66469
57230
42385
43605
11172
70306
89474
65750
28741
40923
71841
9143
57188
71621
5267
50123
89673
30946
28417
29312
46179
20794
17637
44121
12605
38441
33901
88379
6816
38998
92623
94372
77093
13636
71306
12437
92533
91554
33716
60656
26687
84349
27653
41756
67413
44341
30591
36869
24803
3148
31705
68385
37484
69179
27622
44333
12899
15935
69831
37174
62596
88145
29226
22708
67917
5811
5340
86577
92508
70309
25394
23047
49862
42232
92400
64454
43152
78906
10517
70389
21166
91600
2979
45937
5974
73570
36398
67537
35360
48719
52609
71753
97052
80225
5895
30285
29840
11932
89884
13325
67373
27184
91729
75487
43821
75310
38262
94139
83563
16952
68551
12447
54366
15664
37334
53779
84179
89362
51185
80679
10279
40542
99343
76632
20894
70637
45788
27377
75779
60357
96478
55726
54428
79751
10756
71932
56328
22470
57674
92605
62328
23986
46411
83847
56360
98098
19748
72940
16409
53457
27937
42900
2316
83983
24166
30598
42780
77335
88316
60038
35481
20049
56758
50232
47293
10830
54975
99266
88492
78497
7745
94160
41741
51245
3092
17553
83903
70137
53378
17983
19450
68673
41075
6364
93092
5190
78522
98775
70028
13029
59227
20174
7590
52004
18967
98926
66467
6377
80790
76405
38924
73957
72751
30297
51772
8270
18775
95777
98808
75786
37923
8817
36491
16103
68028
52867
9474
94215
78559
96433
47104
49945
85613
97935
14559
52803
66966
99764
94020
45051
69085
33050
71421
44277
999
86331
48922
35190
79974
49339
74790
2664
61277
16837
44320
55462
32303
46413
46298
31959
30632
70133
24685
51447
61191
79851
51287
42801
51110
13264
12338
75625
46184
36947
57426
50005
78014
40635
40059
204
53174
95716
81533
32183
55713
51136
39277
33252
28672
7103
51137
22841
91082
66985
50151
5413
5563
25768
2018
62802
94204
54627
12675
27831
25132
49861
94848
2634
70312
64765
82259
49587
21468
68286
28050
48987
54790
73766
41894
80803
72291
15451
7274
51121
93304
50161
88642
73509
90111
56937
50965
15370
92972
82068
58697
45641
90875
32053
16122
8887
74680
60900
51414
62766
29803
622
17848
37017
94654
85882
12991
69192
48172
3430
91306
79428
92743
57232
63666
42236
8806
70066
93892
98270
31082
16228
81465
52098
5771
40869
56276
38816
5347
40052
68600
47362
5815
91288
77859
31059
1598
57408
55755
35799
84591
96069
81780
72820
91755
72075
81099
73518
32004
51846
28962
66193
16617
19322
82247
40359
77231
47034
77539
10473
1117
4882
27917
19154
91156
99776
86600
9648
89433
65949
63872
89747
41313
5178
24220
12232
4408
1221
5440
89759
54221
81067
46659
82727
83934
89015
35943
92508
96635
10457
37594
63799
72281
9762
67624
22020
66646
92139
37723
76145
43108
75445
37392
66978
23637
4459
98135
66145
48321
67555
50279
94930
59478
98500
48027
53445
19964
48514
63981
8229
20259
90084
79790
20269
16556
19783
89919
87514
35090
37883
73871
26460
30387
58667
61009
64198
94910
60506
5816
4485
25499
92105
8434
6221
96977
853
65759
80046
3960
96669
93357
81381
90652
13281
34290
82704
7498
34437
25892
77818
48858
34549
3096
94260
14233
26756
1013
77188
96626
92365
65012
3447
48441
7642
41591
45618
90708
49666
42531
64806
20742
39820
54331
15362
24
62898
92122
82466
86534
77538
77
55749
29732
87326
1931
13629
11499
66115
81009
65152
52517
88870
5150
56059
6192
11322
64328
74757
59378
36975
81370
99601
56569
85556
60491
88254
92205
58461
37339
5193
62069
31679
36396
21794
82563
30808
72091
24636
1373
71660
27257
66589
76457
70891
51083
95701
41076
16430
18458
33100
37567
35103
53272
74420
33926
14424
45712
42302
26734
85860
23144
45672
41131
24483
83830
25364
66603
73097
94524
98227
31075
47173
25473
12288
19091
42174
77678
70634
79832
43161
7169
43273
88975
19576
93201
70450
77985
99101
83488
52101
61391
4813
2358
73956
71867
10319
99839
28606
46192
275
57219
69449
87664
24015
94429
38893
65432
5221
987
66077
62865
22977
39602
1505
22774
39677
18746
36175
23869
3399
95853
37241
80516
24955
1848
46975
34938
83690
84315
9861
15463
34044
80355
91871
48856
28721
93025
97704
3883
98467
58503
62835
93299
94823
98750
15096
18409
33203
55399
70064
70063
6713
46572
2716
94594
39569
6018
98687
27515
8213
91422
21549
514
51622
80625
98459
69137
32461
24033
33237
99072
12955
73157
74286
14961
31281
21692
94162
35258
52380
68139
64248
58155
46680
5681
89203
83739
44309
11305
44904
47124
42679
90076
53113
70199
7863
67488
83648
10285
4103
87665
4183
15979
48563
26537
87220
79361
87395
19487
92307
16287
17629
14106
91275
47780
69031
47345
69346
10565
15434
9856
77340
51735
99058
424
30159
58969
19633
60356
42802
74496
94212
68292
76020
35296
17006
46664
48328
76180
81312
58459
65086
7371
18970
87113
68205
66959
77419
20958
53901
97075
56691
60572
61665
17816
48522
82744
71473
45500
68762
88658
49237
80032
86151
99920
39662
16308
66159
23222
87247
81697
15853
81155
44696
39794
6903
15947
29187
75872
92327
71916
9303
70937
54774
89328
20986
94764
6596
18687
80356
12564
69141
31069
23214
57695
80021
33991
67177
34649
2108
19109
68907
7194
11757
74221
99749
93832
34712
19924
93616
38730
26303
84689
52389
37419
1526
92912
8875
88103
21028
90224
79371
62677
34150
17498
34720
40785
29234
87838
11787
87717
83448
93100
82435
16243
101
90411
94920
25506
88353
87417
89944
41794
51929
59200
74779
42717
77559
72145
16889
37181
85965
5664
75628
94868
40944
72124
2000
73995
89793
75337
92086
22123
76839
20700
24760
5506
93688
84818
52039
74418
53303
42445
13440
54076
16918
11405
40637
95652
53565
1415
53383
94593
73315
74308
22313
57347
29657
37432
7520
50369
7750
1852
89743
28799
4941
7883
40911
72632
84907
37942
60100
51118
99804
85189
84874
83243
88445
19755
17870
44274
81964
78340
11545
43495
28779
55214
28999
28600
15812
86465
54966
48967
1126
10571
66010
60149
21006
86668
38893
98636
53377
27564
88612
91081
5077
6100
77757
74212
60944
83280
80819
47325
59080
77150
19412
53125
15881
60275
29834
21542
21301
34315
98390
35184
14597
7594
53339
33089
41262
18036
93942
50064
83711
20166
64331
51735
30407
51919
48378
70234
56659
90958
97329
15064
12245
63945
82875
72205
55488
64103
36982
83393
16688
86891
28738
96369
84998
40301
20533
19544
89489
47766
82092
93753
96840
78456
69564
43404
15060
87305
97927
33027
77099
49882
36361
63191
20951
99320
94322
9620
68053
66333
70190
53213
85848
23508
12416
3614
95950
17992
62061
22829
13851
84071
99349
16923
4033
19256
87516
88828
26977
22838
73894
74449
61691
30376
76354
19790
64818
37471
81437
38509
42155
77099
2423
15151
81811
16762
40051
10730
26944
22286
8071
92435
1456
9914
75572
10793
25422
7609
15
49308
12051
71339
68958
49112
13704
47884
35998
76178
56554
10771
7169
32909
38471
56804
30677
74761
21284
17042
59999
46698
75201
8853
45991
71872
46932
2659
95981
39416
14866
33967
68761
75646
69356
56091
57264
74893
67958
47354
3875
43605
48899
29063
26209
49832
5580
46363
99340
31041
41455
10799
40297
78001
37396
64303
77297
39623
2379
53815
11717
73916
67569
40173
18014
15032
72146
10906
81026
61540
58504
75334
92402
51981
44801
80783
92641
74705
62015
31622
14144
89770
40760
92518
27924
29844
47806
7250
34920
79389
81337
14345
94494
97480
64848
50537
98913
71645
83975
17629
23575
3665
77155
19972
54162
21741
16168
81504
89509
94014
57443
67415
90420
54328
83811
92202
72996
77255
29154
57104
37713
94388
95074
21838
47615
21041
52595
17109
57128
6849
18705
35480
81779
81831
84810
38728
75366
79625
7612
57006
27794
18720
36573
19460
42893
92415
57588
18448
1213
98846
45157
50814
21904
18242
8299
69593
6345
73482
40541
49926
14837
64185
79283
541
10459
9787
60801
3045
66289
92885
14178
10251
11
47470
27472
14943
62607
12948
89904
73387
14756
47628
85899
92752
9609
18970
43542
43103
18562
67944
35219
48880
90636
77335
74992
33443
96978
38848
21389
83569
39544
18470
64188
2765
86869
17050
85441
43645
64317
617
4665
32271
43324
48006
3958
17946
52447
17808
90504
12914
41805
26303
93720
2311
31891
90321
66542
68123
24188
28555
63698
85022
41919
3342
90543
3560
34898
7096
77652
86002
39261
48052
55764
62225
72681
99135
16077
23056
14104
99256
62181
29481
73422
45155
76561
19935
68652
27961
5968
37851
34621
72592
56787
50561
37578
63299
72544
56239
87144
32062
5100
73458
29329
74568
44933
89284
92528
51628
90162
94342
62582
3238
72306
23445
80777
70919
90529
83436
98268
25733
20729
49623
28314
89090
78293
37807
77532
67640
53585
91638
33882
56606
50861
77649
6622
77113
54704
20957
18100
56033
12297
68783
97629
43086
94161
75212
46307
1984
61453
64098
73319
11784
61807
15809
80118
69975
65499
64346
73306
98560
58311
95122
85581
45420
82012
13634
7112
71579
48986
33423
16633
4786
75575
94081
91635
3749
24360
57250
63583
61601
31544
76341
20241
64694
59509
74192
57941
58208
40906
51959
69448
67346
87527
3062
31299
38366
92317
88315
84146
76994
1317
14254
91204
7570
63392
52622
80154
16765
9753
27434
99170
68895
70311
29112
28573
72452
61519
14293
25884
18676
23302
64218
7658
39871
63507
35735
66499
25445
84115
32079
54434
42914
45462
88015
2135
65813
70919
86220
98616
99116
62954
46072
36302
78734
8157
31425
5488
1764
78656
75750
1134
87909
46033
73623
87876
84316
2129
10344
44654
30744
7330
71857
60090
37936
19090
60901
11192
60465
55633
68461
21487
85189
75581
43969
86249
70658
87327
61154
80815
68588
29230
22167
24687
15560
7954
52929
86393
79134
51747
23165
45449
63497
70384
91190
39519
95871
76955
1093
32523
4312
9665
41350
13027
71677
36472
65112
16087
4782
64465
24464
97467
84399
7452
66874
71363
19312
84395
16142
40110
24984
24303
11819
83129
43533
24574
78867
34484
23043
82710
54498
71794
13247
26620
54283
11322
6534
45725
40273
5786
12294
32406
25664
50491
5569
1390
8774
10127
96946
70816
16401
53223
35166
47895
72197
98721
63032
54963
82810
85887
14192
55752
10672
37491
85465
6565
47184
27670
92757
35602
22657
78328
69280
79122
25796
95153
89302
84040
3724
14390
4674
17302
7997
70056
79076
89569
84448
43366
86173
61072
52544
33026
13146
76563
24260
93233
3387
57377
86921
61020
97855
70905
87163
20756
35950
11178
977
38242
87266
4878
46018
59100
72499
64913
83527
86676
6046
85104
64687
10923
19697
9500
68665
87106
47509
96157
99185
78481
92569
66963
15178
9520
32855
88920
71572
63794
99333
85410
34747
78290
31322
3588
34460
53350
53146
38292
9764
79600
18432
57255
23878
94388
55944
94584
62777
6339
75414
9672
48492
92277
54278
86304
31367
886
69713
33298
34175
19703
79480
19581
42869
67365
53168
56974
1357
5047
11787
23780
85830
5984
45215
37228
17850
93477
68565
52747
89843
94345
22640
12058
33288
56067
53175
19851
88883
65169
8129
47626
87921
74918
6428
11263
86869
18014
81626
68176
55049
90291
94617
54724
36578
53608
97549
78370
90014
29666
48013
70423
92893
2039
82742
52502
57209
59678
96896
8505
75460
97414
68187
62950
98173
46595
26085
70286
99886
99075
6539
17999
21829
89406
5529
80408
59084
64236
6592
54860
54279
8624
55107
60128
16362
3762
56606
72831
43764
37323
70740
52654
39564
93529
14164
73897
91575
6514
78758
41163
50323
27574
36663
76781
34100
58493
65407
76774
53400
88527
94219
1680
37960
61170
34508
64715
15565
56766
5948
59131
85549
39341
27784
13325
70081
92398
85918
47127
44884
36184
55668
90044
54298
65852
42418
31215
34282
18579
43038
57103
28442
30678
76962
41457
79349
46093
75196
46108
63868
20479
44354
44621
23510
5032
74351
51514
18261
44040
14287
65556
84903
83896
77155
97989
23989
82072
41681
633
92252
14884
50411
57210
70117
42853
51898
50707
21763
47843
39
51286
37737
26424
44165
43992
18213
45696
3359
78330
58493
29293
9466
55843
86629
2039
67110
69705
13849
79472
68550
70127
52989
57205
97050
89768
51887
58400
97509
14842
60358
21626
86016
31933
85033
38735
97242
86178
81966
77818
26794
12497
42285
43903
82451
2602
29665
70007
50
79437
6491
76422
54343
80438
52482
17832
74142
36672
27691
91210
43929
87978
85424
13238
78940
21206
85648
1798
40628
64110
86596
51993
23364
46786
72825
32259
6766
9388
54735
30078
73339
52437
9005
4287
91559
18320
90878
41412
28524
10531
47180
41161
70729
90567
94807
62777
6126
67941
29970
43905
70695
82912
84923
32001
16099
89105
89109
65404
15135
82893
11172
43471
39476
81700
72612
70558
8186
94498
28614
61386
51991
8920
4263
49343
59625
31957
71983
32169
32619
75149
56995
98854
87591
4956
36808
16791
50648
96164
21589
74352
83611
29329
22739
8431
30834
94750
10164
58025
94164
91281
72492
48512
27765
48449
75249
41136
23789
17944
47723
81961
903
28659
59319
70967
79112
49958
18078
81789
52602
12604
24685
9441
50645
41308
7953
82144
22441
94056
82256
72866
1705
46815
66503
45832
74039
93474
73948
53666
43017
48660
41887
90173
44981
68410
47778
32538
67583
18978
1329
79481
69147
41087
78928
67572
27392
29618
36977
30088
76524
27365
66734
61486
99662
92658
72584
70313
11988
1120
94493
2039
40913
72525
78112
36778
89834
93287
32024
81041
14398
58996
17718
59311
38800
30417
71860
32909
55538
94551
12199
32043
72272
31674
47745
76273
19990
60684
74374
68228
63550
57151
5704
60789
2522
43111
40257
62931
57946
28733
29932
47008
67451
36928
8865
12257
96429
94613
46667
52751
90942
44016
81608
46347
50056
58059
764
77391
21780
43315
3602
20863
8266
79106
67761
2334
50327
17606
52694
95836
59321
29793
9300
59789
86345
66794
92452
85685
89989
51920
47819
90400
18457
34847
43143
65422
42761
4731
2837
99851
65630
24969
22178
18429
69899
61229
47595
1590
26107
74542
71540
82954
75994
59510
3650
49498
26844
82806
99702
57454
65261
78406
34438
98722
59861
91721
89
78583
86983
43535
18654
38378
38280
30356
94217
86178
25623
35717
58476
61123
49405
87587
79599
73599
26257
53697
16939
37676
82984
14664
63016
27473
95000
95961
56081
36122
45672
16562
58385
26123
88630
25738
44556
34032
22180
29526
46460
62387
83359
43054
81959
89863
81838
56970
77785
77186
25268
13893
65891
98727
26785
25124
24560
70401
77979
42192
30848
3211
78181
95678
3907
13516
17449
46672
13907
76737
15335
92469
4174
75699
28858
35019
63087
82247
33443
91301
96616
3444
25365
68455
92991
28303
85500
17070
58530
56738
80554
76589
67655
91067
62144
42674
41796
62176
74197
4134
93095
7681
75942
2356
93428
29062
6330
3137
37018
1863
42161
67161
36880
26458
34536
92651
37233
13287
32812
68266
85424
65880
64473
99412
76378
46412
57517
24624
83047
89515
84845
52112
55260
92339
22964
79958
26401
44656
70708
74387
98074
34699
95338
37194
14020
32569
131
33364
39053
25076
86756
70204
14480
2152
44635
76042
36621
84867
83488
91325
23969
11087
2023
79089
42758
73244
39492
37793
80105
35542
40763
46822
49284
75830
75332
68797
99000
10325
68824
41862
39497
50938
37946
10985
94454
86452
60132
4851
23539
19236
60909
69566
7493
978
788
16270
62073
9728
52172
96376
27329
87355
56548
77981
92460
5837
12530
94836
44641
53232
30075
62118
77080
14077
15329
13235
27157
83587
13610
90546
55810
1267
24265
95061
77351
59799
96107
37675
96393
82947
29760
75486
95580
15779
84867
62269
16998
66068
95176
78613
93970
24688
84898
41656
64430
44353
49550
63231
38401
72502
5663
32107
69836
67763
21094
25767
14108
91874
23838
55562
52521
53288
37618
84025
74479
52307
83788
93833
63814
39983
55802
94626
4864
53944
30815
65247
60734
77961
61267
96945
28047
35859
52024
26884
48807
92617
79066
25561
96760
20856
74242
40434
41807
99412
664
68524
22221
20238
62354
52998
53408
51586
77981
17921
58590
53996
90374
96672
9502
53050
41414
62830
12050
39677
66856
42110
27045
46969
64280
29293
64429
1948
39946
72837
60813
95211
16580
42011
362
42744
50281
10904
70824
33456
99811
65716
51936
94417
88556
41438
88480
52536
9242
86808
10911
3384
8708
71775
155
99879
21685
47401
18097
66898
36555
48679
77080
13681
46668
22474
60507
53749
60967
41346
16625
48350
84898
33153
53115
10570
73733
50269
21113
8263
13250
34133
42697
90761
59872
87947
10461
90646
72131
97168
40664
53023
81113
3773
8965
90730
58851
68029
6483
8170
17310
16232
98417
80400
24653
42954
45026
82235
36581
27203
56765
70602
73429
38855
33541
56690
19343
99461
5535
43532
44375
44613
57045
48646
14280
22699
96102
46713
93597
54392
43015
98746
3555
10127
21082
43402
40792
42037
63114
66856
39839
98577
39520
90343
70148
13812
14469
67642
29190
21426
84597
37771
12774
71150
61660
69739
31307
17844
33136
16963
69423
1887
34474
68457
27113
37467
66626
44239
19159
62980
89766
36790
47912
80974
49526
94944
70596
28222
68416
43362
12633
31957
9203
85400
739
67213
20546
54866
18358
9116
22999
41932
60363
73686
99185
29532
10181
47919
23675
14340
45631
79613
90474
20232
63540
30172
49267
48153
21994
65803
49095
72304
47419
8915
10605
64374
93666
34312
71674
56736
70591
73832
13583
99032
60199
76417
79214
63574
73099
39951
24826
61677
71458
96643
57483
76962
84438
72703
82251
85752
96808
66845
62640
30023
18209
37520
97878
10443
50327
97698
3672
4888
93560
64572
86667
10442
40661
99300
13016
77339
12910
30656
29875
72558
62454
49754
64380
48841
32419
32892
65938
18303
72052
50810
8527
42379
35071
79726
99204
31609
36310
62047
79921
28510
22869
95323
10113
41672
25323
2819
85440
21391
42851
94726
86074
37739
65038
70565
89810
92287
67886
28022
66011
59092
60577
90181
65015
29696
49224
32724
80009
79461
61587
90338
24697
50390
43500
99370
15268
96212
41116
66050
78716
84535
8798
76036
52515
24551
54238
98538
90496
69163
78700
57106
30300
19064
9155
64833
82940
48555
2193
30948
50875
10387
36355
80465
40226
77477
41839
748
99271
13522
22013
12454
800
63702
48402
84735
46818
26183
29370
6796
74202
54222
36177
92372
9703
79794
66799
16724
42259
16431
3022
39106
17708
54598
65593
95855
65667
9742
10226
77574
3519
81352
53856
16337
81983
46096
81908
17882
27019
38735
95446
56655
87413
66382
10993
47999
67698
46021
68919
1441
16943
11953
26322
70483
34257
89507
29193
10176
68877
96597
65963
87995
35265
69624
5947
84008
32525
99498
58231
31002
61169
99075
24967
86199
6725
49262
37983
49687
60495
78100
40785
92907
17092
12723
67314
45307
51614
91982
15271
91592
14710
44319
90124
69776
47135
25832
36480
48303
66655
89286
16369
84130
62954
34118
52607
21896
75772
77426
22608
83361
7667
5924
51408
64824
57639
57819
19586
45469
17223
89291
75527
48267
96914
21967
46249
38984
61678
61178
35685
76171
24072
56459
20308
6071
69736
36318
86772
80870
94928
11902
49143
44705
80594
68025
21320
27147
73451
45965
95381
87294
40064
92702
31901
82605
97491
1961
88024
93128
68290
63634
42813
33022
88636
71418
25620
63965
82849
87053
35801
92437
74773
95863
30537
65946
52448
54166
93357
22952
55365
60267
81184
43489
36157
46122
87038
4850
11567
13617
77643
29747
65167
67158
82588
14861
4560
32409
19558
52951
50311
18808
18338
8409
60574
50528
74458
78065
11281
20289
93811
94803
3688
26747
88662
50443
7538
71861
6172
39070
79578
524
60470
5934
26473
67944
77399
86237
91672
3242
7294
9385
48271
94434
88355
72918
33119
29470
41949
1193
3833
88700
91182
97040
35337
35904
22669
46463
19794
67905
68237
24981
86855
56285
17678
93181
45347
11309
11648
84080
23590
17684
91792
56728
2989
76145
9745
6160
17037
22195
89576
35847
42443
24396
74227
44867
90203
96190
30134
11713
11187
82194
2852
6491
21482
47752
75175
24099
34835
40073
53613
61964
37680
37592
65231
95112
42357
91463
80158
86027
81819
97893
20524
31406
8093
11093
15029
89232
25746
81338
29544
57335
83975
25838
16661
52564
48600
65682
41461
20004
41131
51936
98641
85779
58858
90300
57584
21692
42683
90793
39008
76363
48445
33047
35552
91907
18433
3386
33127
81339
59875
64311
90485
65315
78275
75895
36373
66692
57445
64766
14347
6597
45569
81877
86208
66059
38823
3
69702
45624
19475
20186
71882
34868
25192
64750
25590
22601
90061
78625
42784
46600
36641
92281
93778
77545
95420
2643
92086
75855
28611
63792
4030
30634
62567
58957
52782
41718
41851
94609
92487
1121
27952
67488
82768
69514
61616
73165
49730
64773
33075
99500
72369
95387
56576
31876
5202
37518
83716
70051
84622
24442
90408
65996
92322
62806
59026
91916
76783
6106
29659
72011
8676
2299
78632
56381
82822
72722
51847
93464
36634
89562
7176
58112
79471
47000
95253
90045
84523
26485
26544
26158
23952
49543
40712
43319
37162
1614
6167
59990
42999
27866
58234
94644
86388
32585
26158
81110
43169
38638
56067
5971
20368
27213
42752
14400
23663
86659
4724
36007
20686
90627
27444
33943
55407
93915
63573
89908
66123
14389
83624
48879
31803
15993
59277
59824
69737
92272
24149
5455
15187
58179
67512
21187
85208
8162
23503
34290
84035
72192
68592
35303
55154
60796
93764
41153
87810
33018
74854
3047
17080
44720
63162
42874
44174
32541
31719
96483
41080
60499
2354
20620
98482
46229
1433
12203
10280
37660
52297
36664
18049
71860
74557
32095
96809
28675
86483
94417
25722
74313
97196
20757
80454
42562
68544
80380
37060
29385
19740
21330
468
53751
11706
83728
61872
64841
29594
72815
72210
65887
91138
74647
81500
68225
89647
61813
6760
17404
35895
2987
5516
36042
64029
84929
6857
75216
9360
61817
23473
18176
15329
41536
51314
78655
8031
11457
57347
60353
83888
23027
84106
58896
55438
74771
40744
96940
85627
79340
78498
41324
3331
83250
50029
14626
67373
44783
50900
77341
58301
22805
70345
62472
14633
27537
66790
81296
50838
25345
39871
96515
56430
76732
72422
81395
31456
45039
62393
11321
3573
48361
18764
76535
96170
5708
79855
33430
22095
2211
13117
83726
4282
12563
93824
53988
84393
70730
46083
27309
11827
68596
82038
70705
72553
3949
41080
80363
95214
57233
93380
54797
81200
31790
56474
53280
27010
84347
74056
29192
2903
30146
34389
84742
98077
31928
99499
29272
29332
27630
69631
74715
11049
5376
23517
38737
87316
20650
93620
80509
7402
14459
38620
40906
37600
27009
54239
44683
91517
19428
3851
17950
1562
18351
70259
95370
57432
47656
91132
1320
69630
94209
44203
95774
31982
26183
51817
42885
25987
11512
2352
29612
77066
25650
25268
55637
22617
32998
80657
75422
43280
53739
84908
86042
87659
57646
21513
14206
30113
15399
53257
82552
39484
88711
96030
42520
80597
3022
34189
13907
64395
25530
41181
57596
64800
65305
17410
85555
21744
47807
50593
43098
69103
76595
35328
40482
89598
49668
24524
48869
34666
60729
71461
6380
24673
79109
70122
26736
56049
67001
78973
25341
84063
71860
49106
18195
56609
93014
985
35558
23769
30642
28134
28742
43054
94145
66681
84409
31976
75187
48815
78563
91816
54369
77476
72840
57698
35390
77635
59944
65368
68428
909
74633
36404
8650
35361
26099
44577
38091
31725
21492
82311
61570
13874
83523
17441
98361
98989
21090
40349
69729
39911
99389
17231
59940
95483
43760
33682
93782
18623
93380
49756
59338
63057
12761
30749
44673
53599
45888
10900
27645
91699
52383
52686
63956
9337
22840
25244
49503
92399
48419
18735
55858
81992
92343
70323
94150
15100
11048
197
45810
16336
81514
89491
93113
24573
86227
98734
68540
15840
39967
494
32592
56029
54829
22659
59114
85873
80263
15699
42807
86451
31007
96404
2888
25957
72180
15368
59499
189
65460
4336
55637
77866
63771
51247
95579
81446
11194
13340
92607
59095
88403
49795
20615
51873
36064
89593
69226
77836
85204
23353
54052
70509
13721
98336
25033
2707
77208
24193
5782
87857
3896
91686
34947
17283
71709
17797
2260
45790
92690
4410
4335
68121
33185
2246
96264
94866
23774
74884
30455
31198
67748
84740
87595
14609
29175
13894
5081
18182
5353
52820
62220
92460
88120
924
98944
54157
17908
89065
36298
85403
75966
61533
3407
50841
25196
63629
27861
50532
26346
23161
9046
11037
83418
19334
1392
45939
13948
9306
60282
84561
74792
47092
2162
32514
9304
73829
8817
58236
93955
67439
99679
18224
8324
80568
75235
37197
50329
11371
32627
7755
71751
4171
93034
27963
38075
29205
36375
36680
51468
72945
48242
31337
47228
38612
9225
95303
51164
79158
15449
18566
70287
83627
74328
99761
69575
83071
52111
96070
87244
25459
79430
24379
81339
64847
3287
10860
28971
26467
53636
88419
23626
16990
45828
21730
93958
33194
92376
42639
79048
84642
55004
11581
34043
2992
1913
50963
92843
30311
12632
44827
13448
9818
31505
88649
40489
69592
45569
45733
84045
30373
77850
7800
72700
30134
41044
14383
89997
77032
4321
50543
93025
42845
29407
73525
30668
7028
55270
9864
39540
24644
48641
89502
92081
47861
45177
99944
22421
54266
16525
60858
23045
26799
66750
17115
4709
23148
10503
95813
32754
62563
39658
79386
88681
92444
22340
90083
78117
6249
92323
7334
31974
40072
88686
45028
74316
17686
35586
49003
3202
37578
36222
96287
27576
11829
15764
3296
37673
70772
91616
10968
25244
30287
89172
55939
18405
71474
30962
57627
66571
77285
81491
3072
36357
56521
39940
67872
49757
25106
4080
53928
19222
80764
47192
1415
4042
32331
92480
32667
40364
48355
93219
62651
49261
59328
72006
87776
56602
49779
20554
94385
47106
31386
78779
40042
90868
74235
35685
50471
8679
12669
28839
90002
81268
33602
74624
86087
37278
59685
20741
9761
48658
50348
68212
58115
19433
37610
91267
58757
18218
35060
42066
88632
5868
41725
90815
97528
65882
79057
66680
97261
6991
17322
68106
46366
43648
65203
5880
45043
51545
62390
29160
65412
6975
16132
22744
44644
92661
53473
16558
67556
97562
52840
23532
82341
30992
49283
40514
95326
1944
7967
38206
27910
92088
56911
44894
92862
35582
97472
27398
57918
49630
44532
83853
70682
70967
74174
52818
21233
11252
52440
91852
52946
9487
63556
24383
24556
92048
63998
36938
9136
14515
63610
7229
45797
94951
32607
42407
88200
27506
39711
31854
93405
57426
62994
30872
49238
66110
26222
4870
59391
83211
62597
19329
94820
34507
20859
45388
9280
99664
93571
27641
75459
41871
29077
47127
33694
19615
74637
48233
16526
43296
25891
68242
19779
44728
83491
61229
