68070
43423
18144
86703
42919
28837
61575
15488
62376
55401
40086
65626
63266
66318
63957
87616
63359
21848
72103
65773
25750
28255
74803
49713
86177
74719
31024
59962
64636
80332
81900
25038
81757
64547
6681
38804
30410
80284
51125
25075
76827
53148
66356
722
3821
71174
71212
88863
78336
69457
38365
13131
49582
45813
87739
2578
78345
80575
96121
21624
7759
79364
28180
43087
73644
42322
86329
22
45197
97442
69076
78811
41212
62570
20854
28064
16093
10671
26497
26587
18916
78935
28500
4408
71760
17660
64590
28762
74632
33437
81856
46590
58673
82415
39860
86784
2377
63728
66804
28951
12771
380
35384
5787
87551
82072
86512
97959
19909
87244
59754
41241
79070
49742
3584
63255
75504
65625
9153
2060
25332
3677
91290
91247
79829
76240
28865
964
9606
86721
49246
43996
11296
61165
94103
43736
3128
79531
27222
7403
10842
36002
56280
39293
99396
4186
54005
91691
30208
815
18696
53420
99135
65506
19738
9647
39887
44907
76719
96448
2073
39817
7372
11433
57369
22329
56866
63285
66939
40261
21916
60112
86094
59603
90722
83818
14824
96414
21832
7034
88886
62083
1974
45695
8446
73970
25940
87362
58163
13476
59057
97847
44116
92299
57264
3138
16322
92677
72720
28663
22907
92138
13623
91418
55864
63365
64666
18628
54751
46592
91531
68455
23206
57463
74368
1033
11557
53519
67100
60172
11126
44575
88060
12174
59052
22412
17376
41900
15373
16979
7603
96417
37358
76736
76953
52685
233
81467
67669
2352
35517
60322
98420
29334
75683
81233
53721
42861
84456
5406
59750
17905
2508
80641
85700
67624
39093
37936
87983
47209
66864
75850
19360
34232
97030
77481
31384
31660
15319
70682
21766
14418
52470
5961
21814
26410
96641
32053
35191
25103
53147
75714
55430
74869
91687
71758
44092
34794
47779
47579
90033
37822
27039
10443
42411
28703
3929
48554
40263
63165
68470
60613
2242
85453
33566
58936
46853
65801
85749
75909
3275
39508
81138
27745
58545
41788
40414
83752
313
18072
138
97329
5210
83856
64909
89916
647
27675
45305
64327
73850
44899
28249
2272
41885
79462
25257
89493
11029
60278
14546
26503
49900
77504
15552
56797
91737
49866
83202
77429
63726
18773
98878
75861
59038
99297
15726
23839
97289
42608
13307
18595
39845
74402
19828
95183
93259
22432
87083
1090
82907
77877
55436
68542
84396
55702
4763
92955
21684
58115
63241
46040
39537
77253
82899
72332
72498
33111
11831
82779
82020
14433
79635
48132
10653
7487
53276
59991
41759
97184
56920
41156
80265
61898
58968
366
31296
28635
92886
28031
97813
61867
44807
78613
26868
6893
99132
95674
89384
35348
49051
80177
13326
90386
36213
69548
87316
90652
95492
4059
11277
84649
21155
84511
51253
11289
84746
68540
69084
45010
67556
50636
65904
35494
74830
63281
40107
59889
52111
84642
4886
21854
63183
80647
28921
98920
61941
42368
91008
80382
47744
19999
35115
36800
39170
70902
11314
81478
33460
72715
44179
13216
2810
19880
51226
61848
51797
98222
24907
30196
44158
63018
55439
12087
23781
84032
64217
19239
743
43524
58484
85481
68741
75303
54091
14248
74631
46030
94068
45589
16204
27871
85626
90217
69708
45301
92645
92133
96621
30035
32040
41114
27903
16372
24263
51077
7220
86816
76995
30674
83934
2651
50628
12641
1415
51256
30850
73734
13799
9515
57967
77994
21126
80476
17028
12399
11247
94744
50055
78033
61676
77697
14838
84488
12932
64933
24530
86250
36110
70252
71051
56686
65776
16107
28484
36938
43352
5653
22179
65565
72406
15409
72312
45417
21141
49319
52838
53593
17717
17268
62771
83329
9094
71390
4616
97378
21250
8961
18341
30284
63399
98535
75109
6942
99567
36246
26024
91913
92015
21283
36707
84722
73193
46948
77281
73207
11693
3907
88116
21257
97171
50607
63004
69655
63694
75021
93331
39403
62285
35627
25906
60590
41075
9109
71652
79430
47057
92257
94181
66336
99005
58084
99670
99209
64850
41959
39680
84566
87683
245
90882
65379
66460
74475
91257
41624
13176
41842
41386
54728
89401
14761
88783
70227
33543
31258
81020
44300
61096
17071
19598
87860
95352
42014
17519
28293
9733
78048
31752
78475
68682
52287
89827
90956
51846
95597
66779
2569
70360
35537
27266
22140
59610
25277
41551
26529
64663
29531
44483
71377
32425
56774
51126
15242
13267
8532
20675
34474
60152
73841
73004
71770
46967
97255
13675
99528
44772
51545
78199
53292
64452
33455
75151
87884
76676
84940
84710
26427
93109
77339
46219
55772
95240
20680
19283
13668
46211
99147
20582
47101
90846
33662
62403
5063
49245
29328
73072
87130
67209
24275
7202
46726
27053
99087
85989
86587
51882
59865
51560
28677
5048
17022
85225
52558
15129
44730
25081
26087
18011
45286
43019
17954
87339
91917
38974
247
88496
76255
14244
18470
22987
74366
12622
74908
76393
214
66679
77646
80898
97482
9002
82786
67825
88457
18832
13326
64720
97440
25594
42104
75824
72521
61255
73884
35762
49952
16434
49132
62213
77046
47900
90225
95164
84959
60177
75376
76171
96294
95418
4296
91134
19105
17726
65656
19222
60479
72501
60734
34529
82813
72555
44633
26741
24824
5454
83184
37737
14524
64468
66251
58991
37179
82603
74335
29394
26394
12606
18952
61800
6117
17857
846
36020
70563
60922
53290
32187
43428
37580
17762
49760
16630
78497
92496
63646
92823
39219
41025
12258
92261
11191
78457
11523
84882
49734
13939
10495
81491
67337
20710
8563
95639
46721
40836
78006
1620
50609
61852
66067
8284
53576
73087
18529
36176
54159
75103
67424
29387
43211
95668
53458
5855
28751
91256
37812
4925
49281
64722
26904
22349
52679
61264
79744
93246
41294
29581
51193
97783
66007
74738
11570
86924
60158
3033
4279
97804
24392
55916
82062
50967
65897
30220
40781
48013
54576
75598
81622
22562
89103
10911
44689
66030
89770
16776
4100
76160
8603
74125
61745
46578
20480
10064
69388
26135
962
62355
47864
7953
95203
89882
51645
62752
3395
52462
8807
89845
61166
16925
26686
32260
77733
39263
87678
49048
45768
33876
33299
86144
66237
13929
53458
19719
11456
33914
89846
24641
64423
97009
28278
78466
86705
7628
42816
31209
89834
5629
49364
94297
16253
99147
71775
92936
8759
85813
74323
80751
1844
11415
24927
65410
94152
94373
25584
40699
66220
52372
66340
74831
90882
60344
7654
93346
98983
28360
65611
35158
86005
3614
58824
382
71378
85466
16014
2576
16984
13574
44323
13625
63362
92532
25598
36299
15407
53828
1343
68274
1494
49314
2377
69252
85895
67628
31261
54550
91034
4913
63411
62347
96758
38068
34039
97991
89888
34128
5054
72066
26173
8278
45764
43417
3110
67345
12324
53982
14952
64235
95859
14415
46196
31912
65113
28164
16169
72240
77165
37314
81916
13866
81131
49964
17506
93572
95221
2426
23482
92783
1956
41921
52218
70471
40937
60786
75636
84049
83044
51999
3684
25501
36671
63703
65401
76618
50857
26451
77117
25481
81035
40873
26627
43225
6312
74430
78669
65521
8405
90585
24406
96957
22707
20242
30594
82272
39973
14537
19360
1464
72722
26227
55162
44222
18265
90702
74521
30028
33292
25238
8439
14650
55883
32369
14178
10689
53853
46756
66378
89856
53101
84041
26312
45245
9023
45336
64650
46563
73293
60961
11551
21065
18595
15452
54876
78804
89043
98904
91176
63059
23670
17328
19690
79080
74368
2492
78765
95846
5407
93667
59374
6325
3983
12013
75234
27666
51324
82135
18310
37332
71734
22880
41892
58570
67338
14720
2046
92800
25155
72121
28219
43521
97372
30181
25515
6326
44160
16207
94777
33772
10656
95229
9452
49939
57777
53931
12889
34530
32640
98003
25833
24344
34546
20328
59043
93118
31388
40003
76822
19945
2171
96500
6212
45659
34321
6234
9102
10089
78558
6029
84888
26327
77847
39064
3513
61502
10661
60005
28322
16560
4444
37745
15176
5171
10742
59998
84848
92489
38124
23751
94582
70097
4560
31470
41657
98213
23882
9937
97190
80740
62061
11324
66720
45674
6069
14712
3753
8092
75200
73408
41744
72704
52614
10708
81111
13448
78998
78086
66943
81327
77262
78130
54578
50652
47478
363
69133
31076
16314
79441
75880
39596
92963
76510
90564
55499
75984
26463
67567
38958
37110
41152
44151
58390
58833
60736
86409
34492
42790
62020
66308
83508
6519
91015
12159
59695
23777
42543
41076
82490
75190
1211
72712
33092
88178
48120
68503
59037
49596
60819
80193
51386
15067
63049
99947
6998
86706
97274
34803
31730
58682
89115
85108
27644
42906
53195
79921
10957
75909
74525
61474
33772
5297
49429
26713
94225
65103
25102
61904
97508
75628
90647
1648
44804
9411
62078
5344
2595
97916
78500
49992
44014
96197
29649
25697
8491
24876
54816
65020
48763
93046
43419
46251
71871
1631
97377
41072
43895
69358
79044
23808
91716
89492
50319
89939
81071
6722
60132
11658
80355
93092
70084
77374
79286
63549
64968
26401
93253
60096
60204
55539
92893
87816
71115
1220
32277
90229
9958
42016
95992
28611
94941
19836
68642
35209
12960
24092
83968
55051
40575
2494
82009
62589
55966
11942
79115
79412
86372
44807
2030
98794
88403
41131
58966
78126
9042
77664
51540
37254
57253
53023
16859
35938
78110
34809
78368
30974
24205
87104
63098
78676
32531
35823
55337
65755
75700
61495
28660
48928
63755
64999
51402
3423
53847
50008
90506
95774
18259
10898
81886
53702
45700
58878
88482
10207
16235
76106
32483
74919
36186
65074
42402
77967
85763
90897
39511
20115
30188
88835
72083
65619
22047
23382
84733
31314
27230
38445
66526
89450
74580
36464
33689
66474
66534
66836
93362
18702
44040
95458
65519
43577
81676
20711
64027
90802
28917
47352
80007
47960
81257
20095
71500
1186
56613
21958
69388
79064
76619
25567
55382
1704
31735
23885
80039
66822
63727
59507
84878
25827
26616
74775
15976
79592
66693
1267
62218
17071
3883
50904
29373
22174
1392
33951
40580
21218
25633
60205
13369
54372
77827
86305
25909
38410
80641
2526
89166
28940
21092
28496
99450
22289
27137
44861
32274
6726
17740
90025
28915
22971
83530
27589
24734
65690
51908
51542
36126
39717
10359
56285
96041
31626
37736
18569
23072
99621
44694
8789
18961
53107
79560
46942
17724
45774
82533
88294
47346
17770
98434
55742
67608
44874
51093
2836
38572
33824
27625
68920
24319
66848
5195
68620
71104
29279
35936
86824
15354
99149
23993
37992
21107
78956
97535
75635
51189
83980
6953
22375
61802
73381
31724
78342
73504
67312
8210
36375
53420
84834
29987
28571
41419
91718
59296
8685
83651
91094
64847
41781
75847
47414
59248
68521
43802
25197
21293
57088
96075
99969
74256
33525
79391
70061
89615
58100
79917
20673
97443
9156
77122
98775
23031
49809
90757
45805
95163
50389
24884
70948
88151
78114
84141
6676
10013
10798
7593
13929
45623
43196
61730
23519
26400
77283
67382
24725
6703
84733
36643
38545
55341
60686
67538
2800
68744
43535
88913
17768
15232
34454
17272
88796
93950
57604
27310
42235
52613
73802
14403
23285
41120
43545
15325
33979
60859
58693
69233
40978
93934
37141
69031
29108
57972
47561
43105
26531
77978
91528
46292
28778
50866
69382
55604
73843
37287
82894
23598
95070
26987
58290
64270
24676
82412
74604
2945
58185
78534
303
58549
26583
76178
63183
67133
9949
19003
14058
39313
47524
38865
40913
44050
79369
64759
72695
94826
27931
10103
71253
26962
85043
19573
18520
87021
28235
79520
47816
36050
7037
59749
35829
61671
43577
30014
4576
42984
24226
94728
54979
36583
66789
15506
93982
67438
22199
81265
65375
59200
43435
64080
29901
23485
70124
9573
50673
14372
67581
42847
71138
37971
45387
49787
26028
90729
40395
28982
99932
14189
16469
56093
23274
95688
76317
85792
69795
49964
89994
35557
19153
81880
41364
13752
45802
37588
65119
71392
96946
85207
7247
33069
25966
4840
88006
7118
4006
41569
4065
21759
89526
8463
77164
89695
9777
66454
87453
85983
71827
4786
98452
18006
6049
84056
31276
92498
62559
33882
54782
3978
12814
74922
22131
99374
92095
42902
23204
46688
20729
22257
56048
1436
41603
58003
12377
94705
55150
7798
67643
10772
11042
52449
38922
86442
88196
49922
22215
86915
53537
96116
64542
85510
82681
56065
1504
78695
44298
40384
46168
56598
21848
9983
71915
91377
98646
34940
12977
41465
99348
24429
74507
83618
89734
54112
46048
57283
73420
73916
24632
9614
83971
30694
5491
87706
80455
17632
88551
5307
31523
11979
25621
31859
10263
7726
77383
5826
14373
74735
85384
97081
45048
69597
61792
4589
69713
71920
53290
99142
78415
5673
54291
99447
122
67411
881
46280
64044
99307
31902
81422
13245
28827
23600
63293
36234
78369
82647
25204
41506
57007
81906
27158
44140
97228
68206
97401
52215
85816
25308
3415
74016
98060
23373
58274
58362
1119
30284
78453
96541
82470
19865
21669
9261
88403
17726
76214
93350
94942
29551
31690
44865
92545
56131
95348
63590
94556
76233
35851
9454
2906
78217
75578
23603
22123
19097
35284
83190
30608
91736
87428
50381
16277
26635
27747
41223
86264
96721
7907
23805
19240
75172
92200
14295
47624
70735
8215
74360
84275
21126
69446
95176
8794
9415
68882
18076
34153
20492
29616
96003
69223
81545
62971
41967
29436
26760
35084
71262
62285
18174
18536
11301
11042
20937
99763
70200
63817
97641
59810
37944
36116
39065
93838
88633
11485
64329
22404
53007
75081
68088
5946
91029
72842
22899
89084
96441
29887
36036
42500
95879
44982
61561
57192
87025
2194
63699
49710
68920
60392
17767
17786
79481
35362
27125
22343
84855
7110
98274
76084
87904
7537
71764
13910
47423
4989
15913
94956
24670
8418
4309
77392
7990
25049
25270
94089
3125
66683
74101
70493
714
97607
80412
43811
11311
42563
46190
51318
69268
42010
40647
55526
98596
83332
20562
85897
55830
52003
34593
96655
17811
91817
85644
45811
46942
74135
35241
77069
53861
70049
80548
72964
3939
28269
47771
90113
92175
91930
35673
75678
85796
62045
19629
66494
75246
99558
67142
87734
64750
59009
94285
329
1258
54681
93119
34417
61972
76503
81253
17785
98837
67624
13170
7112
71830
22748
64505
95735
36843
17418
69289
49220
76733
74610
58406
93759
97138
52411
61380
16929
57722
48634
16994
26973
57113
27924
98273
46383
52940
40506
64832
36785
64730
49395
38934
68076
42776
82265
61483
91626
28697
99257
57234
13322
97840
14237
48263
76942
56868
77735
42241
2863
33967
46067
18132
84240
73330
84191
80583
7407
4377
53767
74797
5560
50982
95336
3905
25972
48605
27527
35523
25567
13548
19914
54825
17622
68756
55491
7652
5167
73880
7533
29745
52643
36193
52271
89240
43462
8555
19966
88900
38392
64112
21952
56191
80211
46703
17610
1257
57828
48249
57386
63318
73911
183
58753
3074
76364
86043
94856
1777
6950
75650
29555
75206
33505
14563
5299
53088
43587
20119
29046
54796
30923
17093
47465
45227
15718
18824
74877
64674
66849
84831
33799
75000
44249
5681
30722
73839
18606
36954
63567
68290
91606
84567
79196
76983
53709
88778
40707
16640
71402
91370
9193
46804
38478
49067
26343
90054
20885
76869
57125
63
5678
60835
69506
76348
46631
9323
29137
14214
72226
8549
44029
83370
53188
23401
34476
5429
57964
62666
25602
41678
99489
18393
25565
63984
41507
78423
70589
94146
28484
92634
30022
48340
19696
87643
9310
18072
88423
34938
94258
11835
9067
64815
15285
84863
93236
75534
43336
27958
74177
87830
6260
84349
49514
32534
38132
3090
6225
6812
95888
25396
38774
31068
62372
64502
59721
4089
46784
9951
72315
38067
87848
43073
91181
35501
69372
52147
85930
96473
4946
90478
27569
77923
29374
34145
17034
82327
56947
12241
53753
54287
34756
15120
61872
85117
29444
29656
85823
83858
34571
16644
83367
43561
60825
44044
76333
40242
56725
94012
49482
65662
32399
66223
33150
71972
76868
38157
1508
16623
26815
38302
39329
644
51548
41002
66198
54483
35880
15823
83925
13785
81060
16605
81105
18831
25001
42481
42830
22516
20709
25964
25335
87698
34819
64752
26638
35759
41641
59350
81470
43474
85083
26191
72684
7503
28188
96181
76716
30225
47189
61677
79184
26403
89710
89820
27803
28347
68858
34435
40916
88068
59311
71896
78070
50183
17330
86306
73732
55637
35121
99985
96794
8468
40042
77303
86846
30243
22826
80647
44662
54091
87983
70249
76627
19748
84750
86903
7370
45793
61073
87255
45251
85881
41368
57076
90539
16531
98560
21883
15940
92429
81025
64720
41533
81513
33138
10795
26108
63509
97319
91347
1655
18293
17978
3092
47618
35183
46824
10656
96770
60051
47122
1856
33952
40773
21027
5365
59578
73512
27762
35151
94771
9513
95645
17800
47499
95781
23669
18590
51593
56440
83065
36492
34356
41891
23803
92645
78177
65881
84063
95340
11687
73446
84577
21394
70606
83261
52021
96940
54246
13756
39594
33457
81652
42750
19752
96269
43815
62397
75545
72293
51529
79713
84836
81288
78097
51146
23156
18349
30421
12630
31351
14767
19196
93807
87842
60866
43666
78228
20306
13904
9236
23938
90285
59061
683
97439
35143
21043
60054
53636
79105
89235
63456
64196
21067
68793
12817
71069
50186
88386
63969
33817
66773
88093
93862
35137
60633
56067
43406
99903
74621
11796
64456
7919
96864
53104
73469
83330
34685
11182
68861
61870
13360
34076
39507
69397
36755
53972
77978
53647
53218
79511
88713
10039
56253
30794
89897
30352
23435
46057
98152
91186
91770
11692
70598
31925
8709
36021
75021
31384
9711
63314
57693
94319
6828
16021
38085
96487
18207
47469
42606
86454
73694
18977
26609
21124
17266
54281
73097
16144
59514
7689
60643
85633
76302
87403
91826
70090
417
46232
60799
44824
58208
34259
56413
43547
22424
17809
93210
94638
14996
56216
90546
36037
21123
40915
72126
50355
8856
78000
19786
33685
41451
27415
39204
62847
72893
55015
27279
90272
44153
46222
72119
99220
59413
54212
57504
8230
57304
87621
92023
10048
45525
48233
62730
2513
63830
33858
78067
23129
40724
37330
24591
64980
74338
37734
80941
66528
51498
22930
93218
74829
5199
68650
45402
46049
36498
79611
16041
58853
19600
99236
97247
15695
78983
99796
14649
47308
46521
15553
56404
69034
59562
89506
75229
52351
70436
27402
79620
90522
19674
29793
73039
94244
84297
13505
16139
28818
2010
74666
83805
37322
16323
53090
61462
98256
48078
66797
30853
79276
9202
60548
6374
36601
54461
66293
19768
6412
91443
81688
70157
58335
7664
75625
15354
35833
13993
19878
93998
37244
7761
47046
45152
15979
36407
16660
69984
93046
40045
3879
87344
30308
63715
42496
2860
96891
39570
53600
51844
77038
53045
94499
33322
58084
13361
73532
14407
85313
52725
52301
99944
90355
12060
66948
19733
41467
63151
22093
24610
90582
34792
75064
38303
7559
24466
45576
68650
67043
21228
7157
70116
96473
82604
97983
83297
67132
38272
45583
36665
26958
18447
65483
7195
43179
16798
36534
97794
5294
78031
66690
72319
27652
19428
77555
67061
49643
45826
88753
35908
91847
26000
75017
55677
87329
55486
94817
50965
99452
83362
4662
82581
84054
83517
65364
25965
2231
5532
61009
29737
48313
81339
90758
94971
50003
53701
93515
28696
44964
95478
86446
24223
39609
66017
37872
9236
42715
877
6076
17355
79160
50362
64133
27231
41452
61954
13978
44866
99179
18714
2761
77199
26478
2295
89133
87355
55768
75342
85845
5930
70372
87284
56627
95294
45357
61444
76318
69770
2073
84351
76517
73637
98403
72141
19023
45178
43012
88769
16180
81500
75197
78971
20785
20279
92291
58695
34668
69186
30631
23619
38277
5712
73729
29951
30741
53125
48216
51196
72294
78502
17393
63702
75311
84105
37906
46654
18538
81516
54802
58976
64627
71489
3359
69892
44127
79111
88459
73328
86327
34516
12787
37386
57711
89230
78669
55354
94696
6393
92462
79022
51934
91626
49718
19640
21486
8410
6457
18194
61032
74423
35882
76898
35821
19509
92805
66744
28710
69569
40889
7220
40064
13077
16945
2148
86279
57063
31390
77131
15326
94557
91939
542
95289
18235
70492
41511
72119
6653
6571
27629
82207
22016
42144
30571
42517
70522
92581
20700
66425
93450
29316
15064
66205
25642
53525
91767
61185
33185
20583
28917
46989
72373
39914
14703
25834
27133
44151
57065
84285
25749
53693
77233
12929
86251
86793
76446
69888
43030
81009
23923
92078
46438
75485
19360
89602
49430
39602
73639
13201
22334
41276
2044
58217
60037
82296
16197
28487
44244
82843
15361
74357
15814
37923
64517
15812
22875
33880
81889
4545
82508
87453
50178
46359
40408
23449
21200
5346
6461
57885
73911
51307
17187
44402
59108
22149
86322
68992
90533
98338
51620
80509
99251
67410
76884
41168
14283
56826
99382
34017
30807
10829
60512
30431
58060
83849
81894
41197
80717
37265
2212
72842
9964
16802
93364
17691
16176
6901
62751
54167
79123
54384
78928
71919
72770
9385
4836
94937
61448
88376
71710
23960
48708
83607
28567
59177
84214
69753
77458
10603
52409
82916
99789
76620
62794
72620
88820
99469
66278
84429
32528
56401
36082
29253
94653
18247
23508
20301
82105
42609
50335
87538
65304
84721
12908
84819
30292
24143
52003
74489
13473
71433
86361
50414
28063
75768
51251
80347
87432
91066
40713
37443
54282
33154
89638
27701
89775
3128
9068
77522
2199
78830
52020
1980
455
32
96627
69110
39387
18247
19224
71486
62807
26618
4465
16355
25307
27873
13486
79749
54260
4024
75165
48328
40431
669
78900
75572
12105
37014
47566
89133
39011
56898
45324
18345
69169
36858
12701
11443
88560
67171
90328
32828
82263
44979
58886
8280
84103
31581
22941
37756
24060
69435
13638
42738
81318
19127
60640
88470
60401
88374
63166
97361
82623
58817
35979
72911
7256
60849
27662
42047
87832
53943
34984
13638
20583
59814
96346
89985
49989
1118
27908
32661
8772
34901
37320
93172
25840
52163
7789
65487
43593
59658
55520
23058
3569
66048
70260
52001
52545
24795
8138
97805
2966
74328
22092
97842
17193
1416
73843
89616
1244
12440
9288
27908
90959
38107
78439
60867
78675
62710
30784
82515
68982
69992
44376
21989
83581
91027
3148
81842
96432
71883
53973
48273
74222
64858
41895
18195
11521
88974
96531
81563
49709
97408
45549
10013
36226
69890
75400
66866
88594
14020
21436
96149
10012
33570
89034
413
91141
96814
64726
10072
72488
66677
45427
89088
9701
90609
78141
37692
8469
74635
21504
76534
26526
62410
28598
52564
60769
30268
31149
1398
2417
41600
52358
49067
70302
12078
28250
58831
7183
90084
10039
27621
22063
22670
29928
75405
2654
74800
1043
3363
7272
96019
20220
98132
68786
55018
5095
93405
63184
37503
29179
9601
28308
13983
84449
82215
12802
46463
31468
76782
46526
20490
1778
80366
80583
2824
53721
22733
57981
53548
26637
30618
50045
15482
4941
51273
89197
2259
48549
37900
82483
68478
69110
50154
13760
27925
78994
50366
81418
44489
5092
27695
43927
38899
78316
21159
55317
91545
67656
49683
8102
5145
31534
74454
35609
65940
97461
78986
86932
49754
44276
8084
67533
99278
25314
64835
49272
47157
50525
44484
56954
14945
24550
34789
37757
23636
52681
53508
25724
50323
96122
2579
56254
90026
99483
49451
20287
1686
94554
9162
1226
5170
19607
1547
7299
93441
61604
37344
70368
39092
58885
33806
21880
75865
3158
38788
50996
20321
64172
81049
86210
79404
76339
89282
72680
47028
56023
85677
31157
72114
77599
38750
91699
80656
3315
98083
23449
25004
32478
44821
85309
6022
58414
270
92103
74823
8792
57633
2560
47822
26329
46778
58633
65015
62680
78515
56616
67626
71431
49744
68157
84094
84327
11673
63315
76072
48523
72305
87283
30980
75029
49559
35730
46974
84445
87000
41226
81342
78992
25295
34182
17806
31317
16443
49110
30729
3243
92059
29155
42817
31630
54600
36892
1709
90168
63119
83471
92013
99300
74154
19156
67804
38350
67066
30147
65009
49750
77506
59110
78802
34819
88003
82089
53110
61348
80624
74573
58036
95921
62445
44732
53389
28337
79753
17462
54771
20885
26741
9130
1877
73569
48064
93985
44392
34411
74320
12277
21523
92764
7167
84671
8343
13267
14160
17069
37945
62185
972
82673
60110
82127
14334
84439
2018
86355
359
63983
66468
40226
75518
40680
19121
4167
83560
94654
11996
46577
94383
53162
68695
21299
97891
7576
63201
27365
59786
92854
83276
38152
11621
76040
79497
23783
82464
15128
37811
55385
43093
76618
36948
85218
72703
69486
7224
79865
8278
24335
94188
39461
2955
92584
63538
38848
65313
27830
53285
79422
49542
32073
87555
40038
79213
62580
15099
65151
16810
99524
71732
93702
99945
18765
35352
27419
41963
1215
35772
28188
96062
48472
75533
79241
80471
71571
58200
967
63631
33310
34645
3840
80567
85929
85585
12871
1753
75546
11447
28857
7949
19294
51771
79871
1493
88506
9411
30864
82198
23807
11954
49140
30067
28380
32273
69795
615
32429
57404
72491
68383
51537
60135
12144
5426
47802
19787
16462
15134
88830
26321
13115
17888
20202
61690
83624
49998
20757
5384
85029
30485
16626
7245
56132
17419
35456
16046
82933
33552
7996
17555
43761
82406
54006
78606
82035
23402
26113
19717
89472
24014
131
93374
72199
61908
99148
99654
33956
28329
78276
38269
21918
6171
22493
61378
16880
91576
89704
68919
40933
16389
45699
62033
69692
28792
18384
38942
17835
50899
18273
20338
69888
40382
25710
46736
85539
48703
15177
7474
91671
83160
87817
74230
4383
88637
9955
46917
5277
17200
48056
5920
71157
38363
4487
74633
64081
65129
6786
40747
38622
83842
11198
19367
60915
59042
99492
89693
20753
53300
76964
18099
22918
69552
79626
77765
31276
3246
98440
43817
98511
80837
78643
43357
84043
46085
35626
89072
67699
21229
22065
40809
35854
37290
84796
11736
82204
11853
96326
27224
89079
80968
66850
19133
60821
69797
45032
3807
50313
62978
22705
60131
37993
33165
72286
98403
72234
94327
54610
23929
89863
7192
96513
24461
9633
78944
91072
41112
88512
7957
45147
57077
45688
98510
47013
67299
80679
22699
75370
58329
36826
16366
96641
77159
19183
39066
7229
65284
12950
518
29635
33785
54608
59422
89397
81770
23513
56215
34317
81372
53571
1805
82629
28488
27671
40187
98419
69882
67040
43477
69939
51046
78339
34757
96252
26280
59686
40897
29076
79094
64466
28422
42943
51076
38579
77107
2451
14036
7132
15300
12455
18776
70439
79880
29450
70117
42586
79138
74607
64278
94342
72345
45414
14746
43272
22236
76582
86459
65426
13238
40583
92684
60164
42825
70636
13326
29876
43818
4189
61471
75501
50297
59474
11263
71795
44412
59884
24000
23588
75319
8382
86538
62938
95466
8648
38729
22766
30278
26052
68148
73206
16365
19225
4698
65871
9765
18989
81098
78614
41465
86648
64959
77871
42445
14419
3174
28329
81179
55631
14126
20665
21647
29571
83307
85186
78235
85629
97799
22039
82488
1913
48678
58647
90266
28271
33396
18423
65870
93703
6733
84797
14770
67431
28872
83400
13041
75117
29665
52621
55130
56761
2786
9405
48413
72162
80045
43266
72833
79240
29960
41224
49348
37705
92166
36856
14672
57517
29038
92927
69719
43900
12042
28846
28107
5936
17967
94491
15547
29413
92899
99364
77518
29580
34384
48436
46037
57919
12771
76925
85265
30351
76961
56677
18593
66425
59271
63070
24101
55639
46525
53133
20436
6354
98550
4845
7446
46645
40870
64236
43263
20189
66305
83634
82601
64333
46892
92769
93260
51135
77730
81336
317
46068
38949
42706
15584
81099
97695
91436
23499
26800
36467
26724
58297
73516
35877
47389
91016
96731
98467
39646
74288
87899
48591
82938
41280
73472
39946
68394
87318
42692
31998
49335
2490
11196
61160
24596
70264
92838
22528
1063
11736
638
85830
34792
67164
43535
46187
26562
30485
61542
71705
78167
17602
65123
80416
39073
86183
19753
26942
71954
14150
3381
61066
87292
18364
83211
14590
57581
48570
13707
28286
45619
50974
35683
7817
95293
57038
30558
50427
38402
17201
30746
37820
22682
27242
28503
80009
58218
71793
61259
9181
15325
53296
50163
93595
64686
5879
72324
26939
51587
46780
16960
58094
21139
62130
10627
44848
60551
32101
38781
14410
96190
95440
24250
11520
98859
3131
22845
55901
65561
31572
42603
52249
58799
55528
16292
23397
17167
14111
21420
25779
91096
37745
5735
4548
59275
19049
49028
93743
32522
91700
62192
52907
15356
82470
37835
14586
70990
25417
42584
38610
54388
51875
88589
84456
25644
87875
48843
56571
48739
59143
71079
30107
785
59918
60999
98548
2272
81333
17384
5627
77514
47632
51836
84531
35680
71846
15857
52188
38407
24521
65292
22138
73340
75569
74869
61021
3385
55157
61036
466
23919
84901
87993
70469
35219
23686
79713
66289
54325
11435
3829
42630
2315
88844
70404
77334
84269
49190
21776
68572
39450
37519
28094
77257
10040
75284
1063
5036
95640
68785
30220
61437
57111
23723
84134
92071
52672
15214
43195
55984
65616
81343
88429
60262
78834
17149
50828
14375
10440
56600
70348
76749
77771
98349
74353
40020
78281
36222
42758
61354
24206
41131
65101
35378
75614
92847
95537
19156
29374
30169
41112
49092
41778
76100
95988
46574
97441
95766
44088
80827
79605
49426
92232
16611
9022
14362
41385
51919
85238
45092
5975
76297
32639
47287
69590
72451
30793
88739
84544
53312
86799
55899
92956
43171
36993
41648
34800
68754
3421
32395
98061
54694
86230
54502
58377
87058
15287
9383
67498
80942
18593
19418
73086
10431
25615
26858
92232
67300
80987
21116
5429
98463
14105
52681
59756
66398
37921
78550
23555
43814
58346
27953
98542
53659
42162
88041
20467
73838
72602
89610
41945
6852
13678
77556
24159
75262
89666
87736
55913
92650
6232
22799
38772
52486
1727
45046
35019
32908
82197
76265
85970
53182
55628
94427
72128
18255
55083
56751
62090
51404
6219
72247
74201
89254
40546
65446
78685
1116
2525
48020
24092
89193
14853
3022
92995
11047
51876
50550
42269
95199
84130
64382
48033
75727
93704
83677
16677
16566
94917
85900
31377
29535
57198
20608
87919
83527
21984
40420
29086
14476
5602
14514
10821
49813
10790
11182
7332
70776
54926
16734
46406
21004
62251
86154
23092
50220
48672
23724
62819
70787
34021
12372
35309
73978
85800
45755
52445
52124
20525
64578
65668
13795
16022
17607
47432
60097
20094
54722
69148
59116
20672
9986
55307
83590
39477
5343
12142
10952
42937
13148
44797
70731
44495
24795
82786
8339
35259
78108
20777
31289
89101
49556
54996
87475
67198
11654
25706
67778
30994
416
69167
67287
10078
21
66063
92866
77827
35378
63028
12537
96952
22975
86008
9186
102
99477
36532
67966
83308
38294
6966
52881
43523
14637
62545
28434
39900
86467
44878
71979
7590
60603
36449
89805
92971
43435
21590
92756
56826
18167
59306
46098
22239
42220
10231
4219
2606
65173
82951
38861
72319
63517
2665
58105
43892
81795
45120
58130
56470
42419
38905
61521
17116
60934
29525
85347
16909
46520
42693
11952
48093
78050
66132
50312
1300
61716
2142
43339
96364
2033
29054
32245
56121
14918
31236
66341
1603
11112
85670
34601
61742
74761
72973
71144
65435
80503
19857
11467
38471
61745
70495
31881
84561
87047
9590
38989
76089
1613
75281
16486
41924
65595
62622
24011
12860
91396
10189
33993
46228
78801
17989
31594
54538
25338
67440
52195
44197
4288
18871
95131
49373
45258
86216
44531
46009
92666
11155
78231
35956
13642
56596
83455
92345
10377
57675
33602
58190
91724
83880
21272
95981
77363
24641
85353
20332
7033
62086
65016
53534
29751
97323
62630
95827
98998
90372
91012
51802
73358
55600
31064
17927
57856
45740
50283
44880
42285
65193
65902
53425
62993
13591
30758
93711
38208
73824
99931
98138
46555
22257
16600
89259
73166
60819
72608
29197
41129
24728
57262
71832
69113
79441
64230
55512
1314
23644
29118
48204
3324
90651
25251
1450
52072
5184
86601
77313
82093
516
18
48566
50898
68983
52666
34512
9978
5073
37405
64367
42840
4615
66854
77366
12653
62010
58932
5257
82437
17609
7051
50418
65002
78822
61653
19358
41507
61414
69139
13764
55534
37266
75012
23398
8501
27
29584
17808
33135
60042
85873
3997
9814
63189
32831
77400
48352
37070
87
23712
57052
70390
14791
709
74155
69038
19928
66127
84665
2638
92056
38655
27734
43982
90724
36333
28534
85857
24367
77423
12737
11906
96273
35899
66551
84039
88398
13155
68100
86930
67649
71200
77404
60135
87941
77322
56531
19351
88353
79747
16507
50554
16718
57459
91739
36412
39494
66062
35017
23854
22634
72050
53540
97565
34159
47245
32528
49504
25703
16059
36782
93578
75624
31404
74871
60800
9883
1892
89142
25061
1186
69373
39711
74672
7143
99463
42448
60799
8894
47951
13538
16485
64758
16029
43083
29823
98721
11895
84852
28292
49949
45891
51058
55962
78558
43306
51748
20709
51034
47384
97671
84123
89745
16928
55609
54643
25943
69917
91560
38300
5184
28851
45494
91370
66215
95443
8364
25899
21274
27261
63704
58679
37829
41472
36804
95110
42073
65277
82388
77819
53241
63210
37116
24222
87361
84690
6940
88968
52660
5785
43033
51799
79008
10525
82360
94370
79760
57849
32314
99334
23150
91587
46031
21950
13170
98677
98104
59985
97228
98697
54237
82437
43242
65021
1256
62258
33830
65014
43420
84978
41168
25952
72757
20724
56787
23507
18173
26447
70182
64626
64360
6164
40209
98061
14861
31548
96090
64775
19362
72128
60811
65746
67283
67336
11394
86965
29822
7259
33749
85103
1006
97077
3263
21494
68753
52855
54220
5912
22168
68023
90621
35203
36076
23672
8632
16512
44039
57749
30991
23609
86262
52791
4875
24699
42569
61798
82996
84151
42611
63004
61504
88515
73157
9781
27543
89470
22754
47651
33855
63632
87870
99934
75240
88495
74680
12344
70165
44766
62225
69934
6309
48048
96327
7098
57598
57642
38195
36709
73110
66759
26011
6779
40285
88053
61205
21847
9994
72188
53370
80349
24640
17247
5858
59046
764
23387
70689
12278
65694
98540
85149
32617
56882
61519
33611
23404
73530
32162
90726
8041
66681
78696
59051
51482
84095
79049
12947
24254
3532
92821
95118
33801
18243
81257
52984
57781
78829
14666
8827
24695
52038
16271
23361
66253
54280
99515
34868
60499
64081
64391
62197
40564
98516
78974
59157
32926
60954
89442
62354
62926
93714
60013
785
96618
31132
30034
90805
23822
84494
31649
54970
91422
41665
73545
43761
47323
12475
27351
21752
37425
17529
41565
83604
24428
76793
335
3918
84266
55586
8486
71975
44364
95280
54375
29785
10950
56000
12446
80460
50902
66516
4963
37170
77713
29155
94239
22976
5913
34304
94376
55305
43851
95621
29576
83864
70196
71837
92348
17833
29956
2347
1304
74565
9658
74874
16680
97017
13599
31777
36849
37586
69775
10130
48725
70135
3986
58816
71254
87234
27978
71371
28082
56476
32932
50506
21804
66196
93104
30195
25419
55196
86958
32105
18428
55777
86014
60003
99699
9605
34330
35701
53807
70970
1344
30654
65467
2716
11718
95405
67600
95020
56978
59344
11832
1765
54850
52858
91181
2685
64837
8688
81152
80666
20077
9489
93078
30414
88412
8768
25517
62256
49147
8431
62012
81368
7946
54186
90104
27095
80145
70588
76147
71633
49269
99394
88030
64760
87303
93163
99887
45446
5462
11752
52670
95030
33476
65846
47882
61632
82422
98532
86361
55088
41701
37699
24508
56641
61394
10890
31120
80155
44407
63331
77953
4773
12504
80438
28553
67401
43160
90415
94039
52196
42887
17934
29418
91366
36441
71628
22044
10188
99058
91717
67260
21015
5214
24070
93651
10696
94717
33619
69032
35483
11675
74261
57376
92029
97790
16703
61437
62668
87640
73980
8839
64906
61533
11575
93800
9212
45326
90023
46320
6501
6996
87828
66937
22778
83336
86986
97317
22530
36046
85465
3012
7692
31554
84902
1298
45613
56619
24210
50365
39572
1837
92997
89540
68268
36763
99863
18650
17262
41512
84475
49130
85471
89662
19912
67573
12365
35176
3877
48311
80706
42570
76304
52903
78179
13520
9003
36893
71016
4388
28931
46766
12407
39417
11519
6514
83007
74885
36961
94791
75822
98251
23804
45070
13295
30646
51699
90227
74532
73858
58729
67851
31708
32979
55435
9398
69682
47689
12374
2563
17378
97740
66694
78355
32295
76833
2268
55317
26422
35135
49867
55633
31569
83643
12287
9280
44329
191
21066
82776
34611
78297
69004
44838
15493
70927
96991
41492
5806
7217
26717
93898
67183
32967
61934
92048
81114
95081
38705
47090
4005
97486
73222
1052
55595
96027
78966
28549
66176
2845
67840
38792
50414
45810
91201
29324
53968
96034
77791
17510
2987
54027
95474
40917
64964
60121
65488
16971
56898
49301
53011
36779
35585
57716
65737
52909
48336
75505
42871
5567
60360
77141
38730
72838
48297
17937
90301
61762
63154
7790
93248
16111
34845
91580
82859
42087
87221
52775
87583
34661
88788
39112
28853
58053
81726
50072
53797
6056
55092
84351
73941
78291
85813
52650
96732
53750
14391
77914
16786
16330
81790
44185
22326
85460
23319
4616
31259
49766
33108
7956
8112
98309
79941
35975
7243
10501
878
37435
58577
14768
30186
92489
26084
3141
27004
28256
38474
79869
11758
76081
33078
67466
74569
15110
26773
92376
36783
15123
30871
59573
70808
52677
14807
46605
43495
56566
27177
39053
59624
21539
46559
89129
44424
68341
84185
38842
95697
26043
65095
97791
1761
23161
98491
35876
35462
30490
15760
34112
36952
72448
37713
85784
93970
29692
67751
13793
68398
13305
13955
65699
40957
24467
34628
26840
79552
91077
17830
79636
33831
11680
83080
59295
58659
46071
1719
88574
32969
83191
46684
60239
76165
41396
38462
57011
60888
57151
8150
17990
96528
76308
34990
95177
3
90191
14804
73217
76712
66366
12513
85368
53682
12434
18368
23682
55721
11599
86429
38522
53575
41123
89484
55274
61708
13779
12723
97898
96574
53009
95317
98527
40352
45194
70588
91205
76270
73756
33538
82023
6482
16356
11324
30123
93606
14261
31492
81931
93607
28965
24385
80062
72659
30593
12661
13173
6975
12289
91171
98400
95798
29559
4283
60497
3090
83264
50339
26681
80368
15901
29027
4495
96692
53019
97645
64079
27416
91118
45992
9919
83922
71196
79800
23948
89025
77910
14571
92691
45907
19714
47618
1787
85271
3667
98778
21152
50105
28826
90006
35243
55520
23574
50123
62844
94400
29510
6567
59338
58524
66176
6783
57921
25980
57146
57684
51818
19590
24005
41825
79080
87100
2361
15876
12926
55954
13611
19558
47151
19275
17948
26729
73277
31759
19531
53389
68307
87531
22059
44607
36254
67717
15951
75710
54710
53209
70561
57899
19322
75925
31890
24044
43001
12942
38699
11613
8941
38173
47842
60693
75426
64346
66121
20144
48693
2099
77697
30814
25559
42441
73516
50727
75633
58279
28351
441
80641
58303
72502
13200
47874
50019
18081
24640
24010
189
27740
9826
22988
63212
63997
28473
92190
37275
97830
4640
60150
95168
49627
15665
94253
70318
69325
89556
42245
42167
85397
40675
88039
37057
83516
83927
61285
65539
42263
75248
60318
23933
86288
25413
24736
31218
72671
8422
95559
56387
440
20107
3043
98728
89309
20892
40696
23981
24212
80251
10560
88936
81620
401
41515
78259
42809
53044
47494
5610
19031
62674
59481
60994
24042
55036
79627
53027
93196
43858
99968
91492
75040
13959
51362
32514
87308
84593
63005
58108
15747
73903
70980
66670
19968
82871
38290
86728
55407
77819
97899
36907
93541
95703
82657
29535
25808
18298
52018
49236
55944
24431
40558
56851
62565
70695
26422
73823
35947
19108
86272
36206
65120
70372
3703
76478
39614
4456
99391
88886
47139
74560
69879
95802
82629
93622
86135
28106
95204
91027
68857
66584
94872
37169
52052
84612
66857
61791
37699
43125
71134
48938
69572
15478
64781
32718
49436
97227
25040
43801
71671
53231
25849
94584
79758
72716
50908
36353
94690
25365
87243
27195
81956
8195
53887
25614
65847
73386
18417
25027
12429
97144
28873
34039
95565
16810
98574
20930
64086
58442
28796
88222
37182
58760
34068
14998
49780
36500
1389
3596
61123
85718
2408
52807
19735
95594
99809
95096
30650
68251
4289
27655
97303
81947
76529
85727
6528
68860
49001
27026
70315
70606
24582
93386
98775
82069
55097
38958
87404
11750
31900
26541
96001
60095
71489
81129
55799
9984
63619
78947
84034
48586
69437
95488
97991
40690
95257
29589
8513
86337
9536
78516
29534
87403
75888
27666
5767
77675
48909
43444
67676
94263
44398
10326
65341
63589
85560
34487
1574
50842
90184
63428
82130
29098
69801
25824
76288
34194
33413
32077
18163
42509
98552
8634
56051
86998
33088
62473
6769
62555
3089
85564
80615
52123
65350
52731
72958
50940
29298
54692
46601
20939
18164
91823
61999
5169
27656
62525
97670
30638
63961
55869
95899
6708
2197
64122
69902
56323
31610
59845
73401
46748
50092
41914
99921
83173
20904
84561
79942
78872
12274
20036
75717
48808
97323
29144
47676
93137
56895
42346
23901
26330
12858
44311
90940
10666
11323
59655
44658
76164
98432
46264
56836
46145
48577
69987
49406
74473
6777
55308
90553
49933
89118
30795
97404
52100
23442
2226
54302
96671
41554
68827
88745
51947
22251
3824
85274
79843
23853
55350
6501
25616
30744
61718
93206
94174
12819
71817
23442
50843
61979
24160
28092
45071
57528
88718
34579
54739
90508
55154
52281
37263
31428
22852
82254
75252
70193
95259
67707
8051
61328
15513
46506
70968
97381
29588
41842
70278
26343
30626
56081
90800
88212
79936
89746
50290
61509
61375
26543
63210
96989
9004
78576
76214
27419
2650
38288
74826
25166
77933
8736
33550
76040
53990
53381
6674
43243
20006
27101
90799
34433
62273
25951
84412
73096
50017
93312
57577
8937
87668
9714
94748
67497
22451
77223
35333
14777
33167
12371
41088
73480
91546
29040
40199
79897
46287
4698
49937
87567
64864
25594
69483
4516
59834
95361
7602
24473
69015
4778
78154
92456
37375
91298
1149
44885
56700
37923
72659
71619
86649
46427
33867
12291
25365
5260
60084
94694
77354
31405
49002
90580
19125
24302
22160
98133
69346
34233
20134
43149
56565
37651
44455
41061
60918
19969
73410
66916
23034
7240
77011
72509
74475
91149
99966
37505
78132
65627
84839
22229
39786
59074
50736
28478
88250
7740
41040
79961
73131
43660
65580
39399
3920
18688
40789
42309
9517
35029
78463
9594
71170
38137
33913
3786
50201
80651
96333
75304
34152
26655
94805
21352
51332
51357
96376
22321
85570
17897
80480
36530
6187
82526
25785
55212
49531
