35140
12067
39160
48857
61733
47584
52193
3765
45408
89363
34586
47868
21806
32592
89278
57275
62455
92981
87281
90570
34636
64856
6921
64370
96516
94072
76377
14601
65456
92693
23835
11769
47645
47420
25464
28416
94790
21915
5431
35728
95092
58995
91041
41013
72467
19595
26253
13975
56273
9632
1005
51413
25782
97050
10899
31250
65755
58
7585
56012
4777
28464
63980
96486
48814
19978
66124
22696
46398
61638
20867
36573
39300
61704
28199
71514
10084
15815
59822
18910
42670
48385
15061
26836
64353
62927
73453
70869
52890
94932
37346
81579
18135
26574
233
86929
42124
85807
91590
69814
26369
23238
98999
15488
91430
33462
45441
28332
76404
20264
28501
21620
86146
27228
60030
43050
13856
29563
77161
34977
13684
81736
86513
34378
20879
76533
38087
14364
45578
9873
47739
26925
93666
89279
52361
33021
44877
11970
57026
57874
1400
9716
85654
19549
46976
19158
81403
83259
18761
9922
93085
34072
17405
34620
22466
80974
31812
25447
11672
53452
98333
10003
10334
39538
93623
87860
20588
63704
97678
88847
69760
38445
26181
28909
60773
83869
13788
88434
50081
70636
8366
63495
34300
87968
89834
59155
75849
60987
460
14312
57362
60965
78264
10202
65060
73608
18322
95434
19572
70005
18204
50017
61356
67428
26349
46744
40919
97496
17995
8980
32612
66753
92869
271
6874
60475
62575
37553
92441
14612
89338
93342
67752
17739
59727
23113
14433
99412
86696
97510
24373
47672
26444
71900
70525
70265
65061
60537
21694
18194
8384
52032
17720
27293
84640
86462
5771
32623
92510
91163
20487
23006
73185
14123
47727
77314
29431
61956
99336
85369
47789
18249
53507
82405
77969
91333
55045
54864
48417
49908
63920
84688
23919
3099
88112
85797
31828
31544
28324
25406
25934
60564
18694
30396
95095
98932
83609
85103
93443
30671
32974
78236
54678
89722
39827
23200
99967
94815
28857
36878
8661
60492
17952
31508
41165
64520
30337
31164
38805
28000
81687
81198
29040
41312
63211
73395
86766
39709
47099
55188
44199
8943
12967
42305
45205
59228
66296
72685
11723
68910
32556
26742
6069
55527
70050
65091
56397
5579
91806
13191
86359
90620
73274
27394
30394
31619
95402
95814
80252
72298
46890
15766
82168
68262
15046
19563
91487
18034
57541
24944
31752
49847
33843
89485
95125
79015
5450
95778
40452
63625
55741
39977
20494
46606
78816
43997
80703
37570
66711
54330
85715
13054
64121
14106
66698
95451
48544
97918
90823
15361
83472
53038
2091
85213
79618
31703
5608
88657
31853
51187
79205
43685
17999
21607
22734
76187
27997
2757
57268
75808
24325
56818
75144
23550
86460
88258
86927
47
7945
383
25379
50381
53261
13193
80999
13092
6957
77655
89860
65768
46653
76315
35844
85443
61707
71108
52810
87686
421
41053
18444
31873
26632
60723
64783
68462
42375
32883
29182
31048
53524
33266
63270
43801
74222
11270
40240
16816
58567
7122
19548
27666
33776
33247
82422
94119
66467
37221
85432
8501
88205
56393
71964
65066
85014
85856
56348
34258
15790
31826
48072
88201
6294
20730
12067
89354
13640
56970
76059
934
26308
47787
44835
35281
73433
18401
71438
58838
86444
8909
39562
28778
36199
37549
40439
36254
84481
21822
24131
77550
30118
17505
32195
81014
70147
82011
95472
68517
9136
78423
77563
6313
93530
96678
90478
3242
94060
32231
23873
63827
91961
737
48950
10058
50729
81709
8018
67745
45118
82576
95480
48709
27137
80710
8131
31380
37486
13243
639
77835
2105
22642
76101
64701
9243
12489
61489
70592
6365
66451
26434
56290
98207
48357
27054
79321
82182
99213
98815
40567
15200
4667
11758
45148
84437
7203
40922
89318
34636
26395
32325
37731
99575
36480
31916
59719
28412
20597
20321
6681
94016
39947
92422
90759
41106
62844
89575
73531
28946
18768
34613
56517
37820
29091
29851
7159
74869
48382
52735
26928
70864
9186
68502
61072
77374
64259
38276
23530
96656
56273
57264
46871
57514
90577
19232
79175
72997
62442
53141
403
15201
51324
77157
39502
49190
39403
89681
59770
82805
84154
39875
59926
76240
62225
42918
88757
28066
44161
79234
12906
55788
2334
81426
12479
92685
79179
89348
33797
23726
17876
28076
51558
53575
32404
96901
50710
64913
1687
4038
13512
46057
89050
7996
34813
43102
71599
43593
34135
66551
70332
86617
98955
40932
48643
72221
9589
7903
16764
35271
83142
28702
53054
83552
13656
20025
43228
9993
26722
18066
46316
99948
13094
20006
21380
5662
88904
40014
5854
54611
12666
31378
70106
85246
38130
49419
96993
49540
28445
28755
3911
33468
48044
7916
77579
43301
82861
93449
93945
59940
64149
16061
66030
64120
92152
1982
99259
8795
79771
60149
86786
99384
94881
92773
97885
53732
56898
33974
22431
75515
23610
19421
60658
58487
72509
95562
76543
19119
28232
23885
49165
34826
61811
51205
53920
5342
10498
26919
34274
36202
52955
29575
99104
90732
28242
72742
93195
89855
84991
51321
92543
71189
11057
62577
33984
86221
65628
84140
79296
23986
56558
83672
52093
74479
7552
11807
12455
24722
64744
6900
35679
52444
26251
64440
6587
18914
84175
6472
8231
58820
51374
53319
96005
97480
76838
86820
64981
55442
81934
73896
87375
41217
42467
30846
40013
18857
40833
63327
16870
99112
97773
9273
86677
98023
34287
53467
74424
28240
72125
32159
77556
62439
77842
13397
63702
22118
55517
19912
29844
29432
96470
16592
48722
5938
96459
88211
56481
28137
43609
82904
29474
6964
97942
11370
25832
8799
53195
93125
30747
80680
13375
87552
61080
7546
22767
48343
11670
28868
69242
7795
26083
32246
49112
64632
70925
9879
45386
81804
42301
89317
21452
60159
24926
1962
29831
75547
84220
46359
50980
93385
36231
60896
63643
53149
47414
95347
16809
91744
31336
67446
20224
6584
1733
66813
69144
83702
51811
16613
34499
699
19430
2064
98495
87848
95359
10845
72964
88257
44053
83043
54461
39932
91008
48138
30035
18476
75793
44582
68901
44549
30512
9232
92916
93163
24126
44163
36379
1564
96249
18352
9243
63382
37310
30943
68020
49606
15528
13603
73840
99310
87638
32504
56378
8722
65995
82395
20428
44064
71215
33734
31494
79161
58163
10982
25946
95936
28146
76251
4291
71326
82995
70476
69558
68976
64970
421
91473
50382
42526
45966
24177
8824
64037
83977
6368
69695
40716
62823
52618
79213
81779
95303
50544
37010
96277
86220
46582
29708
22277
78010
43351
21810
88820
65741
34744
9757
76367
27318
51226
7475
88100
86164
17865
56242
49829
65738
93041
79318
80006
40418
30481
62887
78305
94526
58407
94114
66329
97206
54827
34369
4955
69491
13656
20490
24320
4455
82725
17585
48783
28743
37297
2507
76479
96679
50493
87856
76634
28624
8051
72971
66270
10272
45316
76610
39805
11102
53360
89309
39332
27544
71934
81237
6008
68987
6828
58138
77948
86094
16224
37024
54479
16524
85948
28583
42099
66620
99472
95590
52744
76974
19498
2772
58039
79829
95144
29554
66635
38075
20142
53176
58585
35109
89491
86971
38400
86245
84502
13335
91851
66070
70638
65087
49044
16183
19519
29214
96483
92743
95784
16041
33268
17753
92728
71459
310
54964
78241
32108
15983
51018
53478
32327
66013
56691
95502
93255
58711
73957
53370
2197
9458
97458
46931
19552
52992
39711
5436
17954
84083
61084
90791
84427
18976
73444
38723
95373
44830
85715
90163
85283
95853
78015
75450
16286
59443
25652
23059
19469
21569
12048
34941
95400
87573
39768
69874
6617
11833
35701
49177
20616
7272
50895
34802
65154
72849
65956
75279
30789
7700
62532
25826
87531
46793
3468
3024
72304
35232
23070
72229
1249
24578
82937
57378
18531
16695
87258
75089
49821
85857
89519
73689
34692
23942
37300
67052
20929
76011
11468
32126
12992
18683
70301
85073
61176
85895
94728
9419
37490
29127
43779
5481
32856
32735
81493
40173
36091
20317
60526
32114
69248
49214
84480
14528
25801
97904
36382
46363
44028
39730
53584
70742
75058
7832
78416
19781
14494
36651
58756
37520
49687
58829
61304
34563
95428
42394
81367
51842
35171
11498
21414
83706
38359
35058
65885
36051
74060
89195
28867
49825
4103
73162
42021
13498
44782
51118
90514
13378
83153
19193
37974
23490
68372
97493
91345
28087
72699
6488
19668
78694
43729
64898
82007
21165
56500
42819
96889
30613
61248
44346
79061
6499
12854
3384
64062
69262
74153
2434
91895
22027
31206
46517
5329
70533
36189
1764
54146
79752
87184
17533
70718
79196
99479
44203
71541
6702
17293
38708
873
87882
69530
30337
46858
35621
21598
22238
74383
21175
26839
19192
25779
80934
62255
46499
63946
34749
30502
50622
70015
79035
21943
21070
5452
69544
553
26758
97396
66435
59988
85640
13888
63510
24750
48390
11348
19819
15570
32641
75757
94520
67403
56051
3738
86773
53698
37064
95060
42894
53698
40646
17244
9812
13764
97581
39887
60239
8668
36441
80360
48654
47519
997
21714
85214
33039
76970
42216
46360
77605
23590
14476
48405
8538
54135
55648
30781
57746
98214
79716
24125
13510
41152
59660
18743
66508
45919
52893
74803
1348
57384
16677
83540
45761
9198
6996
23621
78355
29236
42490
21778
15853
59087
77599
20498
58136
31081
1241
7970
68915
95330
64973
57294
45861
56689
69285
93352
48449
35209
9386
84922
25716
68503
32606
26392
80431
22119
33817
4303
15211
84966
42846
83451
73437
14017
21274
91796
58968
97389
10232
75111
78426
48384
40355
93859
73012
33053
33081
77162
31801
21773
67273
11368
99458
79016
80233
35008
26011
32564
38582
46209
36814
57060
69160
35511
73226
74881
84529
22686
95503
44678
84051
21330
62361
70661
42459
36610
22471
1479
91294
80066
12455
21969
28206
24992
17119
84770
27672
30574
90554
82744
92926
26814
5678
83475
74188
18188
59014
34641
50489
90804
42385
23769
75196
34629
52966
51507
49672
41166
66737
2836
25286
21972
6495
29911
68302
13509
1698
7303
25121
10951
50753
49593
9413
26506
43296
84534
44382
97692
88167
21623
76710
18427
29105
78313
79145
30085
82067
94127
25183
85867
54631
15399
7782
6276
26933
60293
94428
15646
94269
55611
43286
76399
95459
34010
13600
26729
33239
96626
70834
56844
22559
4277
54698
85302
48228
37434
98476
79638
87510
13758
99155
55646
30749
28037
57330
79446
86269
50557
86124
51884
56197
17827
26028
97001
39604
19775
62658
9376
81416
71275
95355
24480
1796
97297
75036
94537
47102
60146
43066
46939
59010
38050
80952
88617
79206
35217
18686
33005
99404
39109
75667
42709
76685
77475
31736
5115
79272
70988
81312
9938
24359
34244
55279
54652
83913
94542
68845
78648
59346
73362
71687
43929
47020
71617
45123
87602
73751
61072
47422
44462
90356
72064
95524
37916
91018
77886
19724
80455
66227
79045
89613
33539
43719
26369
99616
11907
82819
85071
38515
54888
39957
98177
18727
59764
61958
60893
49320
28957
52164
87045
38694
42397
68523
80369
53268
17061
40624
91064
9020
27506
56298
66382
86397
79448
79741
20775
91363
71771
58756
95994
33954
71676
56538
65953
78670
58640
20101
39516
38553
1741
76896
43189
25642
77789
28868
91134
51862
84629
7346
36598
18654
27328
46399
39755
6341
77524
34589
5466
46572
10950
52674
20306
14317
22552
98614
39030
61232
35505
43358
24961
34220
29734
25664
35747
89246
19508
32339
72842
4703
52687
7781
72316
60197
50868
50824
2176
96217
65851
56410
93245
6736
30984
93743
2362
75400
32993
44957
41381
16832
73370
58532
12047
76757
3660
29912
38388
70517
56036
79404
14776
99810
69207
78173
33101
46405
61139
31576
26961
3115
13009
47849
62421
69953
69735
30657
10232
93319
31098
16291
75633
20148
42160
1419
50412
65639
65443
12411
87019
77797
88658
65700
9518
20403
15634
19373
26990
35761
78785
86211
43267
29041
16123
20702
90245
51635
13605
88907
49327
68447
42087
84123
64511
5759
48215
51207
37082
75030
2672
40030
70957
14624
61698
45261
463
2055
68354
83306
77538
9471
67330
38781
18328
13823
43548
60556
20914
69404
64903
33601
42787
69284
66668
64954
80531
92692
59923
2413
23839
13943
76854
4565
44030
66235
4343
59517
48767
44337
78477
99368
23470
33409
16410
73819
63765
68040
51448
86632
40767
63183
42641
74616
7864
74697
50510
88851
52944
15784
16711
87247
92510
27453
80122
58995
66625
41226
7639
6567
34498
57158
64567
31642
17429
5356
62924
69647
7774
87104
97844
36069
2513
33824
38471
46466
97169
85282
84752
37051
73626
60400
46873
33635
94107
78908
7486
27085
67674
41025
45764
45407
75324
99961
60162
70389
78236
34357
91933
76623
25976
44284
28658
96249
27723
35170
71469
43093
66740
31204
50454
84742
342
69374
86987
6363
35769
36713
43080
84759
1103
80756
18019
54905
63056
84542
54132
39885
60486
38062
91825
63886
68965
83119
61240
26966
5522
70187
1830
31139
45444
67394
94085
80168
77192
36967
8289
83885
55454
62231
43707
356
9633
39799
49559
76778
68676
5322
71344
75125
63192
10572
21932
56320
15818
57965
74474
65232
53193
38637
23287
32610
14853
46992
45056
16340
15955
60575
62881
36492
4173
65787
18140
79369
64822
47390
80134
33444
96027
67824
95227
62050
1045
51650
70897
43801
9836
70155
94474
34396
7573
37885
14436
36965
4923
98499
31595
66111
61916
12154
69582
89197
36106
31080
25742
35353
79858
30621
62514
44349
24121
75429
47000
66760
34850
37510
58310
95118
49165
54173
88766
70478
9178
33487
5264
49889
16490
50350
73258
46332
55174
14571
35979
2338
22617
9587
14229
28842
35064
46535
81632
66216
12579
99868
92331
75418
48227
18379
92493
44177
63442
10389
88746
87418
37243
33847
98817
2312
79702
24614
88130
47264
92790
90504
87421
36897
55902
81487
80533
19854
88749
62162
32468
50009
95675
9993
17240
23149
14299
24933
42635
84664
28960
2281
86032
23059
84668
98185
59001
81648
2788
76222
23830
87295
51823
16259
48551
21180
96669
4816
89043
86521
18996
51344
36881
21828
6822
82401
35203
70100
61486
99623
79651
47669
66073
83853
42646
60526
67522
85049
57309
6923
56758
70507
74282
2092
15094
62610
31791
36809
73082
61963
90930
90016
38226
86679
2845
64157
75304
88567
79857
79077
92802
87815
98683
56958
27971
95316
24127
12094
27281
64955
80017
40591
3281
38976
67458
91772
55950
77031
11063
53243
11161
45331
55574
23831
98442
19321
35194
84569
86149
80192
92421
93170
89784
73943
79509
54631
38977
32370
28239
94809
96556
26403
63480
97071
22009
22449
22531
84259
43996
32824
4356
50791
32798
60476
52131
7474
73025
17419
61741
39498
77665
51055
63908
80367
53590
53580
75766
47810
38678
89404
38507
70480
26743
9540
42743
18783
64722
94323
12592
44084
91587
56119
23290
6623
16045
80987
74014
50052
63803
27009
39833
76294
89537
46136
6641
45457
28832
7130
76674
62212
42888
90757
40630
57306
64696
67796
38931
48916
12705
51065
27597
75364
90472
50585
80573
22104
73962
53540
49994
56386
64539
75183
45572
95744
93863
32784
27728
8908
50105
56597
32156
51330
45017
44962
10900
9641
85648
9989
14669
8160
89864
37559
63007
41287
20015
1906
33648
94887
64922
42122
30923
86655
86181
61129
78064
85708
45944
49962
31845
18452
69382
56689
46698
59663
66991
56230
71273
85746
62597
81100
17356
99001
11788
19554
39465
92240
94619
29014
35289
63135
52287
85953
77542
44112
69342
56739
95394
89694
18008
70491
46100
62236
73386
87234
56718
27102
83277
6085
12666
61672
91931
61886
4914
63026
79858
90958
64527
26804
88400
31449
18490
16532
77310
31165
58494
79849
25834
78736
16574
15723
18092
94198
86786
81977
98186
79932
76685
96422
59863
61428
35850
57024
20918
23501
63173
67679
72924
97422
61910
14215
58803
1710
24791
42938
19771
8883
18615
9277
3916
21318
86023
92709
10102
13807
1042
69438
35657
95475
8618
61912
21072
50854
31645
37678
15096
29902
1959
62388
84047
92886
55360
45916
18536
97259
48662
39941
68059
87063
37301
82145
27880
23831
75107
54562
84444
19291
32169
79264
35276
410
75051
4777
9310
2000
71160
75654
43880
917
11996
31429
56688
28762
21939
34120
88210
32227
90713
49482
93344
3323
40797
95081
95939
68153
7828
2613
13472
71182
43497
45267
63190
98151
62546
2382
9124
96197
40990
44443
89704
86614
65930
63335
65953
59727
52755
72159
97302
41353
96165
39131
35087
53302
73746
90377
56225
78398
27359
97650
41160
77754
84152
58346
44044
23244
54084
42489
80550
51449
70227
47585
42684
67748
63795
86220
15656
18633
26498
9140
407
63634
49310
20910
23341
59993
71832
82836
51781
81147
3080
28397
92182
12245
93241
33403
56306
73438
75781
58528
20296
6369
84187
86478
84233
38581
73564
21546
11239
35066
63398
2748
56282
36563
57000
53238
63324
16858
62868
3678
82036
69892
91026
93242
27792
62867
66065
72471
44939
74194
63288
6326
88814
14192
21019
94132
90770
11996
30601
14484
3236
77753
39138
2699
7714
69822
35302
96775
87618
77325
32489
41693
96785
29997
56866
11246
24888
8391
24163
65909
38523
77210
58883
27279
8604
39643
18422
89927
59100
41580
68670
53790
86466
7895
28251
61396
38644
17000
50590
33269
37921
18053
22075
50499
41249
65994
34045
8027
85524
42885
63731
71559
49127
76939
79176
67456
30294
47637
85264
69501
84587
98714
89726
86524
86116
85290
27603
11724
1299
77701
51218
25717
18207
32246
38446
18468
35527
58575
75268
34711
16775
58722
56933
66561
76627
12057
48108
37851
39136
80370
8718
62792
62882
68507
50799
67555
36048
21862
72880
35558
18692
93897
806
74233
90014
64021
46727
6646
83112
72976
24702
78101
8340
96977
68062
44441
30370
15735
47730
92214
94686
57063
60755
47357
24326
47905
38707
38501
42089
55262
18806
83064
24426
45863
69408
9463
88196
70933
58633
47435
68519
27872
50797
52969
16993
54214
86113
68481
37049
69115
36160
17091
90772
45735
27587
9711
46618
48193
47407
28888
2962
84358
79655
19187
77866
9653
42626
3714
33523
13098
85688
80471
67625
54037
97943
18279
77681
91254
39506
17550
84155
19928
83320
2968
70662
10471
51042
31123
63682
99663
23046
32015
83505
75730
35401
66222
32967
28614
55922
99502
12913
86825
91641
80080
59698
60673
82398
26468
90664
63733
12757
24691
15052
71617
4671
11272
9688
59642
27477
19548
69156
42431
62589
70334
81993
66647
78015
93691
49766
13741
63217
6767
38273
32005
87791
21800
72261
55034
59878
31250
2601
40181
8815
89925
8690
3020
34745
24360
69423
57045
4159
16960
34305
86725
281
88377
45982
18921
25294
53359
59531
10912
30694
1145
76742
4147
82238
54963
76710
9970
66357
42951
10842
56365
98883
69464
98350
42187
76650
24074
70253
32106
96708
20113
53280
10260
9308
82356
98612
73019
42136
77917
54329
74929
32180
89025
6726
36518
2858
83527
33114
46398
48749
75062
81790
57134
83318
6431
71271
21715
93269
51396
19159
18416
89545
25763
70082
90498
76842
91908
846
85761
76515
8443
15796
48821
84190
28377
12612
97746
74200
2005
85765
63698
56243
25747
72345
27374
7306
52463
56350
20921
9023
63848
4945
44152
22800
56620
81934
8578
96169
28507
87698
31792
6675
50938
33729
80768
51753
43415
88932
57772
69995
37780
91562
56098
97611
46802
18255
57632
38565
50940
63802
89519
51436
55756
81376
81657
29535
9853
57062
20839
95707
15087
73091
92411
1130
98129
31172
29926
61177
82446
66858
83848
66759
35926
66446
4034
81177
31208
90948
15193
30634
58265
27357
74506
70560
8963
21542
50788
75770
90125
30766
16486
87013
80563
14245
38998
55310
43858
95680
9883
12530
20498
17433
92056
9488
79344
28180
6214
18880
40967
4924
35372
50078
77723
12875
44894
32798
10177
70824
14127
50819
94094
32267
81204
15083
47323
93756
72982
10178
30034
31546
37363
86487
66775
73367
98066
92907
4246
62848
35714
12997
49765
9979
67310
56579
98677
65993
72478
57996
60411
93099
91373
27744
83221
87936
43139
45872
24571
77548
91215
29258
37124
40213
55042
67245
71602
98631
56106
3867
83643
32984
2185
8844
11445
83045
56338
94111
97405
91578
23040
12684
87523
62705
179
6805
38870
57202
57544
88826
10984
57817
7891
57643
74493
17878
3004
74264
70901
42029
62579
34021
71604
9405
21745
59065
59659
57694
80844
38774
75972
23171
5463
50371
99919
33312
67124
45380
40292
28485
10263
54731
86868
71848
71064
6696
61457
95744
20916
11964
93686
54925
98849
47979
84692
48470
27564
24976
84283
51370
9361
70282
15585
22344
98582
55156
10642
87130
63237
38195
57620
94972
74340
68712
31989
3931
1106
20741
77363
86776
29664
93660
78152
91051
22313
90931
58641
89252
53552
38548
53465
12045
79445
20257
31494
51692
68659
16037
51680
10085
9657
34949
51385
43259
52770
33013
32894
83287
89172
2151
86040
87681
90866
68990
30655
6955
12990
69984
25852
65326
42383
32266
79737
82732
27594
76862
76968
63284
15520
6424
58669
12739
60676
88126
37992
89128
74375
77621
48611
79552
33970
53008
92788
36448
67871
5444
60591
44529
68405
89431
35436
34582
10270
49750
944
83529
77446
46118
67067
93443
89202
25170
47693
13658
85851
41987
41589
55108
24870
46222
84088
59674
93249
5990
28570
79832
95451
58931
60045
59457
37633
76091
45011
23648
52433
87772
1457
93289
28061
58875
80402
36509
6333
93751
9652
99341
82321
51735
50260
49909
67538
2690
22001
62506
67924
41005
34047
8974
65435
334
41099
88352
1750
25872
85862
26833
72604
88223
33744
19888
82241
45155
2722
94120
51477
65898
98615
95647
20794
72798
54840
71391
77089
20086
25827
81970
2816
74695
17975
72262
73873
76379
85215
7088
13577
60538
50808
99532
403
61477
47521
99043
9545
8866
62942
5349
61870
58800
70441
37814
85259
51356
93942
93157
68773
77613
21408
35223
54615
31930
50037
23619
67794
79324
32028
95126
30989
65438
24606
6166
38410
39568
66424
16324
16614
17050
90875
99547
64412
64046
49982
28053
13656
17686
79713
92940
36915
54541
98846
73981
92816
44873
78990
15337
67953
18262
65750
11158
9527
59454
33292
48115
75092
80900
92393
26904
33966
73169
24013
11787
43219
63781
95722
30111
17812
95215
98990
15543
72351
66680
9232
62601
65981
97561
17942
26333
25764
15597
22753
20020
92346
94977
54294
46182
12967
4775
72041
94724
11989
23146
97640
43036
14151
92028
78529
474
2451
14283
42353
8395
25757
46995
98058
33917
19218
49005
87648
65763
56222
35940
98641
16469
86506
20904
63727
50228
95317
59195
7083
63978
47854
27209
34943
95504
9771
52150
25143
87337
63465
25263
28701
9900
29761
88898
17121
93599
11587
3689
26945
64894
88658
76673
74618
83867
58620
79449
7979
37920
99092
18502
95939
86512
23533
31795
40583
36363
38581
63126
73889
37296
36203
30846
4903
94044
34239
82728
24039
69553
29989
38577
63085
93395
75254
72678
92401
17035
98595
80439
81664
60782
93654
65226
99269
59512
23783
39947
21299
54898
38327
94689
95122
49683
55725
19580
73667
65922
67691
78442
74738
62681
43244
66826
63671
63877
19260
46392
52201
94474
17204
42118
62560
57348
45584
50827
5861
39240
81583
83669
48344
29768
54535
14907
42141
54966
83426
2221
51205
49984
62744
30797
89076
20665
46987
56118
15796
44505
10041
72026
6422
82042
31874
9451
69280
99139
25814
26191
89751
48706
89081
41942
79658
58898
94871
59335
66840
77277
80222
31094
63808
92730
73148
65074
58499
16887
32406
98172
70424
74322
45121
52402
9132
71553
68065
26344
24979
89297
62812
98168
47568
24908
48570
62577
54684
79348
8732
79915
96631
35468
95158
89562
94344
9077
3945
94496
43186
68725
67809
18397
30326
74069
8104
75362
97727
81633
81574
47012
12974
6610
96214
39531
79938
47432
92742
13386
85411
17105
77258
15433
96236
28295
65981
64509
18611
61397
2325
92762
45814
59097
14721
2143
21507
6885
49954
15503
77539
93504
12772
68544
3813
38666
94744
77804
36771
2844
94031
2597
67219
14285
61269
25382
86988
9074
87975
74468
20531
63997
43410
65443
56577
33862
58698
30277
71698
34503
95331
70205
22285
1856
98256
6402
54123
25819
90934
1023
70118
66923
92299
44935
53247
98829
77873
10789
54764
42577
43817
75090
35580
36626
9429
27456
91177
82335
92911
11219
57881
90622
15807
51663
79344
96871
27005
20045
68117
77932
45539
60615
21983
20792
27950
66130
85052
97013
96625
16684
29887
4232
99798
9579
3876
34359
33010
64917
36544
11914
47268
40558
60874
66127
13674
15115
38047
46872
23135
67013
90615
18271
46997
7561
99586
17609
78923
269
66654
26824
53675
3293
39321
59675
14019
1875
33245
93808
46429
82949
69404
73098
23133
42648
38009
97021
21687
12243
22929
46710
89515
58094
13668
83832
56926
74729
52868
52321
1238
27449
27577
81323
48978
49821
14478
2958
80131
56431
92091
53827
33354
23414
816
94979
88048
1431
21115
76781
29756
11596
13495
79367
27028
71757
85777
85532
41620
94379
41335
31044
73412
18748
82112
58273
12441
77904
36722
60645
62922
24642
44948
92529
99117
68586
77200
52889
92398
77007
63396
40611
45803
27834
7206
79758
81999
69669
96338
43055
62153
94546
17617
90678
79016
41625
26631
30703
85845
54809
91321
18084
87693
41392
97690
58944
61722
63814
54513
15695
82573
78723
13512
57762
98042
68928
25330
62702
52911
42555
80922
77684
21554
28708
34949
5563
74871
19796
33124
216
73691
52798
73560
97104
21472
75422
38273
84500
95972
26125
1861
23371
48640
71191
22202
28462
22363
41251
27408
32973
41641
2417
87326
30735
70595
53507
53127
77078
66564
69906
46184
36513
44413
69985
36002
72235
57077
53582
39966
70897
10913
39109
70722
27856
54044
71407
57870
5260
25731
88967
56019
61390
80336
21453
93265
23621
50512
72468
37579
71917
49475
96438
76234
50605
14992
40071
6154
38362
90914
49862
36197
96185
86051
17392
48314
82434
67124
62447
5658
51680
83750
25904
68143
10293
86456
55698
84841
41626
96237
93178
89606
1795
75369
74116
83612
58017
22408
38164
96230
49602
69019
93578
79914
42515
53472
90099
25635
25221
56412
98268
75472
78125
95992
18082
600
57766
9814
60645
37592
46737
94798
17755
49610
44284
53673
61504
20531
71905
23769
75467
63178
93253
59539
95164
74560
78561
89674
86610
82352
45757
22345
90489
93509
11320
77389
58720
36546
3940
26013
42537
9266
75823
35047
48665
69869
76156
90904
81967
47555
2512
88951
71826
29992
34984
44414
60322
36732
29031
36950
92241
20950
96654
41807
39115
2732
93828
74681
75663
24290
59701
85409
19874
49644
4343
30795
91353
91106
62311
32073
1236
62655
39378
1781
86315
91893
82736
53841
65152
32338
64266
34488
57171
32199
53756
81792
8756
95898
66166
49743
33171
29866
35708
44951
36948
73018
95406
67984
90463
54013
24514
27664
8819
1020
21644
35497
7450
96358
89151
54527
59896
11733
29742
46308
38813
28121
70411
62386
16090
75779
28049
57157
15184
74640
60989
53651
18404
98672
28823
7016
13806
51058
67599
31522
61425
45550
91106
7813
15909
44494
19899
95196
46256
16474
26486
97038
33907
73566
16736
1433
15648
96986
