81341
36686
72679
41456
1552
14892
376
55064
79529
34456
93598
61491
71862
51691
2115
83667
59528
81520
49755
67649
25891
47956
14753
29684
38037
12264
43231
3727
58947
40693
20716
89879
52287
80734
40240
71247
32310
27051
17028
78547
76614
71031
74036
73966
13804
81783
39110
70552
51867
9732
55476
40847
2249
55752
29876
4240
20707
98786
27290
58258
50305
37365
19635
640
23508
10035
69778
14833
46140
9537
29320
4710
52758
82408
21772
61247
20019
78008
35706
57178
6756
5240
42712
68617
5552
95918
19891
79982
18504
12263
4552
76790
1842
70052
73310
57296
9569
16386
96721
69993
20070
48260
99754
80485
82176
12703
98825
71995
50574
65986
38597
14861
81445
98143
87722
45667
12542
74395
353
46883
88743
46190
86029
28879
35033
39318
62641
51740
79273
39135
12400
7498
74456
68359
49164
3780
62245
75153
53616
23574
43299
51497
36489
16518
21253
38702
49871
86833
26773
7937
47361
71971
71012
40361
16462
69362
38203
18080
50896
39447
84432
43357
33971
69194
38293
18975
85492
68825
18059
83602
25380
23268
90036
83393
21356
98136
64773
35417
81194
52231
74682
47702
85529
85088
47523
48012
23215
42576
56668
32852
65599
82837
13467
27825
67071
95611
95138
39966
8421
85973
92405
21878
56650
67385
12613
26687
46544
77656
28491
13939
93952
74744
87760
90285
46636
79217
52905
21197
29683
51744
24576
75144
33730
4715
73293
8367
35736
65202
20643
61849
49954
41710
5159
432
77637
5353
14940
44246
1563
54841
74234
98385
51892
82618
45373
21818
9341
38247
35001
79486
60574
80597
89066
10607
2622
11852
96042
31018
19521
59331
82460
73221
72625
18647
38374
18165
80442
32647
69403
90553
1967
17615
21430
68199
41515
40736
70979
53297
58642
62968
12279
62324
24278
80163
27072
20221
63221
94061
25014
25975
90591
24418
17297
33973
87285
39365
83220
27864
99757
97769
77511
93950
30514
94799
76803
86472
45032
70653
21703
56263
97454
55319
35079
48354
56284
11581
87140
84518
11884
75169
39926
58634
94485
43491
86693
41533
63122
52011
16408
8719
50689
88994
66724
71065
89639
98957
90630
50985
93328
89318
14956
20526
72277
2745
74286
7453
23350
50297
7546
36318
79943
25021
30573
39670
45320
19354
75357
93841
53483
88797
22099
87723
20250
51525
10582
29724
74385
84827
48674
38718
58983
77488
15704
46844
54762
20817
81135
72569
19528
44393
8488
91097
20042
56083
91551
30320
81019
70938
51869
36165
84998
20976
41419
22883
36093
66183
50433
83932
40310
45039
7036
18362
7280
32237
58893
45284
19123
45012
27278
7785
26709
74562
78800
93036
21881
30138
32689
90348
275
86553
73833
55598
60614
48343
36643
84361
70670
11325
93288
10158
8185
54109
95382
58194
56463
81874
83472
33946
26387
98997
95856
98082
63266
95256
53112
38698
57689
35107
43237
88509
26835
45034
69860
28575
24047
70759
79199
95538
37104
51705
74800
32037
78142
53496
95798
34650
12329
86835
3461
12562
4494
75592
69176
728
50035
95712
97986
52870
20620
19141
73665
21112
71872
22720
31412
95947
92869
26899
72483
22961
91559
43280
2141
46389
744
99412
75551
87205
12066
2980
5072
99968
17000
98018
87530
52958
62507
78636
92274
21910
9239
45777
67433
62256
5437
4816
54427
58376
14636
65968
98484
93499
58137
97654
58226
26706
71965
66150
93590
90312
42429
28985
97236
97401
78565
59222
51786
6697
67662
87696
47278
81134
23167
75549
14143
18395
11535
82575
15966
33865
28136
53936
79093
60388
76615
98942
20437
35248
1440
32289
44606
4343
32575
99781
90071
68496
77289
88665
31709
54156
97953
70914
86520
8768
19270
64892
69033
69290
1337
85679
71712
86563
13085
41674
65003
45536
56375
43806
75272
96260
41109
55129
78715
10885
74059
49630
8507
57689
58296
35550
83462
64125
91687
11093
85461
8545
15506
77027
22763
42228
93664
35045
41319
13928
44943
56911
53752
30722
53165
84841
12912
10496
16064
77059
54929
43399
62662
19350
33860
10855
97814
43033
74729
89005
5157
90269
36233
31558
67877
26501
94151
90859
2664
49061
7061
57998
40066
37974
69954
43294
88524
48082
52305
65466
17669
85555
6725
85872
18323
65891
49752
67057
5799
4287
84427
37267
40223
72141
86776
1218
49765
68407
34851
92836
60052
19299
22351
42311
2202
24048
23724
72522
51801
51983
76974
17797
68072
41595
74106
15893
28791
68887
12185
87112
53648
46019
59087
96513
94584
34875
8773
64905
67892
88556
26146
48307
95497
35890
17208
63753
79452
7347
63995
96792
17784
86034
3245
89557
43213
27122
96820
17610
67605
3079
9516
51393
10323
26554
13017
91148
9269
87289
85269
46831
62424
21976
2152
66379
66026
89928
28054
79239
87978
38034
13810
94301
61387
72625
42832
22238
50872
91721
92311
69923
88626
42311
30229
10801
23701
8535
83245
72424
7993
55548
49100
42056
49363
37776
17978
1505
80059
3512
24459
94485
95241
76578
94837
93516
53369
88542
81500
57268
87341
73078
25640
41043
78546
47628
86008
94379
24794
17262
79184
8488
64552
33112
37230
82793
8715
19623
9691
12424
83041
2229
27516
456
6461
31574
37640
94554
89572
71598
15604
76076
79953
45580
618
21807
33112
15879
9913
31747
60839
53524
52485
26945
63976
52129
79551
74788
65891
30833
13711
85493
57824
53653
27053
60946
72235
28643
64816
28443
13776
34069
41182
33976
6342
95520
73729
16298
44168
69039
26203
34061
87742
92060
79856
55526
6170
52683
40066
42479
4414
38595
49082
31516
19355
62730
86690
80553
86805
13852
74352
52706
77858
79495
68220
2670
19697
73509
72914
56761
75815
82007
46211
24381
2084
71003
15126
47980
56164
71594
54172
60573
19042
24689
39041
48848
22231
80361
84222
23776
91136
39157
63148
21316
10014
93592
16403
57505
67094
22544
91968
55696
35033
83827
17621
42919
3550
65060
86970
8071
34954
47314
5745
90626
36658
73582
79111
74470
48087
56294
37958
14507
11921
82371
50760
72725
36647
3931
90759
87813
28281
85172
35087
18722
47777
70358
85332
81568
96910
80492
2368
17035
73296
44375
82085
60658
73810
43246
30032
50386
87616
86965
19326
4894
11050
65497
12489
90376
48801
64678
20539
21199
98495
84421
24452
58149
13187
84694
52902
31675
38905
37605
24652
75499
75288
8396
52315
44097
31205
66181
55329
14472
37014
56714
18730
6349
67248
74892
92562
66834
34833
75500
76116
54545
59018
53016
72417
36490
95972
25381
41101
75563
75620
42342
59171
30620
6537
9831
39992
67300
24849
82216
67357
88411
38108
75833
28494
57228
70056
10607
10311
58630
75867
92832
1943
78849
24479
32576
16748
10696
31496
77113
47054
89414
42993
39712
99080
1329
99653
83674
19168
32750
70489
17867
34344
39135
16566
10102
82829
34416
95028
57686
31981
40954
25730
9911
92934
47249
12483
57586
73289
4433
18098
16388
31308
93664
37702
45642
7679
74335
76784
8858
55607
21779
70113
66657
79558
88298
31081
9045
43820
70764
91290
35702
84583
4000
2731
78214
19621
85943
71736
60289
96954
48377
22119
54107
9261
78283
71301
91477
15597
12698
76911
32668
2273
62023
2701
93982
43356
46190
86040
72841
64559
49140
68541
84706
84441
18348
96729
95775
47674
31942
97924
54690
96645
50454
53802
24210
34035
26524
60148
79607
1684
86101
67462
34834
60097
7102
18913
48599
17229
91808
38824
38088
14650
49500
27232
14959
75079
23763
91825
57047
22535
46419
46441
14439
58477
64890
72256
56413
85603
48136
96694
53635
70522
79109
89624
3953
91132
15628
52609
45823
26269
44659
56125
324
80976
27288
55497
60368
30742
68777
69750
16802
32081
71248
43565
60647
55638
58521
28588
94992
417
92802
60334
94126
17411
39358
93641
2637
96982
75141
40081
73706
99985
84604
93818
39058
98134
24732
22075
59225
16425
59234
59693
33812
67100
95731
65554
58035
99269
45097
19859
87198
56337
56702
24098
30795
89969
3731
87678
14169
15027
92670
70581
5517
24236
59663
13284
12262
5073
13469
15865
91487
68260
6673
90841
44928
76139
66510
14302
26689
59613
45756
34040
64893
85494
36592
15349
63919
82506
29881
76667
6827
54
79274
95505
67899
65170
61983
86686
69716
15042
73838
48777
59701
92044
52971
85695
35292
87364
22135
9972
5541
30082
70342
3904
64991
36789
9708
43402
14765
14417
73028
32963
83478
38148
68509
68873
49929
8871
73537
4108
55952
58928
99842
23438
24592
18596
27524
25283
22587
88297
23649
49367
18866
25113
92189
82735
41242
86450
44839
30215
90905
74059
51752
55099
65197
60449
45227
46465
31370
54768
63625
87892
77326
12957
60911
13260
37123
77264
13391
89736
86480
39871
91584
79405
10876
39173
90899
85576
14816
65521
71923
4207
11368
46651
91768
11174
40038
94833
8296
30718
88306
41104
39754
41527
95170
12366
40265
7366
56034
38836
15169
36178
97649
82954
55337
70905
32376
74154
8732
46639
85415
98934
84710
33638
93837
73061
58696
50217
35123
62744
10952
45346
99734
75115
64793
22108
64832
391
44546
49634
45506
16853
99341
1030
39152
30125
10830
54654
11865
75084
22158
58601
28353
14340
49107
41360
7356
76269
37998
83719
13641
30297
67776
86546
66121
62566
65865
47332
84444
50636
6415
46371
11126
83606
87304
55976
80226
62509
54085
12514
29651
87056
94299
17370
52163
27936
30126
38993
66954
87896
81883
35141
17181
59257
72003
51090
61632
7395
20208
95254
24169
865
43941
98925
44915
44539
90054
43067
5947
15630
94145
10664
76411
2233
60791
43077
78657
50990
40875
26125
42827
54985
41766
92294
98369
24860
64997
13959
29134
10728
69248
16564
30588
82185
78359
86692
28780
94633
42714
90531
35791
19380
19893
87892
80164
60779
94647
6542
47023
71474
91902
61768
13330
83332
33089
76751
62378
49862
30522
28147
79944
58233
11533
45282
76970
59657
90393
78828
96086
35074
97082
60550
47122
76067
17304
36970
86883
60106
88175
70331
7680
74639
48124
66246
67123
93773
65569
1667
20748
92859
24822
24956
18113
21304
85516
1861
92453
64517
38719
10825
33411
53676
83191
79621
51096
43518
56923
75661
73035
34395
15795
13261
7466
5994
84216
26155
61698
13129
46074
95687
83002
14462
82445
3748
67565
13899
34961
61984
33346
57952
15101
22495
93258
47339
59720
97126
79157
72618
60723
92579
97297
42433
28374
55050
64576
20391
33125
98939
2132
47291
23007
29727
78826
34228
74228
22192
74721
32374
80560
19672
51573
19200
25191
30002
10460
12034
35295
95661
34525
66251
61205
80783
49608
7489
77517
48054
2133
77290
80217
71482
39741
88967
7109
31854
68975
65441
41021
75973
15856
14491
39580
45009
39826
63303
28018
22822
49680
71060
78641
45917
21571
43621
87028
949
57636
16445
26091
85493
18687
85655
52424
32780
9200
87442
84704
32088
84860
22409
44990
11685
45358
14144
35370
25486
70093
1434
31953
12991
3767
5416
46801
78747
91133
58684
91843
28505
39642
56507
66694
76777
53808
45969
20324
629
34625
73119
87235
99074
7815
23855
98538
45558
79536
82664
5837
14547
47258
98173
31128
11169
55911
75263
22324
20011
12765
89363
26008
81279
80157
41982
46480
4729
39677
76477
9698
47929
8708
44082
6083
23024
27970
15992
94453
17242
59690
96663
67195
96454
52301
4051
2107
18513
14675
5151
17582
58959
97528
1007
16903
82059
86657
27691
48989
2727
96826
1951
76951
13820
57166
21903
12723
6885
8226
30056
9907
82135
46958
74226
27621
78472
84217
34113
69934
61713
56208
64107
69810
77518
64066
76852
28610
83426
70939
16229
13154
77271
17755
59387
28598
65379
23411
4059
91464
85542
76891
4803
82745
2288
96435
74108
5250
81151
44372
54443
89157
98566
59473
58535
54229
33226
2384
73670
26431
13030
58655
80784
31315
68718
41876
68116
53683
76902
52889
24694
89718
78241
94412
10681
14216
32234
65049
47012
3087
83088
2133
6805
28340
65003
85400
6123
50247
35636
13608
24528
11964
88960
85584
13347
75663
87513
49551
98370
36168
37947
95629
29073
1434
33512
61481
69961
58821
67241
27149
35456
38491
55970
93091
91280
74560
43025
97
59111
47690
26786
99327
85579
44520
64338
20010
48040
97375
7934
58512
57239
91664
28071
13820
56812
88757
41572
33404
93404
88202
5572
25245
61833
18312
60703
45048
79692
39884
36055
26374
41438
10583
48688
63439
87203
35630
19465
13984
79635
74466
4439
69851
37574
70698
51293
9192
31548
17644
10153
31274
33318
36475
7949
97996
3508
49433
48985
26778
3676
15166
90738
99179
92228
14513
53745
94076
91340
28755
7546
32441
16219
67739
28887
38292
24004
38491
53809
24344
85780
88354
73931
27574
67451
81947
41691
82494
53173
99443
86245
86027
51892
62488
69813
64021
31980
25628
52281
94762
31354
53209
56633
3894
36914
62318
61524
31806
48836
18824
96344
25421
45481
20028
26813
41798
6160
75184
22527
23768
50496
28537
51895
69071
78313
68735
14965
62087
3979
3357
57787
51228
49250
64773
59769
26205
45389
48321
94592
56446
15577
30387
70309
37709
52751
7005
42965
50396
42615
56541
93871
87101
16520
14160
21955
71820
28941
20312
8037
2694
22773
31320
93709
69015
52502
77500
53358
39153
40415
92213
23952
52824
24377
40994
14061
77819
66458
57898
77445
61
4230
41478
14271
53361
23201
42908
24924
15236
67158
84869
35961
72436
71549
16368
32513
32479
88300
52448
90988
59734
67325
99184
81081
400
19832
57559
18243
22427
70109
57351
20995
68045
65360
60751
49601
792
82049
76928
14616
17724
64662
48780
99334
66263
44952
46634
94412
50936
68215
93974
94792
15089
33691
86326
3885
11658
24360
81112
412
71729
6764
57719
19969
27695
73801
35676
55212
20759
69786
69344
14346
59128
91043
72304
10239
2418
55257
54185
12962
11749
30411
52003
33078
40036
89548
93994
84385
17737
6526
15815
36042
386
19293
46270
99476
59145
93285
24625
62801
3601
36640
23361
78085
41692
21776
73460
68313
61194
33046
87634
62199
69611
81212
35625
57257
88598
59269
60817
36969
7474
91535
10314
22340
21425
3202
24065
35312
99805
74232
20946
42790
5610
6377
51335
75806
9931
92017
93118
7815
25793
44064
67336
46879
24526
28927
61614
1525
59176
15962
49454
8920
28969
51950
2148
69500
3042
32112
27652
27209
72720
89559
73059
18591
89895
69639
39157
42954
51115
36123
56080
6589
43229
80462
39856
74382
70578
95142
16149
89007
33728
93054
39782
48004
40785
5999
43544
4646
29178
42970
95146
57363
38374
51572
21384
92847
62827
56462
81679
21403
50878
7552
97040
15088
89218
21042
62190
71480
18939
98151
18753
86186
67073
23942
5533
43136
76624
69062
15820
70518
84060
79445
42424
15681
24354
90149
59333
72746
51674
69396
74395
80902
51464
854
64289
16467
87698
14945
67012
15473
53292
86805
64856
61914
84527
64102
21878
71167
79752
23431
57859
38721
45932
11413
50993
24777
76585
64829
9246
23653
59576
8363
54138
1183
63215
84848
41127
88507
99763
99759
77817
79372
30570
42724
54204
12948
750
45041
94837
71479
77950
92199
30369
64890
51919
28973
80441
51806
10431
54544
6039
25587
81834
10855
99826
30778
9493
90722
59493
94715
99912
12239
37775
36735
79513
98344
48851
43115
46915
94364
34207
88314
50230
69784
16233
11254
8551
61618
61750
85459
43112
64914
79444
5192
46707
12798
455
24747
94048
11328
98593
64679
38069
47926
84714
69852
26301
27093
33344
76308
98961
251
50199
10109
15827
81744
1921
41928
6138
41112
45993
14269
80712
93048
78554
19609
50231
44866
12060
28293
1809
20798
24798
50772
92703
64311
94543
50169
3545
31168
18950
88514
34301
45825
59010
41973
78491
57826
45932
3845
60556
20338
70393
6545
51906
64628
76715
85017
35675
98535
2070
84574
22127
70769
69376
6805
71337
49255
52546
22056
19059
99547
70219
59209
55017
87939
13988
93396
82352
16066
32078
31360
28063
35861
26919
91617
78043
42972
67788
22493
30529
9347
97081
75816
87197
10699
78315
46815
71351
250
56646
62590
73389
81852
22738
39902
88571
69365
62080
15471
2967
56356
36843
81773
45657
30229
15546
55298
77367
75779
11937
64888
30031
28135
52615
35801
222
99266
81731
22021
22766
1636
72448
6319
88076
17974
92415
74741
40534
44586
38459
84154
80755
54364
36295
67489
93501
63269
1940
7720
50874
17629
89135
64671
52681
76778
28199
97539
97015
37961
24684
77916
87537
96312
45395
47919
17267
12477
74070
25696
39295
57239
10328
36808
60682
12095
59782
82607
37616
34074
6969
98087
87848
86398
33016
81029
60529
6366
11451
45019
62732
15892
44618
49654
28260
88106
19427
29970
872
66662
80603
27797
89
9135
85948
69263
41630
55968
81292
75212
38037
44808
86190
32627
53028
95418
7042
15102
37005
58136
87751
32854
82048
58552
95745
84746
31499
5936
12758
70252
70253
24579
58898
18120
82888
35655
92970
2498
75412
29906
8541
65035
75600
56962
39254
24991
44403
6982
30191
75423
7489
26828
6096
44582
9881
87783
5589
87689
31339
65916
14605
92400
42631
56586
75231
13068
16784
72723
87399
77140
99376
66763
44317
25056
93253
20253
62134
98913
79801
41460
92133
60667
4847
8557
6874
16992
12025
2070
41994
75562
60519
60675
24591
97972
53561
24141
30246
57525
85526
26375
80918
3131
82165
20159
76368
22944
3161
81388
9138
90603
90585
89530
83334
17894
77725
71248
62184
39576
40805
68026
14180
55550
96131
62968
94845
89034
29065
33090
74251
4056
81437
70390
51676
82473
19433
78432
76026
77374
28462
96292
66925
70707
9561
52971
69368
89173
23662
22152
61726
99873
29697
34086
98727
48027
67491
58384
82078
52296
75705
19132
88562
67752
85897
95573
87900
90931
9998
35235
88896
74191
59882
73145
87372
45867
64091
15611
92733
82748
52390
99818
47713
54897
94032
53518
3384
78740
27756
41407
2356
89984
28558
52591
65279
25594
99966
38039
98619
65517
31017
9533
85220
30150
96049
67935
48786
18216
99908
93791
86171
12461
72074
46794
22389
17627
10424
44102
2969
2078
51233
89624
95843
30503
2668
9968
18518
40513
21697
40914
73564
81739
30077
42369
55147
18391
64070
12713
77859
4351
91896
71689
82676
49150
22077
74076
42941
33106
91579
46435
78511
93452
45383
35888
77904
20433
33207
64785
30555
82801
20757
78679
77476
7713
12528
88323
8953
54071
62189
27180
12549
95874
85562
61455
16878
72995
28675
53459
89022
20556
88893
31479
99550
54515
74048
51323
65566
78066
68178
12520
60242
90687
27038
49533
28183
60611
63972
69271
9587
14681
27978
97563
47705
64966
92784
31843
75948
85007
9184
54468
79291
72379
3012
72152
89547
5734
42546
9932
92242
62878
37251
63880
4575
60958
67521
79446
39896
92805
84350
41073
73691
14866
95905
24364
17862
75038
83644
63547
39985
6902
46201
25538
17177
19188
27827
51577
18104
91801
10336
80408
79568
37353
85708
88517
71591
82531
98881
26935
17579
94811
40834
2437
39542
34165
65975
15376
79117
21952
83491
56682
39235
87277
12145
17890
81883
779
31373
15246
78186
88865
2031
66835
81147
81223
2769
12627
55468
61697
57538
34131
34773
62520
50548
85896
72649
17495
8911
85950
48309
13023
33384
95781
84421
12519
80268
88248
46726
70420
72055
45387
4614
61073
60449
9296
1655
12523
65976
79558
92147
94092
52617
45855
27898
81234
61975
40013
16246
61259
18894
86280
39392
43886
4817
34238
97563
76857
18671
27895
82973
5091
19060
60996
61198
33406
81660
33380
35018
62955
61699
19027
82560
77401
10936
87567
6717
6683
784
77351
1475
70309
50006
1347
20626
94915
59584
72746
97673
20662
72669
21524
83461
49036
22570
74669
38344
97467
24772
75939
47125
58169
5367
10156
61784
85243
81269
33334
15875
48392
34467
80972
15026
69722
2125
96130
58288
76432
18650
37054
21523
46130
59098
61347
8194
46915
24635
7803
82806
19100
54651
77984
59390
68715
72408
18535
88637
52871
92516
63497
47183
95310
12084
58448
79305
3773
55927
15226
93757
60779
54147
33357
50236
35810
38282
80312
18903
75675
99724
11649
88862
24246
26695
35600
11433
69683
10666
63575
44725
52976
34663
45052
64613
98495
93894
38053
55466
85954
73686
13279
74430
95878
26846
4907
1770
28377
94162
20454
64520
33322
21473
99571
39874
24988
86283
85286
22713
16294
14480
25296
72162
85194
95556
52674
85707
94192
72447
81664
24379
25502
69328
21573
68951
22006
30417
64364
47456
50092
41141
2113
90202
95586
42750
32325
25736
87363
10284
47320
86131
81016
12944
12230
55338
73962
4094
45169
57442
16661
47073
52406
61535
19428
89544
29087
68971
70063
77374
61956
27138
87150
42871
66655
50097
74777
16391
14539
78003
57598
65133
85304
7738
72029
3468
72525
55823
59939
94649
49850
84753
53281
9968
68186
569
66345
82402
16065
42526
13989
97482
78440
73908
93588
4925
32626
39888
99361
14783
80697
15494
62817
56018
43866
80307
96873
34121
82522
74967
52618
77914
69652
75514
87530
34738
11872
45455
86048
78915
2049
88405
53740
23128
21162
50010
11152
63050
92718
18619
63023
55531
4900
56647
70177
7103
33363
68418
9328
27498
23808
20580
9202
34852
63569
68993
16931
74633
5340
18468
91710
78446
64657
45908
87000
89038
95872
12473
88249
79906
58761
82999
59863
93263
36607
7737
53169
69336
25431
94697
97701
75380
10707
84956
72783
66139
66181
13483
46303
99739
60290
75067
14998
26951
70949
52766
58620
86254
28797
6259
61792
86441
63861
80040
5421
1166
92861
70688
83654
59298
48378
39471
41886
20204
69767
8738
73270
28228
98757
96571
68564
58314
94823
5498
38524
68242
63187
58456
35278
95869
50005
50669
56379
64452
94342
59601
27493
84078
23668
73919
16595
72800
56943
35894
30062
9204
35088
58009
34778
97858
33893
86230
4468
26138
23005
15876
44741
73620
91757
36613
6912
77023
10685
57035
9886
92022
48018
57719
77363
81297
37624
41020
29452
80471
36491
51458
7688
20912
64834
18055
65904
33881
71865
81152
99092
34737
77498
83421
88516
40752
33319
87434
11496
36536
76167
37777
18268
95555
36715
60093
92587
70140
49755
49754
56166
34569
83457
46744
20737
9606
73586
2223
50795
71309
17684
51772
91721
14641
7057
40233
38989
54571
8951
2698
90360
16331
73000
64996
57737
15632
49733
45416
47488
22738
55026
27005
28628
86716
34694
33116
9454
58584
16690
12052
12416
61731
69867
37710
60709
88607
39798
80268
43221
21191
87503
6314
46725
31677
24341
67590
40602
44863
94261
54139
71560
32761
40402
1353
41675
86036
54830
62385
59873
51403
92344
25084
23778
60414
93554
8859
39869
12575
86749
11209
8176
9130
17891
73837
69379
10866
92225
96156
50370
30518
64015
8155
6517
26195
59054
26178
11102
88211
10893
15420
58703
51939
46615
21354
56773
79906
7228
95463
60773
97397
62106
31430
90033
23
68617
43864
75910
49230
24512
44651
75925
67385
84839
88620
45725
60293
39354
42156
55202
43071
50230
35296
87724
49572
59715
35682
99102
88436
19198
30901
17520
65732
27426
33606
67244
95699
10675
75695
72034
52020
74118
70645
41320
682
86640
13745
16050
41171
57898
93931
2026
45915
286
28577
56139
84273
88048
97704
55968
42102
75788
34538
6484
34994
1576
84365
37269
49216
56757
96981
30475
87850
73864
6943
20175
73935
5119
58382
54665
76737
98258
71715
22058
30891
24504
29381
70562
67631
3859
17824
54463
59982
61177
19849
37572
22881
12863
96000
64353
57924
62084
83182
404
178
99960
88142
60156
68652
91592
57224
46518
66514
53638
19640
99191
64596
45369
13325
61188
81890
88766
89838
30832
69504
43546
93559
89651
44373
31389
57857
1924
91171
65172
94303
72915
29361
93004
68548
59365
70723
19902
31554
9581
59499
69979
54574
81828
79833
43701
88736
12900
13294
26791
25014
7847
76494
70978
81943
84663
45780
78166
12629
64145
65567
53753
72364
56923
7210
96535
22343
20094
16058
50486
36097
35106
67152
45540
37225
35813
42302
90495
57855
48792
43318
83969
4732
51286
70910
46374
62606
91426
50368
65404
4896
55740
73150
90758
50872
14879
31299
73228
505
3546
89972
91523
60233
63081
75237
72821
98989
12079
26632
5964
38961
40626
90560
3808
93508
179
42771
86714
90719
97193
55518
28036
41862
85561
38851
49104
90439
7028
93534
22306
20928
45581
78773
35482
82013
96341
47277
87906
8511
81525
72505
81936
87416
51592
61454
56632
25298
78034
82834
95922
81679
41600
25106
71939
46475
54781
63571
51819
8158
26287
88480
39978
31646
57068
54978
9103
13026
97052
23086
9311
59393
21100
68375
51582
81400
5996
69893
21117
79114
77830
42526
1953
53634
36603
704
95148
86260
59644
63856
42986
417
47330
10541
62873
7257
52554
31070
45942
94171
23729
78090
53440
28440
46983
66214
53323
90230
9491
61896
19716
48048
91523
80507
27612
93722
14222
40715
58483
10883
7209
82720
94850
61363
95234
14536
90980
53044
61660
50669
59778
80397
66983
95974
4954
42472
82619
71016
9355
87221
28945
80253
51680
63016
33438
33901
7350
84190
43917
45625
16588
50973
58232
9639
45734
92921
28323
61367
42622
5810
36085
42579
4103
96475
42163
96453
14687
13782
26683
46883
49297
16218
88250
97734
83748
91671
73578
43449
3204
1264
45068
43884
9067
91078
32094
40871
25067
59510
60697
98140
87067
62553
8521
99669
50715
63498
48009
98381
85189
516
86715
65147
97522
31593
9314
6632
51014
12159
97532
85089
35898
59444
18143
96617
66756
3875
60878
83558
7333
54447
46135
37851
27407
20300
76109
20630
5328
29117
65854
54336
16511
84759
12688
48946
38306
28389
1692
47943
15450
25573
78183
8300
64139
43024
87321
99443
59852
42166
83484
12711
22311
7271
50739
24474
79310
27439
72276
23738
54875
86745
72004
33123
23265
28372
14477
79982
79252
29587
28222
56614
72978
77837
70239
95323
11789
33957
63696
32048
26582
8485
41725
8462
43303
55587
23424
81244
12620
48102
30419
9030
90191
63905
94448
61178
48415
11933
28327
85362
59837
43382
23067
3051
96195
87580
38585
76212
43217
43321
68982
57698
96565
98834
32804
97152
46102
39591
36913
40580
92606
68852
32189
76125
7553
48602
64501
93640
75374
65912
16273
15554
21745
46770
83878
14200
76578
81556
22024
3130
4782
22768
77920
86862
7295
42275
61894
52544
66091
77461
26588
62871
49462
69375
51398
55875
69253
21319
61833
9747
58848
88711
95
6211
11747
6444
49076
39954
87874
37946
63553
23857
45302
30509
74018
56183
20968
12762
3926
2770
58776
32628
48883
51353
29226
51818
64291
14012
26670
23149
72671
25309
35755
20464
42694
82039
9896
58696
51130
17372
81687
53555
81687
34686
88189
57173
73041
40739
61474
71421
47241
97403
54674
58118
55787
3021
25773
68729
4487
3213
69681
60368
90442
7499
20290
21941
33177
24421
41204
41097
85770
63868
35061
641
51710
34403
47993
77259
8895
61524
22818
62830
62802
14846
39660
69263
21592
59417
8691
58704
53479
54457
20322
18099
45952
10496
64601
92860
15597
32014
47226
3316
93689
35508
50384
44138
48107
86599
65884
58580
21856
95407
97693
10931
22565
93375
93179
9844
2094
58847
83185
64275
90262
63972
52789
37466
81875
78850
50788
60712
8821
97944
71951
84172
21691
59561
21756
77424
13265
35883
40507
11763
74602
13016
6406
67055
27063
71682
84627
26457
31585
21188
13145
22918
94760
21363
61469
54666
87608
4403
84984
92636
869
8902
60422
84182
30916
21471
70030
38617
52773
65141
73993
68813
5168
86387
67985
73925
14843
53068
31367
91041
13925
85067
7073
91245
41202
18857
84238
54471
29380
87416
20871
28766
18034
48252
53428
57174
37351
24185
80792
29063
9818
23048
763
65253
24070
39011
2450
67323
81125
26304
76556
97041
22478
43034
3643
60556
30823
12426
90142
32820
9897
61941
17991
38609
3055
51871
76685
44559
42810
32733
7248
92224
95109
27208
98789
67680
48351
18477
40669
57236
45610
81218
32374
99948
45071
30995
18237
20039
16412
86042
77054
59382
1244
31053
65963
46073
49841
84337
80805
28677
71152
43981
10633
98535
99672
19321
27034
57730
77905
93269
69159
66804
11262
44470
43064
2550
15806
13755
72763
11331
60516
510
46309
144
62033
48102
72423
48601
81835
87993
86447
47037
76732
23406
119
54175
63178
95968
52911
43214
61550
21215
95042
81566
25075
10049
25959
35509
62957
75766
37383
81666
23860
76249
54597
19847
93211
22274
53359
35767
1393
30328
34976
76570
21620
68932
75663
85006
21356
26016
20375
72840
5387
78575
47844
56504
44287
91846
70679
26026
92786
75272
86358
79337
85535
95247
44723
79038
59888
23014
54455
67382
86584
95316
93355
7713
61514
23538
53987
77111
12725
92702
36968
67413
50780
40648
19680
86213
37270
3657
79835
34812
22143
34484
69565
45852
58809
36965
803
47450
37347
6869
36468
3898
89811
38480
11717
92278
35027
80349
97513
6974
46166
56924
25396
67193
14742
92207
54858
45449
75403
75727
86152
62893
81577
29631
94350
15808
26135
35293
35144
75518
4839
45077
31864
45383
65623
2256
71650
64796
90595
40265
42772
32038
95109
43328
88399
93847
32651
87560
65302
78344
92338
18843
43794
92129
30756
33389
75903
35479
31404
32989
97687
14927
30866
4392
10777
4545
4119
60504
52566
68472
2286
58298
31768
1717
52565
47598
56398
85171
77839
7735
44440
76230
16000
55793
28812
46525
64516
2466
63363
34406
60588
40809
84420
48240
22582
46899
52810
41164
75304
92493
23380
89197
25128
95284
61065
61486
10875
3016
84901
38739
87288
36479
3141
84007
18920
34965
48395
19940
98525
25121
67150
32050
97868
14243
68354
20390
1288
34010
28159
61388
77149
18738
15793
26879
37445
56410
31931
30261
55146
64468
61736
62904
60409
78661
93424
47951
10495
44012
40995
59195
39907
24528
63925
68509
66367
98481
29478
59125
40156
80257
51884
78437
63786
80780
26656
11316
4473
51474
18210
1678
63159
37237
53354
71336
65830
66669
50444
90178
76504
22009
5383
95334
77738
56657
17226
48300
97210
7319
39971
46368
11687
80459
12902
74651
93764
51997
32758
49709
81816
78429
69843
2301
69909
88655
24480
50311
88562
11099
5903
91844
95143
73568
14924
13928
3781
35081
77635
62916
99536
4887
99343
33259
82939
50205
59775
4818
56542
57771
69287
6161
56533
41250
83169
42918
53080
71847
80478
4120
66930
2963
70669
37593
87745
95910
15493
42725
54986
59099
64019
89959
24246
55927
59419
67739
84012
94427
30413
68142
88236
12217
69766
80097
42534
43908
41472
39341
85045
66912
84951
22304
20827
27480
5176
66853
73049
75182
41320
74562
53515
58093
91598
22011
95999
76986
28190
85940
9840
1865
51139
39731
63715
42252
20616
96548
66429
67718
85828
11830
7679
65022
79936
74051
2431
80335
26341
37325
59940
79388
45287
58563
32062
55553
48392
72067
6239
21572
99978
32473
11578
67626
81557
19782
61590
1191
93537
97244
3919
57517
43617
23205
51690
20901
1452
77251
40147
46460
98473
28019
78325
36916
65398
95787
11413
29212
49301
76002
90827
70010
17300
40751
3069
29060
96087
25929
7450
33198
57924
10861
12304
9437
52747
73566
33483
66458
12112
25543
17579
44803
84599
56380
10112
29915
40298
33983
75877
10978
7754
71614
1398
16767
2447
96921
42447
75001
78590
1409
53506
59973
7590
7740
7861
49274
7063
2885
45590
39968
80032
6353
443
37511
8835
31180
29402
4084
26359
1378
53794
30134
84985
21849
12277
97079
24529
96539
10562
37518
33532
19218
22019
3825
96443
29964
92176
96103
1239
3039
88157
96539
74799
97061
12983
74285
13761
90568
59127
76963
45585
21337
59424
81885
22296
2041
2875
94694
54475
64731
31852
89734
30375
34785
17840
96501
75894
11586
23349
34729
13217
33934
16023
97648
26099
15688
27731
95481
98021
57650
51369
99117
87915
647
92755
90107
99994
96737
93884
37969
51732
38266
26623
93447
13554
81808
72029
62773
22988
19490
1562
4196
584
65431
39413
81954
83037
49694
90306
6863
63395
77455
486
26389
93402
65969
84335
57076
99443
74997
26253
77083
8094
29375
2000
85523
94737
87684
36351
469
68369
69935
52338
64316
52736
76190
23885
86261
34244
39306
90266
65939
25744
28036
34626
63295
21489
39322
12487
45772
22615
77176
41121
552
39582
64044
78067
95855
28920
95618
43433
55386
18744
334
2161
25429
89694
11016
13075
9390
83386
26384
83341
85224
35423
9171
85328
19375
65573
29031
81905
65510
63802
98416
71725
157
84519
22181
85372
58815
70907
57260
68752
10887
59062
45634
57450
25362
51284
25943
97849
93487
47092
68502
92433
98035
12515
86978
35524
67498
9386
8763
27455
2728
91665
96192
68964
55037
16942
34031
95743
34246
33870
32040
21799
1312
34719
24655
6707
53272
47448
79248
93814
68382
42885
55037
10936
43096
73298
3539
65747
31475
22995
13915
61127
42516
65199
98348
38938
67980
82567
13037
42704
7498
60998
89720
59202
9258
29830
45499
42366
33259
51740
71832
30619
60543
36002
55787
35767
60731
89760
73260
42256
28462
20758
56906
9595
84367
76391
82360
12260
69934
51973
75780
91554
17229
82870
72482
74198
3016
72704
20903
56768
9583
35830
4593
15038
97780
5151
18756
17186
75167
73055
60591
5263
55136
75236
61709
15056
46780
94095
24264
29109
74824
92573
248
99051
76724
36978
89160
77238
76126
43041
2681
55949
57063
16377
34241
76915
82339
3631
87883
5613
19242
22724
46370
31781
12299
23892
51880
88314
18912
67291
67872
3234
4477
26979
89420
55453
73922
7566
54544
34711
41552
51612
93397
377
7544
77498
60554
34157
37711
70215
31589
82540
81694
99844
57287
47621
56917
86456
70398
47149
82848
47805
29060
1694
47505
28394
69412
1710
46717
43966
79069
82444
93379
21670
77119
12568
87078
83595
97618
58848
27612
88219
45973
23027
62272
51474
16676
81316
25282
85764
38547
3165
48318
70538
71288
72733
53705
31335
62117
41584
89799
81014
67090
30025
10554
62962
43769
26110
18229
40737
58267
80640
32335
76094
66944
22166
31187
6210
11260
85429
85492
52238
64845
84862
94526
36791
83488
1972
95112
66798
41459
32696
69477
74443
18389
90851
26265
29238
30666
54399
34985
44625
8043
38434
44427
91621
38762
5961
157
71976
60978
14253
91889
9800
58413
11076
38886
24279
96480
71446
48114
10866
98737
72506
49915
52815
52713
4877
21125
31875
45076
33487
42661
77102
30468
73114
90932
20452
93398
38879
77664
39512
19244
36191
87036
14631
74169
96866
29208
61886
14332
59544
58571
23176
73348
92138
82060
82552
39441
81436
32929
8080
34779
82753
75950
74796
45484
13851
73071
25422
86312
81230
86753
86215
96397
86175
22010
93598
64341
48142
48345
2176
22616
45677
58808
2596
59887
83516
67518
87865
64755
73123
92113
77903
88708
25227
20200
95359
22854
9241
50719
33048
26693
12392
67044
20263
95353
20066
89646
80802
78148
99418
89453
42289
9720
23145
2204
79929
64279
83396
36051
30950
22162
53398
39193
35701
3826
25727
92471
37596
48725
1065
93384
62550
78576
1986
57516
90510
37748
74491
28924
92167
84171
78684
29239
4229
46817
82145
69787
93244
68991
86934
16272
61556
75122
3242
98718
17845
65738
3123
75135
26485
87167
8286
43278
73819
74670
12304
61630
5839
16738
45023
40424
28960
40877
64454
4541
85553
82773
84617
88762
87649
98220
72869
83481
46933
39255
74482
22627
2981
11888
62297
5475
4928
11207
71916
61238
27100
68355
52454
93215
51102
44070
71681
21975
1122
73487
98861
19585
67560
14073
9235
75867
44859
41217
56359
53521
54815
40421
74755
37292
37590
6599
67526
34184
37551
96145
91880
17443
12557
31090
94584
55632
28879
54630
91829
908
17889
82644
485
74824
59294
69682
22837
94564
53567
59235
35182
17309
29349
23200
47376
45502
79647
84244
82734
43634
53944
15072
93926
99577
20481
37056
7226
18072
34294
70661
33104
84619
43504
41185
76610
89974
33639
69026
69155
98681
44193
99669
16431
76097
91131
69836
23790
97531
274
36954
5989
80324
5838
13018
52056
14845
1517
44144
21792
41466
19176
10887
57381
25976
3876
73658
4408
85102
66519
82350
69520
44605
99028
13948
34687
29985
44661
85933
16208
64330
1604
88702
52639
50884
80070
17890
42900
93073
51172
29479
94174
85177
23864
55536
12072
56088
62096
42178
29787
6869
33602
44059
40880
22643
55693
11548
85264
34465
58951
80263
74026
3692
10888
59203
83632
63060
41842
62748
22894
16379
15164
70344
3271
81562
82009
58148
32462
31918
90186
29501
82335
23504
93757
84779
9432
85858
57055
35992
14359
79396
75685
60382
7473
4647
92691
85261
15179
97561
82824
44876
68217
51807
4582
28696
60977
52929
25729
29640
16779
85854
80772
28432
26167
5184
13658
52900
88731
87371
27167
46164
56968
15887
70404
40598
75032
44957
49913
82882
73606
43127
52378
61590
74025
92287
30009
66618
89902
18385
47396
18206
19602
69997
34866
79391
43225
36684
11855
1992
22606
45972
22593
64885
35479
91142
43127
80211
60115
10485
28429
61156
31539
60561
89854
52030
63603
33281
30983
81715
14452
43088
10836
96075
68951
57118
89577
32557
52471
46230
62223
69597
10788
67360
953
3871
34968
47565
11058
52345
40439
58480
28804
31639
56584
60940
25543
30152
75050
8680
22533
20614
37877
55360
88358
42099
18063
67157
76637
54398
45191
55940
31342
87301
60977
48403
90010
86773
73758
13480
47081
93996
28407
79220
34194
85856
57687
94541
66346
41944
57891
96985
71654
32536
28902
93638
94351
47546
86253
99446
64258
60664
88891
61048
9856
14886
94698
86098
79641
64955
54463
23514
89520
17489
93512
66980
49098
99106
42101
90421
82809
62898
12625
68503
23552
50028
63515
55877
95650
32196
1765
8710
17227
62940
47304
79766
28698
58594
12290
98464
28809
51479
86381
63304
44859
21386
84669
20164
87009
38882
24758
37547
80873
36059
9384
84582
74180
7879
9032
42307
36723
71062
17356
3144
7629
19664
19938
68420
16462
76991
26157
55809
28127
76746
94046
31286
61727
95516
99979
54553
99723
79460
9870
49266
56751
1269
96701
8938
59849
74733
97921
642
88790
13170
78805
20864
72731
71768
14077
56260
27186
72832
87744
71097
62959
80603
13476
21032
17966
92748
45733
62054
8379
57579
43185
22157
23934
64997
56675
83592
93121
39233
91066
1127
15647
74493
80629
8307
12810
15479
18093
27323
60217
21577
1007
685
30221
27979
38100
4321
56958
94876
69887
62447
74278
83355
22003
43649
84970
94063
19438
18786
48481
41575
32678
28502
47074
44956
92959
78883
46830
6930
9094
7501
14007
53213
44077
38752
55724
8161
21570
85702
59042
45265
53966
20760
73312
39449
90312
24817
30087
98999
87539
31167
45244
92292
96539
69202
34356
98513
8327
42775
62779
40396
45531
13118
1184
38018
10126
36566
99809
26782
62946
41435
42062
6416
64965
39398
59228
24777
24387
69379
11401
28738
86918
10400
96583
54684
1867
51969
97032
70146
26914
80496
23972
7402
24962
39313
46601
56443
60198
51924
96223
95913
97832
62628
97014
39003
10969
66844
44975
97166
5402
49625
91141
98322
96986
70539
53910
63538
42540
30853
19057
17681
94403
36660
51774
62160
12301
77228
63012
42124
42410
86941
95643
67812
24712
15460
56591
69368
76893
62879
43949
97036
66143
83961
56653
17260
19875
27939
88444
74795
16752
39875
85253
34180
11007
44934
84412
2465
16882
3697
11623
41721
21230
57909
26089
34067
17110
91137
25867
11177
31237
82257
9193
70025
4616
5028
18231
49013
48918
12972
46126
16906
53676
57375
85400
12445
62281
36714
59379
87745
38115
48804
36485
13286
11493
69856
90684
1115
38246
36445
18848
12020
92838
63960
83448
1446
75527
47681
77494
69231
25350
61131
59840
91379
24212
40124
73084
25506
68278
97348
22871
58101
43605
35947
38482
94294
35075
23171
35145
31135
94347
59581
37025
50395
86867
87959
65390
20778
65009
11187
62238
40672
92359
52386
85926
40428
14140
50783
10438
77461
89081
26201
62811
92384
34108
19880
86690
71727
84188
73985
79652
24740
21275
83876
70146
77764
97313
90387
50238
46902
23098
37501
62659
52266
57486
46296
43283
31094
83256
6060
34923
35708
81382
40492
87156
77960
73645
75264
18377
5460
7333
77566
11648
89166
93448
56664
40887
41810
3043
42446
72093
88913
15926
51204
3226
93107
48590
1838
15131
90136
3260
85511
59166
51770
96978
33922
38358
25166
39161
54263
47452
57482
65394
52767
4658
11776
66087
44411
37141
73000
97773
40558
55230
4028
2969
97260
48629
55997
31004
54634
84180
37140
30684
59156
45683
43378
95824
80957
56884
7928
51703
92753
41421
3347
50646
11239
14382
19071
23404
28274
6446
17772
59028
92951
12407
94718
81175
89496
94442
92270
50955
911
63152
4878
91276
43030
96414
52586
86548
94019
97252
81770
61722
50
39506
84052
68357
75002
88231
10190
76460
87809
68856
18657
17355
50187
74138
46585
39683
42446
75500
96168
21935
67777
44259
54123
34015
40851
19027
97829
63283
9975
40279
46215
48598
53853
24798
23793
1428
26076
64722
74034
85209
86988
59238
26570
76423
83088
79451
68977
95891
28368
93583
26033
73821
43076
9443
10286
98475
46317
71559
14598
20897
96830
77988
82708
90654
71159
21221
57326
39510
28114
69955
13582
28327
11894
24492
72621
62299
2697
12079
31083
11290
68579
44583
85868
41160
7901
59554
63708
64386
49768
36652
61139
1136
55130
9181
22452
16680
71812
91707
17551
3743
27263
75021
39366
62636
45316
62782
92205
61979
13178
34602
31563
55947
68202
32264
43709
83397
8559
53364
22585
32793
52650
6840
96399
31639
41458
58614
71532
44294
18023
30357
71064
56100
94215
44837
68256
34075
76666
68624
90382
89212
23112
51680
96372
47099
65099
81511
63207
9671
87807
18350
62248
74948
53621
97534
51934
28551
68391
39557
49599
32525
11942
55813
28398
67864
80079
17087
58685
60040
48796
89175
59540
37682
55126
18404
28362
92991
91400
5462
51888
4739
82575
2116
28973
9015
46254
56594
96196
95798
93854
23579
2194
23121
52835
13089
85875
25552
60601
58126
2148
94086
23789
49893
38339
30671
13928
45034
34130
25289
65574
86603
57211
22988
33797
11946
89197
48294
50009
1608
43717
51479
19644
21039
28520
10535
52323
78492
25804
28671
94220
26983
98295
49419
67410
60592
8479
74441
54563
99688
86288
51214
29801
48217
13900
16278
30021
47827
84204
8069
5626
2804
1957
50911
97573
17843
62726
67937
43818
5706
13694
90330
53993
71037
90074
19209
19824
38027
96268
6196
90826
3632
30279
63426
68821
21556
4487
68246
77585
87124
28333
83976
52852
42731
17768
22337
10203
55612
90767
87443
80827
25919
57579
29684
89718
78854
80594
53813
37800
45354
44718
31299
87553
44663
8380
51384
72205
68784
54767
75007
90127
48257
47253
7235
72588
7104
77874
46450
24612
20958
18888
5299
82299
54511
7768
69121
11093
62804
75426
56835
84833
78945
12457
20490
93068
30256
11890
6950
30934
36226
91530
65029
86402
4141
94343
4105
45958
1478
37895
17765
57219
8972
44981
61396
97646
51791
75306
39638
4845
49787
8527
99719
12861
90309
21153
63646
88208
42448
19694
60383
8212
65276
53435
18237
91086
27469
70664
97616
59558
48147
9163
82510
93404
44891
97913
94698
86104
57585
87075
38118
36415
3632
9949
6133
91906
88072
47994
99890
44688
68971
12179
28822
79179
97140
96870
73338
45784
65620
59515
31754
27632
94394
92322
56482
83604
83743
28792
34632
68605
63531
94217
61989
54801
19111
89871
58657
45777
91424
1272
20602
79920
65044
87878
97057
77567
67933
87663
16145
70179
32951
95397
21581
11367
31792
30352
4948
28781
48043
23031
83108
6560
75568
84478
63080
47366
49524
15370
85951
88529
98208
90079
99723
39412
60609
91946
92530
94899
86923
22362
58005
17043
49066
65801
89323
22416
94151
44857
18873
9678
29012
78810
8848
55047
12244
27752
93315
30498
89546
52561
26947
30501
18940
26163
62361
93857
49155
94532
76287
4876
81234
68075
78875
13868
27169
98348
64761
70703
35701
59074
18596
38136
7597
22692
12225
75604
64300
63914
4200
8490
40702
34184
89984
37936
78312
54489
15286
94618
69169
48279
26266
52878
43815
97287
24022
94579
10287
9682
84171
16584
67789
85901
72074
1265
89963
75290
38891
41675
51690
38311
21806
50017
81155
45396
23564
94903
62489
83251
48440
43908
18109
63016
56664
90780
82460
59472
69146
36107
86505
45373
37205
14462
44995
19007
5981
78620
28194
23263
96610
36370
78372
26725
8230
51083
87310
82169
47449
82302
4961
24358
31027
92545
60891
92283
95053
11484
35623
98635
20892
35992
41378
45108
48811
62647
24235
7196
98676
3165
24646
37592
69946
73675
68172
29991
31270
80972
25139
27898
95388
32137
30774
49719
80506
1463
19969
55283
10029
39440
91163
38460
51183
92959
18287
31577
72609
61013
40569
80905
16960
77016
19626
32776
89095
32123
45592
87024
55170
98313
42373
39100
3722
25915
57547
43528
73345
94313
7073
50548
49452
77501
55532
64327
19784
46755
66916
93840
86602
73020
76129
61960
98231
63666
11779
41492
96573
60966
66875
59398
39564
17445
32314
45538
7829
70201
22163
35774
65149
95836
40335
25155
27325
89639
58606
40241
77850
86376
66965
41566
83996
15666
7384
92767
29261
20526
14628
26399
84400
13264
61417
68908
24923
77604
96611
61329
88242
71015
80613
80798
67009
6610
86721
84708
23158
72689
90709
22620
77945
68499
90933
6567
84585
66361
12816
30512
4949
24305
92994
25646
10899
71612
58039
51974
93472
95115
81559
61421
22709
94185
66194
2602
98530
49106
51464
40634
95370
84097
11765
25357
81402
36998
40248
80622
72071
85175
97311
97281
28995
34813
72049
53764
59068
82543
37943
7287
67569
36637
44168
81624
87922
95619
37231
32392
64371
68349
14843
137
72588
38553
90755
96201
88496
87271
36820
98712
51944
84814
71288
40468
81964
53496
38821
99782
36189
30734
19711
70981
32610
91774
77291
73337
99900
39416
52337
82042
21928
49176
97708
9815
95473
27934
84594
66418
67856
29754
57115
78664
71777
32322
64784
20175
29379
51206
52817
33560
84203
11194
58402
54227
30085
81202
99123
78034
89577
47533
47755
26150
76310
93768
21520
58277
67246
28371
29078
89773
21261
81889
36130
20675
58310
16761
81817
88660
31804
61769
32745
58397
98619
86554
58452
92005
93425
84286
30677
54567
98796
57414
46033
18126
46320
77392
2811
30554
5685
30622
87491
7615
84155
44834
48476
79596
86123
64949
36872
62185
76716
24679
48579
69977
23583
9616
49737
70655
52087
49381
39525
31901
44216
11175
32183
16760
75979
68213
36480
76215
36539
37441
45869
35978
63439
39424
8414
82632
12164
55899
49906
86800
30598
42627
28081
81713
88204
83841
95669
15653
47629
41867
91638
10872
70818
67219
26577
12231
17050
23418
82708
74563
6644
55329
13096
60564
21660
77824
47004
34266
58213
32367
39818
29231
78239
42881
64904
87241
37270
85329
62573
74523
48839
7573
31133
24091
53183
45295
76275
48126
38865
98467
77291
48127
52916
2338
34953
24799
53207
78084
26441
1191
10146
47573
9156
27113
98602
31494
92091
23908
70512
8260
6627
31045
97080
73926
4590
14059
88257
61279
77682
90083
12933
20084
92760
9714
41998
6472
47587
3761
55955
63442
13274
17170
63246
56208
61876
66209
64380
71477
75391
55174
88848
4541
69261
74343
83412
50146
78684
235
21437
58919
15744
74073
37417
50353
75760
3038
34968
23926
28585
91309
94916
22765
37859
84256
4447
24261
61390
33341
74344
2866
2792
39541
38473
81506
61182
21286
72272
97869
67804
799
9415
84139
67187
37795
87346
34687
98726
78791
677
49809
18289
54838
43103
70202
32823
28533
4135
1368
54375
78048
60322
52161
79401
16498
7214
8277
67434
8228
7871
2700
9698
74189
20115
89006
91358
11591
90227
40897
40655
33490
41576
92093
7887
86898
32632
67868
21291
17620
28540
10093
4049
19150
94271
87431
34903
46307
2389
31131
57445
19718
67157
96066
61793
80726
83861
94613
63093
10696
74560
29308
65823
29027
84535
60062
63157
93604
17633
31383
35058
1
79920
32327
36386
23563
71858
57127
99878
68684
84688
99415
70820
53840
93607
14483
49326
18753
32576
50916
27789
36074
63886
50450
60522
62429
65892
48695
31352
57903
59984
29263
82530
73409
90040
79916
63085
99194
92368
45638
33065
60592
47092
13039
53401
38982
63112
41828
66845
60719
92106
53599
69560
78481
5361
57449
22467
98084
48804
1070
52909
43417
97913
83401
81197
73144
6856
25918
86662
76449
49708
28902
97365
67668
15222
67941
54618
91021
47053
87127
80577
29191
56902
59785
12300
61921
31291
91269
89983
64637
2123
37765
52519
58661
17295
14344
70695
7689
36372
40226
78529
36515
54330
93933
21374
156
80136
53950
24154
85447
72873
14547
51471
76586
41735
11720
70300
8574
22498
35368
56561
20012
95213
11456
53274
37943
58662
36720
8646
30616
26768
2171
24722
44612
49903
60286
26007
84235
99743
1565
4493
20857
32785
90649
59098
70239
77410
39166
48124
26764
66266
59576
59790
40852
1470
44869
55706
55603
92307
32166
81659
43435
24048
13711
28270
13672
91710
83678
85717
96101
16303
32072
20903
97384
39031
67503
97176
28360
50796
71663
6400
85807
54486
80536
37418
2106
37906
12150
54363
73277
10857
39692
28061
32835
4552
11616
60968
40275
21692
8719
23980
16847
9835
36449
52828
53782
80114
34007
33466
81449
41687
98689
93212
64843
74506
29612
25080
62785
95197
70905
1042
65785
42780
23560
65086
8070
26155
60115
22739
87369
5212
71095
74191
21036
16681
95981
84481
84873
36147
1176
28727
17319
83864
17654
8708
21252
40171
55609
88461
56334
87443
17520
42033
2059
16065
42238
