67160
93186
22718
28332
36759
27821
41073
14409
32365
1072
34850
46197
63124
76214
62822
47509
18918
57808
44352
78840
70151
44136
34298
70308
23426
86624
52178
731
4236
25255
15531
82441
91812
52823
80453
92941
10556
20142
90823
53474
6929
48006
66009
55656
72405
91059
34510
22804
52270
9081
8606
27313
44856
19848
50961
53073
26277
53365
94679
56692
87461
26934
9813
54451
52512
54585
7931
7242
50944
79585
23856
58880
53580
47839
58190
63796
88975
10921
427
549
20344
56025
53100
69598
58938
57605
11134
5789
89491
28086
2655
32223
68297
94855
32182
68618
4112
1404
73859
76117
64201
48252
10961
10840
66085
67053
86536
85804
34439
31851
34079
2078
62407
81956
99471
57141
45074
35251
61699
27965
12399
55926
50860
11088
7836
79311
91280
62081
72183
15700
29378
45828
63834
34547
47661
90813
49629
55205
37545
3971
64767
10861
3569
51377
31999
51022
47915
53865
56292
83334
22694
14437
57693
96363
68930
892
35555
65441
56809
78637
73978
45141
62428
8746
34166
67544
46760
33444
85499
13147
45399
37231
33756
72292
7202
63986
94213
68747
75396
80078
80148
95027
76426
85448
51970
38632
79527
90485
12224
38257
3780
15297
45724
55250
62676
83836
99747
74338
8550
13953
39424
27267
32788
43587
36131
61603
81976
77559
36701
85870
71934
74105
84359
42510
83156
37564
84514
17600
20701
45777
37721
16948
4326
65074
85378
5409
28144
32940
95236
45442
37548
5255
20851
80753
35812
37524
19286
17343
44982
498
79626
20013
81948
56860
11807
39753
99750
4402
27904
24745
81738
22243
82032
9085
86865
97812
52656
26164
13202
34575
43005
6830
29340
3243
96566
41561
47853
25844
83483
23243
60512
85911
32048
51450
49091
94029
41601
97307
90310
19969
18497
23349
37679
35967
44811
70593
95659
53594
64393
61697
52863
46362
43794
81914
73149
89089
26317
29295
36817
5657
87156
80379
3611
70812
47253
5898
51671
30366
81266
5237
88824
93691
76968
22329
99219
33145
56364
52915
64887
6905
30833
17370
13979
72128
11559
58264
95568
8764
85501
77030
24757
66326
77159
26756
69450
93459
75450
44114
90620
56197
59572
24429
22974
18868
56025
23465
95865
99877
21657
1224
9466
77957
74669
37844
18954
1301
21376
27935
47067
40529
75242
2868
44637
18974
69398
91417
11857
25008
33670
52964
49813
9557
50509
73335
69854
11074
44538
25369
37988
55960
23988
61842
34167
31122
38177
21091
81903
22157
16001
34400
98849
12340
70487
94667
10413
97255
88999
95983
91188
61064
34650
96149
43527
12419
63295
90374
42011
14551
98829
84509
63097
88964
55331
36936
4754
69587
87568
81211
82735
70876
27374
74865
84358
7225
20904
20865
25896
51077
13693
10841
38776
31311
3997
99097
21782
42561
65424
24494
72698
2088
79446
51209
62876
54079
37161
17595
39311
68060
9214
99984
6510
23639
5835
23654
14670
20467
26274
21768
28948
97130
5659
4043
94240
48921
39984
75268
24454
39525
2562
66787
94973
44776
84282
77169
27153
81532
4425
45954
96179
34403
68496
23446
16944
38992
66172
65682
56766
982
93609
41397
88915
27788
83079
14042
44912
10745
74202
4874
80699
95265
55259
95803
56490
26188
83388
83496
81211
51663
78121
22990
98433
43898
9578
30849
13432
61501
4901
81833
85689
80984
5248
8988
88458
93149
96484
33369
3533
92004
78621
71358
6200
95243
54142
96615
58948
73608
19329
47428
63935
90156
68300
45365
2141
84214
19695
50532
7755
92017
36266
77120
83236
6187
68684
42801
27804
8755
26581
12381
71706
87981
71613
17590
62082
64342
53934
42653
86064
53807
11116
18743
77281
34696
98390
4298
4939
73002
48836
13589
96877
19232
83119
77098
75937
85123
57232
38184
44206
34561
54176
59481
92571
31978
21343
23332
44349
92150
78545
51280
3377
16694
18018
71223
60229
38133
27242
13474
45552
71723
28524
72678
8258
66911
35576
70843
70518
42773
38096
94293
4773
50651
69800
12353
20052
82284
31751
57150
69581
64960
75914
87669
64811
36208
28967
32854
54190
39305
76142
66288
29167
19277
62348
22157
6670
20640
15497
67464
44999
73173
52914
39532
81795
84086
37201
20138
30154
65290
40376
80406
40213
60774
13116
89599
91074
19219
9950
83785
5474
8727
86245
22121
92812
47395
82887
68892
8116
35672
57799
1060
88214
16471
54872
32128
17804
97892
78303
96615
14240
36662
67958
56513
6075
34686
77453
75138
20219
58833
58763
69508
12035
76403
97331
3712
11052
13954
80386
22632
71609
7932
13940
34756
60393
63886
47366
57543
22182
51323
66742
88109
79770
67845
96230
85235
7393
16314
70624
54899
99225
55710
70579
94363
89046
48977
91580
25449
96402
36285
28640
33285
96161
93407
74133
58459
2147
90895
62881
35603
24787
87661
55450
74031
20444
16042
44652
20225
93932
46672
74297
10822
94912
69327
25338
99458
46046
12774
73124
98169
19938
58762
2758
49639
13872
23413
9839
56766
31816
34670
77996
73530
28440
42352
96463
84034
71787
19514
79115
46204
11135
79924
92412
93997
80469
760
4195
88205
17505
7940
49103
83107
42977
2139
43191
92290
39178
51890
69572
1407
91229
79614
48492
12334
18425
96919
47609
632
21674
60009
35944
57627
13344
22680
46636
58206
41306
74605
93203
83440
84833
21185
77313
20476
21777
67300
9752
31658
95954
47627
44057
64789
79813
58228
35300
84516
36250
84023
51292
7368
10078
50507
55846
95089
25777
70897
35983
61549
40181
68769
16045
1342
4643
16912
31710
90839
54136
33339
83789
27379
84429
36754
68339
41714
53476
90883
79481
50672
10430
74786
18396
24323
10793
73747
8010
50514
98999
69844
45800
36493
68938
8809
55894
22349
28459
36005
38282
69352
82650
11921
27641
9264
9599
55581
93236
73962
11839
91873
20879
31046
69770
82670
86173
56480
87921
44181
34839
31985
48630
2483
20923
13554
23035
77433
37137
97103
45020
85844
90409
61860
41753
81533
72128
17751
82155
4639
93762
68593
50232
47071
14857
44922
97314
64077
77475
45776
54457
89895
37778
77220
69297
19172
24684
42321
99182
55844
47171
12921
12156
61489
87423
99262
8603
23281
65095
36858
15511
45771
65119
49916
50997
6932
9068
34272
30314
22933
19506
52361
1862
23355
20254
77629
50189
14010
25599
71773
99398
96607
19951
31776
96781
58097
52656
99275
50563
56706
64338
86639
28037
33144
35537
41662
54010
3922
85595
40523
2757
8217
96622
4958
64443
83078
51584
54801
81198
71434
88153
89579
38056
42813
55834
5142
4468
34630
7393
84574
74646
93508
4164
40840
6810
21879
35867
29996
35689
34350
95834
51121
19449
51950
31836
49604
74844
78587
55291
9205
78904
44998
40316
40814
75479
787
23304
74832
47956
15974
91604
86571
73558
40330
28354
20410
78458
45213
2368
40377
49000
44507
11694
82853
52520
30950
63998
83854
85165
40879
52980
72251
52207
59235
63405
54714
3575
69781
78748
34338
92659
44452
22350
70983
24649
19465
43919
46809
90568
14559
36262
64442
22874
19567
85883
84026
36791
52694
57465
52881
46483
29014
32623
85304
36854
7222
56784
81668
23436
45335
33530
63584
4627
75412
17204
16325
18162
38612
90320
22105
202
91856
45520
15202
71684
7611
10276
6117
56745
17779
91090
51168
88593
20195
86863
41792
55155
69330
92201
92959
25915
12332
42887
69469
59161
51146
55336
65146
56630
96800
33256
46862
74850
3076
45313
64965
64137
11830
17966
45210
95876
86352
43211
51503
38027
76107
28568
60038
42696
82411
44860
3328
31463
44424
21990
83471
35529
18875
52687
8057
79800
37473
35548
72364
45781
1999
71519
62520
4109
37970
68924
22094
12234
55745
76105
6867
40069
9090
58159
21088
83897
95573
26702
58170
82004
76801
51133
68809
6919
63545
25742
95223
64476
5035
23663
1318
61254
78917
54765
2222
50772
40772
91923
59187
94592
58426
63601
45023
804
73627
57240
15233
65516
56260
67489
27201
75718
52617
42669
64542
16502
64570
51143
60519
49894
97617
96742
92082
43067
54202
23887
50332
70787
9311
11959
18142
8330
89391
36389
68712
82219
24971
70486
91900
88035
19405
12570
44522
53858
26421
46140
22884
77659
1969
83104
91389
50587
59784
11140
29602
71894
94787
18985
61621
78844
376
52171
83330
7467
51989
37803
19617
53822
70373
44654
81767
62307
37826
33854
22440
46827
37464
15150
1677
16922
71986
81115
27725
98558
67683
13134
61516
96092
37522
3070
84045
8390
30883
84787
71413
20072
16830
95397
58622
9890
85567
4899
56820
64080
55577
10287
13584
55941
29319
79718
66446
86359
31985
95454
55501
72947
56023
94312
22978
83761
33565
28596
2745
88930
49139
58452
3146
97926
33728
53945
80916
61466
74795
91993
97240
71886
19013
54259
93941
61749
68310
29449
78427
36917
38466
32171
64014
57119
37496
27829
57465
67448
81399
40942
92236
20822
95965
58225
86804
74150
89422
24233
96438
79530
81629
49430
76104
15649
72570
71020
45131
33438
42840
85818
79592
95802
85434
73992
65190
50532
13081
27353
59013
97527
50068
34896
87803
22053
17621
58319
61961
85103
32796
60571
41401
60086
72266
91547
20086
8652
21324
35103
92199
15748
96130
70814
10825
84680
30219
78807
90952
75336
76687
5113
95962
2672
72809
78910
99673
39795
13870
72914
54875
16580
49662
3154
95408
7715
6086
85071
38935
86452
98384
14225
89692
66027
87016
26328
59794
45700
37899
37854
19945
86799
57838
52633
37900
46440
81832
14364
48283
66660
54205
17949
96128
97928
19497
49137
91279
59284
62341
64500
61758
49277
27992
26533
45023
3384
69693
973
62103
71857
589
93248
84220
29403
95177
18684
64111
21763
46215
16942
38547
89021
65686
20053
97034
53184
38095
55870
81419
24237
84922
75374
25729
11370
80890
96286
26595
24334
52470
20352
79307
16245
36965
13312
3382
64082
78837
77222
75223
57892
99992
36792
40760
7329
70700
3741
57486
83760
24070
21884
13239
97747
19738
18690
24435
51937
88905
8290
7324
45009
55335
6518
30212
32690
50311
81988
98698
20984
41862
10781
53656
50800
58897
49855
12379
2965
29044
58457
81632
59099
89377
18286
63016
94217
99096
76019
4872
7620
53689
29939
41983
80934
15715
31827
49972
33645
86920
56719
69260
27151
2255
49250
10917
36843
60005
53381
71730
46267
13570
18479
74036
36999
77332
46970
11505
49875
73418
95526
93267
99288
80094
95543
83711
49583
27647
54682
69777
44873
51130
60549
80817
76093
72325
73179
65460
57177
55433
25455
16369
49209
8393
20768
78269
93782
15603
98275
8806
29365
55361
49887
18601
34944
87340
27441
12337
10514
74415
75215
6093
75500
53427
28234
98412
3077
2300
74348
92919
34622
28943
57633
26059
93843
20542
10291
95985
49549
69394
86413
33820
88852
58452
67681
64959
45058
97656
50213
5640
64755
49318
85431
54141
72280
31526
13601
51825
36907
5703
13561
54083
37501
68493
39007
43124
5387
85237
6921
81123
19631
25958
2588
59302
70163
949
69392
72519
28608
97044
45462
89721
73524
51673
26710
92821
67218
6407
40240
41045
92020
53595
68420
80780
8763
10741
29742
2817
15559
97185
34281
81894
97602
97537
9396
76921
55222
20569
78769
81846
47903
77302
28618
44887
67035
36348
39887
73737
96830
44042
76954
27372
18819
17868
78324
23143
29244
74205
82256
93893
7018
55639
13941
39664
26120
2809
54809
95208
86114
3507
71496
63296
50467
1105
19140
94422
9100
40418
39046
58157
96512
66532
40195
80905
61628
99757
97675
85606
49988
64376
90250
50964
13464
82635
1425
21139
52166
52289
27439
48456
92602
91608
66520
69593
25232
46457
40
14283
19113
28768
12481
70773
50203
89063
23151
60832
42179
56467
44429
77117
73175
2074
14305
9763
82614
73232
54882
56516
4704
12237
31386
92971
85282
54780
52806
42709
47433
88674
83386
25673
95128
457
78177
83156
49749
88041
82626
72229
97885
80306
24159
48194
216
72824
4503
28774
47655
18939
98379
76344
54842
21585
67774
16168
74430
21427
9685
27560
79827
83745
3486
24900
83612
97683
53900
48608
38480
76797
3520
21069
16717
75933
388
93128
15884
48516
50578
57423
76047
61247
30449
74465
98423
54658
86815
49360
21779
61552
15466
87173
60722
69096
46872
28817
46521
59151
61670
99404
86512
48951
4749
94796
6743
41065
87617
55395
86775
50228
25300
17812
94099
56721
96440
14964
37468
69618
48449
93402
32452
76935
27624
26562
62794
98445
75372
26724
91412
41460
97778
97323
15675
92875
73710
75701
96864
27050
45338
14566
81340
44955
59171
53129
23477
80997
22467
68964
53229
19063
82440
29783
47125
23854
87732
36305
58846
30531
38814
13263
18992
68532
4501
26450
85075
92045
72997
79868
39499
2899
90962
76422
16833
54573
90113
55009
40668
943
45878
60839
41614
99172
60824
30109
57994
64887
99857
41064
56468
64510
29874
74952
62641
67300
72755
59382
99261
65682
93911
45269
75292
17433
30094
62808
98888
29534
93524
55696
68489
51138
74614
9680
58466
73581
35221
67391
59560
16791
62628
87929
23278
16658
26668
28771
65499
80503
15630
47465
73245
22316
49512
43541
87191
97583
42193
2798
69782
69378
89214
53867
70433
58387
75783
49362
27215
21350
70148
40178
4978
25569
76656
54169
13777
23604
79376
96147
98579
80195
36397
49856
3767
75665
47164
44688
12769
26570
30751
23613
65679
40686
77765
15941
62601
41621
76780
9283
72727
94243
6599
2281
29932
59626
7514
78460
21376
6998
84610
27116
98204
78489
85618
23087
32015
89780
15096
36281
80509
60126
14398
61081
82550
74548
53772
98483
30341
90653
46570
55445
1183
94329
88931
1561
315
9990
22182
47990
32033
44590
38406
45411
62715
88080
96385
45674
28936
99081
46814
95588
22575
6239
80623
51606
16497
63370
48502
11496
89527
36671
71268
61406
22506
31962
74845
91605
43778
41320
46455
36091
84822
20975
54944
60075
35794
61754
8671
90660
53767
12388
77523
50790
26012
41056
13145
78280
67458
18947
65801
53752
58213
3471
42591
55920
35166
67612
86647
23537
21445
933
15953
85055
85060
19341
36853
98009
30823
32620
53552
80371
69744
6298
31228
93234
44071
55606
69309
96611
11662
80819
65640
3480
56562
83136
28030
14912
4477
66770
49398
21410
83497
80497
95257
2998
8015
40060
58407
17504
58205
84281
44791
54506
18566
51613
67131
64316
80564
89620
27362
83579
39352
67662
55383
33915
27842
57863
99174
82978
35980
60720
86687
23259
64912
99263
90643
73203
87866
13104
33019
13780
62905
70774
46648
75164
30031
14659
94838
58809
50695
96175
32809
82659
