77377
61793
32870
1706
36030
75484
64809
4140
58795
25957
97235
8882
95031
65737
5435
17192
36445
43603
24934
81227
5681
6195
80351
33332
32037
24826
75475
93839
35448
19137
91979
32618
94876
65737
80551
81737
33410
56860
89972
99990
55492
63923
13225
17589
23695
54226
67812
16502
25419
18574
51388
49604
93513
18894
2306
20154
71016
61455
63737
73077
32323
31457
30063
90757
41370
32495
77303
51261
3452
56124
837
13705
72846
7337
10917
57247
87067
13651
85816
89679
33271
82425
65868
35764
72305
55579
8054
23852
45557
98365
73359
44324
70076
77483
72744
15341
52369
61431
77483
22123
43360
11838
36432
51243
70588
49001
98649
66196
67245
28208
35179
40311
89461
90712
41065
73345
68446
25916
54286
623
45506
9481
57095
79072
85205
23332
35787
16870
3283
72743
43320
72470
62146
88776
12651
16416
96484
51738
44507
48888
30683
47308
6162
69970
94552
60272
67209
89901
7747
99959
72255
23718
39169
82199
61366
63885
5156
81006
48907
18324
1525
73408
73904
28036
94198
9341
18567
83466
44823
47294
38077
65007
16632
49837
13056
99301
71350
95652
5375
27197
30483
90670
23772
91157
37670
85386
15440
93422
85052
36143
91580
45468
8554
59433
94696
75127
56593
86176
58458
6191
56748
61721
88116
67516
1336
83414
37354
13939
15008
4505
90462
13172
6629
92199
68154
6304
21094
18407
33098
36137
9330
17897
90035
61953
95335
65379
16660
41492
17765
39927
6487
40018
14901
19728
52660
25796
96143
4139
33827
6016
16653
63891
23771
38104
66058
72324
2060
24076
97173
59089
30229
86784
81848
58466
56867
54568
9504
50197
55912
37823
81000
50884
88851
33335
25190
40903
5041
14059
23250
54864
84735
89553
67727
46613
15243
29611
28951
75371
8391
41084
50695
23533
2088
40664
62660
11100
22657
79636
12424
46688
92183
36316
24557
93901
64129
48131
62069
14913
66943
54037
9012
60297
84243
78729
54202
45636
98944
19282
67521
71743
63613
65876
61935
28639
34710
23860
11496
6813
15872
94153
7828
98219
34967
75278
9448
43669
94614
825
70100
35875
57233
35525
85704
46171
40146
90988
68004
56643
79983
73553
2522
21700
68613
98521
48514
29994
57747
41433
26970
71463
80053
11595
76824
73528
46714
68090
43854
45024
21509
32413
57976
13808
27965
45921
63684
57000
18385
43838
37215
97046
56556
14315
61912
69405
21616
75822
8979
80722
658
69036
43437
79648
73874
97182
18951
21611
39126
72804
29649
53617
74498
96916
50708
47149
32502
41131
28347
97909
8643
94724
26335
28419
57067
38374
78062
67568
51124
7639
91704
98396
55721
27887
21685
3563
43086
84039
99606
19177
26493
13264
2054
41614
72610
31968
1565
90589
60687
74536
54658
93286
12605
25537
6265
68203
99552
93924
43344
16000
36197
48024
29026
3851
75210
83046
66471
98667
22490
12457
56345
76406
55909
95458
14914
24698
92152
96775
11239
78308
60861
22043
66603
319
55186
17369
55969
4853
51710
23178
73459
94289
23222
70038
33192
17124
97419
96119
35989
33382
64524
26537
40483
17045
5216
44573
20984
68569
24056
90317
57701
15496
92437
10474
79628
57605
36662
39089
90475
31170
64187
92828
10889
79463
79099
44564
88348
25291
19422
84900
45493
55583
59512
73801
37705
84106
94307
98918
65148
2287
2071
22452
31404
5131
67209
27575
69751
55930
3998
9803
65834
88633
18922
90653
70696
55878
57257
91990
6227
7427
15032
99090
62842
88666
68049
62191
73022
89082
98754
11969
87106
27456
49289
14338
33999
59409
52046
17127
94850
25891
15901
38669
45011
7900
34398
81042
42787
42802
83
81281
26944
82417
52333
90373
81847
27931
46955
72862
11096
97449
7601
11282
38879
83312
32001
2682
13220
99263
29496
8509
58976
82276
76135
91419
42618
60303
20556
39231
18285
48815
23373
23928
99832
30232
72753
33153
36611
35717
32635
46715
73608
30650
85379
10812
9893
7651
13651
71425
79517
85688
52475
29471
76005
83394
95153
85175
10450
91063
39657
26216
8861
25665
82476
15295
94927
34172
33240
84937
44591
34974
72724
55657
2949
51538
9102
53060
52426
4605
67059
72794
24270
57409
5931
51471
12806
32703
99854
87975
87408
96183
84103
82641
70020
50828
40579
34362
7065
33059
28214
82914
57968
85225
29611
18668
93889
31700
78661
68142
63681
75554
3094
41193
3405
98462
80827
72946
80789
62689
91795
3183
41159
81076
9275
6749
70199
58580
18695
25454
94409
41550
78398
33008
7259
77098
83186
18952
2385
71429
53147
11742
68222
69462
6672
29170
8107
32242
18625
15020
39688
89962
20819
71185
5005
44626
34265
18609
45579
65181
78603
56606
7699
65956
26470
14999
56995
19941
68992
64002
40617
34280
5862
21880
6101
85661
23796
54457
97183
25345
6447
4193
17010
7328
36067
90579
73780
30516
97621
14065
33394
11755
23972
25326
72173
86279
3360
29178
35419
68126
70311
81341
16444
16034
92664
36319
72282
75931
6870
18147
85691
52464
55323
87604
39719
12485
72534
72984
47792
53054
11810
81057
60162
66690
65253
22754
74665
35643
17730
46495
76249
91385
60123
89885
24511
30134
55366
97976
61762
13492
7274
84883
11572
72963
12759
67978
97947
37215
64064
66404
48374
73909
94710
9445
73806
78438
37346
48991
87036
44069
81502
98344
83505
49242
78768
6982
98117
76585
36580
19079
84223
17901
46341
15950
74910
81085
11224
83719
4578
2512
93782
99644
32410
18749
77796
65088
45163
71484
97392
66696
98553
30568
60457
666
59349
7589
65243
82013
47331
27326
80550
47792
80615
73896
49947
48023
38828
20675
30835
63407
19568
68542
83531
89603
65903
79385
60543
68119
49867
10950
26274
91393
78933
10537
42647
54168
73243
28543
2192
82021
41517
62362
96384
99254
94797
8042
43263
10353
17491
40824
99834
58150
53786
28780
89940
55165
7211
74062
41533
57486
68675
8489
73772
18159
3172
49579
48220
29800
24917
37034
20193
69314
92567
87777
89030
34366
81701
44855
27365
34787
80454
65089
43874
11855
55827
86397
8676
14094
69439
54879
44816
92393
872
96809
45795
35957
8921
67219
58956
59276
48665
5963
30213
82041
51732
73686
3596
70285
1379
67892
46818
55150
89402
99745
69310
62191
25519
85527
12367
97211
76162
95377
57581
36235
63405
63723
80539
80247
11881
36101
70971
30985
80634
38214
78861
57677
88920
86653
37414
58788
18748
62211
59241
50424
20419
73853
48132
12170
28642
43005
35082
16647
10758
23367
61192
64857
52166
36593
52262
2170
88328
65668
50781
23651
30956
18176
37487
90306
51001
96763
14503
57994
52738
76265
44910
42692
34997
87544
71495
16068
38336
38771
6824
16790
77312
48390
10005
73655
90887
77249
14939
47072
52137
30389
81829
78077
55363
72699
43007
67292
57289
91732
29669
8417
16683
1643
98214
40759
1987
4695
50171
17728
61373
2972
81758
77421
87843
38193
83432
21577
89348
59997
20683
64079
60577
17051
63433
57597
46100
72636
90799
37856
19325
51211
85810
2382
42698
35755
13860
34771
21122
88413
3731
88739
40174
45374
52927
54255
79332
53357
4021
95986
9330
94699
30892
8651
131
80122
18427
44709
38673
58280
30294
10097
16072
62725
70051
6837
44467
64271
53053
56638
10053
82799
98532
33457
39685
99708
91519
98720
87895
16478
61488
45240
3395
47405
16626
8886
86629
36312
33105
28314
39792
19841
27077
49107
44351
26725
4845
28570
47674
77433
69828
42395
45793
68336
19715
63086
11896
8442
39923
37156
20047
88551
55596
62941
63309
24297
69935
75766
25273
83542
44221
94431
3844
91148
29586
1643
39158
58000
86946
85665
60723
67759
19246
38351
20618
14501
42946
51070
8730
24380
31214
27360
99361
12620
57567
29222
57635
53185
88090
11726
70515
6298
38164
71034
63265
76366
18673
56476
38400
56073
5143
19469
78515
52820
91150
47549
99539
56946
27606
57540
58111
85382
44197
5367
10209
99218
92219
48982
60729
28315
32260
43043
43944
58216
78954
45549
72859
40873
94452
96714
66578
24789
9376
61859
93804
6443
60376
36361
43185
37306
56883
4261
23004
71324
50283
47949
96770
60829
22294
14451
91043
85433
62883
36087
86604
96452
21363
3773
79079
55299
62386
4153
44640
75351
24016
44903
57972
82298
95233
77623
83192
83938
79181
49445
52547
36066
81460
5223
62905
40976
86210
82943
53398
72865
82187
88336
71219
60592
63555
21326
64887
98046
7580
92078
4317
29492
16317
82172
47486
33316
64188
90380
79355
8109
36696
13064
3594
70716
6453
81672
27290
55855
5300
27999
43396
22038
49614
17714
45072
52403
35790
63940
72417
32992
68328
53612
12286
89743
41722
76104
99902
19724
70013
16171
78351
53695
7880
87569
36100
90958
77025
23764
75640
97888
77184
22071
72163
61179
93731
61279
83736
94703
48776
87458
84856
9196
30570
54871
45975
91597
56922
44173
4616
80216
82137
57336
37864
64221
2480
13574
62564
24860
82477
86799
88328
37348
22266
27179
51334
14006
58651
72253
28287
72840
74308
97613
66000
86725
88885
12852
30139
91953
97203
23952
93969
42667
76324
19159
21466
5291
41542
8233
71329
39211
41580
75646
97790
385
32726
31582
16609
23338
32492
59087
96888
57187
3800
60457
81053
84497
61117
83526
77919
21216
21527
31573
74635
14345
76336
30381
20536
67884
18908
93182
85676
66333
53650
32004
37677
96059
25576
47253
46152
10651
44938
39226
81752
73635
39094
54330
71315
19635
2231
51025
90775
53438
20027
27999
43020
60725
35635
18493
34358
28933
67816
22347
49626
87671
34228
60965
21802
85173
12676
84180
81071
76909
59400
87744
34930
87822
44819
56131
42823
56270
8278
10681
77366
11182
89236
58836
73639
49333
19169
61515
93609
9113
56156
29426
47648
17853
11782
89638
80233
20
27645
3711
26283
88388
21722
29607
8667
90181
98436
69129
96299
40200
48526
85859
16849
17365
37012
1942
73264
62060
8845
96444
56485
69677
21421
6073
2000
76339
94554
12233
94365
38620
2441
81433
86158
56612
52533
46930
17287
23662
52763
54257
16341
63108
56884
73234
43004
54
73456
84810
60891
59934
29227
36883
66462
59332
68911
50690
53056
10494
76422
34516
87259
58927
47994
81799
64206
66800
94252
78918
35401
66989
96205
48220
38392
28998
69723
38218
1706
13429
45980
99059
78877
63535
9488
63700
82695
65571
24086
80625
49955
93664
33022
41195
80247
31188
20998
95118
13886
84078
87283
51270
19543
40453
9102
21585
74952
66546
35576
55183
49360
89687
76715
46327
46248
85859
65583
24868
88405
81454
31830
65932
28014
1727
91477
9840
55748
41197
11103
64271
69810
11969
98975
69334
31522
18203
34130
58258
50394
76364
40414
79590
57377
61824
13267
15864
92242
66366
6109
91973
88252
95080
79043
10165
74451
17469
53919
13161
33527
35358
96026
79473
30078
22990
83651
20602
36161
97650
73644
3877
13248
75127
55746
85042
88435
15475
96263
30011
17550
4644
87309
9565
34639
43573
27664
83569
999
66271
96497
53338
22339
31116
68011
60854
4535
28951
44468
91895
33446
40783
39442
55724
8048
90969
65815
95768
66199
11637
7546
15716
19440
48089
60947
17520
8419
57050
54675
23428
39423
57610
20286
52005
68670
52827
11846
72612
61327
72417
26341
44944
81414
72597
60279
37899
73692
4789
54097
2266
64004
22089
2466
82294
73516
26369
71332
48000
12172
1691
6303
33970
38254
59744
97819
70416
95321
36782
70591
96060
4796
39632
43403
43145
55348
51433
56270
50728
34074
28367
34309
56030
70636
19348
4561
23351
17718
9089
8723
31923
3421
25371
53543
4382
71752
67655
2330
3486
22635
90601
11914
32357
8273
47432
72121
16583
28517
47374
7532
87173
66173
26507
73414
29191
58724
77433
53532
23049
74723
91995
66613
78124
36651
89822
49312
11917
80897
14849
98034
2131
94022
89073
16730
96834
54306
98797
95299
29164
56525
41609
55110
76327
25817
75982
93737
55130
64831
79997
62775
73969
74693
6388
18909
27440
14441
21706
19615
4739
75661
14900
33237
53140
53311
44490
35749
44886
82627
81571
77150
34974
1439
17501
96142
93906
20099
19450
81537
81178
86611
4676
48438
79186
85618
42608
84639
99617
31052
79136
70806
24580
38497
46851
92599
23812
40873
42359
50078
3942
47432
99343
42077
36737
8592
5327
13209
79690
51917
72532
94818
89707
26257
80209
2637
530
9405
9299
98096
62309
5000
93734
83706
41844
3567
68465
17644
44007
25209
37149
65144
71574
94982
65619
13460
98903
72212
53315
43195
74802
94829
93152
8417
94833
34672
38024
50768
7411
85562
10530
46372
60192
26097
73408
5567
94038
37197
9828
39241
36609
89795
29759
63400
3338
21584
11924
27224
62854
4670
35996
18696
98639
56374
34850
58321
91152
67330
20238
7699
22778
76989
40447
97869
98868
55002
31601
28889
54895
63246
58303
43746
3639
33371
23266
19266
64869
31769
40951
87165
2257
45507
85086
47060
80229
57244
15198
57862
96333
91804
31175
48874
85995
32539
95792
30913
41735
35352
44574
35387
10595
69574
42086
49225
93484
61972
23913
23803
77484
95095
81054
93173
11357
53943
12398
92786
60056
97043
51833
94901
94796
90641
27062
29352
27306
44262
73239
38868
8796
45822
2442
26811
77366
95913
72412
68181
89188
28995
87673
73509
89667
3133
31087
96759
84365
79533
87984
3224
80908
33999
26165
2770
57007
81302
53023
37891
79354
17908
66361
96985
88439
30177
53658
86316
11723
939
98823
29399
79748
81467
15829
50613
62190
41440
92108
96756
78725
96186
71943
82905
83780
89637
69431
44912
79996
66047
7
62477
14752
3512
49307
60484
36701
14421
75954
12225
65863
59809
8618
19013
36111
70705
8706
190
13713
61714
91322
60450
51241
63378
25367
27528
89029
47271
90884
71395
17942
47935
72530
7259
55296
55590
25503
73418
3953
5710
77205
13168
95438
44670
4777
31635
66409
20121
35716
49718
74351
1641
23710
33941
61726
21800
36582
77658
20947
40875
44670
41951
99393
44076
98371
24705
38046
38962
48619
55934
16375
43775
35335
77483
50852
31861
79016
6100
46966
8358
30846
76400
5389
74104
51291
81695
67750
12433
93813
95588
48402
57892
6155
19001
71042
48631
28959
95380
73181
44048
37473
6100
68500
32220
37325
4007
20941
93980
28715
22236
14299
91341
22708
98687
41423
83954
40212
62519
34088
13696
60587
43672
83365
97830
86925
78149
42587
7543
98057
57542
7779
49685
50631
10945
5130
42459
8202
5240
72748
391
3574
49535
98299
6946
37195
99225
82297
16045
88175
85646
86085
3915
73641
73259
82929
93861
26537
37718
25458
14078
7622
18956
77586
30003
20352
6648
45152
61038
2660
57426
82054
88136
45197
71314
85594
18584
85639
39280
5582
50813
36846
85018
10435
7267
182
13201
7322
57494
21060
56704
56267
77728
68185
14745
4974
90592
62575
64302
11063
95146
4892
4777
39871
41300
40052
46313
3965
41412
94763
37305
48979
34772
60151
42863
30693
97759
48467
83422
63172
35307
13889
2712
63177
83123
19239
36771
44637
46831
78970
57526
71477
19618
92952
61553
635
53344
16303
45783
40711
56506
51067
22633
11372
60328
88493
80511
50319
55857
19495
79141
6547
41594
21475
84529
35248
40521
53203
3389
46529
69876
53252
39301
1916
49419
7548
51934
73661
36255
52130
26128
63836
76845
56188
53298
89213
18731
6963
63937
68582
46670
64852
76380
11114
33878
88624
42111
81860
71606
1154
37210
99264
36451
23216
18894
42227
73753
21835
13155
72650
43493
46161
60681
8000
15730
80338
25353
84394
78707
38543
94758
63980
1738
16478
26358
63374
13395
64234
82967
82537
59824
74968
48656
37916
82769
59620
95173
6875
91743
32010
36438
24807
90694
81152
8917
18008
39709
59424
97250
94614
19987
72356
65028
1479
58840
26378
38470
24899
88581
86487
25004
90372
30345
3928
43857
54297
11312
26435
91903
91866
15410
61468
22121
38005
55574
69907
61160
87879
60417
41195
20176
11718
12639
38550
48431
72667
16109
88924
66626
70701
77984
72122
20371
9496
63765
7622
42130
15037
83510
44177
33071
34547
57862
9670
90834
27579
59241
56079
51543
39217
23507
5878
19945
98750
47532
64713
37018
61611
49820
95127
87932
76368
8889
35287
53055
60746
90377
18023
61192
20490
69046
1906
34666
68138
34062
41611
37795
68443
95892
17334
15637
47995
23911
70438
82944
44162
30828
44321
83545
90811
10010
51263
62729
83215
57250
57649
99237
70428
32633
35967
83013
20517
93636
57834
56610
98340
17887
7536
63281
6843
40138
23405
81751
43335
32656
52862
42696
12981
47861
54017
36513
45679
47067
94873
25341
61263
81457
37134
94103
65524
46425
85873
54718
85554
12628
52125
83726
91012
60813
88792
78928
11900
4607
27321
57840
36475
15427
34531
56023
53117
54553
99279
99045
28171
67091
26057
54284
17524
15641
8049
14252
4565
92316
55810
934
3733
99419
59247
19680
45454
14059
19208
6548
90565
91527
47996
68437
7259
48212
48025
45215
36988
23758
74318
96825
3412
32693
36146
87658
53057
40462
3358
97365
20612
9367
35797
38483
82353
74155
54404
77260
49830
99790
36387
69137
38585
29174
67771
52601
51625
59286
99490
13461
56406
86440
54146
37170
79245
96341
2617
89067
77916
76964
22937
79369
12484
45950
8750
53464
24460
18330
17632
45158
3953
234
41230
7099
58651
84064
3067
97424
72171
97214
98213
26286
52785
7641
78863
93507
76891
40777
12193
5891
29575
10736
11270
50617
15385
31524
70483
80681
44360
58587
51975
52963
38674
79506
36429
90438
27152
90714
93758
97967
29701
10719
53444
98940
591
77430
8474
11809
34528
6691
35727
10790
98311
73732
39241
45915
88967
56350
6117
43577
25545
54658
22973
79959
71821
39707
56835
50501
80924
42678
45546
1801
85017
74702
78435
84404
42486
52980
17093
97151
83746
91000
31270
2855
19584
52630
80902
22754
13715
35551
91787
65693
48373
25699
46822
62133
60743
77016
78804
11470
36259
66570
41985
65522
72781
71519
98215
32745
79592
13733
90389
85746
11748
50619
80683
28476
26197
73081
59745
20547
75840
37725
5574
8042
45678
58738
65254
73809
73155
21118
5061
57747
7784
73705
62345
93983
78180
73126
9844
85681
26025
51359
15246
64397
63723
44129
21729
90775
18411
96033
89950
77265
74962
12361
96445
76114
60857
93892
67201
9376
5541
76513
28538
82858
14320
12967
63460
77028
80258
11190
48301
24255
56927
74677
54420
40836
8954
91518
99245
97005
73703
86178
54433
74241
85709
47226
60530
74826
50234
6155
68251
74229
3505
28917
88086
76133
48127
15768
89432
5171
67244
29828
24983
69958
67916
98428
78827
97964
52757
77477
40722
78162
27306
45296
26926
7558
29526
42786
44585
27430
22485
13021
51353
24868
78732
2605
35870
89017
98425
25873
43431
70211
65701
77251
31573
71676
60757
45126
86712
80728
26624
87243
3797
62907
25115
99488
14505
20308
12976
32950
38567
11546
53165
15149
12477
81730
46137
52030
82165
41050
87361
57796
50871
42885
74385
12744
5836
11475
75038
67240
80445
14076
89600
16804
17338
25594
29117
69541
62390
59552
27199
71913
46319
42810
54536
59087
89548
62242
21148
53435
82656
3580
80381
36295
41291
84527
81108
89031
60895
49057
97003
47863
79263
91917
11639
17539
5124
17540
64371
60594
93657
46973
15752
18256
61734
41050
38728
85879
92555
2969
8250
96154
70434
57747
72559
31725
99590
37652
17011
44308
74547
48568
28863
19814
38691
93375
29836
68061
55959
27116
16642
83997
11223
23296
69006
3391
88432
13261
83378
99834
84220
14554
13174
8492
16032
81139
14748
45674
70574
83241
59249
40738
78539
96909
2559
48777
75083
55588
6752
9414
12856
70248
89806
18586
87570
4508
52341
75242
50448
64393
57897
41418
63748
13177
62708
50600
28381
72239
37703
55986
134
93313
5682
61669
38700
2516
39535
2164
13212
55571
61625
58417
37579
9739
28378
49435
12975
64677
13729
82884
79147
63297
54099
96669
31944
50219
984
89088
87582
72733
26710
97594
29746
15601
96091
4371
85977
1985
34835
80123
35195
99549
1786
53555
94259
74184
34411
33461
84307
95984
88631
16289
5604
34600
42866
25190
93994
2083
75143
42409
65766
27599
48907
35444
11254
40940
25519
66078
72919
16360
5455
48627
58122
21368
45191
93472
95796
36533
51398
75197
1376
93456
69818
68791
49343
3859
16939
95737
59984
56342
11940
71510
79770
92123
10987
38646
56726
64391
51314
56379
11881
62429
97606
20238
58319
70136
41285
24363
65556
75876
55116
9286
85627
71642
58158
25720
10658
21462
61633
85674
34012
27223
71155
10428
19326
9395
4186
64947
59542
65556
41352
73981
40564
15571
23645
86018
77132
43407
19447
21865
12788
49834
47972
96932
26505
34913
9144
71993
41038
88870
62618
89901
66452
123
20760
40271
1397
87564
48828
30079
1497
31690
70678
6041
18332
25728
90616
93218
6055
73140
66593
87245
74299
66523
76625
78123
80972
47001
62267
11405
4618
61717
23384
79191
27514
36277
88888
19490
20163
11098
20500
69198
63845
50938
4607
75523
804
21398
25755
10594
84195
42712
16007
3501
35242
83467
18518
70511
17066
23351
33435
2985
81239
75383
1536
31514
64084
44825
55798
10379
39501
19089
81447
34132
6109
79194
81191
96654
10640
62987
60905
88566
80739
5777
99918
25883
50760
38798
91704
24068
61541
37166
71996
43649
60540
45538
58550
47372
6789
76668
53463
41723
79223
54053
40761
82726
18021
13566
32979
27471
53893
69713
46599
54163
16813
50643
76825
79499
12151
78584
68155
73343
26147
15571
80803
2504
79546
23849
75518
38112
29520
54897
25277
4169
80292
72106
19790
69398
86402
4857
88006
77626
83495
30461
8697
37291
59748
55792
77292
58642
64827
47261
61314
27250
52454
65817
35475
81331
33048
28672
49659
47306
10139
10668
5966
12551
10968
62004
29993
96986
22582
91135
77380
51650
90073
33475
83747
82740
38507
1631
22604
16836
36217
39601
46067
58355
2612
42548
99408
46838
94776
32794
75058
30654
56201
37410
98093
17289
2873
7319
57903
51557
998
25028
58577
94652
7200
69303
15145
89729
15176
7953
58108
91317
68276
5095
24016
95093
85008
10521
88927
19908
11358
58861
18631
50705
70238
34119
1471
53829
95272
71942
75108
98507
9270
51038
57906
55228
60319
48813
9774
55430
61246
98716
81440
3768
39825
40917
19294
46188
11389
32028
46755
71218
39791
29963
80318
79157
43581
36173
4583
35469
58347
99799
91820
10688
60394
11166
46922
54581
31995
10809
90039
15223
55377
19572
99900
8066
60788
55533
54272
80845
87009
84367
22240
8436
8623
78857
34043
83168
73388
15115
63497
4373
91974
66812
53707
76057
65478
18810
72605
52732
34359
46607
55432
99496
71493
51884
15413
18054
43680
57381
53916
37354
13983
83784
21530
66013
22657
65179
34657
997
59150
16882
59145
58675
70780
32618
25700
55592
70479
93669
35952
41061
16120
81506
90437
40014
70110
15992
40526
98681
57689
59471
13684
23961
96858
6747
31798
90338
73129
96565
22005
67064
22407
54552
74796
35865
95538
11829
26620
82371
66055
46676
9861
28163
11361
20392
31025
41883
29055
16237
56459
66095
96484
12832
97965
29901
79640
1339
19191
41942
60588
10603
25563
30125
20411
3056
2836
27003
60012
43153
46999
81981
16147
9594
36258
53931
21015
1171
93842
37797
30254
9822
2193
91356
95909
72236
67467
77754
63004
61404
11521
94959
70414
44337
98903
33433
86766
17583
71752
57903
24141
29010
66777
99498
23192
171
48043
98832
3421
81529
16810
77055
84014
53919
42082
91091
30815
86983
53490
6100
40394
92691
42104
799
46578
79067
3788
40846
96836
84776
84169
70311
49849
23948
25382
80510
46648
81020
86626
33992
64856
80684
75006
93085
58435
21893
95332
72712
61783
44101
93861
89711
97958
90803
45633
85562
34397
25533
75039
90338
41889
1392
76989
57495
14261
91667
57089
9645
25464
1217
26061
19300
89964
54465
60785
7635
50097
66947
9403
86705
60976
87546
1289
91935
13236
92912
95071
9781
70578
47914
53268
42504
33673
14682
59879
8628
81764
45435
29711
1260
84669
2700
94640
58683
59580
43628
20937
98998
54205
73134
48105
11456
55183
53337
26082
70969
54168
45055
76119
94596
25910
64696
10959
43892
61120
92122
21131
80530
20779
89815
79380
51405
15081
56564
1197
19743
22924
71841
43624
3128
14377
66361
89044
48938
80695
31640
98452
69264
93206
6708
86347
63099
78892
86457
1140
28730
97610
72997
1198
9029
32206
64029
1491
54534
86210
31434
95370
26917
38945
65972
65875
29743
4602
49241
3040
85634
57261
46665
68963
3992
19858
87297
20961
95277
42009
46883
79270
41134
11307
41774
48051
64032
2448
17439
70450
16074
99562
75396
28778
35361
24863
60633
83693
47790
52468
12289
41007
97021
19156
77986
77618
9829
35632
72829
99580
49071
18944
21640
98666
28421
73224
39946
20094
46104
19062
21267
64627
82573
40551
30005
1105
96582
71977
6787
48124
31177
18459
67077
4711
49999
70993
50613
68262
17387
51188
82553
97889
78676
98086
91421
97380
177
37539
81420
27507
90272
45571
96075
69179
96644
38107
74194
43588
70217
19620
15560
29346
43060
61811
8570
74027
83467
31463
15543
2691
29246
25634
48459
85715
18961
91438
40022
22136
47752
17761
69897
15479
82414
75259
59132
71502
87713
73836
49326
50918
60253
80019
89754
19556
98627
29729
30227
19967
54150
65339
956
16300
2707
79102
10342
69974
67130
97245
49415
80201
93021
18790
90867
55053
28148
25892
52954
14415
73114
29693
50622
83259
82935
86714
23279
69286
46315
2343
2884
5032
24084
43665
70232
9927
11900
65708
48159
44046
79555
20599
11620
10076
97572
83063
52769
92217
38086
47999
77369
23748
76737
88977
63253
18567
40875
77535
6521
27916
45759
22666
55458
2025
33480
37484
30495
14038
32975
48721
80905
92959
33151
3295
21217
47413
52113
41654
20996
4608
96409
90450
53709
99311
88844
72078
48455
93263
61548
52067
79501
68569
47826
38895
37665
71270
64311
5168
2693
72766
41343
5295
53721
5006
20163
62617
68305
7864
91705
44872
82834
16452
96737
97825
41578
25557
30862
94711
76201
38486
76592
80045
76511
51795
22330
9688
916
52515
71029
706
40318
2179
68480
33419
38690
2687
54658
35594
77514
85289
44046
32402
21599
86539
79569
77648
38691
12921
10396
26320
73294
24832
32776
16927
87715
4444
34986
56394
92047
15237
20245
90054
7773
33800
83367
37481
43992
85748
47025
19606
83934
46763
83462
66582
92766
90905
49599
37793
47758
28033
77448
87325
67083
86322
74603
3101
90221
6520
73943
31082
68998
41871
46604
88447
27512
97779
68070
34286
85808
71539
24772
32928
34979
28483
85236
5242
87299
58417
65660
57275
46557
18127
60167
66657
30131
83663
27755
6764
67185
74989
60147
27738
92846
20389
52206
56722
1281
76838
89043
52156
64797
32991
19438
22573
12811
12117
22124
19424
15203
70262
25023
76256
55878
9864
81678
5186
85914
48635
3229
79343
43555
55549
87156
76576
43675
49676
54926
33058
142
99878
87712
1432
78292
35804
16164
73824
35531
30981
73794
52558
94513
59503
3962
41460
10651
35056
21840
21443
99125
474
35028
74731
11735
78669
81260
85278
29151
88839
12993
76563
95889
69879
56099
90887
82344
85839
56794
52606
77047
64215
31274
89926
42273
94653
92674
46908
96241
12554
45633
17704
92407
94321
22181
97412
57536
23585
89169
92282
49649
23098
82107
11691
28543
51580
64431
26219
7725
95834
32675
98602
31107
55118
96089
69582
89192
28742
19178
84764
6173
77180
11061
46613
49589
56131
22564
10621
4980
30205
4246
83351
39714
18889
48815
17195
80652
93466
71897
9194
60376
76803
18420
265
63203
50191
74401
72745
10745
95917
2151
58807
44881
28328
90848
5326
27106
18836
49156
95418
52581
740
34768
9496
49736
11897
31026
66874
36716
5749
7635
2502
55677
66990
13601
71518
4747
702
67736
68218
49257
46486
25453
36945
4737
60211
73655
24791
21106
10377
67162
608
37288
16540
47217
76995
53015
39021
36535
80250
53203
9137
32978
40549
24590
69150
19741
77646
69711
81182
73169
38183
54315
56550
92527
2831
37155
11777
15564
6676
6266
92037
64634
25331
44625
30183
31471
44411
94914
50441
88691
77871
77205
41490
59467
27978
801
72567
12669
28284
46243
70453
31040
76243
63220
63488
66018
48405
30666
63669
21
82473
13934
1484
1943
61686
79189
36297
42908
40771
98237
63730
44666
42782
92037
13243
97169
14936
47018
1629
17461
3245
43450
35109
65785
32257
30583
74152
58330
43526
68618
58644
19109
91322
69408
9634
87590
70030
44870
19528
1006
19681
96220
67243
62624
88490
80665
24497
42424
41845
96860
18324
9560
29092
15050
73651
56049
27543
34440
82563
87274
50311
73718
30658
61392
61772
62886
84108
51099
61470
7448
30278
61080
74840
54452
32856
96088
35000
14180
79928
77652
15619
17675
82113
69435
4902
52645
95779
83450
86040
64220
78547
17255
65499
1380
42947
84618
14145
99668
99213
54825
49515
95841
88552
29934
20428
34873
43389
53559
87564
58105
81716
28826
49736
56236
61831
63410
80663
57760
98808
10634
35848
1574
29406
67429
36455
87206
20315
51592
30366
84029
36169
72037
41624
36660
64626
1829
49249
19774
27487
1680
9033
54701
5832
53244
23175
5362
41451
45328
97434
81615
93720
34196
24843
32123
21704
50679
8974
23153
70285
61596
78983
29525
13509
71202
14378
12965
71464
89295
24922
74103
45665
952
94931
39445
68922
13904
52260
69777
77871
17098
49331
29190
10085
37964
92197
17358
76083
34290
97781
91610
350
97820
44129
74033
5827
48310
97732
3495
1262
92514
49949
2361
83815
66755
74831
66211
80428
20648
63138
20190
68921
26420
9160
12793
54404
70214
52089
99347
20325
45898
39775
9907
56786
88571
4014
84740
45545
49043
75595
97040
6439
43408
86061
27447
45046
32101
83745
1228
70850
92506
29991
30252
85964
57985
6682
18972
61784
52055
33325
45471
70017
84786
82545
81809
92269
11533
17139
16930
43835
55341
44546
89170
57464
41135
81262
47749
83569
50161
8876
7492
87010
48441
59158
83504
73325
92678
35951
45059
66439
62577
16676
11493
2060
78463
26702
61319
7890
3014
58037
66496
96443
31001
23470
50338
12421
94994
85636
97944
22460
98524
40981
65247
10607
41306
79251
79549
92191
47670
68107
96226
18355
55178
93538
95610
82953
44581
70779
5227
20199
39163
91542
7058
74095
95179
86739
80116
32593
24142
88307
55331
44283
59705
66495
17520
47564
51023
87874
97640
29446
13447
25937
52172
51489
46869
87724
90705
91804
30839
71580
72560
4526
38526
84027
37162
81435
5879
15604
63612
87778
17557
59519
35419
14643
32317
31567
66189
7966
37326
38919
72068
5702
24555
80262
28919
28949
9830
452
96766
14473
62122
43572
78186
97932
22117
98441
63038
35137
71344
58677
81326
27738
30685
50349
80211
98727
54972
81448
78632
18408
86313
73894
24965
44484
59990
73485
59285
8882
52305
32943
33398
32436
31025
91975
76972
41956
25634
11842
42370
74087
73323
4955
6718
94334
44216
42815
68448
59835
58953
68015
59383
63312
14678
86275
80096
91555
59069
66859
86716
54654
97962
68689
74124
82786
61026
99355
87628
54172
72971
36876
61737
92496
65403
87946
2496
97906
43196
45050
56917
63475
68217
87367
66956
56760
87880
37442
99464
13639
87060
31267
92254
45595
7430
15086
17269
45654
31279
78609
59676
72246
14452
90890
24135
35904
50518
51397
8392
32441
90972
2274
70758
69108
28160
65429
62973
76005
8564
69159
17265
94452
79823
43482
34864
68526
32887
19210
45924
86421
41356
30415
241
26807
93647
60191
24881
38364
19053
76944
94953
60664
72524
67291
44968
74625
47121
91868
55516
76443
20812
31158
13008
95663
21857
11476
12326
26202
45651
46730
89901
10882
86670
68953
42079
35875
66353
91825
66522
36967
46007
58897
5049
99540
85473
90570
49486
48478
84897
2017
7486
958
19237
94579
217
82459
21599
19668
29812
40997
45869
33072
93125
4129
90185
99250
6010
29981
9775
13186
45783
45797
36166
73641
14218
59342
47629
84305
10764
98192
68452
72520
90135
88977
72020
60387
3359
93916
36476
88766
58222
11985
32633
46785
66655
51574
93873
79167
37302
13323
69404
64696
99643
92762
40911
79838
11441
21517
84934
71477
71639
42874
42061
50516
19835
27066
32428
37288
15766
30807
9677
88247
85736
98083
54315
10689
81744
96517
59289
4067
1863
57487
96107
42070
85082
26539
57637
62292
82403
46195
57951
45371
13091
24000
38993
27369
52606
1115
64289
63687
31314
71855
60454
77891
55349
38239
50136
629
79339
6899
44246
54115
9217
63918
88211
51648
89033
59355
37277
24847
62226
73222
28492
46789
77827
51015
25988
64172
98355
41016
90535
51972
22504
72840
82362
54789
81163
32264
57490
18367
72452
49667
66587
33442
9752
57067
21893
58969
53755
59758
87019
8721
74355
69192
52225
31608
94123
52497
83737
94497
9232
97751
88402
74948
26892
43206
64222
94817
16060
75076
79695
93029
46736
90682
18909
39237
69695
84652
53878
1351
46885
81225
48419
27169
89850
66109
78706
25209
65007
78500
25573
80811
20392
14842
5815
23657
27088
74702
68070
50524
32734
67925
81122
22089
2979
83994
32016
88111
85772
59283
65275
91821
1626
58991
39896
9217
21883
80651
73620
87370
57700
12228
72284
28015
15822
97638
26312
60184
8299
96579
78886
41594
7043
48448
11935
10097
83343
72201
71079
39685
63121
60037
22982
88943
46894
91780
72734
27029
91593
75988
84921
91089
92990
43571
61361
68880
93751
11551
22459
89014
60366
97289
47793
52670
60000
15945
94810
26815
72234
56042
86200
10155
47363
9990
51437
23409
9494
75404
96875
12226
92666
67741
63895
30096
83919
88471
48857
59443
93592
94473
6851
74309
53583
92869
3259
92941
24105
59123
55719
97689
95368
11554
91892
17668
38167
44505
40163
57815
91781
53964
40337
94187
49281
41674
81057
78669
9006
21075
76488
40635
22467
96263
4308
93995
79138
59930
24954
41066
17362
95427
51291
66561
46300
92820
33682
48500
89663
41028
92476
52261
1232
6567
92900
74485
85361
50111
9547
7179
32876
33484
33233
48237
90445
3487
38018
70570
61434
15340
67360
6586
70575
27294
5640
86941
78458
47684
69156
42464
57776
86793
59053
30431
39146
2593
97882
21412
54495
16319
58089
2765
96031
24644
14889
87180
98186
85555
73346
40616
35051
44159
96993
58432
84340
13765
78372
36464
53559
51766
68830
11692
70878
44525
32776
37033
61383
41535
61125
22651
99392
3152
36848
62105
84731
51425
76227
19581
15054
46247
71814
82791
62762
41560
46675
35329
53781
38911
25698
94493
8358
24623
80534
13243
61820
5107
77507
24647
10812
26788
95130
70623
70118
73300
87314
72946
71891
41543
35829
19011
93292
14881
4644
2765
81706
1114
65160
8832
22981
81134
74486
75626
46971
96914
97246
7922
5056
69057
65296
33821
40028
44148
65932
55027
73766
97456
65221
51387
34331
52312
35152
71203
7258
4483
92815
60284
41567
2601
51124
93666
56218
62936
91316
91738
29515
23235
6699
50900
18909
35097
33061
39055
24028
54131
44304
91835
97364
1255
83708
82394
12103
40314
52171
8288
43179
80691
6683
49402
54558
78890
82509
10699
40774
81439
11633
71825
73738
33382
42544
90565
54694
33888
16885
66017
10319
23590
21337
92189
80452
96606
45995
85234
40396
44176
71128
3935
81266
79410
59420
8266
88346
96800
97509
13566
73855
74087
16735
94034
2026
27392
68226
11755
65457
48730
32821
62072
28170
73040
83069
13018
44554
84506
87366
31207
41758
80159
19436
71204
30245
615
58118
49359
68904
88111
87280
86175
10007
44982
54516
71715
32226
9012
11477
56391
14384
1547
57335
68854
82463
59509
47598
53241
21369
73053
55713
69949
43728
96137
99066
54002
35990
87381
34254
48239
77243
39835
72996
1971
80067
44622
20611
6375
1251
13895
15164
88512
46488
58550
3313
82752
10469
60634
75712
80731
70567
38027
35985
73431
182
76756
81304
86669
91642
44575
97222
38253
90663
71113
27314
72318
86967
10292
38016
9122
63331
7035
40652
32919
47134
50240
26517
84730
3085
79809
98729
17447
30887
94890
11304
39483
76453
37796
45047
14458
23717
61034
67236
65645
14113
85724
16689
54755
87527
25260
11583
21720
88341
95062
85625
31187
82068
62029
47737
56169
90894
46928
99706
42751
28140
31580
4476
47596
72752
88059
84142
381
28747
55034
98587
81459
27133
92984
67955
35911
71239
56858
30037
73421
83822
89531
87126
83862
91599
20961
1616
65935
11033
78539
11882
22183
47339
85446
3328
72366
22059
31423
19887
42009
53216
37715
82271
12066
2669
71553
73997
39693
86667
29729
28404
39301
35329
83183
22712
91780
66275
22239
4942
57937
36996
98996
72363
99716
14553
99212
84680
32869
64683
36403
15279
21811
89432
19928
71684
64608
55943
52572
23699
26489
3207
8774
14322
30596
3171
64628
594
38306
91171
66317
82440
79092
43970
35505
58450
35577
57352
51889
87560
83317
13636
45883
97
71214
65639
84206
87679
29296
18015
78412
70968
84945
51278
55629
1922
23022
53831
91280
74938
85139
73573
19437
95664
73178
82376
77926
62867
42155
58637
54267
52341
39650
76552
3420
92058
35503
19361
67449
13986
83926
23048
80758
93457
14742
30582
23770
80664
82503
64129
55431
21217
39868
73852
86628
98588
15113
70601
25045
51617
61694
41884
52044
76417
47409
88557
54297
63406
30425
63097
43325
21059
42422
83798
67004
75889
20207
33265
61745
20680
61587
78310
88443
69438
91809
34203
6261
25215
60163
83354
48452
77105
78549
95049
91657
35810
3780
83431
28566
40048
38001
35141
97149
82165
42068
31742
76932
48494
89245
96789
5973
65894
29750
35978
41746
11875
15813
92344
6118
73069
19118
71790
10166
73878
87700
29671
81174
37771
49856
10313
49784
58709
77690
75447
51423
16012
23828
147
31345
15449
90663
61012
30731
98246
1429
3903
9711
88805
78957
15077
1145
4250
97452
13849
94095
11525
32417
93100
10102
92144
4489
3175
76673
25809
11097
35684
32901
54332
65818
31530
32744
25865
85743
32963
71351
51325
5490
78683
5431
12280
17084
62103
83539
20346
42211
63664
27732
59122
81821
1451
15215
46437
35651
97718
17655
83415
11345
48928
75860
23418
13642
80886
76204
12752
7257
8662
37309
49822
97714
93266
53228
53423
43158
20642
19928
42337
38422
12934
1320
28849
26670
40151
39875
3166
67731
1033
12894
93276
80455
82592
46767
44952
27401
63435
10401
43715
23818
37217
16768
12861
14713
77974
28404
98591
63841
6778
11947
15300
45928
87855
24431
11029
31384
17926
88439
6576
50235
6805
25688
46164
64095
69238
74332
54572
9209
25182
28971
92469
16933
87256
52774
34094
56396
23518
31955
21883
40446
31955
92849
12438
18463
54240
32845
21043
22526
10378
90510
73261
40416
48812
95723
87410
65276
2391
35549
72425
83871
78114
40943
51003
47183
26703
61841
25669
75277
18619
63467
26520
43668
74561
73039
69579
46782
60077
98247
76030
66245
49464
27566
45003
32838
99973
5434
35051
37186
42934
25111
91459
7231
92812
24335
62569
96620
53945
5957
20726
94337
85859
78050
15146
3620
14776
37990
17111
16744
2633
20928
26859
96624
8228
69433
34557
19218
89554
91882
48755
95094
59689
70126
83118
93085
86511
9778
33683
51231
7756
92520
74358
48077
77674
8731
67365
82581
90860
44157
7790
44291
83944
10844
40014
4068
78594
89492
26359
46150
36999
51614
5821
3612
62339
42661
55358
4254
35871
76217
28588
63405
95898
27676
57688
37651
5155
71002
9724
81417
35056
20087
94820
37938
7198
15200
85690
70821
95366
38787
4782
17576
52984
62106
62558
1271
84887
48418
95367
11268
36145
98666
42728
14201
18841
44775
48528
5433
55938
85668
43876
83172
32826
94455
2030
7353
8672
70863
90276
33813
71524
51689
53652
46074
69658
76066
40970
16812
61467
647
28126
96980
83160
53320
13405
77639
14043
4459
80562
9185
99612
49244
1776
30347
8860
65794
97151
83100
17986
17773
29632
63835
25008
24939
16031
18082
94721
17851
46100
24670
54561
1017
30742
81619
38185
78487
22013
66557
9813
22700
60178
17553
29380
71718
6229
88385
56556
66428
73546
62335
35671
4478
86754
35545
22461
93646
25249
53218
56320
50855
63409
22994
90046
56667
26147
73635
79127
58300
33469
45884
32443
32112
21700
34091
58542
96455
60359
28395
57788
47976
67749
22278
20819
5607
48349
81107
94337
17139
30800
48608
6379
48909
70453
83563
44646
69619
16217
10186
18262
93049
12752
63978
43041
24025
82973
79093
55119
3810
26073
45133
97089
97548
34500
35733
65227
13227
34981
3854
50606
10849
60895
80830
49334
20398
71987
44366
9389
47907
63436
39754
42779
79733
93099
80299
7515
74796
43119
67249
60219
29595
15104
59626
35311
24554
26777
41808
26674
91086
86480
6382
86074
86139
79875
27458
11062
3696
40576
72190
52647
38128
24560
43465
85369
93681
23202
82211
30845
67341
76880
39333
15620
69142
48912
75302
88378
10919
98745
51387
14108
86389
46320
11382
51703
54404
33230
80815
51455
854
60495
33280
42824
94174
69306
16777
66693
80403
49704
78004
26395
80544
89363
93492
56864
76088
18588
35110
56726
82854
28153
7802
50206
69859
1273
49739
48250
90081
36534
12136
31652
76932
9846
35895
90756
36560
67389
37040
22610
81214
91282
48229
62088
24840
18316
52321
15555
50531
46329
15790
86870
27789
49068
14961
85835
636
87329
6768
4151
72374
19277
29843
94105
3263
96903
13640
97039
82540
75052
27905
83156
21910
2740
55000
78106
96618
27631
45906
52576
52734
26779
70305
34608
18398
67590
20676
57304
21348
85466
50185
75714
85894
45321
37267
11762
64457
67382
13398
70012
63028
93726
75007
34400
98751
12449
25969
97795
58666
1201
65226
35115
8074
24662
45796
98711
81790
6139
69335
46456
57888
98168
52700
62383
87447
39197
68140
51973
7464
67832
9574
52449
12205
73444
87568
54057
45726
66158
16405
75513
59564
42468
29645
62841
35661
83101
13210
15998
72017
63423
5998
50847
83955
99441
29034
80786
26059
21725
88834
42211
74496
10753
19164
98768
62171
75827
29495
26212
15478
76847
23912
88622
28179
41630
26655
1405
906
4580
70568
97978
58810
2982
37261
71234
75841
151
65689
86559
65639
67838
60120
81346
41524
30437
79611
60959
90145
47231
45463
97092
6924
64599
34093
66423
21573
50418
65700
16044
30117
93537
79921
43328
34111
41061
41657
94677
79151
19582
34317
85769
28174
90066
16628
7445
42536
7831
43847
8672
23556
65917
56502
93598
77602
22651
4392
95944
68132
37108
35071
81689
59747
4293
23226
93826
85762
79407
2228
44010
83999
88667
12298
96006
19430
97071
40409
58289
32064
84235
19877
10856
14024
3168
17847
66533
29758
16846
24158
99253
78581
20184
91126
56696
33191
68871
26502
49781
21704
88343
41475
6583
77559
10370
21522
66248
13553
74055
50315
70185
17120
29559
62137
80491
50993
89244
95358
45645
1283
82342
49363
2098
70459
13043
3404
16734
99541
77305
88442
90541
94037
49235
9291
62064
6971
49863
58028
40741
49108
72816
34542
24209
92813
97517
72806
82749
11555
9637
22447
53963
48630
21013
64490
92307
7644
80055
10053
54174
10833
39728
57178
94750
59116
49111
24206
24104
50413
83741
21594
69071
85907
9213
2758
92382
32906
2690
91377
8146
51809
58991
57325
66642
14458
26927
97064
71404
38874
72858
49285
86701
68416
35552
47977
12860
68339
85621
69521
95539
67731
95385
54432
27547
73266
66499
95863
51396
49468
2761
39453
39934
81584
5199
53470
94518
89139
47113
99600
57616
69562
27055
84784
64126
2405
7932
56267
86554
29548
36738
38969
6630
91921
11119
96195
15709
28116
42548
29797
61685
21925
49783
73935
2836
82580
13047
99589
32300
40645
3095
80423
53173
61536
20906
70667
35365
51204
30873
46181
24206
50075
95507
55496
15892
63689
18994
29831
35209
93726
68358
756
79463
84523
99456
79082
75210
75281
78045
89158
76744
36405
15021
83664
61101
86191
61727
46872
46327
6818
70667
36315
39594
81222
51291
25124
92081
12545
8247
80239
9235
88148
86795
6217
54222
93873
85655
12243
80658
96587
52500
22981
13244
35430
53854
5552
909
5581
3458
74108
47015
60226
87269
8176
28420
46256
32302
78383
46194
77180
42321
34591
82415
51514
2617
11014
71773
73148
24049
79661
10370
44453
32720
43206
5118
21468
10623
57994
71882
37724
55463
79099
16970
94312
30012
62792
57134
53500
18528
79535
40843
21438
21749
48156
30449
17651
10979
94640
2888
89199
30018
74749
41260
96772
52933
36846
65762
24667
62915
50211
82550
84449
89795
43161
10611
96984
55011
16360
60637
23759
10277
41607
591
9708
44119
40970
82924
33605
95325
94539
60996
86190
78238
33863
1189
15500
44103
97791
86331
31432
56543
19550
80614
45344
57929
17434
8342
85367
73391
94996
97574
90252
50770
25562
34258
76009
55787
29068
37622
34290
3772
97915
18308
3101
63992
5485
48225
92321
79339
47646
60765
84678
68103
14944
43374
92348
55021
94019
87560
84776
68372
68527
32731
9113
91769
61646
7240
68857
82436
79271
89889
19775
96754
78597
63709
82337
89796
438
95092
95910
84196
27631
925
55929
51887
42125
74274
12218
59043
25782
30236
86063
94118
16094
46225
76984
42192
87558
93094
57120
35031
31230
69858
34863
38581
17003
98946
27613
84568
73732
14962
93440
37349
51190
65422
73222
80266
81608
23477
29758
2975
32888
19591
55857
59800
96196
82363
42830
45290
94341
56896
77059
14743
12214
60142
33064
9304
12338
49543
3893
82694
71099
27023
22739
16036
44023
45861
71792
3021
1141
63613
64332
3637
39758
20508
10705
62719
85030
59887
94143
87867
52625
68808
76837
87609
17266
88663
13932
95087
30719
26593
52013
84706
90816
77855
75171
48212
61175
81237
65979
3915
6329
27917
97960
90874
86170
20111
58579
73934
66439
58368
2767
72663
32109
51317
65738
78289
31159
3858
91968
66190
45524
34083
45354
63394
24663
37173
10932
78666
42488
82578
96747
37849
20312
14232
64117
60673
48674
48309
89819
71066
41100
78561
45121
55475
52349
52888
44503
17202
68552
55827
87944
66153
44503
51009
46735
16919
67011
73031
32233
7256
75935
67505
96645
99851
17973
4244
29880
43102
52488
91202
35438
74551
21913
46216
16635
59905
55716
91783
9551
53937
37706
59853
20967
19413
81930
37008
21824
65496
84809
90439
59975
57460
21329
37733
66860
60180
5557
99507
13237
30661
81138
71880
36495
31065
79440
93607
69631
11575
33672
75350
18198
27810
4161
84118
88387
21188
28339
12772
3714
31543
55692
67691
50066
689
34352
2979
18884
29385
54811
87178
79280
52266
89154
5853
39330
67699
42744
62516
45425
78888
38732
38519
96944
51864
30800
19777
95486
60268
67188
33168
30360
28809
66993
3269
78638
27266
72994
9438
64754
56766
82540
24429
38860
7649
79806
36437
28907
58713
48371
54113
29879
18792
82452
25089
43458
37672
17883
56993
25853
5824
40051
552
14950
16738
50171
13290
17854
56830
87945
69386
53657
7846
19275
50672
75183
32927
38728
66787
4367
97633
95685
69475
3155
45451
90180
39141
4335
35462
32039
26988
25059
63604
370
70784
43856
16629
76143
4942
64263
62678
58922
26172
38877
77142
88765
36711
38267
91990
45158
37307
65649
47325
50355
58638
63883
36613
68864
88313
13851
62214
6296
2868
59606
94268
88695
99437
69147
58455
2384
16805
25037
51903
16842
3975
60290
27106
74693
61702
85589
48124
91899
81458
85718
13666
86881
96758
63872
64779
2700
46257
8491
81563
45425
11759
23768
84748
80005
29763
79626
38524
29987
37059
71220
41230
93676
27552
73549
98845
52936
25153
57888
96036
50186
10587
44800
78947
46578
52463
31705
94991
61836
59776
2466
18841
82198
58543
19822
49049
34271
73685
53857
58743
47083
19388
16160
39573
27347
41210
92929
47132
74569
55915
31970
6818
72217
44458
21301
75221
1899
14125
92409
13095
86084
55034
20772
46166
59084
11849
53468
12886
22891
81719
69701
93085
82221
76771
13780
95498
10661
16010
15458
14483
96173
5274
77853
49674
60587
5396
40952
53868
67023
28451
26947
67782
67225
41268
46069
86308
42615
83409
2629
98839
40108
73214
97721
86593
76812
76750
45557
96672
75140
23490
60597
94933
82903
35136
25622
12113
6211
21645
15342
74971
67619
60519
74972
8512
89965
95329
88506
17431
14138
18715
1455
75216
21126
6461
69345
63352
18477
59856
43687
5291
71734
95737
3773
6071
69548
26803
34737
27721
74919
30824
75162
27511
89578
33419
62920
6409
18661
43733
18422
84036
91354
31995
15932
5429
65341
41832
77953
68886
7924
28700
55790
59968
4670
35616
78302
65229
14480
82949
42225
86056
49946
7065
7296
69364
17736
74885
8074
85494
62821
27429
89293
37695
79066
21668
98225
97562
49908
61140
3774
35983
23204
43879
11213
78993
58400
15246
87516
73930
78886
17483
29691
50113
35680
39188
53924
49061
24643
8935
62440
38777
53777
11236
90852
71420
65183
9996
67218
50675
77361
47316
71707
3190
31969
4998
43338
82900
30527
6388
1628
59331
95122
4025
83668
8744
35549
32558
80875
78175
45533
85318
70948
71048
49198
26951
41501
98286
45932
79557
36962
19541
17335
3965
67548
5792
33809
91339
17255
83804
72289
31784
13857
52844
31418
65091
76669
16529
60341
45627
44472
21942
54298
74102
65699
91926
32414
30305
45502
21802
14566
54053
51206
10707
33290
49698
21734
37696
54357
85771
60617
44989
53257
50301
66831
29528
92863
99773
8893
1297
72300
82861
7503
38621
27551
47115
23593
86551
74182
71463
87563
5252
28337
90398
418
95105
64974
72471
80411
34859
82067
58298
50803
3499
84539
12072
36362
31836
53351
54011
68727
13818
12486
87771
55572
2505
40495
40889
12825
52895
21963
46668
77734
45359
71664
47845
44890
35635
1543
38577
13217
76789
56751
83788
72555
1338
97019
96508
52791
74251
5558
80305
88494
57730
49447
96086
46220
63086
85487
39156
2776
33058
66095
32612
15477
14112
15815
86639
71282
49533
73945
81764
93916
66193
55500
68404
97331
77790
29037
38542
63353
12155
43759
70834
84423
77980
23731
36212
72890
447
6051
71439
44522
96725
4568
32772
69436
86666
72891
9102
87949
65588
3368
43234
97614
70100
59311
28456
51376
1164
85461
54096
13877
42526
48343
32852
61030
16924
64654
38889
30850
2353
51694
12960
12851
82122
80904
6463
98397
37411
64560
48503
84528
38154
90968
44609
72733
8306
49787
92410
36326
16375
42679
35545
40685
36168
50321
33705
30542
41526
