33112
97671
83022
69797
71151
46709
45384
11255
96587
25856
2928
95295
39712
44272
48716
67439
28949
12745
47114
84106
82489
52889
32100
11963
46355
4513
35173
49426
63319
75358
81478
85468
92084
61844
69393
67774
63530
6262
3847
31917
18777
95252
92861
87533
89684
10305
34752
11459
4341
90303
23161
49305
24074
6698
47564
72751
11693
2974
73114
54712
27697
54981
97671
51352
8632
16929
61494
34871
17633
41170
59856
51906
40735
37221
18115
1983
30661
80250
82759
907
19294
33104
4124
21619
11737
22735
11183
20235
33473
16241
34971
16973
15114
57230
91788
62353
97191
77794
45664
75525
68633
66589
84262
25226
22466
39592
33256
17868
2232
33743
13700
78939
82837
24015
86741
92906
36682
16412
20114
60324
94868
52815
46156
25254
24487
13484
76315
81244
64262
36044
86930
60732
8533
92491
10702
36825
83718
97359
57006
75365
431
95507
51388
52103
14717
1808
11786
27636
15234
34887
9656
93357
31209
3533
69778
1621
89130
79283
25621
74734
82265
78033
38610
73423
47289
271
87115
90435
77934
63408
54427
80992
36240
24059
17362
49251
10076
10759
60222
12517
36900
33154
96741
43132
61542
3390
33039
79313
70746
153
51296
67609
78596
57799
80611
17618
19754
26430
73698
19580
96736
45886
93937
15665
98623
3003
22123
68322
21044
23240
32629
560
59988
95426
84158
45412
74445
43638
21416
89067
32632
38352
93792
75794
14411
97537
55304
47641
87179
47979
92631
50999
37950
63245
77622
43883
24318
93094
59947
99994
19114
95367
48050
70025
60118
9018
72999
28952
40771
28809
44065
64665
19498
60236
55864
14221
64145
41107
66695
93818
82656
42220
87757
27722
20525
11345
99213
43842
6771
68657
16405
20957
25377
13881
40571
92261
6159
70943
55971
74254
2668
98475
85246
93135
85683
17250
3277
36445
99227
20625
93507
6342
73133
13650
86984
29831
77457
53630
51449
51243
42625
83951
14061
98656
66815
57841
95443
49015
25538
79717
33399
59160
54924
44880
92387
13088
42551
5766
90946
98136
70637
59727
65568
15763
94295
29844
90989
42307
97485
41609
1376
27801
53836
5654
68984
65655
89766
2499
81054
74996
46036
41631
44678
38795
98822
31789
82869
96096
74426
2316
19868
35953
34027
86146
70466
42452
85665
24452
64640
36915
10214
23812
29477
43456
12761
58936
70970
5462
12027
37987
85856
15311
59655
15074
71477
59516
61279
87189
56630
39716
73697
44967
72318
53947
53560
68380
74445
22686
35055
41879
89316
64681
54592
86949
51212
63157
73675
74249
39990
24337
15778
97477
3965
44636
30273
14593
7336
72605
15419
66396
25611
76255
91631
39148
12429
90764
97370
27091
38981
34660
3110
81792
99709
98906
23519
49055
22521
171
43750
43935
22705
50908
64671
81917
7481
81136
7013
24082
80769
227
15486
41846
16313
96965
93897
62447
44909
79894
66451
19642
2542
92058
24488
36244
32464
70522
24519
4966
23952
73975
11407
1547
32494
89067
76213
45184
16536
96702
81400
2407
46663
1122
55211
8567
87298
71851
15441
90083
73728
37902
25864
33957
58028
35669
58331
44871
24705
4925
18427
54606
50772
76
59401
74532
13201
15026
71146
59456
41598
40187
81052
28980
14812
72205
2152
18227
23595
68549
18189
72189
37197
31240
56796
20936
77155
57961
95235
6221
42643
67510
72257
18188
92395
19007
22712
74076
46400
27652
23392
57363
88911
71418
45527
43663
75684
80730
73719
96159
93209
1413
99040
64464
41110
3736
78229
70776
66999
47720
99043
74457
43723
27035
55482
17874
37912
55363
96576
47624
96828
10263
7131
19756
38191
8207
16685
77545
19940
3420
40125
86957
13230
46977
2575
25106
51935
33618
67445
76903
69708
78344
5150
65023
65068
76735
56173
60822
87295
17900
89318
97500
21484
94749
79041
9439
99810
69679
47680
25241
84096
25094
50781
99411
81840
53133
80285
85236
22669
31082
72161
62059
98150
3613
2683
41909
51131
58805
51229
92459
5060
29679
41676
78539
31345
4460
53876
15937
62476
14349
77430
93585
6299
46158
5853
10820
48833
51164
7342
34669
27780
69172
54204
55511
94601
44282
73179
50349
3867
62994
31053
12773
95947
64671
74585
14666
33106
64822
17113
44324
18513
90878
68978
59142
61081
67814
319
76308
21223
77858
29542
11983
96231
55204
55628
1599
27257
16755
13156
45596
72113
43019
98466
1208
55768
14416
87086
92588
92721
61904
14580
18878
79638
50869
51705
14700
2336
33315
13192
75511
91012
14932
64010
44527
22779
99021
47315
54007
26139
5405
15065
34421
65377
8978
50976
19032
97104
63031
82705
58086
26130
66830
62793
61601
23165
41638
58253
30230
19857
81529
85596
66146
45214
73125
1148
80160
42755
72741
1910
30291
91409
36715
79294
47277
4942
86652
22827
2074
62741
23080
27717
73068
79098
57188
50748
85571
24939
8198
83540
82713
2226
56540
62238
93191
69112
28202
60355
12312
50532
54750
96409
23208
71904
37330
2808
54008
52220
71037
44998
83761
17740
98038
56110
91570
68812
8070
31600
63159
8228
29928
69298
65832
13255
31456
36211
19420
27989
99734
57664
33256
1601
43182
73664
86761
99724
41092
66122
63049
86992
28521
61206
39344
60057
40213
57393
12875
98253
9032
5802
78258
46637
46337
45289
6904
62195
33529
59071
11540
25755
29
51065
49895
54559
88231
19086
44457
82458
94456
27736
27701
48430
93300
14687
96909
77088
96889
58257
88171
79489
36221
6702
550
46504
66564
97951
58013
32795
87259
70598
82275
94861
23956
61265
5735
98593
14078
25192
43358
11212
49248
69734
23312
27897
63377
41925
380
55366
24887
72626
69736
31627
17723
50559
76489
19803
22693
59223
47211
6114
58810
91948
22653
77583
76206
35532
69149
37228
88583
40530
42907
15592
82736
16249
11405
88053
7158
17036
21071
17933
24163
45560
97300
38640
19476
34307
78797
52872
68441
91989
73109
80557
67465
24020
19159
38597
75936
56175
60540
8515
822
24688
65909
99888
23292
19444
91073
84679
85974
72279
59611
47578
19696
80008
26948
96307
91710
48668
70792
80116
23540
77470
35632
63648
63806
58276
64867
52562
93181
73853
78489
75947
4639
83910
22654
38794
37945
69308
41087
82099
36260
85579
92629
57874
68082
10245
97195
71864
17707
24559
29229
71780
32680
99221
17711
46558
9515
43710
71799
23004
66425
36474
48456
74055
68149
65623
7884
59992
39995
85427
45501
4028
20501
44172
77104
29943
10525
7219
55838
16292
59568
9311
65616
93979
31787
47326
83015
66731
42149
48039
91718
43494
2889
24682
70460
75676
89262
49928
40082
33440
42165
52703
95501
28967
3230
40670
83136
64334
46758
77751
3857
40251
20769
8882
38758
15516
99921
958
90028
20556
39649
25986
40036
39188
88896
52114
54730
77422
51741
98109
26435
63876
15355
37155
23811
70071
75665
12548
729
16860
93729
17652
69271
44544
22066
61770
16705
36013
269
98424
25937
96837
35217
98132
11813
1610
86739
3061
76454
10592
29045
83642
80821
73674
58337
11076
48052
15921
27427
66883
93231
80355
65217
38574
81701
95992
61495
29868
29943
28112
21235
18288
53099
43961
17482
20514
66269
69196
25269
53143
98371
17462
97900
12930
38524
39860
20220
43812
15828
6712
81352
10143
71958
54185
63258
65129
42287
57831
22308
49948
23035
68299
61336
66218
93550
23276
31968
32078
36097
17438
5914
60093
79766
20309
63156
61243
89386
21480
88576
50953
22295
38641
40788
16060
86659
39536
81697
89386
94312
14575
79469
40446
48449
14497
10415
38315
44333
14403
15015
91004
90819
65860
57143
70249
71539
6753
26978
49319
42293
22889
12096
9143
80400
50879
34587
33150
53512
38814
34121
48468
56485
87895
5030
81461
24253
6869
41964
71926
10749
57698
96306
23474
57657
54338
20703
64354
12141
40541
38506
33290
38895
14683
52432
62000
16436
93575
41872
93832
46139
68246
92038
23051
56922
10465
73954
86534
19523
95277
20004
60367
90546
12172
68439
28594
78198
74620
15239
66217
13369
55950
49472
4458
82318
74209
41637
77210
47190
78445
63561
48735
27919
70811
20397
91668
46138
58129
30455
80341
34439
61004
98827
85946
90495
85158
92392
44833
40814
87543
35458
57988
41355
8439
37720
35081
2533
69249
50546
25528
67948
90260
39064
35303
12729
9683
50385
93329
78042
41932
44087
80742
26334
95958
37299
82300
93913
62963
33563
38019
81589
24373
95973
9238
74838
96349
69382
32140
31048
90206
28171
78254
40327
19296
46227
55236
16043
12929
69703
91241
84398
89270
73527
77949
46779
25199
40627
568
62452
60440
19234
70971
77344
46811
25155
28995
25935
2371
92477
38999
65100
76412
86629
93921
54494
67254
77260
35290
34458
82376
64578
64957
4713
3154
50923
10493
40978
90714
33020
21234
86947
6136
77555
41871
25409
87341
3664
98895
18058
89710
91187
94094
75747
29311
89779
74388
42147
59674
16152
47852
33819
19150
64790
52691
54880
10596
79591
58443
92791
58397
72292
18863
23483
62712
12416
20609
80910
80944
71233
92799
28218
70849
67771
23061
52643
14091
89290
24619
82123
97231
73835
14879
31169
97014
24088
36526
55015
70865
81215
68011
11934
53563
99135
7090
43920
82939
27134
57654
29850
29990
27177
48598
37428
92641
34216
463
27294
64548
60637
14571
89481
80825
24825
4311
68960
19684
32540
97906
61457
58397
40039
73281
5179
36024
91839
34623
24469
68262
2273
85234
21593
74964
31868
90009
10892
32369
18959
97793
51242
49358
73952
66775
28018
10141
54454
93495
83084
91356
69940
81443
72435
87339
16691
2160
85955
7480
73947
63386
28607
11996
85789
45752
18911
82015
87471
2442
2645
57302
46853
35663
32603
84973
62920
89427
60986
3167
71094
25093
79513
73090
38327
59814
92608
78048
55223
28509
2536
20095
43684
30376
29922
96034
24742
94285
60256
38217
50453
7919
40932
78868
1500
34844
80355
11813
42985
55299
54165
91074
96269
13635
23003
68762
33654
94398
49262
48863
59782
57548
4640
84689
38096
24364
45649
70300
89199
77366
84881
94487
57955
59467
54380
53966
44489
24334
6999
20858
82325
42508
35382
34059
70703
60918
46983
60391
18599
46063
22094
47949
84630
8385
61310
18482
22739
64554
44737
38541
5006
36788
57604
32558
2284
54691
95266
15496
640
82855
18828
3280
85666
21105
24626
45245
21903
54754
64816
60463
28861
77918
55479
14189
8249
31712
51798
35847
95935
24903
13766
75929
47925
89710
89135
83376
86565
48698
54522
80839
16501
66316
37524
56139
98148
1526
67772
2845
29443
94794
31178
79029
84365
11982
49723
23428
2565
37196
73149
82386
53195
29574
82931
83813
59226
84710
35909
16739
44865
55380
55592
24143
1211
56129
52773
43823
38382
26975
77385
19438
35421
83475
21161
89566
83018
77827
38575
51189
22732
41578
39013
12024
98888
59467
9885
29109
93711
14018
17498
80458
57940
78869
58271
61155
56968
58889
59026
11776
51572
47793
73357
50453
3570
27682
97857
27852
30185
80546
92902
51557
22851
77406
9636
5533
85388
62586
38103
53548
52713
89124
93411
32776
71827
18882
90452
28680
42799
8681
59760
76099
93707
86927
34395
59766
7191
23768
41062
89604
21789
77037
26966
19831
77790
55180
47660
1253
34059
11960
49590
34863
65884
54320
73810
85955
90033
55293
22554
78465
95235
40869
15633
98138
66630
5630
96520
89908
31134
35068
51885
93834
10298
22570
50992
89584
29041
599
72403
30773
47224
29032
90222
32289
94429
29036
58813
61341
88707
90253
6342
82066
29466
64737
33098
18602
84186
9312
64296
7635
51676
85456
34824
44962
7989
25661
87979
44308
36688
81700
5356
35983
38471
42030
73075
2247
97598
73626
26166
24796
54460
53171
85356
15553
17510
42209
44080
74775
9370
37275
1774
70456
66917
12698
53869
27952
73089
54984
40569
30758
8239
43799
65100
7448
52044
75215
87096
32932
53331
65727
98451
46179
59632
94069
6208
89775
61340
83656
91510
11846
84186
92594
50639
50279
86828
23388
2543
67609
84147
91089
38511
37834
78849
81492
2501
69557
65980
5806
34706
78013
60402
63
42311
42966
98580
10870
66901
46019
92080
82492
9712
60985
17935
23178
33727
79907
6535
5786
11490
90079
13630
93659
34304
11749
39484
38591
52621
5224
22699
70031
58388
82197
11054
33406
45319
60504
6683
28570
66016
40607
67926
32255
25106
62486
49964
92037
96433
56656
4649
91418
53659
12039
4214
80875
46721
49307
30930
94171
26902
9142
72268
16726
12563
67537
10554
18399
61349
56527
91322
45062
39860
551
12610
31541
49872
2815
87205
15081
51738
66931
95909
63870
72556
50325
48080
9860
70758
63951
85753
41965
5718
47876
75827
15720
38915
46196
85484
776
97110
38654
31108
48957
33190
2752
83400
58852
32415
14970
16175
73658
66894
53456
88753
45292
8107
93838
67007
42
17218
46278
3395
57753
54848
34036
41813
8104
90776
28547
22582
36251
52719
20617
36141
51235
39658
83981
83420
66094
785
43689
73406
9082
48064
85226
13535
13733
74506
43060
9944
8545
51435
97315
73221
58211
38536
52588
4101
47770
75429
23138
27150
5404
3427
17012
23690
88892
12307
63731
3506
40120
59132
72082
8581
8271
86757
37414
41220
34672
90399
30093
22446
15789
81746
70731
14355
47759
45795
37711
65655
84835
94526
66580
30246
33777
31622
71235
75022
60653
9206
46902
88253
3046
31827
98647
53272
73244
71504
57639
38132
19600
61053
40891
80757
61235
59694
7937
26977
60640
60451
20032
51392
38437
38905
27069
50035
6172
72940
42074
91310
67385
56295
86521
51731
29660
7786
39230
16971
81734
24855
74898
11172
84328
41785
32484
81410
74870
97265
80234
66083
85339
91614
20645
59252
13318
28680
37826
41
4418
41577
19709
94205
17284
83737
46432
15494
1725
32469
99497
21427
78832
23851
94858
72742
32477
24453
36042
11816
24251
48687
5609
22925
88004
69895
50080
71429
3882
75040
89703
35196
73927
86066
2256
43727
35763
75713
54832
63563
97615
85609
37758
98756
79870
47715
72404
28846
42451
3319
89523
61916
40932
74686
27299
45267
50910
83922
55959
47465
45811
89204
35471
79392
62767
28025
1719
51769
74696
11955
59661
3350
18836
70136
12768
56785
2452
23473
68659
21490
92173
31265
88865
47633
29751
85744
44987
16264
42639
33555
73709
42900
33159
9305
18686
88936
38590
76660
10486
45614
59082
71778
56602
8955
2832
56024
91059
26414
26070
64202
52556
76005
38257
20793
1466
75387
88312
69721
44246
74050
3289
23390
25958
42489
19465
94563
67066
64810
78071
13654
97233
76131
98458
64451
18940
55950
3497
35324
73850
61744
66409
76290
21475
37274
51169
20914
49152
71247
13097
82127
94967
69811
77761
38375
75941
4524
2590
86437
24900
70009
87039
68275
61484
10571
21278
54762
69206
52995
25249
79288
63355
34794
73456
20940
48187
27239
21186
69632
53433
31009
30256
20740
97091
84817
49611
96195
62288
19714
89801
69780
17282
73672
56634
79231
21356
51802
55801
63978
99853
81294
77662
75872
48665
54064
15376
32125
97816
7646
2103
7864
48360
4099
29360
44652
78974
4174
53786
61637
4170
44686
64814
84612
87960
22316
17451
15919
39827
94981
66639
67896
3012
18307
79873
36616
2104
41207
17003
70536
20159
64085
9382
34348
59441
12875
5485
79548
10347
80351
73588
23265
22423
86533
69681
54248
32522
52314
31608
98997
86086
25120
74308
52040
49280
14582
38385
65669
58684
31538
49511
64802
46612
27966
8881
22002
79095
74925
55212
49160
67918
20728
83803
81131
47387
11034
21335
31349
8986
78532
13603
487
51753
1149
93949
31245
93828
5786
89105
30889
87785
85494
11176
59775
44218
56270
72605
58908
93696
9820
97296
60260
64621
15853
96308
29495
57178
18273
90147
60319
25487
58815
23697
10488
16641
66418
7997
10044
96949
14340
14660
48042
17123
71094
41072
1138
59861
94521
94222
18048
43631
12396
12669
32067
64201
75378
15362
87065
71864
25583
67865
57625
36171
83679
57382
28700
24112
29331
41673
40136
20982
15177
7727
52603
99886
8294
40229
39665
36043
17651
20648
84369
27400
83442
11000
59066
95944
51867
29963
67526
61721
50583
28381
22936
1618
11032
21829
9991
69499
33939
88771
18663
76268
94875
60566
29936
97678
51643
93002
26509
84093
86800
77998
8708
44399
88545
31044
54717
18254
59708
34129
17712
74913
19790
94228
22895
6537
89630
77619
18414
12583
20806
23921
18155
43483
5743
84220
36861
57575
233
44963
44509
63569
14820
95365
90123
49032
25293
53093
28575
606
78120
98713
28781
99380
8135
28609
67348
72787
62148
16500
31491
25142
43233
81494
4456
61349
80569
86631
97943
25117
13250
31957
92147
33547
18786
22961
64956
56087
69579
77919
73237
87069
34805
54791
80432
93206
73238
53288
94681
47925
22400
37132
40380
42446
71863
88279
22803
90737
76909
29465
40336
29396
3772
16611
43780
46574
61088
33622
7945
93920
13903
99575
90354
10894
73685
14110
9069
63659
36944
55534
98674
7315
23237
40511
98412
82513
23837
28215
71872
44129
80159
62103
23486
73264
36267
6833
91459
43455
95760
82200
91016
74311
17483
62927
8235
43510
85054
64644
76313
67543
8776
53622
64468
62576
16582
74320
63622
5797
31270
79130
74915
91482
87107
85285
21844
30229
87874
16356
30309
78114
68808
1146
37772
75536
81078
65998
18388
74456
88994
72379
94150
9278
93139
71524
46035
85489
46040
78725
28033
73452
63206
79652
93583
15103
48269
88134
37030
11879
76917
90910
60094
25049
74714
35745
17418
96831
33601
77845
23777
76665
44726
7272
48554
9349
38436
19324
85475
36345
40816
48384
53486
96972
90674
86362
71545
6324
25296
51328
61128
91051
58969
43749
79393
82283
1531
48241
52628
53112
61698
52202
56965
4573
66062
89902
67159
21422
17103
50115
42999
42348
40192
14149
26946
51816
21565
12062
67956
64031
19746
7285
5902
62819
4609
54909
95971
9722
95679
63501
32255
95807
51116
91248
6197
92039
60894
84307
65283
38078
33097
89916
97668
98704
8637
71802
26130
84291
25787
66871
89909
14849
55285
13673
97613
63124
10146
14408
46104
10186
84506
99931
39872
55704
67252
86891
80548
1339
27738
73145
19649
90489
94885
44075
13533
65030
94043
81409
51761
15139
1313
35142
98384
53440
78430
69474
35864
72386
61103
61900
31987
96800
67616
56381
50666
10023
85869
46784
50311
70078
59958
80933
24230
75076
12120
91157
23704
55541
11182
97375
4755
85419
75779
18737
27641
22688
29074
60707
23714
62290
6652
21197
82569
88576
65957
37144
47953
75281
93804
95954
22674
27412
72453
63259
836
88577
26997
24380
28870
8190
19241
87352
95436
33694
20052
34363
61763
77509
98723
32367
39809
25670
74238
31245
32462
72237
6973
82000
71561
38840
39844
16005
47353
75488
86973
9471
46545
39157
69296
42183
84830
92872
4450
27120
32272
31874
93576
93608
28418
74097
22054
71787
83656
16868
76904
35506
9813
43179
219
81512
53126
32609
88297
74397
39279
71014
72592
47828
52223
18757
29758
6455
49746
18708
62444
39050
42643
17754
54515
18813
95052
42795
25359
69147
13868
60718
26222
40735
56723
14559
49045
19398
19741
61777
24624
56703
62056
73931
46708
9407
72356
47699
87955
66258
22295
98633
14650
55595
87594
37162
67082
12701
33235
84501
6418
74946
74015
51881
7109
77560
60508
87277
20029
63660
13440
28522
63756
10958
48602
28915
27419
47300
33267
677
11329
47323
57792
9289
8065
57175
12391
84694
6369
90892
38284
19891
22210
28965
47927
57402
40001
34242
81027
71736
46601
50207
97285
90641
74002
89326
97015
32225
17498
49159
10880
70397
92382
41622
22370
42808
1878
87922
87296
1218
94955
71950
80554
43946
42645
42793
33414
95140
55861
8576
8989
3205
26891
51714
44575
683
7413
20100
54580
94906
3269
68555
46880
78017
18654
30023
59729
39451
50059
27584
4264
86322
69724
99496
30242
65981
59293
50063
94498
11658
23957
14742
20317
76247
70232
69787
65602
45402
92905
46195
93348
44161
68720
67926
30629
6772
37460
70419
12288
91990
90933
92228
94675
20362
15048
32541
97512
7825
78384
42974
35838
21522
92469
93832
6777
23699
54244
63308
48354
83972
5027
57503
41148
19195
77359
31274
6917
13209
67892
2589
73157
140
32712
23811
68406
50510
89700
37073
93295
83722
87040
96633
86479
29694
106
10139
24675
96476
16099
51034
71348
17323
77238
7980
36880
56171
98230
70219
49459
30806
36499
36778
25201
45793
25880
8545
63235
866
89316
82345
60140
42155
3
8611
38503
31700
67848
36658
1583
4279
1545
32137
30410
41781
23543
59295
90291
85878
3449
32511
40099
51182
16836
55228
74459
34650
84377
84130
58992
99402
20827
67335
3603
52921
32427
97409
80540
45943
6978
24465
10194
26311
49994
48285
72186
84772
39225
76507
51578
16735
24363
24008
82953
26628
23516
84857
7125
76891
26335
43081
71215
10730
41373
37458
26391
7063
20461
63287
640
40138
78316
97789
16544
30065
53722
63673
21463
2814
93585
33956
83577
16043
97474
96652
58841
6846
73645
31940
42771
65063
98205
57628
27798
85702
11071
96843
66829
63945
15069
40712
18601
42739
18683
61880
13613
62009
36780
70242
35349
1830
34482
87647
45667
94814
50736
98957
94535
42271
73838
35106
72779
60195
49257
67997
39608
67778
14036
45464
3593
25653
58223
16954
54954
11989
96546
89417
78348
95394
40726
59900
67624
48671
66640
27022
94733
87067
12331
47215
74184
5259
23665
84117
31471
89586
24053
57681
5034
65282
53008
11836
32062
58524
66935
71215
43863
24564
73269
86993
97714
33616
95466
23819
7108
55919
45535
58648
65131
52838
14533
88152
143
97989
42794
87780
52467
87417
5303
43035
41214
98666
66952
92315
23297
76613
48712
49100
68229
56436
8009
3670
1810
54344
49757
33202
11742
92473
57621
52926
67600
8356
47091
522
59504
41747
98221
74928
39501
81627
41985
66209
138
77183
89551
22457
40166
4977
41208
8564
71398
97785
68209
39739
47777
7310
52228
30775
67624
98241
85315
57318
14353
59801
9481
71818
60159
1976
91663
46430
75279
87133
44200
20645
27776
70691
43258
251
34208
37607
48697
97421
40144
60135
34690
79300
12659
72997
24753
89276
25528
93802
74687
52467
48641
35304
96315
95676
70672
14840
43268
89203
6445
47202
61408
10732
40790
25339
27068
77892
81412
11657
90177
38809
64245
3073
61391
72117
86108
56753
53657
95141
44129
75930
4252
27657
33206
69589
61501
80868
27799
14967
53726
46898
39549
48463
80221
44025
13567
41676
23498
74617
18853
3355
73218
80925
69227
18605
13356
73875
39343
23672
5968
82840
98135
26324
5519
82828
24961
1318
2979
44517
86185
11865
62708
14240
25680
65832
3699
61394
15535
14872
81047
1468
18361
13186
64977
22013
9349
18734
59374
19361
92064
74555
47146
94391
56654
4316
19243
98977
61401
75900
24321
35141
64632
89538
2039
89920
5181
15663
68438
28665
77051
66308
17751
10899
44689
3553
39907
30429
95384
78793
10153
86756
59397
44417
2106
75080
93755
69142
54373
33227
47696
24542
82314
5318
69146
32758
12509
89622
63030
71531
8570
787
87317
42933
47391
94785
83428
58429
53546
92800
37366
53184
76559
78494
93008
70987
32182
6925
71152
57254
46224
86062
6459
1581
96948
16076
79842
13017
71770
44646
54992
20926
6610
65732
37235
87853
95970
50667
4356
46426
65979
55371
73077
46872
7990
58645
2262
7776
71729
14826
49315
16240
70176
24047
60910
30768
31025
7261
47332
17487
34912
31733
64575
86476
76756
77264
96168
11410
40852
83828
61830
87611
20298
44386
40423
22805
32562
74156
24266
56193
798
10469
23527
81208
3658
74705
15292
58888
79350
79483
54869
19421
4390
72133
96150
69851
35026
30970
80808
86310
70986
61248
77790
27524
54378
46953
88386
36155
62966
1800
35585
40341
90034
72416
55664
7778
92705
78776
34106
1980
78488
31371
35239
44389
45309
41757
82538
60172
16321
16583
29031
57711
6264
64915
30975
78459
69553
1763
31865
51662
85910
58860
47439
33565
32578
67744
45394
94706
52345
45449
18587
98894
46217
86385
8144
41484
95483
54334
12398
32421
96566
95323
11129
11952
52432
51730
12414
66049
98002
70422
43200
36850
66279
23164
9863
47808
1024
42569
64386
83244
20615
50502
244
8386
70494
11409
88674
1302
73684
86478
55736
93994
61763
18938
47923
9292
33385
90752
17934
48796
10688
82148
40428
42124
38652
20636
50302
56480
89505
17631
97234
9652
26271
35541
11513
62621
79051
73966
45203
80775
46171
26704
90969
53950
63901
59304
68135
91657
57108
10817
59780
71824
7664
44626
93967
3902
58826
32881
86568
78241
78937
21957
78104
3630
50387
1082
28190
64194
60388
72974
34038
72900
60612
66344
13768
56774
43896
94184
52523
23562
9959
41849
29716
28160
63383
9987
28159
45
62820
10654
23288
12552
21980
768
85031
88959
63290
18967
19798
72278
14460
95539
79712
50607
52739
14426
16631
55173
4904
5439
53746
71570
86486
64653
32177
5201
58151
41533
12303
66686
51294
72775
40963
87065
71294
4852
29939
79113
20773
85810
53493
68765
3817
8930
82979
88238
5934
54443
97403
16576
85376
82449
82864
583
27443
88992
3504
18566
46357
68290
42771
28979
46861
58096
35805
89495
5490
43493
69840
76977
8618
95758
75089
75162
34430
82366
92693
57155
99894
57790
89479
66778
86262
72578
59001
96076
78900
89206
13797
36804
25301
40311
49215
11506
80580
33982
83001
25798
67566
33335
84818
83995
40733
74416
59964
36914
22510
9389
52552
17203
8465
6392
4593
81752
61469
373
72801
97509
92237
4596
27812
89711
42683
55456
26439
64477
80279
21364
36300
82956
51973
92557
75309
98956
23824
62907
22859
7528
56431
9105
13618
64067
75858
55643
62698
71325
97064
86639
96701
94166
12529
26269
75520
16553
39291
35968
53888
82169
89947
94550
83722
16170
85930
2060
58870
91622
26650
61203
83089
65536
59091
29903
38054
23413
38254
6541
36329
74542
86445
36244
27232
99458
56885
50645
1837
99801
95753
62077
44572
42827
58244
79369
4998
73382
75730
22648
20832
98703
97548
59964
86755
98559
81871
97450
35928
66351
23800
32594
82048
30543
77886
23912
88605
67535
48459
37664
93313
40641
79896
18905
28785
86069
74437
27952
37973
29732
81874
1237
29855
47497
55740
44218
51669
54793
31735
14216
91357
38963
83524
19692
33540
95715
1712
1583
86570
59424
73130
66467
31150
48933
16414
69593
85490
28125
73458
24559
77547
90151
10140
96582
91015
14457
61726
85554
20218
43361
11679
72459
39943
31399
47815
91585
34632
34478
2551
83628
72603
65945
42787
46721
90377
11434
89837
90784
57555
3878
70143
49802
99931
3796
11365
28625
98380
64260
61445
42631
49415
67500
79867
67800
35564
8206
50293
64660
99361
58229
18503
71876
76610
78270
81292
45662
12517
23508
71707
34324
31016
39187
64482
45094
55930
62958
82689
47352
90530
23788
95077
64670
29008
12269
69279
91667
84799
96459
40768
39273
79267
70620
98100
27675
80788
19027
47865
34303
95479
31814
93626
18615
51014
21098
59692
33606
20347
62874
95748
90687
21918
18391
45010
52313
82056
24841
62527
91616
36116
86084
16543
71333
8673
10054
47826
45397
14822
51868
54205
67591
36819
42372
64639
11598
14335
65614
82131
59694
59475
46012
57154
31084
39059
77640
97505
90654
80996
18500
41646
10530
38591
35132
46563
45835
53424
65816
68373
76757
23051
2525
98924
20218
10572
21364
1790
77981
84169
79586
66858
66595
40246
9142
28622
91009
36085
19714
61766
37745
95224
89345
44002
79230
55380
7382
73666
63359
57732
42357
35920
56577
36631
41979
46650
16124
82999
26711
17579
16199
48759
56652
77734
92584
24760
76655
32222
83620
2552
21643
51764
52564
3223
1988
9517
51480
28487
45720
64399
79461
45424
62625
23097
26523
5086
11928
40797
19314
10952
36179
73434
63410
84029
16335
56698
7297
37292
53001
31620
4086
63184
84518
9119
45773
85270
71602
34021
92404
49229
61477
87871
91618
48233
3202
17794
29479
8948
83449
79238
51071
62802
37068
41023
2784
11055
44495
45946
48274
33031
25032
94678
80702
95409
70102
56028
84383
33513
86030
81212
62134
79993
94145
3813
42585
92259
35769
43297
50955
21101
70530
72715
32007
87402
77829
11342
73430
73857
7760
86459
48608
43068
78065
35814
91103
40719
79585
3710
39342
75331
53182
82503
34625
98046
52464
18038
56847
60529
82157
29096
98409
30974
45975
96959
19694
72899
17763
93402
68151
12040
73078
22128
95630
68288
94536
7017
21916
4511
87370
27385
50559
10297
39427
81018
9818
41587
9526
77925
28070
95496
61247
50316
93031
31898
77597
49559
22073
88179
36746
48121
97353
53750
15716
14830
68128
65863
13552
97555
97306
6356
86197
11234
69429
66079
51523
77929
48389
59593
13847
2598
35876
30460
31222
50529
84967
40500
50422
62182
53611
14156
26684
75325
75374
87137
65088
48744
51771
35589
11406
69752
47165
98626
85413
59885
86100
47816
24002
24840
47014
98517
68919
2190
66444
91744
90964
14939
28173
79266
9191
19424
1833
70274
43008
68668
23915
52124
40909
78322
33057
98829
73797
52524
93256
84605
53280
98124
66945
39145
35619
16619
1632
92780
96026
33680
95139
64393
42205
77902
13311
72888
70517
2202
71189
69226
70584
62024
96004
43387
8943
30913
6073
11892
3481
1795
78785
76025
47017
18901
9471
469
96683
15813
31352
73856
34724
11233
40267
44971
96374
33646
62143
7784
22626
15752
84469
15928
18856
3542
86237
82706
94378
56809
57764
68237
56112
57041
97674
79019
3236
70492
7442
47810
98141
59276
39410
68711
22809
36756
26026
74233
58531
59311
43506
58248
41940
96892
32620
14592
27637
8602
92377
73590
65731
79228
47784
55245
95147
26346
49032
3141
16117
24660
18974
81729
17086
12723
49234
65876
48541
34013
71300
91496
52231
12260
69020
88330
17357
20365
76447
23829
87651
75016
63229
86905
74492
60913
34151
99816
22129
85825
42271
51645
75968
83985
42952
29545
47537
25741
63100
19931
67892
53905
16571
66987
10790
37827
61313
89540
73139
780
67793
19852
22677
73364
85293
96081
32602
88889
62664
48401
11555
76748
80242
230
44585
4776
31122
19372
24123
83791
28595
74577
92162
1539
94933
74136
71109
18622
65508
45225
48552
62831
55302
3928
911
1458
66381
98033
63905
88426
14700
90589
86536
96893
54663
6100
60180
57260
43107
71231
36447
60654
93084
75048
22379
30696
10389
5249
54024
83339
4298
77933
94354
86985
56834
38063
26166
13941
61792
77997
75189
75287
87961
64288
33634
24201
56032
21851
58981
35954
69788
65270
1762
33276
18811
80886
6899
96563
21888
45370
61682
40764
56151
58052
93331
92623
20234
41282
89102
66963
97452
94681
66618
35285
1010
69869
74837
52901
46786
92495
95584
7309
34211
47172
13863
84494
51412
68045
78495
41272
22072
71288
61447
91526
77103
79075
44849
45716
65217
95912
20314
36095
1011
13097
98229
44023
16283
86041
9542
9091
94224
20837
47273
5649
93563
76093
64755
97080
79882
15011
47345
37708
87171
59663
39661
46813
49462
28732
75343
87597
29963
32691
14143
16620
62618
37586
77576
44754
1369
43736
52024
97048
23280
83280
96965
53811
33128
42487
28074
2958
86434
80139
55278
17058
70661
36659
87205
41173
68431
6629
12816
20973
33420
7640
23520
31663
89188
90630
36152
84665
25103
65245
84208
59576
7044
99523
69302
60998
46863
97636
80687
76579
4160
10170
73339
52751
53600
69399
93302
35938
61311
74225
38234
17032
42313
59658
27426
69852
21047
64827
45194
60224
77473
81501
73106
81654
95377
67156
12673
47231
44531
32953
86054
81581
13640
90914
7770
13670
85914
816
67329
2264
57194
372
64432
81683
86565
25278
65608
1896
5589
47684
83776
828
89747
30956
52609
13800
66811
33782
83434
12305
76280
5577
99412
10655
96414
12761
31088
71868
2582
57137
87117
23722
40180
20962
61110
40993
28484
50504
15095
55621
22627
72405
33727
32576
11114
85661
69953
67649
14757
1342
41462
47696
34722
99273
67421
96940
12933
45649
59938
97795
16312
35247
75260
49582
22272
81552
41935
34823
65899
43452
17618
4520
44741
43395
59532
60225
3785
8005
14776
82196
58901
670
82503
58385
23510
46093
16932
51337
37378
77920
3314
59090
46757
7966
18258
49398
12371
4784
26657
82488
38109
93261
30590
67588
67550
49376
60329
31154
92725
36536
60007
80503
76429
81900
16450
11271
56247
32393
72814
71339
96825
97337
24870
55930
79040
31217
97332
49112
74129
79160
85455
38376
63902
91439
45343
35247
76884
22306
28924
66567
68432
51497
87252
27868
54674
42395
96876
29991
85417
2096
44766
43076
21998
54224
63008
96434
44365
32637
11109
4934
63550
88955
74653
35948
69810
23256
81752
8444
16681
49307
31943
25653
95296
20397
91299
33304
63591
52286
96487
94308
12593
24182
79672
80297
82245
83130
26694
55787
58865
18422
95530
93333
71806
94413
54671
88983
46654
45210
13645
98430
79330
46753
27824
69679
20168
21400
67223
17887
55314
52140
19385
73330
79602
10257
99298
23854
83041
55657
50938
75419
70063
98096
50087
16793
11316
40514
30153
30270
30917
96073
5187
70539
43906
52775
24186
57162
72045
64989
60277
24518
92341
15510
24644
63302
73680
61747
17982
29063
65959
24531
78946
64149
47115
5502
93983
80390
29061
83310
92463
93076
14411
46843
12638
15925
6031
67458
23976
93689
94673
60753
83904
47391
24821
14449
35758
88147
97231
83536
63920
78984
18331
18955
20289
88430
56649
43380
32406
49552
93973
41062
82469
44525
97013
98722
44257
36497
88331
78756
60064
92688
4858
95015
64061
86526
29174
19090
45049
59310
66036
61822
98685
85573
38208
78372
17498
99161
53454
54984
65297
9451
58728
81180
22991
12702
82150
72850
22064
54036
42523
48675
67653
39908
47212
10197
88144
67289
92027
81931
73131
65642
26786
71919
20200
51345
90780
2933
55987
94763
22173
1036
8116
78539
17633
68454
20593
14715
48066
29825
16208
52624
97507
88945
30682
88968
27433
40300
43739
74275
12106
74450
86854
49627
81053
72311
98550
33378
85489
95183
51567
6359
50202
16565
89698
16164
35141
10711
71631
13078
81965
62721
30245
25146
17318
29668
45925
24145
74743
13539
63877
13711
90821
90170
39600
2966
65066
57580
99018
37002
97444
85767
77522
37457
2537
54838
25632
20809
5049
34947
37645
56709
53452
38150
13746
5926
88746
59215
32137
39762
31897
33100
45744
6579
93649
55
4652
64846
54156
48512
97705
60895
25881
30226
22111
71022
25935
11172
70609
26192
96670
62782
39472
48348
85442
29062
54748
56487
49617
91686
55018
19519
43539
88572
57664
28481
36690
59902
30909
68504
33703
75687
6391
86323
27731
57091
16444
34817
73263
68435
29946
15019
15355
94365
24474
31182
80723
10035
32230
53811
99584
5630
44396
63245
33770
59974
5082
61999
3755
49921
6153
77895
84063
98359
88087
88859
71896
90861
61964
66846
89869
4182
50078
83439
17266
80914
65072
18255
13283
77025
3157
15357
84283
93961
98290
35599
87713
23520
48322
81327
10657
70102
44531
54416
13753
35041
98189
57771
23338
73447
61011
55418
71086
86786
66338
25040
36617
69235
83222
92020
7991
98790
45772
42936
92805
66909
77314
7482
36764
15387
99483
29270
32728
31280
48895
31974
70136
96700
69150
54231
74925
74946
45109
28361
14453
33194
31593
45410
1761
275
6193
95728
17746
90867
53808
54298
32323
748
51359
53985
95008
93454
69226
13944
10356
36579
95473
85629
36736
95162
31438
11795
45575
90323
91862
67805
8486
39332
69464
65433
80097
34374
11811
93079
7225
72191
7077
31669
63193
72268
89453
63289
4976
95403
25394
61353
3289
58563
44332
94122
4277
90608
83680
42995
77083
41775
88634
74125
50757
4834
55571
85961
13708
57600
43377
74430
83150
93308
40142
10846
96747
57264
49072
32916
96208
27495
52471
54973
6602
57700
4886
30560
62940
63346
80857
88202
44428
79560
35781
6378
37111
97720
92541
61350
80037
36789
75680
11129
47511
81823
69135
50761
68029
96525
10508
78825
55044
94997
24767
33096
46252
78298
45426
59571
51992
90067
69788
50478
50303
75956
27483
86378
94655
97052
13050
65188
12497
37434
70802
72762
15543
8508
5965
61835
38514
42197
27045
15497
25457
1642
93003
71293
5475
2106
90404
17336
79693
29928
46446
60114
65816
83078
8608
30209
69537
6335
40143
64886
97044
70145
34093
10775
3827
3334
57707
49397
42959
55294
85600
63339
84634
23450
53826
38994
79827
48567
92560
77954
18816
13220
38546
23273
71770
83826
90936
77953
76738
32344
46656
74002
8562
40224
41683
21348
19630
45010
66223
63070
11512
69114
34111
78016
86083
66040
83653
92121
79424
47205
80218
20934
54196
7165
48333
34920
46123
39405
78119
81697
2757
14553
19088
42346
43342
85546
21002
9236
2124
63955
83898
14041
23377
50975
53991
76286
41008
96313
18971
74440
10765
40312
93894
1367
89549
35236
18754
24899
70253
80905
35538
11858
4910
54583
55171
13140
5837
4979
50004
43451
30257
86078
20434
96410
1150
29856
81084
12696
52742
26801
88390
18481
20223
57764
79832
53930
40912
55376
74294
66415
28581
13820
65115
18026
63521
30854
31294
46882
77043
7824
78583
50382
18978
40935
27643
25492
85762
91537
37090
72899
56744
74387
52778
8009
4538
56733
43925
85106
3807
59027
7213
72382
28886
32024
63399
93661
28835
60409
87269
28617
676
68243
66806
33344
96578
61634
20696
51261
3042
21415
45982
66898
60827
16980
35532
21828
11906
98936
75135
95459
92576
47298
32778
99461
15974
81171
97178
46238
73655
15141
66491
63933
52867
71794
79924
60390
86741
63586
22926
50375
27234
47508
91698
53370
76481
46568
75375
6422
95610
92775
47547
10258
18839
24176
75441
92791
38743
95072
96953
67489
89761
50589
36965
67154
47894
12223
65623
78547
22655
47708
94240
62536
19782
31150
30019
34990
50432
1986
120
46291
41895
40320
91917
89202
42118
3346
58599
71114
77902
48788
18886
12859
4518
40086
85958
43932
74591
14960
38978
79963
16773
37187
34035
72722
65073
27048
5238
64706
69051
96183
44971
46767
99437
98230
29497
26264
10547
99356
41648
18001
92495
70241
6374
97407
77737
70532
95523
16975
36099
47352
49656
63667
9802
65740
85962
68570
30504
21846
71949
39371
48535
76027
20715
14526
50352
78109
91716
81463
55489
95906
75087
15359
28957
15709
54686
64449
494
76219
24351
5918
3941
2763
73183
29102
11826
70507
98954
12820
58095
42060
58125
8092
28758
23777
28349
83283
80916
9865
83888
98979
61781
51319
37512
32106
30750
3834
24272
7126
90553
3470
88735
90591
60971
36830
68090
99873
88066
36435
6454
72660
13130
91454
45883
80522
71135
60286
39940
71780
97596
95439
54914
28273
22706
44655
41600
38756
94164
17294
75394
28113
40687
44146
64327
26533
38519
30403
38893
46559
67581
74233
96499
98734
64348
25089
60825
84456
11091
55270
42276
85059
73613
7298
58175
11412
88828
30080
54683
58947
26596
59212
65878
35911
79955
34554
54297
74723
42414
37360
85084
88796
51335
22769
16356
42806
88459
50919
15565
25258
29015
39308
97698
17222
6219
11893
85705
24353
1559
11740
55612
99705
63570
28168
21138
62923
55177
6875
63836
3694
44276
8152
19467
47373
90372
46671
33422
43327
87961
2662
25337
25413
10416
6565
33122
44639
57338
54238
77221
2667
53287
94200
86088
84059
24705
64311
1912
85522
5238
4105
4562
69370
74253
98223
88862
8293
63353
60262
48917
82367
51531
7505
26851
16844
89953
68293
46247
6179
53981
67440
69720
84742
66833
87975
43938
60509
46678
32299
42382
84142
61244
49399
56223
20124
44444
19465
67929
36857
91497
13994
67836
92200
27716
72252
91246
13364
37519
49887
9142
90246
37433
27008
3684
10503
81336
88734
16143
371
33109
8058
53303
87126
3041
78938
43848
95910
46726
43834
51584
36412
1944
88977
36167
20688
90250
51739
34621
70480
75357
51304
85234
23292
6802
46464
20815
99233
79489
64433
55698
6577
19810
16823
30102
72827
88745
94598
68401
48845
8303
15415
38775
42658
14059
6829
54491
7945
33023
99202
24566
88852
20879
3859
29216
52569
27692
50437
69307
86697
33774
28691
112
39274
87777
27829
56817
37236
64534
47438
56669
12580
7195
30994
80258
60736
88613
60210
89660
9224
74920
66214
53436
25237
29705
6742
84004
59281
86187
89060
64174
39474
77701
9529
11724
23956
7893
16651
523
89042
23566
24647
79121
58529
30989
30977
86917
37865
67210
44214
95565
59905
10665
19162
69266
61542
27919
41666
26017
2456
6066
66320
9835
46833
48874
2455
48971
7202
2564
65930
50663
90091
16213
83653
68752
31703
40810
56919
51140
78770
74590
26667
84819
37640
2342
3410
44510
65020
11846
20078
25755
42273
94982
87709
90325
87928
20575
33376
22993
94951
69872
33767
32523
8818
58477
38747
62623
9881
33270
21288
8611
14894
62118
50117
58577
50257
4354
93186
18755
92106
22577
88364
20215
59522
23051
92895
56370
43838
39786
95177
50593
91224
75613
96983
98298
86364
55260
31358
24257
24157
54805
74664
2470
98162
46853
40026
34444
69872
59874
36318
24549
28676
69781
2097
71672
23693
26629
56746
31013
3156
53710
21158
79967
15594
40561
74605
43256
62844
94757
32706
88731
70101
81291
3404
49522
32176
22623
95580
36295
78297
96138
19290
76520
28671
79316
5456
1827
4375
80983
38899
61169
43248
60975
52266
43600
55695
97486
44476
15849
36423
19340
46458
39568
13014
987
42982
61641
27967
21400
84831
63943
87583
11358
61738
9007
38190
41076
48863
63260
67765
47207
72749
71388
6950
96626
73898
82040
16732
74233
41978
18321
13360
51222
98491
8325
83797
44522
67084
85584
64464
77493
91640
73775
59288
74945
62083
54976
81478
98873
28143
86246
12697
86135
84747
96233
87625
47450
44601
98618
71429
15734
99035
54099
74507
98374
20985
89629
19844
52796
81681
45163
6234
7449
32347
8420
98870
3000
58136
13694
68858
4069
25431
11942
28280
15692
34883
33116
42381
80971
16365
50458
39678
95593
16177
12853
34669
9568
78343
44317
12920
24629
23785
40191
91342
45609
22364
68201
79630
47112
87901
57805
99263
80446
26313
53759
74694
35241
22056
55513
64583
39370
39256
68542
70523
35797
42194
2330
16521
80744
26
85320
83813
85977
32488
44014
96610
93479
16270
82563
58133
91122
81702
41745
68359
1863
34938
92278
30871
73236
28879
62980
84522
47066
63310
15943
33711
66943
54128
37990
66452
61443
57094
18947
65854
71595
77506
57822
3817
73817
12294
39638
90237
30397
21799
87918
85737
30212
83613
47406
38302
7535
11242
44384
45738
14047
6532
75131
51952
9163
75681
26590
88737
55956
31198
85266
15225
62864
88940
49073
59640
35010
63000
34021
83899
22571
66037
23272
34166
35354
74951
22443
24305
54303
63791
90515
74908
91229
69198
73438
71664
97341
63256
89316
85156
97503
23511
70232
11881
87116
48313
28460
20194
9223
84951
70804
54467
55394
89922
40804
52389
6156
65676
70675
21411
29576
11920
23680
12916
34137
16160
19347
76325
76089
34185
82653
45650
17129
74341
82329
89153
5826
46236
78292
91196
33419
58232
71464
84041
36996
25444
13348
43623
45406
17567
84808
69991
17773
45091
91147
55845
85910
85325
27903
89249
20770
7880
40557
48190
30901
71739
21082
52087
66200
34059
35755
67193
13458
39406
86949
32385
52309
51022
50541
42194
86645
24661
43534
78642
23571
31387
91929
55267
54168
18858
26118
15193
46525
23754
63416
22269
91015
58222
89951
26333
56080
25785
60311
33709
98240
814
78030
35550
7323
96436
22531
3993
14995
72994
29994
20633
50846
67724
69292
30338
70723
67722
9131
9762
10638
73954
79266
58082
8035
37169
2987
26600
75087
93979
57851
35757
78682
81420
37448
37814
75960
47946
43210
56945
57087
9306
25599
88110
14034
80491
85673
4599
47036
68002
12850
18446
17369
94627
51792
10145
82318
97465
52227
59436
88953
83235
19802
91020
515
96700
95670
82395
65617
17444
22087
24365
25914
60528
55634
66022
25619
31018
63316
72822
12518
59750
39232
41586
67073
53763
44228
64847
75755
5114
17898
9085
1969
66695
55482
22239
14495
94673
33853
13475
68970
97335
24732
57378
85737
11288
46694
10965
85220
82175
38129
7025
64933
43018
59672
56385
93324
84981
11811
2431
76350
43912
57605
90383
47229
38362
19262
97784
27858
3679
15008
57120
85383
93909
18222
42115
86385
48552
52256
53519
75627
75453
35876
78079
87294
76417
74815
44721
24188
32366
68369
4678
1228
57686
3735
72150
25791
79279
49225
26030
73057
11836
89667
62567
77643
15636
8802
48676
86774
82514
55492
19976
11370
99992
21329
49169
25908
45568
85177
79893
98805
4768
65107
9847
94359
92537
39845
47494
81884
61404
2529
25203
28687
99866
34220
71468
32891
19815
80890
69338
78650
32746
23861
77555
45189
21156
38941
99325
34923
75962
99945
19168
60957
97760
41643
44135
95430
6052
19858
41907
92439
41685
65769
14331
10528
43982
49277
323
73339
34274
46555
36888
52387
41541
24600
49958
74210
4821
28362
38934
83911
97476
25779
86088
38742
86691
7487
16745
19770
25580
15299
84624
10902
93836
96645
43194
76409
70251
23418
96160
24015
51898
27146
26547
61108
68855
59280
89108
75075
46496
95005
4369
97357
36946
8253
29631
1254
71036
28465
44305
42137
60901
21691
86963
58075
79383
73337
28901
21309
60774
55080
60119
93819
83841
96329
74494
59569
81748
24673
51824
84077
14391
91931
24481
38944
46039
53288
36667
85007
9983
27239
53363
44390
60291
43935
63790
67243
58280
28008
33360
37232
82419
92650
58748
33730
71117
57182
14573
59615
58127
59985
45263
42724
17456
69350
71867
47876
22600
37722
53966
99253
72832
88771
95877
30533
92057
22610
31158
90794
36917
35192
59950
8598
78053
65413
19555
39145
51088
11499
9589
76737
84989
20385
33894
4652
16286
73828
14930
16222
3769
12439
32685
97278
13332
12587
10072
5658
83931
24793
28832
83131
39345
17004
60275
43476
51409
14461
65215
29364
67872
46806
57385
9563
38258
4215
93223
89736
42645
94967
56603
22065
48797
12866
31468
30348
78957
20929
92418
91434
6175
41208
2622
39428
17776
5128
76468
23981
79851
81749
64742
22151
21296
1122
4094
94097
89825
20951
92359
17790
98345
27205
73864
34497
28233
12992
91071
65764
74945
62763
18742
21848
10647
80594
29861
79847
17127
19632
9924
37797
37127
50065
90602
20037
59765
92594
15815
56296
12543
82021
27098
71216
77199
1104
76624
72530
71985
19444
69498
20266
79618
40972
56329
39017
80888
5004
19145
91497
80712
88200
9239
48993
62264
41142
9152
38867
93441
77836
92056
73987
96064
32387
43476
39139
82681
75038
51044
76105
19976
9091
44880
92130
32710
2695
8814
38431
90997
45961
87806
77485
24457
29364
930
51844
18322
30088
42428
31733
2281
60659
70310
88070
46167
52152
15625
23194
52317
14609
87642
7113
867
88465
887
92271
74977
50978
37594
65216
2563
92365
30007
69369
21436
78041
39352
92882
33771
34314
65139
26223
48034
25738
23332
37526
91161
68102
12204
90203
96014
65167
64902
31702
27830
16833
27042
6742
91621
70496
14144
23343
26998
44797
62570
75631
87639
44249
99406
77839
66420
55265
7607
453
48383
8215
11079
78293
6361
51633
49843
37448
88288
46650
44699
34485
42516
47319
48740
89051
43495
9189
65204
88689
56737
41565
77769
79092
76173
10361
55735
14112
82692
58160
71900
59834
36820
22813
96418
58666
80236
42974
38928
23078
94567
41528
10669
44841
72306
51800
45138
89538
67516
39380
1707
51401
41721
67504
41162
53996
41875
94237
21063
21768
59437
37244
75928
52627
17365
41472
46313
45846
82278
10833
78041
72632
47607
52236
34737
29718
53988
27367
42017
94446
46615
23859
36792
9275
7698
67227
29087
97435
12475
72905
36435
78187
68388
90120
41534
51636
8790
17924
78545
41727
3355
40237
60864
68932
94469
55482
84698
47584
23549
4809
59811
65573
52683
79685
89455
77867
83327
24769
29438
96804
64763
50113
22479
82189
48573
6521
45154
58337
79916
93484
64973
68072
99678
21206
29850
85388
91715
7813
29148
3468
32146
73250
71213
29865
87982
97902
44581
31485
16277
47687
12921
13484
90949
2666
64333
86387
14187
754
61527
89501
25354
62366
27506
39029
41956
49265
60603
19029
71175
80755
48876
14205
35735
37621
81235
82175
68724
40850
14958
30102
3784
17553
34885
84311
49903
23462
59491
63488
63011
76824
35379
37198
34211
91165
56019
35754
68160
59490
25719
16003
6756
63559
27357
25719
72511
43239
64009
3370
25359
48213
41437
9850
92075
46785
93174
90217
14252
21306
81061
26361
56761
35342
33576
43990
95469
26797
71813
88492
76071
23340
71106
31386
64398
64709
33252
38622
99551
84155
23939
11728
57621
37019
29670
22955
6611
14462
81952
24421
47632
37547
87590
45568
1984
80409
70539
51513
67387
25906
94779
24286
17549
62676
91888
63229
71321
95505
49300
4087
33610
60374
64532
11443
40856
92136
24989
30575
53075
77642
48726
96977
46992
21371
48314
24443
99117
51933
66960
31549
30754
74608
74345
89445
99877
75613
661
39153
19354
52399
73090
95333
83830
37083
12402
39832
7246
3552
74807
57641
14593
79913
18414
20623
64094
83568
64022
4333
97747
6973
65419
55877
22516
44171
87652
72227
56132
28620
29925
93530
54851
16003
35297
14796
72245
52751
34479
97187
25482
57671
43624
16957
54287
82624
53307
31108
57488
61772
7117
72667
32616
28413
10128
48628
22439
38919
87039
98398
71678
62340
77811
13564
33514
46961
69669
25969
13499
41813
75809
24375
69792
93633
50147
29904
77585
76979
9008
27187
11097
98773
86228
74152
33117
29826
18163
30255
18253
27241
16654
28889
14279
14602
87989
41370
78146
51325
67779
90103
15069
13778
74202
12154
74852
46354
40668
34628
70940
20709
64643
57666
61261
63117
64605
55608
15433
40496
84008
7513
40188
52243
40006
95737
85746
37025
20029
14138
72383
73611
3758
92994
53039
57609
62767
76462
45451
40127
33607
38016
31108
21018
47142
60819
28768
33722
37663
44751
78974
19338
20867
55064
41287
56330
91354
40129
60851
63406
90432
92990
37237
26655
76507
58391
19333
2527
82004
14488
17448
99754
18553
55141
36253
58456
29806
21931
71910
43134
97004
978
87345
96148
39063
12270
65346
83538
36159
6965
15072
24532
53171
44395
9017
16445
70940
55256
26258
75159
45182
94012
40782
28600
89990
96281
95034
57056
57647
79438
79123
70335
35352
12676
86325
45524
26618
53376
24162
50511
20776
88697
72299
94648
83592
12164
3837
52809
69416
87883
2635
92982
49758
72573
64723
22413
90241
53983
82800
30008
14302
32831
19132
72064
74455
33833
39072
53515
48670
5586
31577
75110
67690
94866
25032
67998
36436
9295
30679
89671
85969
65396
41571
5056
56555
84512
28810
17358
16030
4987
75890
4292
17612
68356
8660
14628
31998
3653
32931
66016
52856
40520
12253
8249
72568
87267
90893
19849
72619
65806
92922
51163
63307
86805
78191
34456
47672
55945
84968
22877
19794
81393
38454
37191
18416
82687
41423
80721
25953
50749
52533
13524
6109
82757
50881
5133
17926
38928
57964
44765
76480
96422
52890
50826
43562
87220
35363
86242
21337
73148
81919
68639
7312
87494
40077
77190
66365
11829
83745
72938
56306
468
40840
19534
22943
73518
50713
85255
35785
44253
1049
95711
43689
24251
3115
438
54627
54324
44658
75363
12673
95229
93348
43865
81036
69501
93230
18628
11655
21513
96862
59603
20456
99502
44721
65167
92467
65895
28761
15433
35988
2031
70410
53235
8665
75248
51553
79236
99178
16698
57329
49023
53286
34671
24716
61421
45147
32827
88811
86278
70017
53761
95034
2831
40564
90800
46595
73918
94989
44404
25973
61497
54588
65961
63985
44540
91715
28683
44336
3449
44818
6185
61332
14521
73114
16759
33002
30657
39952
94018
18809
40720
76449
85887
12106
92420
73644
44125
82483
50749
17345
76089
48418
83129
80468
51695
94114
56158
36637
52846
86125
80119
18799
8453
88367
14390
90162
76057
39570
44311
88960
62008
42347
68357
36793
11080
85632
14805
51844
441
44245
92240
27010
53241
10866
11823
85680
62342
84914
287
51673
49598
18123
57475
67381
18418
28853
68633
11683
44345
25144
1205
6110
74145
11798
41289
49823
98720
69586
60550
38158
37352
19164
2044
43046
31193
60443
73885
35909
52241
31445
23776
89996
98622
6270
41346
19769
54932
16794
17094
35807
10202
46833
77597
70399
59647
73102
12769
25285
76266
62739
81371
77761
84847
81021
40901
98528
59613
98896
12905
4646
9204
5887
70792
33546
79700
38042
79190
20463
9264
75412
96227
17467
22882
8335
5397
38646
41496
6022
29680
25280
56300
14679
54872
33934
27505
83916
67502
18051
10761
8837
4437
98312
60563
74563
86232
69224
58210
14963
8293
62410
38377
49013
63153
85707
80403
1256
26079
78487
98447
78868
98844
17956
21608
16691
64225
50443
55122
42172
97563
52132
32064
72942
6631
54270
44851
98454
42007
62776
66893
68189
2385
88574
92004
44689
57911
72451
47474
46766
38881
23159
49128
37481
88582
87237
18947
17433
36506
49452
3575
43810
37393
93976
95655
97119
70370
82492
92823
91724
69478
47054
52729
86157
67968
14432
84515
76606
92855
27254
41282
12151
41054
11913
30856
10588
98580
20279
10848
76319
79623
39524
91267
37522
82836
36785
23170
97709
65225
61879
39523
31032
98412
73376
32650
34486
75540
15107
65996
5646
82133
78106
28873
9463
93209
3169
14994
351
32298
52845
56229
88856
57772
93767
13114
16735
61895
97092
74805
21579
50466
33058
12988
39215
36683
89825
18147
18763
16627
18971
72707
12469
98326
9025
43337
18112
80504
55060
69866
20102
37675
43357
61620
51576
52909
17930
46464
28126
93679
93093
11748
48492
12816
43954
86693
54340
69063
39268
63177
39586
85024
98589
60394
16873
50909
18305
62535
73223
27838
64246
72789
37415
17692
33786
30386
66227
64750
57824
65498
9923
54543
90888
41106
60966
45495
40890
41346
5836
35141
96895
97312
94255
65598
17180
98759
48796
61071
62732
4743
79809
81967
72121
57077
11508
90976
10295
15267
30717
42068
63997
83915
5601
27851
5729
34212
10861
32379
48942
94199
8699
73481
43812
35020
81412
29075
57965
67005
45506
89168
76792
86828
58113
78447
25523
57232
86945
58748
83433
67019
5802
41825
59254
6103
91021
48361
87523
92830
4403
53311
61347
82985
15717
12214
49353
68304
90710
19906
7139
92304
69617
60419
48919
3131
96538
40898
92248
68970
98020
34387
98885
41101
32047
15834
50846
72002
58715
75499
77700
21444
51245
61833
3692
35611
69533
74928
69312
66289
93530
80943
3379
58533
4219
75948
23678
77561
88578
3467
47419
45797
47663
81226
69661
78446
26303
25251
92682
95985
50206
93973
17623
2169
81008
35004
56222
29073
81912
18524
7614
96532
49539
74973
8271
88735
32372
71120
38977
7463
75437
9008
61840
41255
78806
82148
55206
80754
91981
19073
8557
64839
45483
48940
93775
70083
7503
77404
65388
66832
78249
51774
90135
442
70917
55634
43278
97858
62897
26515
43924
29772
72653
85172
97676
4051
18383
79046
12884
76221
92495
36694
34588
95177
82262
88371
52737
93060
95038
15469
2827
78106
67397
67609
34655
55850
45812
53425
13025
4755
89574
28088
33482
27978
87960
96219
20578
51566
19436
64211
10843
61554
7673
43656
4426
70073
34290
87151
85634
53921
35921
62355
7918
1046
13216
76242
87690
13798
37700
12990
29727
96213
45703
27140
31065
28679
19360
85321
86439
83674
37505
25232
98799
87255
84157
73209
19083
98653
54036
65795
31428
84253
66524
5842
28713
26181
13197
64588
2732
69652
80458
43613
91225
84844
28551
16762
53332
55301
64571
12706
62830
69277
72419
88993
5603
99054
68784
52014
12372
5848
68751
74548
18876
4318
76307
50414
82929
18093
46113
43948
3608
26678
29208
19090
90981
15228
15387
42687
22926
22345
59740
51595
88587
76923
29894
88361
11085
8156
37831
98956
82712
12399
46584
19270
90846
25318
22699
15083
29881
15601
24848
54805
56548
92048
76068
94593
34518
85930
67638
63318
99901
52214
27639
78086
4563
78134
81246
77036
46559
1284
90997
22549
53259
94085
48771
19996
1886
63418
38935
36334
98965
62997
71086
43532
27362
34504
1537
5614
18625
50585
12174
44164
39059
67153
40672
16952
20633
91060
57374
50735
84079
44940
24910
93359
32994
98494
31748
96827
47
81534
64107
45049
10842
99677
9646
63508
96392
7136
94563
63773
86201
49325
72340
15916
20709
1887
42412
70693
37522
2488
59099
16534
21647
13110
55014
31356
38833
24670
4526
19302
96423
6389
31579
10193
38811
15406
35620
46258
58568
79005
73662
38482
58323
6698
30847
88947
89095
76897
69486
98833
72177
59111
70952
17604
42708
76487
33329
994
18698
58410
3286
17697
51641
60772
48795
27546
46541
14923
35750
68073
99479
68355
7526
68177
9250
58037
7809
93085
62349
57822
26329
15072
87018
71747
69307
73406
67827
80547
49188
88516
2916
6917
86639
74161
35608
1871
51807
42488
98691
46296
95174
48286
54665
68310
42352
39166
4186
91377
1455
8396
70251
59129
33251
3863
57330
39762
37734
93511
82526
19725
89361
54277
5616
36275
80814
92122
69626
42106
98364
46768
31538
89562
13144
95861
12210
72281
88398
26749
92560
52418
31420
6791
10677
66613
74527
52952
24285
37496
60349
70404
59210
84106
17646
30827
54468
42872
47399
63775
9041
43337
72196
94852
80141
27348
18578
20337
65862
8209
35286
91379
33239
97741
57277
80848
1151
22423
52514
54408
4349
37239
69557
15096
84171
83967
62894
83417
88659
27641
15470
79365
40978
58975
91277
30745
65512
22954
10918
40150
44153
7106
8283
610
42564
45653
19782
3595
67325
43363
60030
56204
33384
28821
90018
88072
33396
46829
26501
98035
66962
20601
72758
38319
22609
51362
43626
79668
20088
47713
84488
24489
40991
47728
84145
38799
23370
73406
6411
40926
91970
70908
24168
16870
99826
8437
55255
71159
16987
61563
47399
46332
76756
91868
1076
49346
18146
4212
10735
84791
76976
68635
29102
63342
20363
84607
86317
44478
98589
46636
70431
27658
49956
68968
19317
41532
30798
13147
67658
20266
88723
42156
21096
49146
5966
62023
5371
83330
92729
79513
69489
78024
75493
81566
79562
38376
89811
33970
17665
68180
45970
11524
43447
96245
38325
20649
84312
4656
34608
42860
65708
75396
95311
73123
8925
13136
63123
84477
72576
82481
55978
53143
63458
8425
85194
22862
25072
56604
841
95854
43651
90643
17244
35529
52422
54659
43306
7364
76101
23368
8749
26091
69204
33290
85124
25541
17689
33314
11287
74370
53015
20406
78793
58448
69048
8448
27955
61165
34838
32045
79747
66807
43845
12417
76656
61791
28289
13143
16888
85053
92944
80998
91704
26044
78868
95584
25799
18230
55056
54228
17391
95002
91731
38547
74281
61385
51141
50511
65717
49473
92621
17599
89139
3249
62941
54784
76769
10219
17148
29334
57617
60983
52366
70384
45669
88580
23137
95945
15914
86041
67926
78794
48143
56202
33321
46124
72064
43622
42527
37628
75587
22701
65740
64792
87182
44607
84830
44661
46083
45072
5066
71427
2858
16727
71345
85512
83081
95910
8398
51785
3650
76948
60319
84840
65001
4821
54669
49286
3872
48011
98361
71785
52242
59318
97477
1017
62824
3462
509
98245
5131
20050
74400
92163
88791
64417
33967
212
40407
64070
32752
80485
34115
52457
59647
56594
98419
41631
93202
92805
68063
1211
25352
56380
48629
19294
84877
71145
56149
29931
68236
4978
57900
40821
8306
61113
91051
51065
44954
97079
28452
80712
70523
36417
18113
53309
60618
76716
88449
99533
84813
80044
54479
15036
33150
39928
94912
27883
81848
40010
