52485
59241
32535
63728
24524
16329
21482
94601
92360
37375
69544
47906
25164
35765
96676
97706
92928
40111
74396
74047
49494
64996
75379
58950
53035
91019
27052
11802
85781
74737
9605
62113
8463
20326
89230
22265
90974
77208
71876
84978
15455
73784
54799
95445
84240
66456
80788
71618
59831
37109
10327
57368
4083
40690
2418
67468
48573
76186
24714
65789
56666
20519
6420
54046
82528
47552
40068
64850
40322
62236
36621
54518
41402
87430
18746
47800
96595
16761
20807
47782
94544
97674
96797
64225
187
27781
61832
80785
51086
76624
55991
44369
29368
50412
30832
36650
92812
27001
41421
47742
35756
95513
89399
80315
98222
71597
26141
27888
93960
55931
75153
51195
58589
1489
52895
29856
59620
10915
72267
24727
5073
36561
71910
3484
54530
40772
52044
35818
73576
46103
34206
1377
32048
46898
80887
29187
1037
96881
66765
45599
75172
82787
81637
70373
6964
26158
3251
7193
42815
5360
71021
10018
54842
66593
44779
2530
16333
70004
57470
74943
17031
23260
26634
75776
72481
59787
97665
45492
34253
43606
96541
47051
28187
30516
11289
55240
69287
78533
61772
66862
67459
45967
43588
81816
23517
64388
11515
40389
43148
51648
18649
99440
87452
25390
3397
18013
10228
58729
8841
95952
59392
37472
64129
62168
992
25139
27423
38312
3084
44602
94495
85701
8002
34437
68418
95291
59694
15198
44425
33675
34229
53675
82384
66527
74557
52911
37700
54399
92220
2608
80578
78747
94204
91891
32110
45256
83368
88515
65997
92072
62902
34353
7135
59938
59409
13750
43900
44624
60865
31603
3850
71447
37337
35129
37720
87410
19166
14533
78779
53767
51119
50371
80226
58811
19316
37203
5655
46625
70247
9481
35669
11533
21433
48974
28097
19463
35
15364
95974
36283
7883
54823
81777
22830
95247
38159
59078
67435
94481
2194
60508
97370
61662
5031
95516
30898
90748
7524
86609
42598
52272
8585
61164
47451
73770
55605
48888
37850
2382
31702
86196
99360
78079
99039
12850
41234
4809
93617
41580
35118
74123
37564
32670
44349
70528
90335
94307
59813
10793
14475
67759
49403
55256
5541
58918
13782
13787
35371
29176
74270
59331
32462
67738
3714
38609
35261
60002
39721
30428
69474
12543
81729
77793
38822
33426
89332
90567
47
33997
33944
53805
43946
36166
77221
4947
29348
23319
96737
38946
89906
90070
78455
90969
69744
90892
35303
65621
72934
16533
42838
66588
79975
18803
7974
81670
87923
47982
62785
3144
85565
93228
75823
56030
56102
67625
49863
77172
33000
28883
7265
47346
72111
22981
11210
15938
27009
38270
79313
10943
13791
99165
60542
60
70307
55612
99490
57389
21929
43046
92682
39318
79658
53269
51533
54671
10308
30188
84741
55056
65333
44910
15002
12255
22566
37658
44314
90803
9669
13284
22117
10947
83306
41200
7780
72113
65787
73261
56601
12236
22923
40300
27154
54662
91261
36284
20791
25588
9638
93284
20227
69723
14768
62300
76592
79709
64763
56616
41387
26527
8447
89137
1286
28470
70892
11234
58732
60526
41842
74332
71119
56023
15645
25430
94557
97388
40152
93269
337
88481
35730
66020
34118
17256
61117
2032
12775
14656
91539
50627
3681
23899
91795
60155
70650
427
14986
81030
99546
74184
29581
88668
59303
67296
80066
20056
50320
71995
24319
63348
86239
43402
35914
88257
29617
75500
31999
86752
96194
33693
55600
4256
96833
69723
1895
22804
29763
20374
93094
17072
99379
85715
38384
37088
19847
55421
6272
69093
71885
96233
98295
17325
40453
58404
53523
34510
12424
97115
83675
24830
22566
20934
89623
38802
89710
2898
97948
40817
86662
43115
44166
57749
43450
11298
15965
94845
53681
38336
46042
40082
7739
51687
98627
41780
50758
52033
43186
72511
98864
67880
35540
41184
72439
30481
10317
14350
27052
41270
1176
90951
66790
40606
77676
79624
88179
75690
43707
54504
23273
97951
41332
58065
61947
80524
45736
87292
5895
32631
25514
16361
51596
41256
16463
22456
76441
2833
53940
21927
63264
74584
72639
41896
40745
14499
29502
82045
43747
26303
65676
57747
71861
20397
82162
65017
27123
4778
96682
73563
11372
10457
14206
85279
95424
40079
26415
41659
36527
57210
44850
7601
13645
40239
25460
46537
12657
90799
91935
44489
93196
50741
5748
95795
34999
61086
6808
51291
22086
30165
5132
95140
36825
86747
49844
71414
58800
34512
28185
62589
83422
57568
44553
52097
64887
63245
33404
3838
45635
73044
37650
69535
8149
72319
83832
5788
61108
63815
51530
60685
47128
54211
14002
33098
69457
64657
67726
82433
48257
34304
7216
90994
59242
41944
86623
47754
23138
75206
63162
97595
45955
44904
36061
82228
17407
36465
87484
25090
91632
2778
38828
49283
40206
22406
59073
14498
84569
18895
27122
93172
81238
91890
41401
21870
65239
58196
6582
98305
68499
70480
48275
21171
86197
29406
94434
45883
21231
56865
93571
57913
46415
45933
51714
38032
34378
92466
70685
81568
20277
56426
39971
2884
49971
56283
89943
86341
22153
95786
41300
99641
14381
88509
54059
99228
3484
13930
44231
54409
60394
34241
8850
26901
41653
59506
10032
82632
69010
95677
873
6776
36617
17621
77348
38020
61981
15791
92175
56299
10147
74893
57948
10694
7892
96865
53349
26248
53021
35616
35855
4593
94420
38662
97068
77289
41989
97375
1978
53503
49386
55385
83178
83038
46137
52132
24443
24137
46231
62594
87333
68755
55946
46033
15985
88957
33197
22482
7717
34765
2140
61461
56606
14087
52847
28003
74038
31435
45188
84423
50373
69547
61973
69882
36131
63590
45224
67915
80587
7110
32133
76967
75099
58899
64962
99850
95193
95986
6842
98050
75856
14973
48829
14363
48248
52064
81217
97229
70995
92141
21078
66527
83187
91037
87158
52438
15769
73220
98683
91454
76984
88751
14315
659
29816
9085
35215
36460
24023
71319
43361
87429
94729
31342
95236
10216
93056
46383
90893
82072
69704
133
44702
70873
57065
13483
16692
35711
75343
38348
10582
11825
52070
99161
22958
31801
26526
24774
65300
10380
70222
25442
45542
97296
73429
39666
80244
89999
81244
74505
85367
89751
34776
38437
71170
69387
66859
22504
70480
33321
26890
19281
99293
8920
30105
99832
27057
54254
82322
95587
60503
2300
84612
82919
97675
82263
39672
82878
67026
83044
85231
94433
45124
89759
3272
92802
21060
14119
75453
18857
1744
82154
60941
14153
36787
45384
41045
68766
48920
94150
62359
81414
85786
68338
72540
48345
67126
85294
82645
91078
38722
92347
27869
75755
85207
93315
38811
57136
87401
79523
13252
66113
65047
92755
31613
14086
14142
91764
25405
89313
38632
74389
17521
47172
11266
63297
20378
16812
27115
6184
35921
91134
32743
84009
92106
7196
38644
11129
24726
44035
24277
76690
32546
79557
58217
62235
18077
77214
87648
70096
14999
68181
63524
29038
19461
11921
61170
75997
64162
61909
2284
56282
34703
2265
34151
62240
93786
51431
98111
36307
39964
11407
36875
70696
93181
68551
29035
29844
53298
75939
80062
25040
65958
6221
41264
33926
43639
59201
51504
22266
13271
49991
2783
88440
65972
95917
7652
64854
90225
9120
79677
48965
55794
39464
55056
75578
76055
87422
35680
95059
74432
91978
17179
17224
49391
49341
84176
64432
682
29031
96606
66349
69087
48342
99367
49685
43907
70541
1251
97150
39347
17628
48561
35301
66204
92994
59304
30394
26037
74395
55596
43756
78858
19239
68605
58605
43380
75834
25545
83937
50339
73017
8193
99976
78557
26903
34184
23590
58080
92556
47016
47916
96484
87887
81439
59172
55453
99408
2775
73054
51644
78933
17300
22418
83636
32718
87366
55569
53690
31127
20670
26765
76325
54634
61404
33505
84629
35646
9063
95358
99761
19520
7703
65844
72424
45132
90764
99097
99321
30312
40449
27929
27086
31837
13306
34906
86819
12403
90203
26762
81093
13416
46259
64615
80245
32749
69685
42827
11595
11997
72999
43091
11928
36635
42515
99818
67492
73191
20219
35862
21749
31548
68841
22047
14609
50921
99525
87255
21499
18730
36703
8523
86585
41314
76460
12772
36406
70199
59374
48474
12707
11083
89036
13398
46329
30194
35073
95842
81338
62645
67600
7440
65045
3937
38229
86148
5543
38508
95894
91518
58879
39399
30872
73416
52282
90617
89934
88984
98413
78429
55020
64962
54594
66009
34939
43326
15321
19641
20389
79857
15119
99017
46127
14523
1020
21804
79207
64188
16246
27
73490
97507
2195
53149
39784
69077
40204
60255
86268
97654
66654
19889
97107
15032
78410
72861
79478
66621
16155
44804
79715
28010
85863
65527
40477
75114
90287
29231
47043
75003
68161
54441
73694
83578
66141
66786
49140
31782
48628
41962
33434
11987
89324
44616
86855
48718
66976
54794
96291
64424
97220
80935
61438
22817
62150
40596
83005
64338
96945
45183
84143
17014
24651
63883
81118
95446
47134
99976
70496
58704
46196
70062
24589
66979
77179
53750
12491
43674
3112
34485
518
85842
51448
88790
24571
80426
30225
9907
59283
3302
35079
11760
65709
41440
10074
6068
65076
7564
91677
79780
70928
22181
56433
73086
35096
3193
84528
78991
53541
44911
17606
34737
41249
60112
15194
27109
73694
45529
50602
53097
99236
33179
37940
49430
45282
99373
1969
33208
54694
32527
77563
81067
50599
53371
52720
23758
1471
99370
85711
56295
84823
65665
81214
3795
51354
31478
12526
136
81899
61154
8630
81481
99475
20101
42589
91877
19954
77489
58324
41004
98903
71284
89407
74767
77354
40869
85427
90803
2439
43242
1467
48209
72933
80516
47925
54350
49332
18360
52153
18482
39782
53274
55546
15815
96644
14456
62629
91344
42625
23968
99718
4003
96555
95023
25258
44037
54749
13175
5055
3584
96498
72940
55384
62339
21493
14220
29677
59958
67732
93353
24479
93145
74194
6644
30904
47800
55611
6407
10993
72781
55826
42926
57357
57522
9543
15027
64835
53537
43332
34246
50233
87754
59718
5669
80235
49264
29001
19021
71403
79616
84540
56701
80227
28399
96820
22756
86198
78095
41373
52167
27172
42126
54346
15536
12460
13228
62381
37045
99660
86614
35491
35716
97123
13732
63687
57097
52504
80235
93574
98620
55636
57983
95602
77770
27434
78665
84144
3614
26326
50657
5805
45547
36259
23273
20365
73304
68839
68453
41156
36329
93993
23034
98013
43975
91939
30658
4631
9643
95042
73513
95696
24396
43914
72008
57306
17410
79191
89788
91018
50326
5086
30881
10959
64040
16209
2000
54687
96156
47650
114
64461
66243
56735
80832
51863
11201
77563
47769
89052
26208
75214
31295
29739
27217
45874
49422
88534
30906
81390
20634
93733
18336
32848
83844
28839
40050
42195
82232
45892
79023
31681
3302
51822
3894
27761
49659
72501
73960
3281
35836
35929
59964
85631
8927
29850
65151
57841
37414
90060
70053
94997
12632
17639
91249
23794
76221
65146
39356
75661
47381
2879
76069
35592
49078
80458
49462
7940
55553
70811
83055
94024
90496
37331
44178
71322
12958
44611
86890
12745
8578
25087
51352
91021
79882
10610
76699
8167
78304
75851
52155
14114
84955
74389
11539
5563
15861
41413
24185
19932
49892
85772
77291
39203
82936
1004
43511
41378
13232
71464
1894
85088
47865
35476
1319
65437
88707
82827
2580
96658
56994
87615
3907
65495
67198
66506
49995
61246
92855
65796
74865
30908
80730
19374
28494
71880
74360
18666
19934
74204
169
74510
11656
88985
80572
64397
73573
68679
30745
47125
69903
79001
70774
98456
64295
37999
76754
14434
53315
87253
9905
99433
62578
22409
86421
34211
30445
67514
48629
32625
76477
25483
41629
62072
33219
13015
30401
2096
6567
53199
99935
69046
22368
56447
2832
96732
25052
50702
88363
66720
27886
46820
82775
18714
34002
20230
73514
27919
10013
51292
75970
77155
15589
62452
64831
96683
34762
50048
65724
70785
36737
19258
95752
39472
74459
43047
79813
27662
59542
26937
13820
58346
93152
46895
39579
89179
19075
22391
16941
68408
13009
39508
45812
87398
91693
84539
76229
50380
43315
47510
79680
30754
37830
80651
48586
55080
87061
84471
48841
61811
69448
77652
52027
45314
89421
58106
29939
69071
89273
72674
91634
58752
65085
58693
79742
64765
11047
37603
68065
39581
82770
18047
7553
11161
60939
59495
69463
19490
50656
60082
18158
9230
58503
49282
2298
80941
74313
18857
60563
21049
42218
79400
81165
91820
40053
80563
31828
75277
78632
96304
97481
72578
69561
21566
8788
43785
39076
70130
91108
39649
19826
4444
92523
39331
82631
8776
31823
17166
74824
47137
35566
52512
48775
79792
30385
89280
50413
51074
32587
39000
21283
74663
72431
62145
69469
56726
4524
72406
90564
11951
96870
22794
20734
95737
57745
58998
7003
31497
24620
47563
28031
14436
3096
13125
93799
86043
9684
44800
16378
86230
73143
21604
45262
88396
55432
97916
44787
74765
16253
81509
1440
71490
93807
19586
73432
78061
70678
14668
72216
73450
84646
95494
12001
49399
41286
39214
26524
22256
41480
17040
4271
45650
65738
78644
84538
43554
43304
20376
48142
2758
5276
33305
61387
49776
4468
69706
90932
19836
69421
21831
3858
79087
2161
56548
79809
68990
50507
88062
22843
97809
1859
28723
10719
54652
44442
38445
67166
11533
97443
67193
55746
3685
96924
42326
40315
27869
22953
6217
9447
38794
72619
63790
78364
26266
92481
20712
51061
51966
50363
17177
8184
18754
4567
66446
99872
38679
7611
5010
72364
32274
17389
90339
47299
654
60306
56449
71298
97932
69537
33442
91619
93883
62499
70658
99563
3026
47050
85304
24753
96473
19467
8196
23078
35656
41913
66437
35461
57191
35136
46695
56633
32757
48570
47449
8965
99557
18097
10076
41460
26818
93234
94424
15646
47539
9834
34921
82451
57977
40544
92918
82343
97941
36175
46434
85818
64038
22494
70235
483
62480
14749
57744
52344
77465
64158
25600
81117
10478
79150
51053
20038
54370
60335
28272
86443
9334
64403
88998
80359
31571
17591
11079
59340
12980
63993
16151
28616
73985
53240
66326
11724
79959
57575
3698
69950
99555
99341
94044
49277
38605
86684
86904
63564
24241
1579
69902
28926
936
54674
19357
35708
60997
49986
7983
78165
12764
21599
49576
49091
35997
60
67096
3670
76894
75569
74256
56319
96694
28890
3825
10651
17286
54703
8575
72698
98482
65436
52245
7115
557
20284
77235
25094
64051
93655
47922
47637
49455
30229
9879
49728
1405
39965
57286
58195
68970
11727
1774
36558
25847
9723
49058
16554
47069
69052
29736
60771
55594
13652
70986
8998
77897
51844
42251
9720
49472
46920
1043
21856
68723
29326
75083
45490
40933
62865
57636
54585
68127
17718
89105
1280
93545
84994
44277
77854
62422
94934
40055
41276
37756
55624
17170
37091
24928
14495
13449
65703
6256
24875
91031
94890
66122
18622
8741
92110
83227
13899
96501
30747
97153
84282
19419
6281
97937
4132
26956
57003
49717
98129
23086
25176
83405
57740
37743
35831
7990
80672
40657
50534
82953
20594
6178
38503
69434
86714
13322
46056
62464
14367
78430
64749
276
68109
73490
34012
48083
53462
28940
10501
96670
7266
18963
55404
90753
56948
33157
37237
33968
77436
65032
34954
98764
96914
97432
22860
72421
15125
70367
99892
47706
96160
11651
85796
381
71493
79898
3951
51378
19114
38456
52545
74805
53309
6409
67532
33946
20372
81018
78001
90608
59365
47089
36391
77343
50591
7133
33099
54289
1572
16168
96485
99565
11011
65224
52690
70462
69398
58229
75571
12818
95125
45494
47089
69726
37525
76724
36684
42879
38080
47728
54975
46203
48850
74992
17809
28742
21485
2964
50650
36097
93306
98567
2255
74012
53245
50513
79981
19004
38355
26025
18463
35096
5579
67080
8523
95357
74782
25209
52511
86578
63788
7948
62771
90710
32756
74794
73659
37700
74128
73410
97708
92056
23307
24002
42920
39052
10176
85153
84424
36764
16432
15065
56805
79592
6527
99315
65346
39639
79788
38331
11226
20247
72364
37586
24481
7299
77441
33633
59226
81854
44444
46667
79157
43068
71020
34716
47330
69344
54945
14046
73463
77600
65026
36938
15577
97381
1959
85787
43146
75950
34324
31038
53936
84947
14323
14597
86270
65223
141
43131
63681
60055
87780
36467
5897
43504
11472
25273
6642
70045
5364
92714
90510
31533
29020
39711
57488
17363
54006
30979
83544
89639
73514
26982
23926
70922
87127
73195
19549
57575
91403
4796
22757
46836
93982
45949
30077
13752
21644
56542
5099
82375
86829
15113
4129
50088
64179
13884
3390
8183
10975
75345
96894
88519
9697
58072
15520
51807
70762
53286
25394
82373
28495
55622
24186
24281
38364
49390
96323
31416
40627
25325
68034
30976
65024
36513
66597
96563
30202
89445
63543
62677
76792
21031
81778
61168
87917
55991
78369
64247
14721
68731
59121
32071
56206
23007
89236
41929
97844
11850
4881
22996
5273
64173
95947
54895
99041
4340
1900
97652
52901
51391
50478
86928
98259
64554
65670
84615
29954
81287
96974
74741
18192
68942
57102
42735
89435
48907
12422
35848
19320
88565
74394
10447
6931
82367
1337
63990
76867
55175
63116
5517
46377
75276
33528
99277
95621
49309
75920
96177
44565
75245
74683
28382
67308
88482
20221
86243
54250
77900
42724
10331
38749
15091
49298
58223
70836
84265
49857
60729
76956
34174
19224
42980
11865
50419
78729
48399
43651
57734
1091
2096
24378
67564
92923
30101
94535
55420
28499
54853
14256
63560
22980
76870
17879
22471
88621
60727
9425
81646
82199
89309
26622
62397
11300
91868
58218
74069
63092
41339
43199
90599
80724
95626
27236
23176
23971
60639
80662
54976
34370
39739
68129
4130
58200
90348
13434
61398
54111
62955
63709
81522
44078
99206
50047
95751
19908
82712
82703
31352
56014
6964
97998
84069
69109
46497
25959
61221
71783
75967
78924
978
99712
65416
3535
286
20053
75217
18682
36932
90460
52367
332
33370
64251
1463
35121
31842
54700
27614
58972
13471
25994
87615
12739
32132
94780
85371
11736
64104
29882
88602
79839
13558
76928
23791
83856
5729
14862
67130
97195
99381
26873
36776
51411
55592
55090
24949
86121
73840
53329
36209
67110
54382
63550
47935
94516
65031
59419
23194
29450
40468
85553
1555
51010
21007
6742
25750
76824
99854
24248
77259
61953
80332
34249
28056
55333
35874
44838
32643
29819
74965
67974
93044
65440
74921
98620
62841
46612
62004
68968
34724
84881
63789
92032
38639
81160
16931
70742
3296
15962
55145
23751
35591
77456
84847
36416
22564
7639
27116
17964
50469
91067
41879
15902
50765
84287
41621
97688
55377
61879
40141
374
58716
2082
95704
34170
12946
86567
43444
46165
47473
38538
8407
55854
44339
37995
12448
13458
43984
49340
66313
50712
92641
54525
51384
79279
66463
83510
53109
57287
30058
10352
77559
67833
45925
99792
86839
14932
89791
99697
78726
82725
80492
3485
94010
66530
26674
25544
99683
40851
62752
12489
9148
56637
50488
79509
58750
36301
41262
60921
55662
44509
8936
10100
59862
77510
42021
1680
95088
33474
22426
58619
83327
63452
94455
20422
97336
96183
41
36249
26078
2455
77912
19536
85644
10992
57680
17335
2986
29002
99294
77309
19043
30126
41136
6776
64685
79855
81823
34805
97735
18647
98568
76730
1761
22157
58869
9594
21173
99520
28443
73971
74355
41203
61085
92776
2330
34149
39053
32726
71043
25915
37202
46806
12567
90733
69830
38286
353
24874
54934
43667
21022
86792
59693
93120
88273
77612
29354
5612
54067
70770
1197
14314
54056
67290
26385
32034
52908
2927
50291
25832
91660
86805
14928
11158
19441
83374
89037
8171
82614
86058
80816
25183
14523
38601
80204
10818
89779
42605
23258
92112
69880
14177
72418
46387
46719
2176
98937
67861
40837
90147
1220
27487
37192
40491
47835
13939
53202
72839
54089
93155
51024
50786
55248
95597
59298
12973
70313
59059
69323
45925
31049
78331
11047
87136
10623
23424
30812
81977
40154
86738
41225
81141
4551
42257
40636
33937
92951
75009
97984
66026
2047
10346
52339
63049
24474
63855
18965
79945
57033
28969
66588
16646
60027
61312
21285
86724
76359
23845
77285
78425
38902
78959
62077
248
91870
1200
86028
39707
83720
63027
14398
64396
58483
34964
69218
52752
79794
2331
44698
8848
85104
16919
88235
63110
15700
91668
11061
43456
75359
51992
43100
97460
61330
42175
24708
16161
53197
60529
14043
3869
42514
19165
71121
39840
86920
59477
63107
93452
28892
56709
2996
57304
65217
24945
96924
63256
13592
10506
88859
43978
25259
2124
17158
11743
81043
25847
45410
55363
27449
24456
50031
54155
12729
64404
91163
97819
91939
72448
93240
70578
54908
4160
42919
35442
42177
17898
32051
84239
63307
73558
10747
73556
26766
92917
82439
1612
84283
45834
36284
81844
1990
3241
32778
26554
12034
5195
23842
62033
13991
78795
88197
76181
54134
83392
2456
74613
77651
21303
96468
46114
32081
30125
8313
89394
37708
50758
63235
82801
8304
90829
89077
79237
93911
73416
98417
6877
58031
90006
16969
28117
45177
3272
89808
59464
41326
72986
3402
22259
16380
43245
40322
49378
80590
87330
22330
81049
31402
45300
70365
60833
1908
33523
47377
35725
91344
7801
63176
7112
18853
47882
27317
59005
36733
20909
84187
11393
2824
76193
52673
90337
36160
35070
78178
77412
63783
63786
45601
10717
39660
24756
51610
82864
86477
31728
8980
82302
11094
9583
79506
3919
95912
28827
84137
63770
78421
56204
56075
83060
17288
3082
99426
78963
15873
45311
70552
64669
83838
95864
73427
58866
16597
38040
19998
5522
73757
1529
51202
48269
63469
14304
74709
30150
69948
75259
58249
18147
84104
54554
12068
5427
38706
73608
64015
71836
83526
45124
20488
23392
44632
98784
28659
13259
70730
85589
89197
40060
49546
64033
4608
4685
51672
79550
95635
95809
93702
77056
82297
3114
152
7979
94442
95668
83498
72751
22766
74193
18801
45057
85493
85153
89145
63959
92484
32509
97742
44447
19467
31744
81431
64157
31442
90452
80284
26207
35888
12981
82472
61438
92926
34211
21929
22259
80224
61097
43412
90100
1059
2405
68326
17930
39109
33620
22022
94800
64525
20315
83430
87434
54363
32916
41479
63007
17882
11891
45468
51061
1810
79124
84007
46312
9658
8932
80288
67302
5451
77128
71701
27850
16560
70829
13578
14931
44058
54029
18849
97024
92175
37755
60149
60234
51650
59339
71232
84062
56542
55777
50621
7317
30140
51764
95336
63058
68404
28479
87073
70808
40079
75396
76847
11494
18203
10173
20673
84047
29752
72000
14927
85402
45616
30030
60480
19859
3076
42105
27045
20364
91841
28688
40226
89172
91633
65192
77165
93713
38829
3016
52527
80701
88080
24145
56871
34331
26247
66760
91854
34548
61253
27298
17237
1618
96659
38443
46410
27257
84837
93650
67738
89853
22919
6037
89968
84292
79062
67492
31579
75704
139
35061
41582
50728
70898
87971
8481
6557
97017
67907
31573
36501
14467
53286
63189
95741
75965
43172
84792
23311
95016
38507
24483
39141
34837
27555
98698
99545
52239
5245
10007
6524
17073
31640
87587
78479
56216
92399
91266
52641
25203
51842
81564
99045
91864
22143
33397
16911
1392
62350
12781
38859
19826
7222
9219
11769
5549
51503
3957
18153
30943
24773
51779
79472
86883
29189
63154
70340
66311
36999
19564
80570
21787
45497
70500
51001
77126
83204
96759
4122
17426
59932
84142
55391
41543
44073
9088
30317
22934
37101
99349
13735
10283
53778
18373
23112
24902
50993
70078
4157
15363
46049
7492
66685
25749
74139
65363
49285
99505
65158
42273
33396
89382
11747
23775
1664
87819
77943
84797
42996
12177
71216
8173
81319
25848
54230
92831
86265
68253
38992
8396
88012
28240
432
76239
96029
60579
86172
55629
75198
84287
53146
92213
17873
8689
98583
10275
13570
57282
43476
20414
84098
89572
5037
26209
90652
10471
33639
25815
43062
1804
20022
95327
358
20945
8968
28975
16398
42827
7890
37269
5686
31186
82548
87577
96996
2006
6507
68606
84634
4751
61620
78983
17164
24786
69592
53462
5532
27839
13112
10352
94484
71447
97366
12412
8031
95243
75453
57226
49797
31664
49871
96880
90721
95215
22121
34767
25793
36953
19636
39861
26938
98967
37739
24028
73765
84255
15716
95056
76377
19715
22974
90637
89958
46659
9445
39014
32907
94946
72420
63906
33941
32375
74151
30209
89301
95482
92076
28317
6077
46142
20134
79372
6327
78302
4654
67009
9601
61040
52998
36626
82472
95414
33163
44820
78144
77939
30167
10242
80094
27322
61551
17821
86579
75458
80336
91629
60613
75511
53265
65670
50443
47818
789
46374
88036
75208
65007
76890
19733
38631
60338
17792
31102
33021
31316
21960
28727
83403
69119
46771
65708
11575
20820
90237
85394
64119
52476
30840
81125
60681
82252
72590
55487
4928
64692
72967
7543
38648
76676
17547
74900
24874
62779
83903
37165
24732
53870
3916
32446
28368
15314
60030
20649
27036
32742
75752
34246
97370
92191
58628
49544
30709
19377
86040
73230
26084
53847
59221
19139
10803
75872
14584
627
34301
47254
52211
63466
82998
77420
50342
88490
54213
29827
43751
44904
70190
64889
26049
81476
81645
61615
16216
84996
74783
64341
82282
8108
55898
34068
62033
15003
18110
39511
80806
6341
93411
77303
70783
37705
76337
81346
21433
88366
31054
63751
40881
21503
64241
11521
67947
24543
46966
45278
59190
13067
45387
99498
29735
30411
61927
41501
61089
78613
14682
83389
7575
26462
25184
30353
26440
50269
22159
72580
34729
36191
61583
77874
82400
31936
73737
9234
70828
12012
53496
25600
59490
61426
91004
26086
99635
98946
5326
16262
69513
21219
74670
5287
63888
97043
74776
1273
96369
59548
94805
12454
81434
49103
74125
53080
34201
45696
73626
31969
43623
4830
69943
22603
89281
59661
9528
42620
74418
63650
42707
17829
37965
36314
53340
11047
24853
75192
30799
93891
14175
94393
57894
23933
25839
59509
50507
16940
79392
94932
92551
92736
52256
31178
24120
81808
57463
99633
60417
7296
59176
46625
97243
9292
66959
22703
80745
49107
62603
75807
4138
95138
95957
2471
77288
33627
17102
48386
43149
15747
12440
43342
4917
57413
30170
611
94526
46502
42535
65455
64860
87846
74488
5011
10025
5135
34646
38132
58713
50014
81076
38526
18700
6347
99064
20924
42013
26902
82234
15020
26968
98960
68741
1827
51912
16195
76603
48253
4909
39807
96342
25886
31980
64578
88808
33898
75137
75300
12676
59902
70288
56156
94997
42793
27001
87986
22636
82218
49450
56001
29559
43207
75086
49096
13197
23911
76707
67118
17126
50861
43498
83952
60519
27153
89399
4521
95739
71229
7816
25340
81181
39553
61682
69057
40147
53139
4982
12490
75412
58662
31187
43024
39049
1990
49237
11455
15153
750
21324
6299
15455
74822
52503
62061
70174
66428
72543
54158
81813
42717
79968
83822
31846
29936
20322
59841
40400
63536
2470
97832
18036
21988
77724
37816
8404
30301
34097
12680
35191
13899
70373
48476
47530
63324
44186
51721
70273
67634
52905
86916
6459
90528
1359
51340
88322
77441
74469
93489
24305
70069
76653
47295
21681
78072
85608
34219
2364
86945
86308
68472
27203
24148
42003
85095
14283
88164
83415
31897
53841
99529
90457
20193
5167
43866
71929
54891
63798
50119
21631
48964
82075
30101
28368
55524
86703
33078
87068
77727
94246
66245
90964
10947
21496
69052
74778
92814
11014
40722
82320
63504
10997
32595
75954
52537
88502
4125
47072
63871
34022
47317
64084
40557
23056
27749
70450
2539
59377
32850
53020
47846
8820
50109
18309
54205
25083
27350
92573
26727
39231
36632
94155
59684
32495
91046
13754
37662
13364
57504
70282
95067
33013
63457
20359
13090
88086
62327
86327
97672
25019
68320
45868
62678
41067
72926
22489
16025
97328
75735
87425
96709
75098
77868
53836
78790
11523
70676
43571
62277
51981
2164
87930
11988
98824
66013
29373
42102
78672
44994
51491
97006
33778
54164
76495
27394
76271
71932
4054
23051
64793
81684
74731
66844
60219
95810
34037
25325
47190
55602
55586
58851
98565
17327
15061
98717
38210
11294
79578
40606
44833
12696
59674
99666
19162
75361
11051
3038
2340
1353
31
10473
76861
86751
19228
65025
87398
64301
44204
22635
93419
19092
57066
25963
39105
16101
48733
9868
94183
39832
14402
19884
53295
21389
66625
37735
81942
84989
52994
55711
7119
1212
21400
68709
15006
91341
18875
35750
21311
48417
34420
93557
98855
35854
1521
63473
95299
21992
66968
9522
65181
95103
79064
73206
47036
40213
2108
94082
50443
75578
71161
54999
2514
77062
65318
84595
61088
48178
37483
86753
16043
4979
22065
78238
39342
13012
20313
98921
29744
80111
6057
90054
8869
19975
60034
82766
38030
4805
83149
13815
6204
32526
17555
89276
97138
50749
11212
31465
53896
59138
