57214
73639
43315
25228
41299
49646
53643
28235
13838
56662
26905
97694
98908
92250
46037
9463
68026
78128
64322
67500
21174
3834
10426
97874
83106
15387
24218
42692
27635
76391
4743
71523
14812
20243
13947
50647
82562
22763
26320
84532
9436
2818
13544
57816
76714
94980
85559
60432
57262
34248
41677
31771
19595
66689
44036
49030
95672
58931
51266
93366
58337
63459
48747
56772
76283
52456
20935
74402
59394
89533
86219
82172
9713
8888
28999
33178
25340
67604
96331
7394
75629
16811
52215
44570
78714
17760
11357
56203
18880
30552
71189
50145
67678
87464
23485
20814
17072
56586
21419
71951
16709
53513
50897
31015
34336
3420
19179
2567
34984
27888
15559
29167
83276
31133
87826
86829
74199
67738
2907
52676
91723
4173
38342
24425
34621
3995
92400
47591
34125
49693
31930
96258
38689
27475
70676
48984
16061
43475
18087
97732
54465
44890
45502
80668
52222
19715
48594
15482
1942
34069
18097
61175
73487
7670
14219
74835
90964
62398
37272
48594
17833
99526
6633
43488
85768
54527
84649
35061
48765
66975
45296
3924
57210
49687
33413
16973
23800
14048
14668
24226
2891
33779
24595
81479
13088
77655
66997
93218
85813
20405
4682
1362
37653
29192
45516
40525
55664
75409
91493
63585
40915
97958
6874
1371
99752
25834
32878
6854
85293
76664
80628
58668
8617
7865
1526
59576
16785
17941
16539
86107
75126
31430
51960
26349
52455
95560
85046
76012
17803
29068
60571
39808
87379
64780
25240
38559
21472
6937
44367
15980
38417
38768
48894
84249
5414
37291
12108
68846
50422
94707
95567
24322
14601
435
16216
38950
16307
23464
35132
6049
22734
84949
94335
96886
99506
54867
92607
42658
36852
84774
35290
59457
88889
62698
87517
12336
17237
55948
47563
5485
56388
37237
3462
69818
43043
98017
9885
27329
92620
48238
2321
85169
66701
73968
94533
5063
708
31489
67810
49192
72761
38998
12229
40394
25944
16332
43238
8019
10953
4289
80326
81497
56046
89824
58003
87016
16248
10356
94074
67042
63750
73789
4587
71968
82140
98369
16194
36759
63964
38009
29431
99670
27171
32108
16067
43339
24834
21370
37165
41606
18551
81806
57712
79094
32296
69239
41611
67855
18780
43600
11142
30636
81654
46554
90587
60017
48750
96875
7176
94794
98478
29568
90544
72911
42086
73166
87528
11849
4684
15446
1253
72782
96116
56535
3008
55496
32199
40670
47426
37555
8035
2488
7634
50405
15887
57576
52408
67081
50617
99411
68205
45572
96494
94137
2465
40952
63318
46782
26697
99174
60265
35302
77283
25614
3538
38816
89703
74547
82430
68409
99756
92346
1601
35985
5779
92464
57126
60459
57236
16907
15536
22653
34948
33641
43729
66408
3776
69333
32710
78145
68216
17544
65486
33902
58522
81771
86406
44780
94234
37787
57506
95693
25308
1541
82441
26335
45214
2225
18029
53927
39812
93788
87814
22445
42209
33917
57259
47409
23742
92905
83564
63323
34123
29745
65262
33072
10240
80937
93092
95168
16206
44228
95430
21309
84326
74299
45489
26886
73254
41068
26107
25537
81116
58879
48689
68807
13944
17988
70671
600
16562
72504
32026
35600
36949
88359
61118
93746
65607
72139
65088
65504
97237
98642
66111
54413
48736
25310
13003
10633
72702
14533
10146
47420
13231
21049
84675
79694
51741
25378
46673
71938
15406
7015
26406
29795
62346
31756
95857
70775
85987
6869
40525
73488
23653
13961
85312
29633
43964
68690
58637
51182
5500
40768
96886
63996
45042
4077
74609
91815
47237
97947
4261
882
15399
11834
39618
49913
98206
47878
68443
70883
92841
97580
85665
68692
58609
47725
99613
4158
19535
98236
82025
14423
26612
8609
68555
49957
30456
50144
20847
26678
62178
88436
4160
55373
63825
1780
70499
85718
77893
11127
47953
78843
67789
52564
86735
57583
29134
65347
67851
80519
30508
77631
59380
15337
95512
61452
79702
60220
6518
54261
17393
22623
63242
62959
68950
10582
26431
5818
37310
79806
88211
99621
17734
48418
22402
94448
20682
83686
6126
37421
44381
93120
53352
31488
28258
85511
61694
54406
34891
80964
8640
67697
45835
49509
59088
94001
75930
80560
28262
6351
80101
12789
24189
23923
399
34492
1566
85893
53576
39293
88326
94672
60711
5998
59831
31874
15623
40375
94936
68049
25692
9121
4778
48696
6321
71149
43112
16542
17376
48386
3289
41144
75405
38974
23062
66948
63967
37133
43986
22550
16027
85144
99371
88016
58014
90676
88844
20266
49143
4315
71356
13714
14080
31064
24967
67725
45527
88508
85606
5499
37309
29069
69517
11576
86825
70974
46962
51710
27082
35898
88853
18760
91800
18010
70576
20722
68950
46070
14652
88508
9894
6584
9885
97261
4040
47980
40619
72596
52369
85363
35391
85482
97284
14615
31126
40948
17263
18585
97637
38468
8901
37958
6937
24030
65203
44360
67625
83800
83073
2265
29403
80731
6664
14962
42511
19655
96074
82209
90124
62834
81522
16377
1669
76336
71529
4675
84072
69935
76914
40115
39619
31482
30883
98229
30675
1437
32608
54758
74058
83624
43318
64447
28
19692
20592
72908
69542
23458
97210
46619
7036
3787
81168
99504
10766
87346
38401
82870
54390
85742
69254
31631
77440
33411
45017
87916
23158
36808
21811
18808
49479
70884
13478
6126
45108
88658
22356
78252
34167
25187
12010
47775
7152
49986
81245
36349
46861
83698
31999
13298
72661
72052
63870
97842
57649
7429
64890
2350
27863
73348
42816
64481
77269
45426
89351
4394
67862
86769
94278
96180
45556
9935
21809
32016
45467
79324
51342
16740
49366
81494
10232
99069
42808
90790
81615
91712
55688
88867
4954
13471
93770
97173
81051
12583
56198
62420
50061
24469
7224
39951
90396
46473
57747
9960
30464
34514
68498
12572
2744
36777
8765
16896
95615
61018
1780
39399
52142
86653
89467
2689
24526
16323
13922
64638
69175
44652
45072
30768
18442
78997
97868
19885
19688
8686
27879
82035
14701
85706
34601
83975
61997
82864
88278
60182
69001
80334
40861
1564
52941
33805
17789
83331
29033
18303
21140
11395
52266
75061
71398
96488
10677
52973
62790
65713
14431
21705
13860
52405
22732
73531
9523
93408
68514
47452
43990
52987
85097
24892
30438
8041
641
947
30882
12941
59648
36886
64468
72425
84422
58437
5660
85634
82399
36130
98491
33919
58197
79228
36926
22128
44751
93865
86565
25964
63819
27122
68911
92338
6323
6792
59236
11057
91102
83924
76735
82115
56518
27532
10069
65556
14977
1282
70694
97600
25694
57430
61887
32699
97086
39756
98090
78410
49965
24056
78195
22286
2939
1430
53751
19649
94940
76438
77003
30457
60952
94036
79526
1737
59439
50886
6508
4199
24365
39726
31129
25256
31750
6895
46054
49927
43310
65213
8538
99013
42647
2893
14032
98091
73800
77739
55265
56491
3383
94987
718
49892
26851
38071
93869
19075
18608
2855
72589
6278
82303
90670
81447
76413
55337
10481
24995
51146
65785
55827
77700
93479
53923
13547
30417
98086
7941
471
46721
79923
41112
26986
7906
33814
33619
7008
51143
70517
22684
85875
67819
79543
41163
34470
5318
36578
59422
94174
41963
52902
34707
66481
29723
55667
85285
11318
31754
97188
11813
60924
43243
42719
39668
13271
26171
94516
12795
24661
23399
51139
87880
43054
85435
25083
82469
21946
25993
67645
79830
97372
61138
703
22319
66492
92083
36748
85936
32339
92494
7208
93182
35039
58324
2322
94239
27574
28077
63618
13585
35800
15844
44818
49895
80669
28049
97112
82241
45645
48100
66097
871
13838
62859
4090
59555
17336
49088
80472
18360
83557
49138
43415
73506
74564
53454
9168
54379
49868
87659
29955
48007
7053
7695
30916
13101
57315
54912
48242
64051
35428
6859
20674
73029
27225
91531
78202
77793
22729
34806
7802
88530
64624
47338
31157
93542
75214
86223
71036
71118
21532
76873
49212
22899
99994
88925
53406
22703
75876
44509
12780
19983
18307
57746
47796
52291
92415
25061
7877
10270
84082
54410
2197
82577
50936
48201
23301
25055
63651
64106
11356
80636
906
70844
85360
69767
22401
96323
19396
59553
42149
48892
95659
19304
35310
75470
44683
67093
80614
13326
50940
25775
93720
46830
76975
33513
10466
22404
23148
22911
14277
51443
99763
26088
18907
62232
74788
96088
19016
59891
72666
88757
77224
10512
64787
19636
75432
91505
107
10672
99185
58298
82277
42118
47936
24888
4939
78063
49041
50671
69101
1531
82969
12926
98629
48710
31250
18993
38587
16218
7761
17763
84037
69313
45587
19854
28902
80293
95542
8241
75671
37127
79013
28604
77092
19064
52523
74971
70349
61782
73065
83133
73868
84423
19682
77568
96310
17067
41811
63834
68474
38337
22752
74150
29319
97401
4266
88394
8171
12721
93853
68033
77429
21262
51077
81162
83996
96441
93440
66891
79385
81459
27854
19523
92718
59830
16230
71883
36234
43818
69763
33544
58981
12769
15355
56625
53286
27056
18639
95063
51908
51338
52990
84405
63432
71194
41493
17237
35410
17373
34529
21405
91059
12281
22597
80948
29911
15134
83879
24501
3781
89688
6084
41775
47871
87278
51332
36566
4868
10042
79176
62506
18229
90405
160
57089
59861
55678
72121
47476
53449
7383
49556
57091
95934
19453
30929
86150
23242
18866
80586
7281
92651
36712
62908
7234
86476
58331
62272
65290
56486
78508
88601
25078
17187
96022
89733
52986
45790
47727
28694
91353
71110
24157
79419
27603
93280
21874
59895
53930
17708
21733
755
27731
57952
17870
10351
48854
34609
11102
93107
69570
12849
79545
82692
61233
64882
49553
86579
54610
62888
68480
87343
65465
16236
48706
21786
70975
83324
93100
96409
42775
66336
19725
2053
29007
36200
65055
44543
48255
50802
20842
54849
33905
69287
70774
52335
32108
52005
29706
35339
87039
61047
98310
6760
59079
98208
8825
98743
49309
61718
94240
3869
32991
3787
17980
74630
55673
33800
29774
6674
13776
25362
79474
24365
23947
77806
49589
52029
19102
7008
46165
83284
16116
85295
35348
9574
84056
19045
49623
56852
67808
41682
27777
96262
27799
49008
42279
47384
43398
66082
54896
31339
24382
25109
48971
47484
78436
95368
45325
24114
33049
55464
79173
21809
6917
31348
57726
67723
39072
72768
83505
43350
49596
29301
25220
64313
68018
76884
33058
54880
41704
13883
71960
82383
46204
80929
87114
89138
95120
38011
43184
62291
7922
75937
66896
81509
39014
77034
15001
7869
70226
71060
34393
65697
42726
12033
72028
77241
10982
71771
39873
74017
77013
81623
45754
34400
59775
3351
72993
39667
99652
53674
54738
87075
80604
33806
67913
94965
10923
98710
37752
35264
45955
69766
34372
10905
30128
31195
80829
20202
92228
33672
92728
54049
99680
74810
46347
23492
43547
22717
31941
31683
43058
66264
54791
97030
6124
78900
38787
64037
54185
45306
14735
83318
89959
74522
94438
64577
88112
359
71100
58288
51427
29823
46811
34594
20381
73385
19327
61919
86340
28439
62090
29445
47600
52907
30212
15584
26262
55670
84883
45817
89459
50203
84435
92325
99505
47219
42131
73374
16985
95145
29836
1615
90133
35397
51262
38761
46848
81094
14312
3763
54189
12712
96836
32574
83089
79846
46077
91606
55374
40697
60845
55668
51996
31550
26872
66704
39990
57013
53407
72596
36575
36101
44097
47916
77423
35966
73109
37914
77246
83287
48156
58150
86123
78741
81510
99442
89705
35053
89188
3115
21479
45568
77030
61883
64794
97701
91824
95996
51914
32165
2333
59079
84694
73792
14544
42571
20068
68141
98067
58841
44841
64382
40879
6299
11633
24481
4198
84901
31276
37731
63504
76387
55382
79792
71952
59058
62880
92054
36114
66956
72480
58311
66659
94619
47794
5340
28269
32494
713
87382
35566
95273
33783
86592
18996
95062
31668
38065
8055
30394
31534
26286
95634
59139
71534
30028
59872
67677
30691
92051
86607
28708
85965
75678
54980
54707
14696
74942
74251
88411
7634
75870
66040
45455
64411
24546
93471
87132
86728
17801
55884
4886
86116
41425
75904
10990
27748
44633
73321
14304
92469
65825
12285
43336
52229
22734
24371
26036
26026
85707
34462
2741
38162
12137
10694
37711
66025
95750
21413
20432
86593
89388
96347
28989
61313
55024
74894
11528
11244
23835
68193
1502
64812
62885
16
24125
18715
80669
81253
96482
79438
17477
23258
6816
91807
27930
10828
31117
35541
99794
58745
40534
47282
64062
94998
15315
83032
73999
32015
38485
19897
80629
21883
27548
11291
15266
28698
63013
4932
95116
11087
95745
48775
19506
98644
81953
2442
10486
42207
71468
67251
49608
45679
9555
55055
10308
85202
46748
79807
61010
99447
61626
35232
68939
43050
95870
12053
40027
43346
58279
92435
33314
5763
63060
42665
90868
52640
69722
94794
10272
44657
89650
68472
27822
50460
69833
86702
64609
20355
32571
50602
42749
25402
75930
27093
22754
27268
5096
31728
17622
29417
15076
50814
53088
85238
45440
93416
90448
44593
61617
63633
94141
33879
4353
29942
57191
80499
69631
24161
75899
56669
4405
1131
22484
45581
95769
97227
42398
38747
98013
55136
86069
87093
99042
69174
54445
69692
92169
83449
81835
13595
22506
9971
85712
42948
16253
63875
90454
841
59958
41789
52563
91988
40942
23223
76411
93828
10396
21847
40834
21604
40194
21303
47486
3914
93572
92818
44874
11337
96179
22158
89544
30067
89704
49030
34814
49806
75724
82290
65217
69073
596
55253
45039
33276
65194
91747
72502
88274
14886
49453
22642
69908
41179
72459
8660
80186
42862
28932
38206
74864
31682
40189
26634
28332
42319
11676
92394
67144
7408
24759
82027
61216
57371
94014
65555
20137
70540
22818
42345
89515
33211
83168
72083
80093
38028
88750
44666
32636
35109
26657
14347
81319
4089
36025
99063
47546
78915
30217
96249
49093
57391
61030
9111
15945
74034
49900
5090
11598
68345
80392
2520
97796
20543
16453
22889
42036
72377
50518
51254
87297
2283
56989
98101
31425
30781
74582
97777
66194
14504
86851
29519
13147
99115
8468
46795
51552
35386
98322
25857
27041
98966
46025
69223
5872
57687
35088
89975
81677
78917
22774
52971
83359
11014
3531
80641
57745
85106
50696
67550
30471
20451
13756
6351
60636
76360
24371
85866
66650
86777
33957
51
68628
29732
4313
18650
43715
20966
92660
13698
7707
67381
32642
98173
64362
35450
67552
45587
60077
51100
92035
79905
27182
65463
35720
13981
45149
23212
47705
89144
50090
97682
91641
71293
46941
85514
22316
73334
56882
97072
17734
47789
91572
34189
69007
29904
49525
23114
49295
19502
487
28863
41372
51966
46746
1385
19132
81982
92339
55673
48409
17945
56389
30697
81729
82466
20814
97066
95607
54365
33328
40666
76282
49149
38955
82065
7823
72584
6900
59098
31021
43350
65236
14174
96517
98328
45440
15483
10668
7926
82128
36500
58823
1873
88477
69091
96210
8007
60508
98314
73837
72148
76466
7750
16739
38357
92691
87556
94232
96456
57596
21358
50766
19312
19048
97950
60436
16277
44914
60243
80460
26568
15017
13569
30935
82436
82441
53539
76448
68943
37659
26955
67394
52224
24779
68282
72214
98522
74338
9228
33980
67030
49120
36234
41350
11264
11799
54403
85500
69432
47303
18836
76975
84505
59025
67940
90206
34582
81339
57293
88158
52383
38559
90356
66282
17859
23344
90778
43431
77552
28234
43755
88817
52149
92500
41427
33064
71561
75669
67280
58737
68261
73136
95267
64362
94828
13438
29792
49806
31243
27367
39717
56129
48346
58940
32872
25625
18402
21780
42632
36937
96057
67744
39045
17675
32297
35821
14604
34184
86896
23766
10219
64871
54688
45668
58435
58929
11717
87779
24187
21437
82023
44993
36368
89821
23749
67366
68458
45155
71010
40459
44202
55121
91388
9529
6208
54524
33942
15998
62298
56924
34104
26638
32470
59539
63437
83540
94520
95255
66794
61108
84695
37502
49486
89598
11089
1413
62788
84721
2143
15325
11653
63146
56836
88658
65403
75399
55838
46489
68001
99804
54303
94166
5990
19185
16982
83815
36528
88918
11398
42385
94588
9380
94968
35269
25124
21682
81132
49326
11770
99600
94763
75641
8561
67076
39128
28065
23098
31263
29381
48759
7692
84890
20257
85035
79805
20050
72783
39865
50989
76669
36914
84242
70722
96776
51012
66854
97389
64816
82278
90539
41291
83449
69394
5037
72360
10285
20780
26738
43902
13780
58583
26920
35036
90061
42659
84078
88450
66951
5380
75196
14184
66302
34591
97296
51773
31317
82205
93205
12109
87276
27106
56497
94620
7006
28343
22572
39344
72730
81155
84985
45707
23036
87320
16098
16053
7432
59242
37524
1624
60706
1338
95332
88709
14956
64145
45276
80692
90109
9384
67431
94152
51067
54212
92532
71665
56501
26303
42186
6155
74783
90721
18249
97924
72106
66798
91288
71643
7359
47321
26673
76996
96280
72630
15909
3144
96796
90252
52909
79433
70517
81801
16590
92290
84624
48560
64264
97261
36688
5006
48475
3007
94798
93675
60791
27278
37233
539
56127
80946
39847
17492
69304
70377
15101
53529
79667
76021
39809
72597
47637
50528
45553
47364
51200
87200
6559
60331
49536
26933
88100
34984
46644
18318
67838
37092
73686
39916
44775
62756
28393
80383
57907
54719
90110
48620
46278
53514
9091
40112
25359
20527
29417
22494
98021
3644
85776
37124
24029
72888
62737
2380
74789
51536
17127
43646
97920
72080
70043
1667
60638
97325
45835
42340
49975
3359
14551
47057
20037
46348
11368
63581
28795
43454
8508
67686
89701
82167
88978
90451
29309
52891
11822
28087
86279
30508
40618
22866
35082
36051
60890
85558
18380
41082
64954
69670
63464
32278
13494
11419
17231
49762
68053
24288
55512
33159
5923
13053
41989
62519
12090
99474
23828
2361
42445
48601
77310
58270
17072
52461
18799
41586
16391
26538
95075
80558
32937
84298
21018
25675
73168
33358
11191
74033
38688
28126
19963
43725
70930
78055
2520
70689
10621
15523
89461
23701
43711
28695
89086
76107
16749
37013
80548
44528
37045
61698
13272
11022
36204
82578
58719
25055
66841
6927
76467
77501
23965
64153
1879
85140
26621
48871
74196
56280
64365
92843
52692
53971
93883
85140
90074
51510
8885
30381
34748
85969
50904
94051
90719
32734
34679
33827
42542
25848
31684
74882
57206
41929
4478
38358
94496
30880
52663
34498
79244
88546
56000
33583
16166
46711
84051
86773
14664
56581
26173
46553
59660
48058
55366
88976
12396
450
78334
96546
6744
59769
67494
16074
69715
20218
20792
93274
82827
41046
59636
40891
69331
64001
80841
43409
28382
88422
12572
9949
23258
40634
37687
74429
50311
98158
21457
81646
54099
6366
22038
77809
86867
50054
22355
53483
97376
54901
34752
73511
93803
79353
67850
94294
68830
81914
33372
30135
57265
60707
77609
23921
76582
58970
23033
60381
45026
14129
38926
47936
93736
52789
89969
26710
72787
83268
32862
3339
52431
68987
61033
42562
63893
16749
45035
82617
67905
49616
88461
43779
69170
59090
22191
17141
13182
48681
73174
31229
56687
32551
9360
20907
23230
21772
74821
3667
9194
6806
20476
65003
32021
76659
47239
80112
74812
92407
99468
93157
79569
55689
63120
77883
24342
51831
10082
71724
41143
24139
59778
15808
12197
45365
78220
52531
33675
5543
48197
51086
48847
73792
55008
97234
57446
33600
26126
30611
24948
12282
62784
90401
44672
20135
5658
28609
16176
31895
5109
93306
53125
52227
47601
74252
94773
32030
51382
22875
99201
81066
76869
74474
403
64614
61664
4385
87542
74469
30834
81425
19826
21402
30108
35438
6530
16207
94301
15099
41396
76213
97662
40004
51836
85622
73495
42212
96341
76582
30465
59943
83158
10808
13753
72074
67404
55853
76974
8991
86361
6375
33191
10476
96393
97371
38932
47347
95117
1925
36175
72076
28503
10678
1934
72174
98832
53800
3049
17388
54521
71154
18210
39676
30428
7766
29334
27796
27118
440
97342
1582
14019
54890
28674
10634
942
52194
56251
40785
31828
35821
71971
25719
17260
37148
82108
37755
93877
30333
55737
42761
1588
2501
91693
16734
78280
57512
3342
50763
86059
69675
27429
56754
19016
17009
28085
20077
17204
2482
4454
85423
62059
24394
48269
87074
45511
80653
32922
74639
73855
27096
38525
15773
79802
57699
29237
80720
69710
88146
85815
10866
42682
22827
37495
30256
73852
17602
10358
94811
64431
66223
9929
61711
41061
35553
79201
28720
36093
31308
25660
66864
95074
28286
47976
63405
85055
14736
88815
28727
56386
48216
71236
8367
24844
9659
71528
89611
77522
54559
67608
36215
29300
62526
26903
20245
31256
39990
75764
48165
7426
24670
21112
36063
49585
34995
15406
88477
11481
52273
5551
65206
49368
16189
42057
84773
19991
62175
13387
87400
50368
47437
94959
95332
18743
52386
98469
21126
83638
7853
64472
14500
86088
16806
82528
17570
64898
51483
36899
1969
57081
91465
58952
98034
77668
65062
90714
53304
43631
70235
36437
55499
30392
11279
54384
15848
77418
49727
11079
42310
83476
96874
6371
99891
75782
44968
73800
90013
25127
31066
46364
10221
64917
60732
91951
31086
96474
11351
61963
3340
4295
50164
29433
41975
27344
28267
99661
51910
62595
91705
67984
20792
63750
10256
39976
59733
93677
3112
21158
87667
69877
12755
89803
35318
56128
56111
83320
34767
15789
2868
41009
91749
53971
26157
38604
67056
80154
15619
60892
42881
63542
26453
56149
93600
80992
68036
57275
36014
63155
68427
63852
2793
83744
35755
75334
59534
65807
44676
70006
96696
17107
21696
92766
75494
53256
71978
35042
56347
37547
58620
88240
30239
47510
45622
1289
71619
75222
60778
85424
5570
43115
75411
66478
68835
14492
26470
26304
52026
74485
76129
75678
35886
3070
27841
99752
78293
87385
18288
32879
25820
58359
1530
22525
78563
68471
34368
47202
82405
94172
390
37980
67893
28138
59207
18402
99012
63613
14312
75565
35935
53158
22986
70947
93300
86116
83481
32866
51381
31578
34721
32774
11350
2322
58337
92343
7857
80430
47895
55922
60297
85254
22459
53585
47019
85219
93640
65882
91312
91095
3669
28257
72319
91351
30817
23451
87791
46583
19789
20800
68330
83616
93955
65243
82734
73264
30452
19794
97261
33614
7328
35949
70932
64392
174
2309
96488
95947
18652
43882
5228
72446
41968
69520
66271
38716
58732
95959
33955
56844
66112
54230
28440
43838
61466
26596
2247
38309
26008
87330
47259
60779
69310
71176
70473
41909
9763
32267
71216
17013
93254
7879
19355
4518
23774
53295
6212
58599
84623
85294
21587
98807
70776
68505
77828
66153
67272
47411
18630
95716
37041
96860
64223
24378
2358
94231
62765
37859
58462
67543
18791
97109
21514
36421
48162
83714
60163
54288
45488
35407
82412
23730
24355
25420
71671
30299
26512
19988
19731
71869
71022
87907
85571
88083
72637
24911
458
97006
74851
19812
80355
9917
52145
79456
89613
44376
35845
78280
53314
19273
97033
39205
80425
74040
39256
66495
3746
70066
77537
23252
1311
67733
95620
14068
43922
34619
29529
68252
19776
67360
48656
3054
11093
10129
27186
9769
39442
85171
76647
74858
81665
28717
3025
93183
57161
52436
4342
15012
90876
49265
37627
39068
39118
98128
60523
18765
54753
32072
52119
26872
56379
77474
81847
16627
48729
61192
83567
13509
22461
67499
14157
70078
92162
43280
21390
69424
3728
77849
61696
37614
94763
7980
9058
74336
75654
40322
48584
63776
63701
78350
45787
45556
59648
18503
37693
968
6003
75700
25002
60327
20914
89939
16122
18166
54026
9703
18114
51053
58275
83708
16923
32883
9841
65559
59290
74773
14314
17246
90462
61474
47954
641
65385
71846
37650
52292
2213
56929
87111
3435
30024
34276
85782
91937
60946
23591
52317
51556
9107
89993
1413
86864
45770
48389
84403
65158
90056
25550
44990
41433
76498
89543
90139
68982
5797
67457
83733
25741
26676
4370
37688
82016
49453
89326
89260
71751
48763
24325
75710
35741
77060
31097
96602
90090
77137
45530
5973
56846
67854
93695
31847
4391
35144
34531
19222
11199
95027
89690
58605
67638
86574
48751
31851
93255
68894
76060
12216
39001
11606
71076
27731
42084
1368
48240
4102
37950
57814
37604
9115
24610
37553
28925
13896
65819
8451
49450
58341
28914
83832
92196
46462
33682
56758
51628
72708
56340
61725
24735
46175
66892
60745
9720
99486
6799
48597
15970
41774
73535
79130
77560
33032
33685
11862
73532
65861
82602
24935
23856
92493
96674
52342
10196
32013
84918
35760
94684
7911
22940
50511
10221
95683
77140
408
96181
98564
3633
26942
22052
86741
83171
48868
69930
68898
40029
96735
28815
88194
6824
38681
86217
26802
84163
98770
79517
49662
59637
90049
501
44216
27377
62681
77082
29802
44708
96903
98158
23080
64287
97463
84745
69183
74683
76022
79598
6027
36461
25361
63274
61156
76392
31229
49576
11799
88586
43216
27507
57363
66116
94637
73897
93434
40617
96509
97465
33976
15122
63192
11065
8240
71115
53092
12870
81841
59998
2708
83000
67783
77306
58897
30177
7918
3615
81590
89507
79426
26601
64501
79531
97106
68823
26327
89326
33746
90007
75713
69022
76432
78063
82514
95400
68990
89098
52520
99534
57742
38590
28803
83452
95388
88758
81313
8649
38084
23681
44329
69132
11445
71030
19395
35448
96414
58977
71556
11414
53348
57679
36359
63870
9557
17074
63799
93745
78711
84561
21865
95125
16474
34320
3846
1614
90636
59639
62887
35894
71307
61217
50489
92665
16693
94275
76639
63567
91067
22359
70519
14390
91220
4453
84149
86764
69454
84717
19787
1894
66015
54227
62154
30320
45977
84071
9794
79138
20988
17871
79429
17658
68358
36628
49290
71420
77222
7462
51598
31875
54254
5933
57653
67362
45766
76173
31181
13244
57628
86549
26003
90684
60153
69956
57295
51058
83696
79768
60091
42987
50864
34516
87585
56876
13369
57806
70786
91306
83147
57234
72050
54856
30585
63478
40289
49294
76797
51900
41461
71587
75589
23261
86067
59944
87243
1112
36924
52592
87970
43959
26068
46463
86252
50009
39518
31613
36232
37154
45634
3479
23817
18268
8145
95827
78434
54759
20832
66318
46462
38052
1168
92148
54156
41626
14350
28668
20759
40035
76213
94685
3123
27959
77777
7376
59987
77011
31647
91203
35224
73861
82321
34711
14852
57910
73741
66616
97005
87220
93589
31446
86221
26427
34145
94852
70261
43616
70248
8268
91650
83130
46782
46701
67624
41677
50263
71987
99531
7220
16682
81554
7084
79722
32305
39166
30560
65717
68012
1001
14557
92976
66885
44730
64397
43444
7566
29606
93061
6210
9798
26510
91088
591
39163
32085
34180
73293
44394
90556
49878
47634
11330
92413
75432
55750
12614
84352
76001
4174
8561
25500
61366
52112
76179
21358
52740
32451
31866
89455
15647
6549
45516
54645
83780
47288
21904
19081
63723
56970
67597
22432
64504
58879
85546
15576
14065
8557
67317
14960
44298
40660
23039
51077
83708
16680
57060
20197
24372
92668
54632
9362
83367
76013
16029
14165
42851
42152
52097
76251
80385
65017
11045
16273
33207
72049
98408
41399
48458
86707
2785
79812
99136
84251
44860
16919
62707
44523
58299
83797
48866
34836
43102
19491
42338
59645
33118
55937
99057
6963
91731
94369
87787
62542
97557
54403
10677
11387
46335
98959
84855
89547
29135
56815
56967
54711
52938
51366
92448
72174
47485
82608
22482
95389
31679
67767
66322
37210
24082
53551
26034
39053
24520
67439
26188
21148
16898
23244
51159
57105
61715
87348
4988
61418
89923
73732
96291
87133
50127
68551
89990
28389
7662
36075
9991
47213
23471
84353
3805
33240
98686
16209
23530
96235
94917
78456
41896
46072
33679
78687
25601
1480
85512
48729
51902
43875
50848
25080
66647
87007
142
18669
86666
68515
44785
70650
87079
54455
89554
42454
21671
88714
29669
99484
22204
81055
47598
60656
48484
60469
97121
23088
10295
10482
12289
46994
65056
62347
91178
21312
6441
90131
37771
19244
67630
85981
33354
54673
63508
7567
5900
81161
50834
72677
23244
55749
33581
799
74664
92428
14722
21385
7067
60850
43549
44101
5444
75604
39238
19862
39718
81294
46011
83627
86633
94745
88920
59079
72863
37476
6867
84169
55328
75566
77540
86301
5046
95038
56161
81534
26837
38783
80808
58278
65506
96443
70198
16787
19444
69138
85589
59800
27960
91671
83057
37469
50222
60711
46539
93108
51601
16295
10599
8378
67124
50682
91328
43365
10536
3836
26684
72368
16026
59197
97530
94176
67993
29245
35911
242
26869
27680
47248
52068
4131
9519
63441
95228
30621
32587
39404
95929
86694
70926
66390
17716
87083
24384
56651
90354
9093
90642
76609
69161
51068
92827
97498
22092
96933
58125
54868
15381
32331
59379
763
48303
84556
31882
32446
38845
63898
15544
15134
50761
36898
79021
78946
30381
1577
46997
92104
88504
97970
7702
2934
48574
81181
46573
87438
47710
5706
99199
41696
66641
94970
39614
46714
42252
96726
57659
91419
85586
21545
49827
11589
4154
28104
15479
1488
1848
28531
37196
44379
84522
31827
64923
40445
85089
1538
91333
21594
70986
68171
95079
67729
83704
19590
53750
33266
2960
57798
1912
75821
20657
95886
37087
64901
69438
80541
97890
64580
81833
76875
43481
64168
92317
54827
50773
68443
62024
88560
46649
30784
99427
90092
39193
16105
52736
5428
52718
23654
93007
15871
33331
4055
29292
96813
56832
95011
27113
68804
50656
58369
95188
38326
5745
62323
65284
48190
34679
67955
67397
79081
4349
99878
2174
16754
57001
59309
7867
49094
32443
58234
92252
73862
82370
31359
66393
52618
45627
59586
91664
16290
64231
75469
72205
16824
58759
53505
28661
69618
70743
11531
16494
75475
26116
33615
61166
67905
4171
19201
77599
19617
4080
96946
95948
92510
37943
92711
41995
5801
35587
67206
42599
71514
40329
23594
37449
88405
17520
76309
2434
4392
35783
38117
73751
85841
96418
85311
79465
5372
52467
67720
24159
54953
39041
56339
76211
28812
16680
48916
93335
27438
70092
42579
85442
69777
97659
47901
27866
16977
39103
70068
49727
73766
1404
62406
37810
98950
63820
44987
88544
9767
76244
40903
72367
65186
39427
23232
41764
66163
53447
21706
38159
95709
76907
69262
98964
58475
83761
8617
40502
65937
15432
44481
19521
60688
73098
83730
40372
47096
41429
53894
76266
6216
46788
79107
47812
38961
99593
19549
59156
32760
44297
1197
34760
40154
75124
31578
74002
60587
92639
99188
23952
32983
26208
20384
43772
36201
16197
94828
59154
23817
59250
78468
66649
15520
56181
29597
86288
42136
93127
70831
17527
95359
50946
87648
37719
51978
50202
35931
7695
65333
74041
21600
15772
80776
24634
34421
14404
56022
10497
93946
79231
67519
26614
12569
36674
39893
34556
91708
5385
64956
83666
62393
96992
55755
84710
27593
25775
11023
79185
49558
38368
42542
17715
18578
90926
7144
46827
43780
14700
94266
95506
11262
13774
18205
46517
69962
99352
4939
13230
75298
45442
67106
77470
66463
89380
75456
53865
47786
45540
58670
96973
80302
54073
33242
74592
77422
56187
43836
21318
13074
46921
