64831
17279
19159
1481
90383
43562
99548
92653
60900
76650
16711
97513
22343
76596
97140
31401
63544
8667
33273
73060
68059
89006
82307
16013
8192
54334
22119
9890
47374
97598
97543
80034
47212
81667
10596
70460
40876
54411
58875
56354
51220
36282
27613
99676
65737
55807
56910
97209
19450
92501
5658
86049
9766
25221
28847
32517
83724
71529
56763
86232
10285
60555
39267
48695
24320
16300
30620
99619
86898
49729
9034
20176
93655
22008
92851
84373
1265
72856
319
54276
4124
80646
22383
50708
33428
8004
19382
97337
44516
46740
6968
84022
82636
76026
15870
42152
18702
66655
5715
27107
9173
62034
78239
45211
65858
38633
30685
38009
29716
92037
25018
1037
30291
51
92557
89154
8954
30703
13709
9037
38047
6371
10836
52703
9151
6957
32558
28506
47179
12991
23485
2048
5545
42496
4013
54151
78281
66672
5807
489
75813
82504
372
87832
97811
35232
47784
1135
30282
80938
52008
195
32783
12027
53633
21400
29435
24298
15943
31920
81098
26545
71694
69630
42371
58993
73769
41369
91263
24562
98653
70988
92024
80391
25952
82986
69935
65264
35123
84863
54138
62905
17402
28417
59720
15904
12372
61925
17842
23988
13979
15598
63041
42904
46074
63137
8854
30951
84742
47604
40057
83506
53466
10820
77185
59653
84787
10022
188
10887
66084
55829
16413
61984
32183
90282
51008
56085
99105
81450
60026
65103
26977
8697
92225
98169
64949
66764
87221
61064
24856
64988
29739
45973
94108
12311
71892
27686
92928
28656
75598
93291
26990
52598
80582
93475
51540
32771
52073
19103
95708
39499
24326
31358
89482
11444
82721
47704
5458
34436
93142
65431
99988
24918
9128
95070
2261
15719
99526
31565
27419
72461
63384
1117
47268
5990
32940
87974
3524
20334
98135
27937
18201
12843
86186
30119
17836
13379
92243
14968
44711
77517
64685
87991
36877
28837
10821
89330
16219
59448
2281
58240
34233
61119
35631
20100
43580
62537
75264
64654
28411
66737
47871
29984
9036
52015
32954
12877
41307
40746
21868
6589
87942
26763
39756
46094
46904
65645
4821
46613
20992
9136
55539
6978
96365
87596
33895
70913
23752
5923
29719
71997
47950
55247
48757
43167
38793
34779
52522
37012
49834
64174
4575
6572
87141
30465
14792
91167
32808
21074
20174
36938
95481
38257
60887
75895
140
63544
95443
27899
50206
30807
44966
67384
15760
72653
8621
2019
88675
27571
69647
45248
41709
86450
62818
54985
46678
41301
6390
53357
7218
6393
9122
918
50970
22208
84777
88035
45321
3141
33896
25875
10352
81930
76127
82371
17750
17166
15226
96495
42416
60250
699
4629
18681
57882
56806
36599
84814
8553
30665
50334
84936
95429
83045
77116
8439
82017
6653
95050
2488
70841
34330
84304
66611
29248
87992
73987
98963
36502
96657
8872
55202
10710
5156
30487
35713
22699
85474
90490
31265
89858
1909
80053
56225
31866
74573
69472
50852
6936
135
5968
46926
12823
33596
35892
27867
91997
77348
96314
9628
3369
78790
94321
54031
51849
71869
69930
12633
56551
58024
60408
771
86563
96142
26742
99247
44860
67691
90951
97909
48680
19900
77209
90718
68708
31459
52419
84188
98789
87736
58093
44932
41260
67212
94159
27657
73815
2074
1138
14902
55189
21933
17042
49896
16850
70440
36389
73510
34928
74166
98197
74013
21590
39855
58505
25948
5346
58019
29730
81225
11099
10630
2497
20351
87650
42584
74534
84453
19558
61776
61363
65451
79638
94244
21070
60771
90449
61623
52614
87066
49913
76064
20653
62226
94566
97011
87492
13277
59799
49935
35348
5048
35620
42563
85496
55170
38319
47741
79545
63383
13880
96273
8977
58349
83376
80130
25392
57130
77733
58960
58525
59168
33116
126
75028
36967
5276
53950
85486
83509
53447
1180
78782
75836
4
99748
29240
44384
30967
4593
80876
80179
52979
81363
75856
21775
50726
47579
16251
81872
92978
88934
58830
58571
61499
89060
63533
82703
15196
48740
89355
68183
53652
59070
29988
1064
97342
33916
24963
55149
59007
55461
5380
63117
5721
2088
73940
46342
97116
87458
11796
57864
88347
90381
20765
53648
54172
71973
55581
40447
72457
14391
99039
90327
35492
7400
97001
53906
30520
76735
74431
75134
75594
68816
75525
54809
59054
53702
92129
97317
64214
66188
34111
90152
31237
52633
55278
3554
23778
49974
67719
56588
77160
53068
10222
22602
9274
96751
13362
94764
43540
65313
15502
89191
60541
18500
13330
85354
7864
19232
63707
61376
46105
58125
34910
36930
8692
74846
53253
63094
94386
28074
63504
45064
94749
61592
50077
83587
31771
94598
68354
34379
30711
14518
55414
40634
44762
27350
87983
64342
38009
67370
89511
22540
22920
25272
47544
23819
78700
43056
84006
59455
82414
33334
82428
66344
780
62638
43438
5238
32297
82594
85405
9251
52933
21331
51706
51662
79367
67961
79778
27855
39350
96153
66215
76412
12935
44002
9007
72183
85041
57348
45045
86417
60412
57294
57966
68800
22808
38178
67590
20248
57098
42839
4937
92969
50081
63178
33565
30260
64167
11491
34892
33259
61011
96959
37664
73604
62939
57087
57319
25466
86310
76748
8694
83009
14688
4774
79146
17956
33799
99432
72073
85980
10338
36601
33607
58222
56721
48433
74597
21794
69887
33605
22036
81948
94740
78770
31190
64985
24359
27458
805
20392
93777
36254
19982
15170
87676
83313
8533
51655
40763
77300
34268
48439
64339
75803
81662
58377
48503
24411
20469
41420
36145
33878
61691
67863
87932
14629
55342
94351
67663
33632
9901
88885
29076
41325
75039
60105
14166
48035
27379
4863
92216
34842
30945
89980
50083
19666
66671
5005
77432
55772
688
22244
81379
79624
91816
6801
46384
81068
13418
29401
82520
81325
66402
90389
5203
70989
99822
87977
74961
87154
20839
96863
46276
45519
31134
51647
84245
43985
54433
68750
68631
62312
95260
27969
35705
14128
87900
91484
37780
87035
92880
34475
83524
7676
67944
40315
58164
94899
9343
70198
11698
97488
90357
37146
92161
79014
86709
21013
72718
92173
68150
92511
73274
88787
87356
44788
22197
56609
21374
41901
83020
77542
57986
52665
83449
85314
6277
19837
38393
58737
52759
46693
91804
16978
36930
93701
32341
54706
7819
96529
21744
76922
67474
9718
83011
21554
36276
23315
42877
79152
88720
34231
97340
61409
32774
95096
41243
2675
51706
45325
36487
5597
69784
70697
34611
27083
42610
12693
50786
68137
25349
1032
58241
30924
92058
60453
67863
69944
69128
16114
78516
79153
9750
55856
21159
97377
19966
37692
24716
27810
9453
73857
15874
82057
16615
81719
5851
85136
2760
16892
90924
64991
1733
18925
4900
93750
15217
27138
75610
10808
27388
81603
13279
79671
16725
75435
49778
69721
95760
61591
98930
95620
35010
31883
48974
92811
54121
35906
20472
55509
91145
6447
56185
93734
59633
757
66366
45900
23740
19007
69103
30504
48532
83581
36704
37879
10736
51643
36449
7773
55006
48224
14800
31405
1276
79968
25711
78358
21888
82814
99375
70733
75768
40290
18347
20243
80972
60659
37490
97252
7807
59793
12508
46396
35252
57105
37821
66949
25292
42518
76056
7521
34158
54504
86923
48784
44832
69876
49160
72063
41842
83232
50819
93325
83898
48809
46599
68251
71001
21051
22660
20784
64477
40556
8035
94982
8800
20949
43898
16980
59053
55342
31354
68185
99074
6213
22565
96514
78449
84891
19902
96632
89473
57051
71161
23913
85138
61752
29937
92849
41790
66562
91672
8005
56570
8420
83497
79419
37340
38173
85913
51129
13878
60664
39820
79929
79776
22443
58116
67094
99092
56137
42101
23607
10995
53956
55795
75476
56389
5763
71213
26985
28030
81691
97619
38838
37947
22349
64946
52848
61004
6908
88544
48072
85676
14153
42930
39126
68171
92813
44812
17794
14989
47666
83696
90510
95530
21454
43895
10243
97558
93245
72638
95607
7804
95802
504
2136
99588
10234
47297
61112
75604
1158
6994
66964
27858
77171
48880
20419
79079
34815
76511
22647
48062
82953
23733
95475
22156
97613
24297
30122
14698
84636
9289
19151
86494
11860
83691
16191
98424
40193
84635
52103
82232
56271
2804
53202
83948
94251
68682
41747
10711
20277
81219
69580
73678
21924
24870
84121
61980
81014
42475
40476
52005
58354
79602
50086
69287
26141
76080
85406
27100
33429
96740
13681
93628
20781
33800
43158
11040
36581
65571
31452
64673
81956
58427
2963
19391
64917
54664
62964
75197
94589
66787
54862
7594
54165
41981
67982
47771
97095
50764
18602
44467
51049
93408
61866
39140
38449
1268
24179
17679
18740
97920
10354
83656
23840
27372
80481
51957
7186
52158
6969
61301
93972
24980
89460
67325
75159
44749
56701
91485
41673
45762
89143
99842
9874
64051
21126
79285
80337
7483
93566
14624
79566
57221
92263
99600
76988
2872
42729
19573
51149
41358
24442
36967
65969
81731
78337
18627
92077
27752
70918
86259
27956
14070
1976
52588
37605
5216
91418
49713
52352
57890
40107
45428
74630
64982
12048
81309
75436
38693
27937
18851
5659
57306
50669
16151
26248
70098
84074
2496
11915
99056
88541
44800
44318
92013
20738
16278
38740
60556
40025
80189
91187
55404
75533
58834
43535
17526
8610
25235
63173
90934
15770
18914
8433
86343
17124
5288
87020
29415
41795
10903
46981
83306
34230
47720
3258
64202
38249
67
87284
66011
61911
81341
84797
4765
53945
84892
92607
4171
70000
33142
68346
1776
3691
4567
66305
729
12949
96928
58545
66277
14911
38733
62703
61529
54213
22223
67037
48689
17760
5464
42777
40145
66760
2646
95731
92665
90211
14518
68744
7895
29678
61866
75839
23382
24966
13061
91616
25684
23892
45762
55212
21969
37107
46533
27773
835
31391
85817
7994
11431
32316
56793
94999
48881
16288
39946
27239
65349
86462
99141
95839
61151
77744
43603
87209
89196
33824
91824
32513
33499
12563
94034
31664
8270
31442
97923
26690
24618
15255
44042
43494
49998
5680
36105
81058
13505
6483
68927
43184
58084
35551
57548
24376
69702
5066
98421
40619
63766
66860
31550
3162
21011
45351
62996
45521
71712
64754
22285
90996
87123
95872
2278
38260
55660
4210
82604
33037
91171
81878
7991
61535
78714
54617
33648
37928
57010
80624
80820
3674
87129
2399
83760
93406
61312
24165
59148
79076
26219
95524
33860
25606
94178
23504
66161
63096
99429
93812
295
79790
69756
80283
41687
36267
39307
77377
26837
74720
58405
94455
85812
9897
99608
48941
41165
5376
8006
32127
62878
38525
8532
60831
96271
70187
38970
4987
23375
4647
90811
15146
60958
95639
82383
56728
40836
14725
25532
56395
77054
42583
23236
80978
23641
19053
93879
29673
86134
75222
73704
85995
84718
30414
7678
85685
41551
24824
69537
98579
44869
82484
46068
42153
82644
54174
1698
5152
23072
30563
17904
46091
2320
61536
46674
64533
52135
2873
78266
28776
14546
36242
93772
16988
16576
64686
49933
98747
67307
90593
56825
81805
34741
17236
31059
75173
87149
28949
57591
63079
32113
55800
26860
24660
25550
50703
93141
45044
44994
69089
22022
53918
15171
67146
80660
92935
54360
2222
54053
90564
6629
76315
90695
88830
52388
38746
44412
15506
302
81041
49139
8385
53658
23033
3602
33211
37500
61111
335
42371
52303
83834
75358
89471
22541
65360
30789
85182
62746
8868
45771
90758
25185
54808
12975
67993
30486
61627
42580
92803
45691
97287
61754
91875
17310
41369
44648
35571
32639
1870
9477
15382
13328
26679
55111
18750
90773
87225
3778
27766
29578
59619
7970
56914
7428
81549
9268
57938
32528
51785
21566
24845
15799
44297
65967
47487
86083
44141
37553
11665
30203
44934
90619
86882
92362
11340
5155
69679
95582
17017
90705
68516
13357
96448
6478
64191
88209
33901
39707
20381
89844
60347
9726
10019
22119
24108
1304
16299
80972
19656
4114
6153
17235
39605
92277
77849
3329
77390
7992
29480
51597
66372
69172
97947
76581
67118
35188
73919
71629
25326
44808
71342
43591
97602
13465
39610
84302
49380
58135
51930
44060
53598
82861
92399
29644
42093
10038
82129
55546
7377
9
31835
76102
67950
45520
71983
32311
88706
87735
21159
46236
60291
72031
40089
86350
7060
75890
40902
87601
32804
99345
41632
18457
87172
39848
93590
20649
51043
88291
64893
22839
51432
25339
31324
71852
5162
89513
57748
60231
6575
12027
95722
87457
29567
30276
39123
37611
66949
72013
5499
40979
12418
7017
68529
35942
7021
22503
84595
32655
9067
44704
52497
66526
13767
26097
66688
68899
63182
50498
93310
99450
78057
62404
7549
72737
27992
12250
61871
20771
69800
84206
66700
38105
94897
72709
62498
84967
98062
7180
50969
56514
79417
95121
13409
63505
90050
51087
9467
52785
68844
67937
35906
96338
2533
14519
83924
51199
14496
28422
62496
26843
15025
77722
96686
90086
81924
47335
24901
22848
95386
6141
28701
97988
68545
48378
63234
59285
5038
39257
3361
86327
70074
65288
75058
29108
74326
12439
63618
58719
10957
45324
25052
90357
32405
76596
16276
53535
30896
96276
38192
15476
64485
51869
52051
60540
74743
38014
44455
87759
33791
34195
39909
15899
426
36380
66884
3781
67537
96712
22877
87527
59665
98960
34871
6711
29255
21376
42739
68744
84234
52464
85846
23113
67972
89873
47534
18956
35502
38370
44739
17794
3015
42562
72060
7777
86929
64192
15051
43239
92745
9935
67510
17560
19617
79861
70115
61699
90523
10883
1119
93188
14788
54558
89867
48290
56842
67067
86947
29432
46236
84874
28332
52113
14365
72617
98650
99788
90212
17658
76699
47680
34707
72591
4004
87896
88721
9601
30165
31423
84326
58495
22667
43255
23507
68644
58627
24131
80940
43105
86534
61317
65139
62362
67637
67458
62322
49389
88658
48449
6165
97228
11240
82738
63809
16268
62265
93451
62933
39894
35106
49102
18524
99770
55852
14950
34955
62308
84978
37744
11389
84711
30602
81655
3881
81237
89778
88791
53916
11825
72601
62467
48953
40219
56007
2531
93930
36202
13737
39989
74145
94105
27453
58611
20975
65528
66358
47413
99808
58467
5645
75789
45745
60943
59524
28689
4432
36128
57944
57622
28687
17401
10179
11607
30148
25867
12074
87797
14047
21326
22922
8056
79464
94861
77690
47508
5429
37083
47773
63527
73190
78052
59942
35934
25117
41599
80296
38168
87261
39807
82169
1666
45886
97897
57763
21921
68265
7456
87751
17070
33558
18107
45198
7931
96544
3256
59341
19604
75554
36137
90452
87937
1873
11501
93427
78727
68597
63834
61609
25903
98244
68534
15851
45790
17213
69797
77550
64579
59838
93213
21425
34704
34051
53653
9001
27136
73948
44156
29738
48918
98249
78566
91887
11334
72852
97344
11815
96301
36011
14501
64060
72186
81657
68201
65345
40656
12448
32338
13847
14724
84662
37927
27484
37473
18425
96385
77009
1675
40271
41214
27494
87648
66046
46516
41604
24602
67013
60418
28886
70546
24341
35426
56757
29759
15408
6491
19887
36411
76028
69235
78323
34726
85156
83330
56188
74372
33772
57730
40728
98081
22894
72578
93907
69973
12438
59001
18629
74083
94294
40823
13716
97179
92455
75223
87303
82687
55997
49361
7177
55843
96389
1581
2390
45709
49086
92850
23781
14044
89713
45852
10450
17286
10894
54539
9191
90009
14404
42552
41478
50210
81117
35331
17430
52108
86804
96743
67111
30689
96660
36367
73059
76108
57326
99138
31252
58078
15446
67834
76684
60015
52379
64179
58740
76605
87585
93054
40053
59248
49757
49429
48957
60798
41196
42121
48334
70857
60848
67543
99401
55174
18888
94777
19570
46394
40235
6328
17792
4765
65
58144
40387
15296
33854
58188
39154
64490
90876
79552
14673
85310
7092
63317
86300
77945
14968
38094
8338
86647
62736
18570
512
61685
22543
87123
81544
65105
57425
12147
9071
84429
62611
72454
69728
62099
39023
59818
42144
38802
94195
9330
43631
48423
1501
81499
85655
45687
90517
57622
46933
85304
67655
38692
33089
73231
65691
32128
32667
7444
38195
81941
67252
23731
40480
30096
83862
92811
75169
63793
44433
81497
80634
5883
35523
99215
42893
86411
51907
48701
64183
87525
25515
15057
94793
21097
32575
12603
35873
6245
24414
61577
95045
85956
46660
51442
44220
81796
2617
86894
37225
81445
60986
31426
37669
2398
91234
54234
57239
11913
12020
59982
77010
30782
15624
31399
83435
25406
94640
88411
10966
18566
41861
35315
91708
55139
58099
4206
1595
88292
34846
55391
86586
11979
57743
4370
12391
63774
27487
61836
17040
11514
84190
92975
61946
51879
72928
29532
39201
11782
25094
35507
69708
37414
8740
85847
9548
31830
54708
47917
77649
65974
82615
33250
23817
93126
50595
76716
70966
49472
58925
51337
33515
41441
94164
56580
48643
60066
48904
62838
6717
90757
28725
75496
91832
19243
56528
52695
99431
69730
5084
30736
79889
24988
17529
73851
38569
67355
46891
72725
84004
31336
15138
83349
29084
45666
45963
94480
60768
86836
90834
48919
26901
59519
33586
798
58798
72855
46555
64664
13731
23082
71583
97022
23121
8954
69113
52974
35150
90988
7770
80848
83463
3193
94194
17972
89816
19298
37879
60055
41991
88736
97748
92485
71613
70265
17713
75032
25890
27823
70619
51902
7444
87026
24945
89496
42915
41622
5450
29695
37197
64543
20325
91874
80049
12728
69359
67818
92498
61348
83819
28446
52458
58860
33857
99586
13864
39734
2118
77082
11272
54583
53667
28173
35789
12703
16933
92197
19677
26066
56704
82130
98809
4087
56000
47886
15671
52426
1518
50651
50047
53036
47228
73129
14078
47322
92269
39508
24458
1499
2820
8649
7347
21426
4167
80137
90114
69748
1871
76135
55121
85427
65487
14571
31270
64633
38815
63993
47470
3600
51940
96043
64242
25470
96701
34363
75352
57711
54573
16253
36888
52266
59840
80073
10969
52229
99259
45078
61096
70965
52677
56802
4628
19709
63756
59598
83401
90087
83477
11814
95816
25041
740
66111
43967
5695
6884
66617
8650
1583
33395
18499
73253
42825
27117
61533
55820
39316
32052
75513
7538
73318
91193
3451
62010
56948
7369
33344
23030
82535
10615
90202
25786
11088
83938
64857
49019
64690
13762
94214
76105
79869
7061
64681
87494
40987
41280
8746
63650
57059
30180
28724
17877
77580
45727
40085
38519
20443
57308
51139
21152
79837
31896
75961
45431
76080
36210
43358
84953
63867
84430
45958
78889
20446
40997
77490
71534
95781
14861
6867
19693
79670
67329
41292
30115
71593
92077
18357
39551
53879
312
98204
18971
19851
61325
78150
64565
61078
33992
79091
87022
68927
72058
65279
75102
13687
68537
33380
25905
35273
93896
37949
43042
16080
80606
46790
9875
1124
68917
82175
35590
49932
48881
26127
85051
29335
61834
21445
8711
46822
44280
32858
38797
60321
52635
82994
46459
82153
38340
61602
44228
32941
5380
32011
68629
18199
64527
92932
52279
6334
60331
18678
18272
34878
64347
55328
33333
50404
21827
51323
93568
92739
26615
30808
81770
98501
48804
81958
86422
66523
4859
81776
64058
95093
3701
78146
42394
69773
52616
36492
76547
82077
89189
2815
95969
5745
61194
37908
2333
40727
65131
51948
67222
62067
87928
56754
8698
65647
66282
6077
49698
33072
56496
11121
62408
11171
23281
997
55109
32278
61149
72256
60779
89348
6581
93693
27324
41704
14323
4461
60614
11283
89014
65755
32987
74904
6926
51338
80625
96772
1025
14043
92370
8075
99384
41035
3169
28893
11946
77145
80586
58840
34978
21509
69444
5015
77647
75476
27015
82472
392
27888
38852
5148
4794
29517
90949
47383
64175
59878
11297
3655
60861
91909
75292
86609
78856
32385
60025
57670
88757
57122
46877
10453
73740
19968
21058
8251
49000
17353
42164
19317
91167
51042
22763
30198
22857
44805
72710
91476
56175
81384
26208
55452
55985
94014
70674
86502
25715
34871
76805
13219
33509
21667
79154
72946
92846
1716
66808
88883
23220
57920
35576
80115
29995
64069
5328
49189
38392
28456
47667
68210
98784
51798
21730
68487
87570
28299
33833
23853
87373
54033
36024
25046
80559
45504
30300
32851
13916
31652
5594
72323
87911
96060
54087
96197
29472
82079
67175
7406
30714
35801
6144
83286
30999
30291
64282
1773
39827
49840
61781
17356
36618
75027
62983
66885
80807
46302
42929
64700
26474
97462
79196
35599
98996
38946
56565
83377
66706
85074
32611
68628
12356
76477
95809
5284
60905
83298
91484
79953
35593
656
49674
16069
63358
72417
92773
51892
68000
71969
86531
26288
75308
4812
54803
74556
336
87349
41494
31801
83413
45636
53816
19484
73514
21239
18602
91680
89961
89865
2397
38328
11720
74095
35996
72349
60350
5663
34470
97957
7663
60556
60647
54677
37334
62892
20371
43917
85007
96314
36094
97409
32670
98743
87035
67657
29087
68652
82830
2862
66891
95658
17040
60708
59875
27379
92767
85399
10140
67921
32831
94270
1288
67427
85745
50029
75069
54937
47215
46630
5476
73141
32193
18575
17920
1233
96927
8478
75544
895
62947
58545
70851
51819
57705
23003
17967
14941
88135
26457
82350
6075
63651
36098
24094
66923
29302
7356
45012
70166
3803
99852
94628
85321
20115
67045
7567
17044
3864
67138
17673
17685
65436
84078
36773
6255
15901
98816
28864
71827
95879
67301
46631
57601
71911
77174
18054
55880
3240
25416
66286
67881
18539
81026
84738
52954
67431
73128
25471
90214
92091
43862
88805
42961
55212
95369
11878
77882
59328
67000
49737
19769
44597
39456
48795
95143
47358
35836
16596
13405
61979
76083
60545
1077
40917
50604
53651
69357
12083
87068
4452
45546
93531
18368
57281
91448
49768
91942
5304
32368
38948
50406
43167
54130
93667
80366
2622
86034
40989
33242
91867
44271
90085
67235
70369
43294
22730
7694
54443
40741
36841
96421
77330
60676
83405
55395
93681
91630
26661
74153
68913
93652
37984
21998
38998
2595
83495
93907
24709
92228
69910
36275
86512
16929
21337
86233
79744
54856
93888
51277
35806
52199
36127
14215
158
45687
67844
4100
89704
21430
629
81109
20260
69548
70053
60404
41473
52143
98067
81522
88770
70722
28512
97932
47879
30424
81995
444
98579
37879
11114
43532
29567
69111
18887
39461
96634
81545
83316
16773
5115
61940
10285
5583
62149
84187
35593
54589
25365
78587
83548
69456
21099
96144
88012
71592
63091
26871
34670
72943
31055
79726
83005
64271
16355
83096
69238
19268
67420
64189
37106
92236
84573
334
92673
96923
29896
55365
12960
90667
61030
91562
79190
75793
50067
179
55153
71819
83977
18371
42616
35253
42599
50643
17036
94522
3677
93391
41280
5320
53335
7447
12434
5852
66052
69061
34693
71773
2465
95086
4028
24325
93863
38689
2389
4409
78542
85997
66432
72569
32732
90304
69211
40691
27055
75369
46699
47826
33090
30879
13561
89940
30751
86203
61798
80570
44673
14111
61453
29144
4837
73242
83667
98892
52685
19524
66189
96971
94000
72099
74191
6647
97442
86353
65164
92973
70587
7988
60463
77850
52614
3085
61365
73006
44520
18252
14020
46473
60843
34144
68780
28017
10727
37197
38297
99974
65356
44214
67282
95501
3438
62106
21073
51624
10220
71802
7263
6374
3199
80760
59916
31831
65404
63580
54055
57496
89447
24784
24224
74061
78388
65035
59960
30924
51002
59915
71841
6678
15895
52891
86328
26497
69498
98676
71739
45936
80625
42080
24840
4676
59567
56186
90804
459
60025
86000
70245
8599
80238
25770
50093
75914
34161
20837
57443
28301
6100
45880
51711
95744
27075
59640
27954
17643
91530
86775
65664
13459
11683
95111
94139
2601
62080
85756
50429
95356
2513
80719
21666
59695
33523
48574
22015
4101
63190
94609
87971
47064
73321
98264
7720
73097
37347
11921
40374
48657
35024
53893
76245
16374
54839
32562
4044
78874
66021
6531
16987
6638
42744
46939
13105
96355
91177
71472
74091
63137
62582
32020
91722
3472
14347
76592
1840
45715
64877
70793
40086
83766
24226
65156
11117
81916
31169
72069
6063
62587
21298
77107
24449
86179
48001
2040
9160
7353
90308
29444
32548
450
94502
15761
88525
93050
79535
50242
83593
2693
53330
92132
99848
76701
32180
4310
33244
42954
7860
24837
53912
92943
18331
51408
24803
63809
1792
29995
2457
58963
70776
91358
3391
16172
48025
73677
51744
24794
30666
40563
3721
128
68297
10407
58078
53547
33944
13377
21335
34210
90021
16918
7226
79739
97652
24574
44886
5547
29867
90679
76121
56406
98553
28355
62735
48548
21828
12172
2743
39604
20335
93415
9700
93578
95588
90742
75181
84451
42787
96296
54801
35018
69639
73979
77707
51684
27313
34914
65165
2885
91476
30017
63932
79525
8380
39157
15560
60429
65755
24273
2342
9483
55346
7618
50476
5158
